0.0000000 0.3928758 0.1483864 -0.1850044 0.1454313 -0.3822962 0.4793161 -0.0846759 -0.1784585 -0.3793706 -0.3508308 0.2192123 -0.0091491 0.0537178 0.3328777 -0.4612377 -0.2049043 0.2113994 -0.3069058 0.1408587 0.4458287 -0.1029206 -0.2088407 -0.0186256 -0.2613591 -0.3756007 0.0523067 0.4333513 0.0239491 0.2785512 0.1051148 -0.2298351 0.2379348 -0.2769209 -0.3509203 0.5252334 -0.4427613 -0.2090071 0.1381263 0.1333491 -0.2306792 0.3289124 -0.1671474 0.2074255 0.1317493 -0.2952881 -0.4050743 -0.2278545 -0.0764634 -0.0821660 -0.4596841 -0.1010704 -0.2532904 -0.2674032 -0.2432649 -0.3082440 -0.4330640 -0.2467012 0.4652046 -0.3654516 0.3273310 -0.2428190 -0.2085803 -0.1912163 0.1258453 -0.3354044 -0.2626481 -0.3151454 -0.0337781 -0.2746195 -0.2509215 -0.0859036 -0.3117946 0.2138550 -0.1712997 -0.1443333 0.0188731 -0.3013955 -0.1556986 0.2471836 -0.0519407 0.0976286 0.1101109 0.4474304 0.3746079 0.1093535 -0.0908913 0.3259097 0.1877327 0.1601759 -0.2558423 -0.1271010 0.0207160 0.1289053 0.1791596 -0.2298553 -0.2228067 -0.0459425 0.2172370 0.1188668 0.3721533 -0.2103566 -0.0778673 0.0822036 -0.3746396 0.0147314 0.0866074 0.1128613 -0.0011364 0.1543779 0.1136625 0.1236125 -0.0366212 0.0168573 -0.0902083 -0.2098126 -0.1714807 -0.1859610 -0.1111749 0.0243805 0.0725591 0.0769418 0.3526826 0.0175894 0.2587628 0.5024424 0.0599327 -0.0024054 0.3900024 0.2099485 0.4077381 0.1658019 0.0730717 -0.0806740 0.3353003 -0.0032036 0.4172117 0.5571215 0.3405607 0.3840334 -0.2254081 0.4713076 0.2776639 0.3453872 0.3382249 0.0793182 0.2992455 0.2350189 0.0250806 0.2352788 0.0026360 0.2902698 0.3353660 -0.4346894 0.2391006 0.0869353 0.1901700 0.2587517 0.1769806 0.3851226 0.1366033 0.4117107 0.1670950 0.1107348 0.0789475 0.3627842 0.3367097 0.0533200 0.0521140 0.2111411 0.1173319 0.0764948 0.7863178 0.7491289 0.7982810 0.5040541 0.3628932 0.1852235 0.6948362 0.6071353 0.2066195 0.6179977 0.4999337 0.4470142 0.5589685 0.3372316 0.1596219 0.1185959 0.4221746 0.3802752 0.1432122 0.2786512 0.2967491 0.4245933 0.4424172 0.5881093 0.5164461 0.0556794 -0.0099610 0.6186162 0.0713315 0.2372864 0.4771056 0.5888151 0.0578387 0.4187619 0.6655566 0.4433929 0.1115952 0.1243254 0.4546617 0.4479666 0.2219844 0.5617658 0.3931992 0.5738558 0.1297419 -0.0483083
0.3928758 0.0000000 0.2792688 0.4324796 0.0139075 0.4848642 0.4707508 0.1607481 0.4177796 -0.1896921 -0.3025891 0.5597150 -0.0281011 0.2245469 0.5404905 -0.3399775 0.0048641 0.6412678 -0.2812379 -0.1745431 0.5816539 -0.3406031 -0.4023257 0.5848975 -0.3705509 -0.5266219 -0.0110965 0.3863239 0.5781907 0.1425851 -0.2828308 -0.4856612 0.4870737 0.3490957 -0.3642118 0.6285418 -0.6036672 -0.3104611 0.2156021 0.2983032 -0.1634806 0.6023849 -0.1065709 0.6159010 0.5362137 -0.5392041 -0.5135078 -0.3339472 0.4425915 -0.3057413 -0.4036194 0.0221851 0.3447494 0.0380930 -0.3384361 -0.4091715 -0.5418143 -0.0415041 0.6090624 -0.4104251 0.4173567 -0.1336777 -0.1670151 -0.0513022 0.5445931 -0.4626935 -0.3278398 -0.0665258 -0.1719312 -0.2886866 -0.2383160 -0.0443700 -0.1159011 0.2902361 -0.3206037 0.0176486 0.0996684 -0.2679908 0.0189963 0.2696887 -0.0906336 0.2636983 0.0931583 0.1101293 0.1617093 0.0380391 0.0063998 0.3807638 0.0136179 0.1074954 -0.3079509 -0.2211498 -0.2160731 0.4435990 -0.0944950 -0.4442244 -0.3094167 -0.1365955 0.1963694 0.4051519 0.3811295 -0.1651534 -0.1055520 0.2671328 -0.4104431 -0.0841312 -0.2590334 -0.0961219 -0.2450188 -0.2387039 -0.0760577 -0.1099638 -0.1004852 -0.3433897 -0.4963881 -0.3771056 -0.4950423 -0.5537739 -0.3238706 -0.2917869 -0.1284773 -0.1531255 0.4700979 0.1651305 -0.1114200 0.0130189 -0.1129103 0.1433760 0.1238414 0.2429301 0.0968509 0.1603462 -0.0171528 0.2603107 0.1598545 -0.0371623 0.1306099 -0.0288144 -0.0565697 0.0934882 0.0267073 0.1387658 -0.1509555 0.6826284 0.0107823 0.3490504 0.0008723 0.1387807 -0.1043497 0.2383595 -0.0348480 0.4787249 0.0381943 -0.0843052 0.2599691 0.7166843 -0.3218429 0.2707760 -0.2627966 0.1654100 0.1285943 -0.0116434 0.6993750 -0.2372152 -0.0689603 0.6080000 0.3261575 -0.2133201 -0.4108751 -0.2784197 -0.0377283 -0.3450657 0.4652023 0.3254599 0.6259261 0.5275086 0.4443296 0.3888624 0.6049872 0.5405867 0.1848824 0.6565748 0.6021670 0.6892697 0.5255519 0.3489479 0.2149809 0.1789700 0.2107783 0.2100305 -0.0709624 0.5048068 0.4138563 0.1752585 0.1203384 0.3398243 0.3734122 0.3547160 0.2919952 0.1986044 0.2522782 0.0069860 0.2996234 0.3882682 0.1311667 0.2328667 0.2735533 0.3300219 -0.0296316 0.4470704 0.0373338 0.3732886 0.1777713 0.2869831 0.7663876 0.1252985 0.5001754 0.3135626
0.1483864 0.2792688 0.0000000 0.7173067 0.8067826 -0.2448684 0.1873491 0.8052452 -0.0275696 0.3602692 0.4611129 0.1207420 0.8284432 0.4577746 0.1546074 0.4057596 0.4548666 0.5718962 0.2819335 0.7246024 0.4213088 0.5849454 0.3331094 -0.0801640 0.2934081 0.2696497 0.1981307 0.4618521 0.3744953 0.1186093 0.6453675 0.3220306 0.2804161 0.1614331 0.3589531 0.4037069 0.2511737 0.4327889 -0.0656183 0.2820173 0.5544456 0.5779628 0.2628398 0.4001891 0.5557743 0.2609169 0.2823055 0.3947817 0.4621357 0.3936054 0.2991471 0.4285377 0.4630527 0.3459682 0.5109320 0.4126456 0.2971978 0.5025483 0.3707979 0.3744083 0.6675925 0.3814325 0.5889539 0.3616050 0.7133532 0.4519116 0.4683276 0.4274368 0.5289492 0.3402963 0.6383590 0.4015637 0.4742142 0.6661423 0.2126468 0.4050360 0.4083920 0.4171506 0.4132746 0.4177489 0.5501505 -0.0260503 -0.1770336 0.0360938 0.0946216 -0.0696532 0.1310308 0.2213953 0.1289036 0.0830720 -0.0463787 -0.0123597 -0.0808876 0.4129363 0.1439575 -0.0934704 -0.0373333 -0.0547953 0.0932723 0.3457686 0.1481122 -0.1805820 -0.2310426 0.3875578 -0.2299037 -0.1007052 -0.0571290 -0.1927278 -0.0426218 -0.1629207 0.1165596 -0.0092216 -0.2373843 -0.3186163 -0.1990581 -0.3531975 -0.3173867 -0.3484698 -0.3773774 -0.2503758 -0.1753884 -0.3708384 -0.2007687 -0.0907722 -0.1197952 -0.1083340 -0.2242539 -0.4691890 -0.1567778 -0.2574768 -0.0467180 -0.3591308 -0.0582059 -0.4654128 -0.5175073 -0.5748054 -0.3014587 -0.0609281 0.0139255 0.2472178 -0.7616508 0.0570397 -0.2595590 -0.0624533 -0.4796666 -0.5509510 -0.1439374 -0.2550855 -0.3435438 -0.0201862 0.3669277 -0.1860564 0.0526606 -0.5518917 -0.1626183 0.1552702 0.0062790 -0.4023718 -0.2903052 0.3147713 -0.2587648 0.1661154 -0.2392494 0.0679381 -0.1130931 -0.1489604 -0.2387625 -0.1727947 -0.2353036 -0.0822240 -0.1542713 -0.1991308 0.2257806 0.1054500 0.2057160 0.0435398 0.0299340 0.1786338 0.3931281 0.3896778 0.1774515 0.3537572 0.5678309 0.5195517 0.1906833 0.7126617 0.4818509 0.6212012 0.6102873 0.1677272 -0.2241887 0.1918300 -0.2692767 -0.0445528 -0.0759461 0.0305171 -0.1774696 -0.2247510 0.0672605 0.0747854 0.1721895 0.0648749 0.0705106 0.1452500 0.2551890 0.1586539 -0.0233794 0.4851281 -0.2317605 0.2221752 0.1590776 0.3047573 0.1618370 0.0508275 0.3911548 0.4891865 0.2293444 0.1951697
-0.1850044 0.4324796 0.7173067 0.0000000 0.4400423 0.2912916 -0.0201462 0.8234181 0.2585655 0.6087864 0.5909479 0.1015917 0.6157239 0.5019130 0.3206458 0.4830294 0.4848908 0.4603154 0.3911097 0.2856175 0.2278450 0.3644813 0.3433980 0.1587510 0.3089146 0.3265884 0.1214460 0.2907106 0.5519790 0.0113451 0.3649447 0.2502854 0.3257574 0.4627130 0.4328795 0.2831110 0.2749728 0.4140109 0.0717323 0.3330340 0.5606192 0.5877772 0.3567705 0.5380715 0.6779013 0.2755109 0.2745743 0.3481128 0.7055873 0.2912354 0.3746108 0.4869953 0.7661987 0.4528938 0.4257883 0.3654599 0.3036421 0.5722413 0.2483518 0.3576452 0.5007485 0.3985105 0.5185221 0.5350572 0.7698879 0.3586114 0.3676204 0.5210960 0.4115643 0.5026431 0.6046556 0.4962492 0.6254659 0.6264082 0.2678473 0.6138745 0.4688186 0.5538044 0.6275204 0.4302580 0.5961844 0.2453039 -0.0697144 -0.0926877 0.0166393 -0.1007548 0.2345695 0.1813411 0.0900688 0.0611261 0.0163210 0.0580297 -0.1188826 0.3594525 0.0868572 -0.0736488 0.0259394 -0.1218653 0.0573969 0.3449947 0.1285531 -0.2300574 -0.2352341 0.2980466 -0.0726146 -0.0760072 -0.2134323 -0.2986666 -0.0279415 -0.2795438 0.0890639 -0.2562471 -0.3101827 -0.5285426 -0.5288292 -0.5776702 -0.5917733 -0.6929593 -0.6056437 -0.4780123 -0.4144792 -0.5034565 -0.0859941 -0.1355533 -0.3132844 -0.4202233 -0.3887382 -0.2851162 -0.3997922 -0.3070225 -0.3420115 -0.3743756 -0.3488104 -0.3614615 -0.4571017 -0.4337693 -0.5390424 -0.4296401 -0.3155784 0.2020700 -0.3787198 -0.0837884 -0.3803240 0.1012902 -0.6086226 -0.3314024 -0.2795218 -0.2904987 -0.2740732 0.0114766 0.4321737 0.0200451 -0.0998688 -0.1544268 -0.1253129 0.4926359 -0.2255945 -0.3218060 -0.4056561 0.1752744 -0.2373091 -0.0356640 0.1979535 -0.0850490 -0.1564201 0.0843149 -0.2856913 -0.2546661 -0.4055436 -0.3026517 -0.2387260 -0.3632862 -0.0968618 -0.2358155 -0.0306576 -0.0672080 -0.0886775 0.0200696 0.0892816 -0.0256927 -0.1186007 0.0398918 0.3856748 0.2308595 0.0795767 0.4745247 0.2321857 0.4776838 0.3183411 0.0726026 -0.4447348 0.3168211 -0.2761112 -0.4661694 -0.4522622 -0.3316689 -0.3767287 -0.0077700 0.3412205 -0.1643900 0.2668541 -0.0433993 -0.0138069 -0.0165705 0.3155803 0.3325504 -0.2476507 0.2873993 -0.1961857 0.3804789 -0.1045022 0.1518477 0.2401009 0.1457362 0.3620912 0.2425702 0.2738533 0.2611853
0.1454313 0.0139075 0.8067826 0.4400423 0.0000000 -0.2695018 0.2683733 0.7302025 -0.2108989 0.3432243 0.5334232 -0.0052523 0.8365566 0.4300993 0.0733752 0.5377401 0.4758259 0.4161449 0.2670850 0.9182876 0.2434352 0.7055587 0.4775826 -0.0049733 0.2561480 0.3813191 0.2680034 0.5400150 0.2858324 0.3145282 0.7580012 0.3727281 0.3568696 0.2024155 0.4830650 0.2372492 0.4080918 0.4442851 -0.1304017 0.2642145 0.5492444 0.4684185 0.3983109 0.2188974 0.4053453 0.4537319 0.5481102 0.5151532 0.2243522 0.4997758 0.4938125 0.3804144 0.3471426 0.2808008 0.6170213 0.5923885 0.5326331 0.4068461 0.1240962 0.5702585 0.6906877 0.4213478 0.6503334 0.1646683 0.3924329 0.6534389 0.5437101 0.3655130 0.5541305 0.2198435 0.6598573 0.3724518 0.3633738 0.3360119 0.2909918 0.1133046 0.0926236 0.3387323 0.1430755 0.1820412 0.2862173 -0.1820036 -0.1385564 0.1062212 0.0949798 0.0774254 0.1224485 0.1520111 0.2097747 0.1625539 0.1088516 0.0424083 0.0414405 0.1564883 0.2336901 0.0359490 0.0344075 -0.0085738 0.2132103 0.2676648 0.1559260 -0.0113215 -0.0776105 0.2572881 -0.1419027 0.0370391 0.1498397 -0.0432295 0.1399152 0.0091631 0.1884500 0.2979178 -0.1567165 -0.1818277 -0.0353262 -0.1829838 -0.1067984 -0.0668956 -0.1838968 0.0036833 -0.0099456 -0.3182820 -0.2495169 -0.0662333 0.1433095 0.0176200 0.0167157 -0.4476519 0.1094933 -0.1339974 0.1887556 -0.3618664 0.2380119 -0.4793971 -0.4906663 -0.5541634 -0.0568873 0.1996002 0.3185596 0.2534542 -0.6487632 0.2274815 0.0688738 -0.2977914 -0.1445972 -0.5449870 0.2489841 0.0659003 -0.0497931 0.1750105 0.4238503 -0.3961026 0.3871392 -0.4000546 0.1264726 -0.2380604 0.4001909 -0.2042139 0.1301829 0.3697826 0.0731085 0.4821866 -0.4617187 0.3979247 0.2687594 -0.3085269 -0.0720206 0.2744200 0.2659769 0.3900867 0.2090086 0.2609064 0.1802730 0.1675112 0.1871121 0.0387747 0.0471967 0.1588950 0.2353978 0.2736995 0.0494708 0.1864767 0.2288993 0.2184043 0.0077624 0.6082861 0.2944162 0.3698067 0.5107647 0.1651497 -0.0589176 -0.1365326 -0.4124343 0.0241563 0.0515971 0.0297198 -0.2608453 -0.4971635 -0.1696063 0.0524786 -0.1678193 0.1995363 0.0612983 -0.0503024 0.3707704 0.0641503 0.0856144 0.1820008 -0.2283023 0.1113584 0.1413138 0.0238371 0.2711405 -0.0549115 0.2656002 0.4586172 0.1534643 0.1149292
-0.3822962 0.4848642 -0.2448684 0.2912916 -0.2695018 0.0000000 0.1073600 -0.0420487 0.6966516 0.1869869 -0.0395428 0.2752288 -0.2702288 0.0853992 0.2970266 -0.0803857 0.0677604 0.2739722 -0.1521147 -0.4683955 0.0023516 -0.3548847 -0.1625670 0.6858879 -0.2998601 -0.2254699 -0.0047185 -0.0522212 0.5331727 -0.0210153 -0.4550115 -0.4195320 0.2919289 0.6508867 -0.0543632 0.0857960 -0.2549477 -0.2536841 0.1699740 0.2212778 -0.0866136 0.2137472 0.0734164 0.3425324 0.2775902 -0.3166509 -0.1492242 -0.2185004 0.3886650 -0.3199944 -0.0457551 0.0628941 0.4650476 0.2039171 -0.2050640 -0.2245269 -0.1767417 0.0906840 -0.0726069 -0.1539030 -0.0462731 0.0037099 -0.1177234 0.0393549 0.1058082 -0.2300257 -0.2166646 0.1419990 -0.2867863 -0.1241931 -0.1776103 -0.0074843 0.0332657 -0.1664255 -0.1435939 -0.0365782 -0.0913872 -0.1356950 -0.0086320 -0.1067627 -0.2613243 0.0689945 -0.0042662 -0.2713340 -0.2409570 -0.0622908 -0.0683792 -0.0801703 -0.2021815 -0.1331803 -0.1097109 -0.1867616 -0.2592076 0.0816628 -0.3148031 -0.2948672 -0.1843263 -0.2262739 -0.0937602 0.2537533 -0.0734812 -0.0288047 0.0149259 0.0074892 -0.1531571 -0.2080898 -0.3279165 -0.0952175 -0.2875809 -0.2654315 -0.3056726 -0.1817171 -0.0157523 -0.2545792 -0.3601471 -0.1171097 -0.2834686 -0.2665436 -0.1095439 -0.2404580 -0.1662163 -0.1737207 0.1995712 0.0723134 -0.2524642 -0.4824739 -0.1055377 0.2635572 -0.1468677 0.1001161 -0.2073979 0.0873504 -0.0901545 0.3221615 0.0435026 0.0930717 -0.1135637 -0.4185815 -0.2648806 -0.4004604 0.4732736 -0.3299684 -0.1331330 0.2359179 -0.0894773 0.4103260 -0.1308663 0.0395694 0.0350478 -0.0483419 -0.2668997 0.1106013 -0.1946981 0.4576544 0.1446938 0.4332383 -0.2576942 0.1205427 -0.1435914 -0.2731672 0.1665512 -0.3621424 0.6309332 -0.1061712 -0.0220445 0.2301236 0.0927187 -0.0432689 -0.1649449 -0.2613781 -0.0429155 -0.1894156 -0.2363497 -0.3644346 -0.1495953 0.0206850 0.0788082 0.1002893 -0.1701544 -0.1389564 -0.0742200 -0.0204619 -0.1536204 -0.0396964 -0.1348654 -0.2171088 -0.2876087 -0.2863027 -0.3739802 -0.1538254 -0.1382117 0.1152150 0.1965125 -0.1737252 -0.2756184 -0.2241385 -0.1140273 0.3266611 0.2163797 -0.4740125 0.0968401 0.0029985 -0.0886409 -0.2282756 0.2925486 0.1408884 -0.3294892 -0.1980570 0.0469332 0.2635454 -0.4502387 -0.3396261 0.2666198 -0.0535003 0.2741379 -0.3049887 0.2935237 0.1499743
0.4793161 0.4707508 0.1873491 -0.0201462 0.2683733 0.1073600 0.0000000 -0.0619330 0.1933948 -0.3031349 -0.3202487 0.8225978 -0.0683930 0.4085598 0.6021626 -0.2224392 0.2492640 0.4798393 -0.4090870 0.1064556 0.7773089 -0.1133676 0.0271415 0.5233990 -0.3864229 -0.2932497 0.4160256 0.7194102 0.4958153 0.7084852 -0.0645015 -0.3401141 0.6350107 0.2669467 -0.2387939 0.6528496 -0.3769956 -0.3446286 0.0996302 0.5307010 -0.2961843 0.3504426 -0.1151546 0.4831028 0.2824163 -0.3123939 -0.2595873 -0.3857138 0.3098538 -0.1543675 -0.2685809 0.3274217 0.2280121 0.2931745 -0.3072126 -0.3143775 -0.2656317 0.1714242 0.2288040 -0.0770960 0.2536178 0.3312250 -0.3315411 0.1083713 0.3559958 -0.1762673 0.1089772 0.1855918 -0.2118551 -0.0493191 -0.1050647 0.3173032 0.0519100 0.2099472 -0.2475825 -0.0203531 0.2494133 -0.1889698 0.0645456 0.5196065 -0.0900220 -0.3540005 -0.3376703 -0.1326656 -0.2300417 -0.1593212 -0.3997529 -0.0669201 -0.2372830 -0.2782659 -0.4206569 -0.4818931 -0.4243545 -0.0852799 -0.3110777 -0.5619492 -0.6043546 -0.4489911 -0.1083135 -0.0398670 0.1105529 -0.3530043 -0.3565795 -0.0859867 -0.6934499 -0.3793174 -0.2515017 -0.2010144 -0.3972190 -0.1255495 -0.3674949 -0.0985893 0.0108119 -0.1705447 -0.0597937 -0.1678700 -0.1929814 -0.0707566 -0.0533706 -0.1020966 0.1030307 -0.0967660 -0.0295863 0.2491529 0.0979844 0.2064594 0.0989700 -0.3327521 0.3217308 0.3357897 0.3852782 -0.0377899 0.2572947 0.3194566 -0.0418864 -0.3621904 0.4058988 0.3048414 0.4023987 0.0579024 -0.3463210 0.1606918 -0.0163525 0.3471147 0.1843834 0.0819554 0.3474264 0.2506896 -0.1975042 0.1318708 -0.1393747 0.2134318 0.4147282 -0.4991204 0.3553899 0.2714230 0.0968980 0.2803563 0.0128946 0.2198660 0.2212044 0.1824753 0.2782352 0.1858949 0.1914210 0.2741991 0.0710736 0.1247715 0.0931057 0.1729275 0.1207449 0.0305313 0.3111984 0.3467143 0.4922233 0.7586424 0.8013175 0.6780603 0.8401621 0.8330804 0.5729935 0.7915490 0.2431861 0.5522367 0.0768969 0.4014490 0.0594435 0.0779150 0.5493010 0.5889925 -0.0689535 0.4351159 0.4679139 0.4124789 0.3123612 0.6343035 0.5232757 0.3352954 0.1725154 0.3253963 0.2842358 0.3133853 0.0711299 0.0452460 0.2260889 0.2391850 0.3687107 0.2365251 0.0926456 0.2972506 -0.0839082 0.1180469 0.4425633 0.2742063 0.5341006 0.3518036 0.4452954 0.2744344
-0.0846759 0.1607481 0.8052452 0.8234181 0.7302025 -0.0420487 -0.0619330 0.0000000 -0.0651473 0.6077520 0.7673652 -0.0845155 0.9017174 0.3727730 0.0483127 0.6885227 0.3864584 0.2762561 0.6620227 0.6288646 0.1393574 0.7541609 0.4161736 -0.1269493 0.5874049 0.4995255 -0.0365332 0.1987128 0.3323651 -0.1105981 0.7066635 0.5382153 0.0935829 0.2705581 0.5120602 0.1450820 0.4498313 0.6621172 -0.2290789 0.0306899 0.7350001 0.5558472 0.2956335 0.2096630 0.6001175 0.5372739 0.4849185 0.6258602 0.4025047 0.5369275 0.4808242 0.2540931 0.5761920 0.2208145 0.6462741 0.6483017 0.5012342 0.3758916 0.2524849 0.4829140 0.6719170 0.3060161 0.8051157 0.3652510 0.5876896 0.6151439 0.5098410 0.3518671 0.7700220 0.4768013 0.8000895 0.5688486 0.5448610 0.5480240 0.6008815 0.4901213 0.2600042 0.6411399 0.4323338 0.2714553 0.6370626 0.1075023 -0.0599069 0.0267007 0.1129921 -0.0428484 0.1364624 0.2368847 0.1931871 0.1459010 0.0235683 0.0020088 0.0169192 0.3861289 0.2418961 0.0140072 0.0615627 -0.0310338 0.2092783 0.4071596 0.2070128 -0.0888338 -0.1732027 0.4691221 -0.0471559 0.0823706 0.0627185 -0.1258657 0.1024759 0.0702658 0.2082979 0.0024994 -0.1630205 -0.2128708 -0.1442438 -0.3006306 -0.2280574 -0.3313630 -0.3121197 -0.1590725 -0.1395326 -0.3217948 -0.1836437 0.0001272 0.0197780 -0.2436255 -0.2390787 -0.3962589 -0.2636053 -0.2587951 -0.1283645 -0.4433651 -0.1650275 -0.5552976 -0.5683729 -0.5348062 -0.4180067 -0.2217082 -0.1212614 0.3215356 -0.5085167 0.0638139 -0.1449086 -0.2377061 -0.5081254 -0.4848637 -0.1022224 -0.1417092 0.0224819 0.2067735 0.5927945 -0.1901812 0.0722958 -0.1807621 -0.0116704 0.1296148 0.0649200 -0.2411368 -0.1071246 0.3751342 -0.0084455 0.2729067 -0.1705090 0.0958789 0.1268395 -0.0249655 -0.1206808 0.0651763 -0.0772673 0.0883520 0.1621480 0.0514289 0.0593807 -0.0225748 0.0551619 -0.0589799 -0.1176154 0.0264348 0.0386792 -0.0502051 -0.0918107 -0.0797519 0.3656541 0.1655796 0.1796057 0.5206922 0.3128924 0.5191546 0.4635018 0.0957013 -0.3692461 0.0593651 -0.4614211 -0.4436755 -0.3743301 -0.2962099 -0.3711065 -0.3642284 0.1715626 -0.0248853 -0.1336052 -0.0889273 0.0090919 -0.1414466 0.1843893 0.1840031 -0.1114748 0.2342825 -0.4038110 0.1316186 -0.0941764 0.0330366 0.0988858 -0.0064219 0.1729947 0.2376533 0.0867930 0.1583013
-0.1784585 0.4177796 -0.0275696 0.2585655 -0.2108989 0.6966516 0.1933948 -0.0651473 0.0000000 0.3888500 0.0711325 0.3328804 -0.2125812 0.1512250 0.4437350 -0.0339841 0.1104897 0.4814590 -0.0886615 -0.4559975 0.0552777 -0.3144067 -0.1033994 0.5460111 -0.1656152 -0.0939361 0.1598165 0.0628319 0.5195550 0.0332562 -0.3726318 -0.3301507 0.2036454 0.5891763 -0.0594220 -0.0049481 -0.1736765 -0.3500586 0.1037091 0.4539608 -0.3032755 0.3584797 0.0238027 0.4169823 0.4250848 -0.3633169 -0.2009810 -0.4883434 0.4431435 -0.5052840 -0.1300175 0.2903448 0.4589417 0.4728513 -0.3120846 -0.3285014 -0.1873881 0.2508977 0.0976605 -0.1535872 0.0914004 0.1936246 -0.1443222 0.1094731 0.3528087 -0.1645559 -0.1047491 0.3786926 -0.1928357 -0.0077862 -0.0704739 0.0948680 0.1954849 0.1727131 -0.1648461 0.1832897 0.0231467 -0.0648879 0.1744744 0.1297247 0.0535168 -0.2984249 -0.4007700 -0.4980604 -0.5017199 -0.3983879 -0.3123960 -0.4356371 -0.4584600 -0.4737198 -0.3281995 -0.1645405 -0.3254573 -0.0483513 -0.4882393 -0.3976734 -0.1590829 -0.3456743 -0.3539845 0.2538900 -0.3350935 -0.3538797 -0.2108528 -0.1607453 -0.3612857 -0.4608850 -0.4763379 -0.1599654 -0.5070722 -0.3378965 -0.4318913 -0.3703868 -0.1583591 -0.3344006 -0.2998424 -0.2659742 -0.3652157 -0.3080362 -0.2077980 -0.3903998 -0.3151052 -0.3079499 -0.1046819 -0.0361361 -0.4527556 -0.5585914 -0.3249709 -0.0061287 -0.3597751 -0.1499548 -0.4081222 -0.1436534 -0.2486057 0.1701835 -0.1650697 -0.1364526 -0.3422226 -0.5673932 -0.3785390 -0.2906501 0.1156637 -0.5313251 -0.4307848 0.3619231 -0.3019510 0.1810406 -0.4550024 -0.3486878 -0.4158940 -0.4235367 -0.2577709 0.2151967 -0.4689406 0.1829874 -0.2586542 0.5807904 -0.4070559 -0.0927403 -0.5021940 0.0194052 -0.3008805 -0.5631569 0.6450428 -0.0308364 -0.4127225 0.1739583 -0.0916507 -0.3292867 -0.4465850 -0.4452259 -0.4350137 -0.5560398 -0.1884913 -0.3822844 -0.2372020 0.1490669 0.2500943 0.3633245 0.0526755 0.1467848 0.3914472 0.1551694 0.1784434 0.1736164 0.0441100 0.1313239 0.0271412 0.0915961 -0.1529005 -0.2286506 -0.2104505 0.2208345 0.4370429 -0.0729826 -0.2801084 -0.1399016 -0.1401298 0.3064219 0.3827253 -0.4500355 0.3583559 0.3337711 0.1574047 0.1266618 0.1359302 0.2895012 -0.4372585 0.0309836 0.1770809 0.4660731 -0.1558144 0.0821671 0.1129136 0.2049630 0.3155801 -0.1523531 0.5410884 0.3700694
-0.3793706 -0.1896921 0.3602692 0.6087864 0.3432243 0.1869869 -0.3031349 0.6077520 0.3888500 0.0000000 0.9112003 -0.3139831 0.5497883 0.3629895 0.0284847 0.7580216 0.4702067 0.1605724 0.6319710 0.2332000 -0.3209984 0.5024054 0.6525505 -0.1209283 0.5890044 0.7759587 0.2315874 0.0226813 0.1891548 -0.0642841 0.4856358 0.5288613 -0.0959495 0.3039868 0.7540207 -0.3262876 0.7277453 0.5291507 0.0102644 0.2342146 0.5278110 0.2810267 0.5630411 0.0393606 0.3782101 0.6038417 0.6617282 0.4103122 0.3157264 0.3660167 0.6547361 0.4819411 0.5381088 0.4269048 0.5671683 0.6169247 0.6917421 0.4761856 -0.1893735 0.5892538 0.2819747 0.4380715 0.6669984 0.4232653 0.3620872 0.6773117 0.5073470 0.5342153 0.5822290 0.5628135 0.7374162 0.5015542 0.6189331 0.3449740 0.5647274 0.5194688 0.1774815 0.6780773 0.4716494 0.1255770 0.5575861 -0.0405215 -0.1746504 -0.1992280 -0.1489786 -0.1556921 0.1030764 -0.2504610 0.0197787 -0.0749236 0.1798578 0.2766555 0.1100331 -0.0357594 0.1104853 0.2434695 0.3379573 -0.0005532 -0.0893374 0.2767026 -0.2103744 -0.1249060 -0.0721189 0.0515922 0.1749032 -0.0445248 0.0015112 -0.0895441 0.1175368 -0.0611401 0.1297365 -0.0819430 -0.2445811 -0.2626082 -0.1850504 -0.3383677 -0.2687851 -0.3292379 -0.3492433 -0.2125500 -0.3021829 -0.3642049 -0.3977373 -0.2155998 -0.1717339 -0.4918215 -0.3192073 -0.3381014 -0.4293437 -0.4459951 -0.3930533 -0.4973058 -0.3809450 -0.5105567 -0.5381990 -0.3572116 -0.5958628 -0.4568364 -0.2780741 0.1718193 -0.2564576 -0.2065413 -0.2218759 -0.2398904 -0.5384301 -0.3966217 -0.3060786 -0.3474825 -0.1652370 -0.1888119 0.4433103 -0.1789212 -0.2092614 0.1301118 -0.3046362 0.1611062 0.0233422 -0.3718635 -0.1848611 0.2049715 -0.2857505 -0.0738922 -0.0043244 0.2190224 -0.1220085 -0.1845258 -0.3305785 0.0437687 -0.0853017 -0.0858091 -0.2215103 -0.1187614 -0.3415043 -0.4354520 -0.4858991 -0.3508547 -0.3229583 -0.1311824 -0.3690369 -0.3880689 -0.1079660 -0.3982159 -0.0196560 -0.2553225 -0.2298704 0.2292882 0.0438326 0.2810132 0.0885153 -0.1648815 -0.3193065 -0.0331955 -0.3726571 -0.5315126 -0.5132383 -0.5949100 -0.6963628 -0.2460309 0.1798928 -0.3800885 0.0349439 0.2093690 0.0473538 -0.1293695 0.2098056 0.3182609 -0.4436151 -0.1026608 -0.0427165 0.2521181 -0.0600006 -0.0351893 0.0503531 0.0700266 -0.0151719 0.0389257 0.0966230 0.1384654
-0.3508308 -0.3025891 0.4611129 0.5909479 0.5334232 -0.0395428 -0.3202487 0.7673652 0.0711325 0.9112003 0.0000000 -0.3306150 0.7340701 0.2595015 -0.0814122 0.9194218 0.4080259 0.0277815 0.8099724 0.4588508 -0.2776484 0.7232141 0.6549864 -0.2341156 0.7696541 0.8720352 0.0654427 0.0206726 0.1107743 -0.1009837 0.6619651 0.7444035 -0.1355750 0.2318816 0.7450509 -0.3434806 0.8272867 0.6956907 -0.2489382 0.0672375 0.6404072 0.2564872 0.4666157 -0.0400624 0.3442464 0.7826544 0.7494476 0.6162646 0.2511621 0.5215396 0.7088676 0.3821328 0.5070088 0.3459147 0.7144643 0.7813483 0.8031747 0.4475467 -0.1326320 0.7009549 0.3901488 0.4665688 0.8043311 0.4370547 0.3557805 0.8235261 0.6408912 0.4952321 0.7464033 0.6276433 0.8563697 0.5956246 0.6390341 0.3899140 0.6884374 0.5225516 0.1666455 0.7477044 0.4565616 0.1446227 0.6412652 -0.0588882 -0.1735166 -0.1467537 -0.0810655 -0.1465732 0.0971192 -0.1661508 0.0694144 0.0121116 0.1808650 0.2616452 0.1547017 -0.0211238 0.1965750 0.3016402 0.3511408 0.0333820 0.0138470 0.1942792 -0.1376025 -0.0745039 -0.1042496 0.0980890 0.2172552 0.0802739 0.1012315 -0.1130637 0.2090499 0.0486719 0.2336167 0.0203560 -0.2542182 -0.1811756 -0.0419752 -0.2674595 -0.1393975 -0.1888231 -0.2901727 -0.1081453 -0.2252292 -0.3444009 -0.4234849 -0.2030509 -0.0447788 -0.3131481 -0.2771023 -0.3970751 -0.3099674 -0.4548316 -0.3023215 -0.5684781 -0.2685983 -0.6080359 -0.6373044 -0.4245152 -0.5512754 -0.2926831 -0.1709696 0.3282881 -0.3715596 -0.0398333 -0.1429439 -0.3762817 -0.4539960 -0.5525204 -0.1383076 -0.2245371 -0.0319879 0.0070348 0.6331956 -0.2611120 -0.0486362 0.0448782 -0.2073933 -0.0359781 0.1773305 -0.3220173 -0.0336379 0.3838226 -0.1753097 0.1722392 -0.2429661 0.3207947 0.0436428 -0.2320881 -0.2435082 0.1669498 0.0921945 0.1680152 0.0111419 0.0838872 -0.2556714 -0.2865306 -0.4020878 -0.2922275 -0.2893411 -0.0950097 -0.3726175 -0.4123207 -0.1601281 -0.4736120 -0.0002008 -0.2816262 -0.1510744 0.3319676 0.1932895 0.4076071 0.2292633 -0.0894401 -0.3297646 -0.1070678 -0.4969145 -0.5583960 -0.4531802 -0.5437996 -0.6389971 -0.4232680 0.1685731 -0.2062186 -0.1979748 0.1219916 0.0059910 -0.2220791 0.0856954 0.1954853 -0.2898099 -0.0608840 -0.2807536 0.1714183 -0.0171112 -0.0364951 -0.0280147 0.0183260 -0.1134081 0.0109712 0.0590803 0.1714814
0.2192123 0.5597150 0.1207420 0.1015917 -0.0052523 0.2752288 0.8225978 -0.0845155 0.3328804 -0.3139831 -0.3306150 0.0000000 -0.2075980 0.1277621 0.5999571 -0.1744928 0.0573573 0.4165832 -0.2593225 -0.1762279 0.8490364 -0.2574915 -0.2151561 0.5853528 -0.2426032 -0.3015538 0.1030461 0.4783162 0.6200363 0.4366852 -0.3244037 -0.2471971 0.4933065 0.3907642 -0.4374413 0.6078937 -0.4312337 -0.3580175 -0.1499508 0.4063119 -0.3536836 0.3193933 -0.3987334 0.5877427 0.3025620 -0.4169699 -0.4772938 -0.4131124 0.5471023 -0.3341719 -0.4319083 0.2630030 0.4278151 0.3743071 -0.3756117 -0.4564907 -0.4006564 0.2678257 0.3922626 -0.1907388 0.1148006 0.3697831 -0.4216125 0.3470797 0.5388312 -0.2968663 0.1216679 0.2820719 -0.3224771 0.0843453 -0.1641135 0.3895843 0.1767768 0.4024109 -0.3253518 0.2121173 0.4647061 -0.1644872 0.2599998 0.6784374 0.0868573 -0.3497791 -0.4843591 -0.3972532 -0.3894682 -0.4249218 -0.5258065 -0.1699888 -0.5007643 -0.4235546 -0.6123945 -0.5521930 -0.6013522 -0.0580383 -0.5706659 -0.6590825 -0.6711040 -0.5682711 -0.3307187 -0.2123504 -0.1032758 -0.5011054 -0.5598200 -0.2056072 -0.7118589 -0.5373796 -0.5216710 -0.4933004 -0.6152568 -0.3632357 -0.5357206 -0.3353395 -0.1819292 -0.2994797 -0.1124830 -0.2362970 -0.2917536 -0.1244251 -0.1830715 -0.2705576 -0.0986481 -0.2222869 -0.0646500 0.1042611 -0.1660465 0.1661554 -0.1809794 -0.2820269 0.2247864 0.1188711 0.0787859 -0.1551556 0.0366315 0.4337704 -0.1765482 -0.3194236 0.1593774 0.1181705 0.1048992 0.0516847 -0.2628021 0.0030528 -0.3767038 0.5235353 0.0894021 0.0355933 0.1105978 0.0715878 -0.3869993 0.0198066 -0.1619363 0.4188069 0.0940913 -0.4662642 0.0928758 0.4773465 -0.2451691 0.1882696 -0.2905855 0.2235300 -0.0353335 -0.1228081 0.4257387 -0.0145503 -0.1268603 0.4149505 -0.0171480 -0.2075261 -0.2050873 -0.1035425 -0.1000961 -0.3038705 0.2353934 0.2571696 0.3357839 0.7939625 0.8414079 0.7952346 0.7161574 0.7023238 0.5896754 0.6828969 0.3622224 0.5710998 0.1730626 0.4036476 0.3298759 0.3016475 0.5182304 0.5466518 -0.1683382 0.6719154 0.6812057 0.2970674 0.2437944 0.5815609 0.6426801 0.6146371 0.5416651 0.3471221 0.3004655 0.1495962 -0.0952161 -0.0155709 -0.0326877 0.1752951 0.2904573 0.4097451 -0.1741632 0.4762599 -0.1705371 0.2525993 0.2600111 0.3287816 0.4870796 -0.0009644 0.6173601 0.4712181
-0.0091491 -0.0281011 0.8284432 0.6157239 0.8365566 -0.2702288 -0.0683930 0.9017174 -0.2125812 0.5497883 0.7340701 -0.2075980 0.0000000 0.4022506 -0.1867627 0.6741912 0.4726855 0.2963282 0.6142727 0.8087321 0.0895083 0.8476501 0.5458779 -0.2891672 0.6158017 0.5874835 0.1212065 0.2358732 0.0889515 -0.0194871 0.8715782 0.6221457 -0.0010465 0.0058543 0.6297840 0.0822363 0.5791295 0.7773904 -0.1856178 -0.0120792 0.7903156 0.3681676 0.4258249 0.0063808 0.3491575 0.6523309 0.6134048 0.7207252 0.1623438 0.7188288 0.5791340 0.2704394 0.2975640 0.1192095 0.7953393 0.7995142 0.6216290 0.3221622 0.0524571 0.5971024 0.5823215 0.2971755 0.9060180 0.2886779 0.4445110 0.7210737 0.5766865 0.2893383 0.8379240 0.4169050 0.8204940 0.4338382 0.4240785 0.4480095 0.5995013 0.3248863 0.1889255 0.6116893 0.2848648 0.1184302 0.4981833 0.1035901 0.0158531 0.1621860 0.2305945 0.0749225 0.1984790 0.2420665 0.2834166 0.2649768 0.1357976 0.1128070 0.1587408 0.4042511 0.3720784 0.2137152 0.2114128 0.1556029 0.2604948 0.4712457 0.1948691 0.1072374 0.0007489 0.5090199 0.0801466 0.2011023 0.2131794 0.0011302 0.2207200 0.1003180 0.3665235 0.1764797 -0.1041696 -0.0470783 0.0290615 -0.1332888 -0.0336437 -0.1370948 -0.1588675 -0.0255260 0.0406871 -0.1286336 -0.1537718 0.0041552 0.1173091 -0.0733572 -0.0555860 -0.3624873 -0.0752077 -0.1902489 0.0710774 -0.2735039 -0.0148231 -0.6311385 -0.5058820 -0.4300456 -0.2522478 0.0148389 0.1024392 0.3234773 -0.6282070 0.2045800 0.0888508 -0.3972776 -0.4350513 -0.5163322 0.0190891 -0.0508083 0.0421884 0.2287395 0.5748182 -0.4005754 0.1705244 -0.2928746 0.0047899 -0.0995798 0.3400341 -0.3082710 0.1159238 0.3774662 0.0407317 0.4316058 -0.4202506 0.2803857 0.2283135 -0.2771035 -0.0576885 0.2133192 0.1532261 0.2599919 0.2014194 0.2360045 0.1870160 0.0775660 0.0733628 -0.1921550 -0.2482093 -0.0844686 0.0362708 0.0229001 -0.0702960 -0.0048272 0.2656012 0.2149066 0.0111113 0.4927068 0.3079652 0.4507207 0.4893652 0.0959252 -0.2858834 -0.0546028 -0.5945434 -0.2632295 -0.2133454 -0.2191022 -0.3975608 -0.5268212 -0.1410253 0.0122927 -0.1852669 0.0469291 0.1059127 -0.0767037 0.1677203 0.0796333 -0.0166534 0.1788465 -0.3373341 -0.0056964 0.1189431 0.0473247 0.0152249 -0.1862676 0.1971949 0.3127086 -0.0018151 0.1039984
0.0537178 0.2245469 0.4577746 0.5019130 0.4300993 0.0853992 0.4085598 0.3727730 0.1512250 0.3629895 0.2595015 0.1277621 0.4022506 0.0000000 0.3139519 0.2140754 0.8732389 0.5185271 -0.0430348 0.3193826 0.2618907 0.2310482 0.6749655 0.2092976 -0.0175965 0.2727012 0.8235288 0.6750497 0.2878373 0.6672801 0.3908295 0.0324681 0.5176967 0.1657583 0.6012274 0.3447117 0.3051641 0.2622927 0.5392956 0.5740025 0.3057775 0.3181960 0.6682478 0.3263806 0.3585419 0.3393438 0.4477209 0.0974745 0.2759603 0.4467305 0.5223855 0.6946012 0.2694899 0.4225858 0.2799340 0.3694607 0.4058325 0.4284681 -0.2179170 0.5303835 0.2264184 0.5046678 0.2475356 0.2590162 0.4214281 0.3705173 0.4135174 0.4422405 0.2347577 0.3606297 0.4710731 0.2962563 0.4266196 0.2451353 0.1713588 0.2963593 0.3060151 0.4637527 0.4176625 0.2976071 0.1408203 0.1202483 -0.0255447 0.0132066 -0.0129625 0.1138032 0.1948265 0.0210316 0.1419621 0.0118916 0.1498347 0.0567589 -0.0477949 0.0368689 0.1563553 0.0293151 0.0034523 -0.0548071 0.0757601 0.2955953 0.1868472 -0.0491248 -0.0484950 0.1365172 -0.0549771 0.0292178 -0.0427091 -0.0759652 0.0877711 -0.1731948 0.1345013 -0.1589883 0.0090342 -0.2844654 -0.3420966 -0.3672627 -0.3463805 -0.4549438 -0.2957474 -0.2918392 -0.0204293 -0.1099956 -0.0994089 0.1835076 -0.0444405 -0.2111220 0.1139586 -0.3094531 -0.1014566 0.1494745 0.1579744 -0.0002312 -0.0089119 -0.1880893 -0.1206998 -0.2961827 0.0033998 -0.0750373 0.2291253 0.1798384 -0.4120445 0.1729371 0.0758874 0.0732885 -0.3248569 -0.0406954 0.1312690 0.0500128 -0.1993973 0.1853086 0.3310635 -0.0569600 0.3428262 -0.2800735 0.2500982 0.2950627 0.1565468 -0.0148268 -0.0163315 0.0282799 0.1309583 0.2300394 0.1037700 0.1187210 0.2712986 -0.0722002 -0.2687751 0.1379574 0.0004156 -0.0463680 -0.0737908 0.0035086 -0.1192015 -0.1662561 0.0884872 0.0225737 0.0168180 -0.0419918 0.3569154 0.2581588 -0.0120269 0.3265067 0.0371581 0.2372508 -0.3386197 0.2839086 -0.2016345 0.0501595 0.3467823 0.3117942 -0.4106144 0.2086286 -0.3024698 -0.2118587 -0.2880063 -0.1160749 -0.3284549 -0.1168704 -0.1856965 -0.1109111 0.4318932 0.3522427 0.0922656 -0.0275617 0.5115291 0.2603782 -0.0574260 -0.1116125 0.3113300 0.1515638 -0.0264566 0.0289030 0.3848553 -0.0919350 0.4987463 0.4983638 0.1227274 0.2180057
0.3328777 0.5404905 0.1546074 0.3206458 0.0733752 0.2970266 0.6021626 0.0483127 0.4437350 0.0284847 -0.0814122 0.5999571 -0.1867627 0.3139519 0.0000000 -0.1372363 0.0583831 0.5145562 -0.3260478 -0.0956444 0.4534304 -0.1807757 -0.1043296 0.6979746 -0.3739835 -0.2685317 0.1713927 0.6718947 0.6443338 0.5107803 -0.1570955 -0.3813421 0.7628139 0.5416570 -0.2350882 0.4460182 -0.3197017 -0.4610304 0.0540770 0.6902000 -0.3363704 0.5632668 -0.0801044 0.8144081 0.6176448 -0.3365985 -0.2529430 -0.4723655 0.6122558 -0.4241414 -0.1926478 0.4557960 0.5034854 0.5687161 -0.4109663 -0.4055869 -0.2307614 0.4302852 0.4180746 -0.0706581 0.4462284 0.4349574 -0.3701261 0.2208531 0.5168214 -0.1270858 0.0308087 0.4569767 -0.2790681 0.1619812 -0.0261432 0.2998363 0.3971710 0.4205978 -0.2905566 0.3635273 0.3188419 -0.0032066 0.4256186 0.5809498 0.1680612 -0.2506384 -0.3580006 -0.2519277 -0.3036076 -0.2572284 -0.1927027 -0.1622667 -0.2406711 -0.3585630 -0.2519160 -0.1049350 -0.2539320 -0.2103807 -0.2792472 -0.4953358 -0.3033200 -0.4810687 -0.1841413 -0.2375517 -0.0007378 -0.5646774 -0.4213688 -0.3185762 -0.4967644 -0.4228136 -0.4009115 -0.2591834 -0.3229441 -0.2319383 -0.3370664 -0.3101769 -0.1696499 -0.4845796 -0.4791940 -0.5315704 -0.5739259 -0.4482996 -0.4341497 -0.3961998 -0.3611366 -0.4972399 0.0419612 -0.0560671 -0.2737100 -0.1421320 -0.1547410 -0.0624883 -0.1758355 -0.0214775 -0.1132010 -0.1936061 0.0327863 0.1667875 0.0414934 -0.1816250 -0.0131510 -0.0846219 0.0738552 0.1262815 -0.0285263 -0.0954634 -0.3679053 0.5916523 0.0836207 0.0956236 0.1138472 -0.0181505 -0.3582144 -0.1201913 0.0396989 0.3876363 0.2124680 -0.1756479 0.1361350 0.4133006 -0.2420898 0.2037020 -0.3863808 0.1947016 -0.1629699 -0.0618462 0.5409841 0.0001200 -0.1184772 0.3483516 -0.1401816 -0.1969136 -0.2727047 -0.1292333 -0.2425135 -0.4019954 0.0497729 0.0318244 0.3013701 0.6134433 0.6617728 0.5484651 0.5310927 0.4467301 0.2998992 0.3997319 0.3841698 0.2575920 0.2783521 0.5604749 0.1336631 0.2915406 0.2133517 0.1064391 -0.1369306 0.3215442 0.4062263 0.0897816 -0.0078814 0.3311489 0.2394110 0.2705102 0.4749030 0.1181959 0.4971627 0.3289438 0.2356959 0.3162309 0.3486333 0.5164894 0.0721724 0.2828180 0.2428082 0.4777838 0.0489046 0.2676310 0.5148399 0.6999269 0.3263663 0.3926847 0.5924980 0.3317003
-0.4612377 -0.3399775 0.4057596 0.4830294 0.5377401 -0.0803857 -0.2224392 0.6885227 -0.0339841 0.7580216 0.9194218 -0.1744928 0.6741912 0.2140754 -0.1372363 0.0000000 0.4422810 -0.0160167 0.8059265 0.4728790 -0.1940045 0.6677069 0.6256748 -0.1741960 0.7836100 0.8957642 0.0833952 0.0522636 0.0746973 0.0082726 0.5633189 0.7915727 -0.1320923 0.2179876 0.6729047 -0.3993826 0.8509618 0.6494461 -0.3248780 0.0395598 0.5396646 0.1256261 0.3943255 -0.1068245 0.2175573 0.8004277 0.7466231 0.5919048 0.1953686 0.5085646 0.7021870 0.3633378 0.4870441 0.3601429 0.6742360 0.7783447 0.8212720 0.3993009 -0.1383204 0.7415078 0.3195343 0.5373913 0.7243324 0.4108257 0.3440443 0.8234127 0.6980138 0.4672451 0.6799870 0.5656903 0.8001303 0.6100000 0.5845578 0.3186018 0.5996508 0.4352869 0.1363977 0.6707346 0.3829096 0.1708197 0.5557335 -0.1263474 -0.2053946 -0.2158683 -0.1365362 -0.1366412 0.0736809 -0.1968523 0.0086717 0.0245282 0.1875238 0.2621570 0.1429369 -0.1124868 0.1339406 0.3503109 0.3388565 0.0681193 0.0242690 0.0565059 -0.1454458 0.0120893 -0.0947862 0.0116390 0.2581749 0.1374914 0.1218457 -0.1707014 0.2348527 0.0007272 0.2278419 0.1054165 -0.2619248 -0.1742548 0.0409750 -0.1880285 -0.0444048 -0.0508968 -0.2217016 -0.0106965 -0.1414542 -0.3010624 -0.4897806 -0.1283752 0.0224594 -0.1391313 -0.1860644 -0.4547116 -0.1124556 -0.3607052 -0.2012169 -0.5913848 -0.1118676 -0.3969382 -0.7019292 -0.4448720 -0.4192700 -0.1818629 -0.0791741 0.3821655 -0.3885704 0.0658097 -0.1727181 -0.3095996 -0.2938597 -0.5442013 0.0008569 -0.0928220 -0.0124552 0.1275027 0.6813209 -0.1714197 0.0510454 0.0336756 -0.1224716 -0.0449608 0.1864301 -0.2004048 0.0164609 0.4401724 -0.1030646 0.2375155 -0.3167830 0.3415648 0.1239951 -0.1909281 -0.1784617 0.2562640 0.1891970 0.2695200 0.1084797 0.1560189 -0.3044970 -0.2170170 -0.4063186 -0.1404654 -0.1136145 0.0924860 -0.3246536 -0.3442969 -0.0735815 -0.4265413 -0.0685896 -0.2289183 -0.2082716 0.3413714 0.3066020 0.4351046 0.2977237 0.0298759 -0.2423932 -0.0752499 -0.3913576 -0.4610198 -0.2926631 -0.4236681 -0.5071976 -0.3664600 0.1984334 -0.0839227 -0.2774158 0.0728373 -0.0758283 -0.3123272 -0.1094387 -0.0659089 -0.1702156 -0.1669028 -0.3663557 0.2321385 -0.0253935 0.0240221 -0.1921545 -0.1180436 -0.0796137 -0.2108151 0.1405641 0.3108702
-0.2049043 0.0048641 0.4548666 0.4848908 0.4758259 0.0677604 0.2492640 0.3864584 0.1104897 0.4702067 0.4080259 0.0573573 0.4726855 0.8732389 0.0583831 0.4422810 0.0000000 0.3308961 0.0974157 0.3679813 0.1239357 0.2492461 0.8192134 0.0917980 0.1373592 0.5074249 0.8553523 0.4873978 0.2101269 0.6253166 0.3810714 0.2408100 0.3882295 0.2138361 0.6825744 0.1103697 0.5122401 0.3926819 0.4799383 0.5556362 0.3664183 0.0739471 0.6823355 0.2102264 0.1072680 0.4831560 0.5322411 0.2634893 0.3211925 0.5072723 0.5837572 0.7689359 0.3440137 0.5376922 0.4929573 0.5022169 0.5385790 0.5278771 -0.4139781 0.6235356 0.0100349 0.5997655 0.3559701 0.4220222 0.3906242 0.4518183 0.4858516 0.5211820 0.2408467 0.4001268 0.4892921 0.3845099 0.4094648 0.1943360 0.1254328 0.2173484 0.3062672 0.4187769 0.3918786 0.2544339 0.2036599 0.1122202 -0.0569396 -0.0797342 -0.0871323 0.0647728 0.2703449 -0.0634525 0.0798561 0.0486022 0.2027084 0.1324778 -0.0686766 0.0134496 0.1152355 0.2127640 0.1049768 -0.0248606 0.0096211 0.3079218 0.0293299 0.0298972 0.0196781 0.0739635 0.0750697 0.0495554 -0.0759880 -0.1791157 0.1142726 -0.3227484 0.1510107 -0.1578588 -0.1913711 -0.3826770 -0.3516782 -0.3638630 -0.3269534 -0.3925681 -0.3466497 -0.3305942 -0.1315974 -0.1993757 -0.2529951 -0.0083989 -0.1546178 -0.2549137 0.0265326 -0.4064633 -0.0417578 -0.0013751 0.0142076 -0.1344896 -0.0449822 -0.1723699 -0.3474184 -0.4106983 -0.1585824 -0.1341964 0.0479558 0.0803491 -0.5204518 0.0902854 0.0678157 -0.1368886 -0.4076902 -0.2988955 0.0119760 -0.0874362 -0.2767478 0.0551779 0.2725001 -0.2053817 0.1862263 -0.3138518 0.0790599 0.1938424 0.2725202 -0.3025988 0.0553778 0.0651990 -0.0231752 0.1822975 -0.1575390 0.3424228 0.1407320 -0.2947100 -0.3162126 0.1150183 0.1356895 0.0514821 -0.1637524 0.0076828 -0.2835765 -0.2919430 -0.2202654 -0.1792997 -0.1159947 -0.0928299 0.1147471 0.0719697 0.0036363 0.1587663 -0.1942870 0.0931115 -0.5503649 0.1537717 -0.1264387 0.0551020 0.3069162 0.3340351 -0.4037463 0.1609805 -0.3207389 -0.2915758 -0.2908591 -0.3109663 -0.4932586 -0.0858274 -0.1418124 -0.2496242 0.3563785 0.3310521 -0.0507639 -0.2107211 0.3371180 0.1145605 -0.1953534 -0.1239418 0.1832596 0.2739623 0.0094348 -0.0074144 0.2591719 -0.2566716 0.4167701 0.3000932 0.1303371 0.2468424
