0.0000000 0.7140671 0.5277901 0.2301751 0.3648701 0.3283276 0.4595112 0.4805762 0.2310698 0.2178466 0.1084680 0.3471174 0.5676131 0.0363766 0.2805684 0.3166622 0.1053507 -0.0905728 0.3896728 0.3180918 0.1607806 0.5712996 0.2461886 -0.3520539 0.3366518 0.1507774 0.2779857 -0.1629233 -0.0635977 0.0207823 0.4412955 0.3237552 -0.3191100 -0.2340773 0.2201044 -0.0873708 0.2460004 0.4656176 0.0923280 -0.0273827 0.5985871 0.3354521 0.1409021 -0.3089003 0.2494853 0.5980245 0.4192900 0.3972598 -0.1997925 0.6155519 0.1539732 0.2813968 -0.1385906 0.0832080 0.5699026 0.6361820 0.4666595 -0.0149925 0.5750381 0.2541475 0.3201476 0.2589306 0.3493952 0.1458916 0.3577206 0.4297179 0.3878103 0.0959642 0.5486049 0.0021550 0.4679122 0.0831720 0.2601293 0.3337185 0.3463333 0.1220708 0.2403156 0.3397438 0.2330961 0.2923901 0.1800500 0.0677789 0.3248139 0.1661346 0.1498495 0.2025304 0.0782206 0.4040286 0.3163007 0.1203361 0.2392546 0.1573168 0.2178775 0.3288787 0.1423706 -0.1549442 0.0233035 -0.1273319 0.2774159 -0.2766365 -0.0566230 -0.1061142 0.1366889 0.0060541 -0.1097825 -0.0695425 -0.1829566 -0.1235185 -0.2230558 -0.0073487 0.0110077 -0.3769091 -0.1567675 -0.0540108 -0.2987010 -0.0770045 -0.0361436 -0.0632072 -0.0916297 -0.3034054 -0.1462293 -0.0184277 0.4046528 0.0525116 -0.0590885 -0.3523598 0.0569863 0.5080259 -0.3691198 0.2645068 -0.0673313 0.2181299 -0.1292123 0.2217628 0.0516201 0.3125971 -0.3092518 -0.4130663 -0.3527553 0.1635337 0.1056330 0.0024923 0.3375333 0.3184743 -0.0548783 0.1888729 -0.1579537 0.0081338 0.1841170 0.1740071 0.3079062 0.4111544 -0.2219015 0.1132557 0.1972870 0.4086288 0.2967392 -0.0156320 0.2599958 0.3816162 0.2012598 0.4881145 0.2356782 0.3446574 0.1958767 0.2257393 0.2112538 0.1483416 0.3873525 0.4020265 0.1182993 0.3241220 0.6508561 0.5263637 0.7040394 0.5584365 0.4897202 0.5397354 0.2970276 0.4875971 0.6230851 0.3407732 0.1559917 -0.0737594 0.4798261 0.5085279 0.3646048 0.1940358 0.2040402 0.1262529 -0.3072746 0.2497358 0.2773934 0.2787138 -0.2810911 0.0664562 0.1543485 0.1791067 0.3656892 -0.1668207 0.3997712 0.0555849 0.2062037 0.2810804 0.4646729 0.4802509 -0.2118088 0.4946551 0.1165213 -0.1170935 -0.0203717 0.3824164 0.2685166 0.2048305 0.2399033 0.1984631 -0.2764058 0.0076029
0.7140671 0.0000000 0.7271792 0.6931949 0.3031435 0.5849260 0.4829191 0.7038996 0.4356064 0.4703918 0.4295336 0.7137881 0.6481758 -0.1827324 0.5997708 0.3170488 0.2332671 0.0083389 0.4373351 0.4889639 0.6211067 0.7165820 0.2298051 -0.2347494 0.4909028 0.2095083 0.1740612 -0.4312600 0.1368889 -0.3962884 0.6769508 0.5889363 -0.5059804 -0.2064375 0.2381438 0.4828642 0.3342665 0.5816810 0.1816164 0.0104852 0.6286435 0.6833813 0.2156084 -0.4096828 0.4564995 0.6715620 0.4468048 0.4849707 -0.0752448 0.6962145 0.1330361 0.2754495 0.3344804 0.2325334 0.7452324 0.7261445 0.5357661 0.2014412 0.5429550 0.3808541 0.6898618 0.4138748 0.6795830 0.6234993 0.7414263 0.5449272 0.5960250 0.3624053 0.7242175 0.4368115 0.7138396 0.6466375 0.5375989 0.6308127 0.6861080 0.4516519 0.5783008 0.6933767 0.6419953 0.4101114 0.2884918 0.2817962 0.3837450 0.2821460 0.0952954 0.0787031 0.0039645 0.3633209 0.2012488 0.0407399 -0.0818653 0.0134636 0.0558138 0.3061067 -0.1245671 -0.1078954 -0.2380717 -0.2987817 -0.0132647 -0.0827217 -0.1269080 -0.3973887 0.0126637 0.2573189 -0.3067354 -0.1300205 -0.2782094 0.0936991 -0.3964687 0.3396685 -0.0861462 -0.4302554 -0.1560865 -0.0930966 -0.3402662 -0.1772490 -0.2317693 -0.2174645 -0.2310088 -0.5616978 -0.2369100 -0.1163779 0.4702175 0.3468890 -0.0787052 -0.6398446 0.2451963 0.4790012 -0.4736537 0.4525854 0.1859803 0.1389121 0.0202357 0.1147895 0.1925163 0.0339307 -0.1276349 -0.5783262 -0.2722873 -0.1393017 -0.0680366 -0.1761806 0.7243585 0.2400358 -0.2816116 0.1123538 -0.2758394 -0.0609446 0.3670404 0.0518602 0.2144310 0.2327574 -0.3869324 0.1994805 0.1046016 0.4225625 0.3407029 -0.0935717 0.3971862 0.2717640 0.2604101 0.2832329 0.2766101 0.3028254 0.1237866 0.1664371 0.2323410 0.1980574 0.3517160 0.2493512 0.1016776 0.3219850 0.4212271 0.2511889 0.7307738 0.7225784 0.7840919 0.3697719 0.7027048 0.7166451 0.5185719 0.6002840 0.4552370 0.0928647 0.3885873 0.5976491 0.3146786 0.0052457 0.2602271 0.2515402 -0.7496442 0.2543331 0.1287795 -0.0684407 -0.6451367 -0.2261020 -0.1058329 -0.0105738 0.2595575 -0.4210468 0.1616785 -0.0402215 0.2554033 0.2476147 0.6221366 0.4145368 -0.1776351 0.2779974 0.1916644 -0.2079792 -0.0109793 -0.0036631 0.4312253 0.3386269 0.4324947 0.1544779 -0.3499723 -0.1438416
0.5277901 0.7271792 0.0000000 0.5577450 0.5780456 0.2937880 0.2840887 0.7506397 0.2096504 0.1418482 0.0908718 0.4529361 0.6162456 -0.2886888 0.2855342 0.0909099 -0.1775176 -0.0360748 0.3861385 0.2978316 0.4602827 0.4510310 -0.2054146 -0.2400410 0.2679216 -0.1548009 -0.0500491 -0.4980484 -0.1453733 -0.4214481 0.4683643 0.3031423 -0.4634231 -0.2894074 -0.1592267 0.4682115 -0.0382718 0.2330870 -0.2414339 -0.3769623 0.2558634 0.6649315 -0.2405308 -0.5795156 0.3929363 0.4448800 0.1989520 0.1726812 -0.4805579 0.5508533 -0.1455371 -0.1597535 0.1618234 -0.1536056 0.4042557 0.4811008 0.3044689 -0.1301780 0.4712619 0.0504984 0.5942622 0.0621984 0.5157891 0.3003398 0.4986610 0.4008767 0.2222359 0.1138908 0.5921182 0.1410714 0.3990094 0.4632974 0.2717553 0.5534194 0.5155710 0.1582700 0.5080895 0.5391547 0.4508534 0.5688340 0.3113251 0.1039214 0.2312424 0.3041434 0.2123628 0.1814234 -0.0709330 0.3055217 0.1794415 0.1433280 -0.1214499 -0.2060948 0.0803098 0.2259481 -0.1529327 -0.3161211 -0.2459673 -0.1637285 -0.0473480 -0.4354018 -0.1650778 -0.3732187 0.0955756 0.0199683 -0.3325099 -0.2428954 -0.0529369 0.2091157 -0.4941242 0.3310573 -0.3557875 -0.4690166 0.0239300 0.0604482 -0.1941000 -0.1010283 -0.2643249 -0.1245751 -0.1971838 -0.4283154 -0.0832578 -0.0985430 0.3448279 0.3932733 -0.0495597 -0.7545708 0.3539704 0.4686048 -0.6609376 0.5219239 0.1216218 0.2702129 -0.0385598 0.0594293 0.1242618 -0.0750240 -0.3720707 -0.6956946 -0.4780148 -0.0391671 -0.1538906 -0.1440202 0.5797031 0.4366146 -0.4516808 0.0158280 -0.3958913 0.0264904 0.3370149 0.2013178 0.4888451 0.5196015 -0.4600845 0.1833835 0.3137111 0.3062560 0.0352576 0.0650803 0.1890635 0.3335769 0.5518634 0.3665388 -0.0463755 0.0783371 0.1932177 -0.0304736 0.0075546 0.0084062 0.1499853 0.1149281 0.0225619 0.1805391 0.1047137 0.1948291 0.5424496 0.6145959 0.6846843 0.4634515 0.5670506 0.5745675 0.2869454 0.2890730 0.4473580 -0.0838852 0.3216917 0.4211027 0.3771841 0.2062127 0.4154713 0.5777489 -0.5530438 0.4718017 0.3309548 -0.0334479 -0.6531969 -0.0715322 0.1212025 0.2214656 0.4886417 -0.3154323 0.0096594 -0.2377071 -0.0652689 0.1091782 0.5381928 0.2482785 -0.3428251 0.1289282 0.0247971 -0.1275385 -0.2422659 0.1325916 0.4292685 0.3127586 0.2515889 0.1948851 -0.2860259 -0.0213914
0.2301751 0.6931949 0.5577450 0.0000000 0.1380211 0.6451610 0.4063717 0.6933635 0.5782323 0.6959170 0.5650399 0.6558351 0.4040910 0.0662891 0.7425860 0.2024252 0.3853854 0.2876601 0.1476252 0.2938627 0.6179659 0.4337100 0.1268414 0.0743779 0.2091445 -0.1320776 0.2937087 -0.3490840 0.0662908 -0.3138329 0.6632976 0.4049940 -0.3227290 -0.0007596 0.0035381 0.3368631 -0.0159167 0.1934818 0.2261554 -0.0545078 0.3745246 0.4015456 0.1054713 -0.2328673 0.2541671 0.2915187 0.0421192 0.1868923 0.0633641 0.2353767 -0.2612255 0.0211335 0.4726857 0.1715565 0.4237044 0.3415519 0.1452540 0.1733477 0.2471639 0.0377476 0.5526571 0.1749655 0.5884570 0.6305151 0.6937730 0.2185046 0.3148339 0.1182999 0.3829769 0.4195318 0.4260065 0.7303297 0.3715856 0.6246272 0.4567880 0.3327374 0.5111388 0.4623029 0.5517609 0.4772482 0.2808711 -0.0649446 -0.1084543 -0.1634410 -0.3045341 -0.3148059 -0.3292324 0.0239540 -0.2430833 -0.1508651 -0.3487819 -0.3766162 -0.3505546 0.0395739 -0.3221965 -0.1335777 -0.6572018 -0.2890852 -0.2965072 0.1823162 -0.0672050 -0.4637053 -0.2254793 0.3039820 -0.6201175 -0.2412074 -0.4179637 -0.0960011 -0.4815026 0.1218998 -0.3745710 -0.3919249 0.0915512 0.0786533 0.1999933 0.0315014 -0.1898764 -0.0151824 -0.0128060 -0.4211873 -0.2235617 -0.1740684 0.1210999 0.4871094 -0.2485759 -0.6096611 0.0096164 -0.0723205 -0.4202326 0.1466251 -0.0227468 -0.1758073 -0.2968910 -0.1070374 0.1215817 -0.5062361 -0.2821619 -0.3485065 -0.3686997 -0.2604602 -0.3488690 -0.2302839 0.4181508 0.1374560 -0.3049522 -0.3011128 -0.5365842 -0.4731911 0.0639926 -0.2640311 -0.0440952 -0.0327920 -0.4793525 -0.1188647 -0.2920890 -0.0052420 -0.0718932 -0.3650258 0.0343000 -0.1235878 -0.0354659 -0.1590905 -0.0625871 -0.1458186 -0.3851209 -0.2542036 -0.1598177 -0.0726919 -0.0939574 -0.2496728 -0.1170480 -0.0397035 0.2103321 0.0622748 0.3438387 0.3597887 0.5634585 0.1229611 0.5139782 0.3593289 0.0911186 0.2270013 0.2784305 -0.0256141 0.2317711 0.3045110 0.2489222 -0.1049950 0.3260660 0.3386436 -0.6328559 0.2785849 0.1391155 -0.2407995 -0.5171507 -0.1720452 -0.0594627 0.0149034 0.2371219 -0.2472219 -0.0868712 -0.0120067 -0.0391355 -0.0027348 0.3819509 0.3397591 -0.1063124 -0.0052371 0.1640947 0.1232830 -0.1668754 -0.2039087 0.3955850 0.2778447 0.3544353 0.1666907 0.1769716 -0.0399121
0.3648701 0.3031435 0.5780456 0.1380211 0.0000000 -0.0862311 0.0836947 0.4640997 0.0272447 -0.1949110 -0.2848218 0.1638800 0.5216580 -0.0706651 0.1081837 0.0482087 -0.3016928 0.1050347 0.2323760 0.1050294 -0.0162093 0.3238352 -0.1143687 -0.0408434 0.1206955 -0.0069839 0.0254864 0.0459080 -0.2540208 0.0291669 0.2450676 0.1082743 0.0516888 -0.0197064 -0.0326494 -0.0105851 0.1191884 0.1984882 -0.2833002 -0.3725049 0.3805371 0.2294676 -0.2211257 -0.1690811 0.0722897 0.3212841 0.2575168 0.4635717 -0.3433987 0.4211654 0.0101589 -0.2140812 -0.1397891 -0.3956826 0.2670186 0.3054106 0.2331488 -0.4902204 0.5169219 -0.0296110 0.2621683 -0.1622526 0.3571763 -0.0631860 0.2917237 0.2735052 0.0319464 -0.2883603 0.3849853 -0.2452541 0.2421620 0.1149872 -0.1274572 0.4774242 0.2185081 -0.2097148 0.3582502 0.1239713 0.0413936 0.4671840 0.0702623 0.1761586 0.3665167 0.3267273 0.3275937 0.3488518 -0.1383433 0.6021174 0.4923394 0.5344365 0.0170223 -0.1138347 0.1021753 0.3598985 0.1565333 -0.1721240 -0.0793453 0.2018185 0.2793622 -0.3525306 0.3641753 0.0569323 0.3420409 0.0847134 0.0182573 0.2323120 0.2371905 0.2703983 0.0386579 0.1734773 0.1118607 0.0033873 -0.0036097 -0.0805061 -0.0868140 -0.0462949 -0.2288382 0.0224797 -0.1409290 -0.1988852 -0.1048624 -0.2853639 0.1644254 0.2832700 0.0391912 -0.4669560 -0.0823865 0.3916136 -0.4190614 0.2840839 -0.0651259 0.5993474 -0.1979971 0.3869993 0.2981050 0.2369391 -0.2944980 -0.2985950 -0.4035903 -0.0332750 0.3774274 -0.0121463 0.4800650 0.2241921 -0.0850758 0.4720580 -0.0869971 0.2791249 0.4659613 0.1280492 0.2833871 0.4004202 -0.1680580 0.6550893 0.2614121 0.2729072 0.0043962 0.4994646 0.2022168 0.2067625 0.4980537 0.4564355 0.1181702 0.1103074 0.3022799 0.2629348 0.1039376 0.0728722 0.1410913 0.2242579 0.2668448 0.2479539 -0.0276433 0.1851969 0.2788339 0.3672112 0.3185026 0.4966525 0.0754193 0.2242154 0.3782345 0.2075190 0.2715062 0.0588346 0.5020893 0.2566067 0.7527942 0.4764712 0.6041104 0.6766207 -0.2607687 0.4353936 0.3386829 0.1046710 -0.3933218 -0.0844896 0.0902688 0.1880284 0.3438714 -0.2661067 0.2757595 0.1272453 0.2308403 0.2570400 0.5842869 0.2091977 -0.1413850 0.3082613 0.0348147 0.2416647 0.1080531 0.0435782 0.6755082 0.0840065 -0.0782602 0.4493270 -0.1491497 0.1419436
0.3283276 0.5849260 0.2937880 0.6451610 -0.0862311 0.0000000 0.6958032 0.4308698 0.8319239 0.7062391 0.6073043 0.7310734 0.3055705 0.4791925 0.6730697 0.1825050 0.6274636 0.1953089 -0.0068304 0.1810622 0.5996193 0.3571202 0.5119537 -0.0000224 0.2756110 0.0144845 0.6143066 -0.0870163 0.4461606 0.0933320 0.3080716 0.4888089 -0.1548664 0.1875902 0.3949965 0.1758760 0.2030528 0.4124203 0.5189975 0.3452117 0.3826792 0.3475873 0.5215103 0.2043549 0.3390362 0.2248080 0.1130992 0.3119369 0.5440294 0.3194374 0.0395557 0.4621414 0.5103433 0.4673401 0.4731896 0.3339495 0.1974244 0.4692137 0.0144562 0.4134124 0.2489416 0.3770231 0.2591735 0.5806777 0.4938522 0.1187145 0.4364547 0.4388384 0.1459669 0.5246718 0.3707344 0.5838784 0.5032187 0.5257812 0.2469524 0.5331695 0.5683873 0.3550299 0.4361448 0.3279400 0.0275157 0.1641462 0.1334458 -0.0451780 -0.2376003 -0.0343321 -0.1020682 -0.0405041 -0.1788326 -0.2850807 -0.4053883 -0.0551075 -0.0601280 0.2385454 -0.3432401 -0.1153139 -0.3064864 -0.1628882 -0.1115465 0.2796386 -0.1672068 -0.2430117 0.1743392 0.4629080 -0.5568319 -0.2450156 -0.1963781 0.1297670 -0.5548776 0.2917725 -0.3495255 -0.2314695 -0.0153703 0.0331600 0.0638147 0.0565460 0.0381223 -0.0093297 0.0434947 -0.2809746 -0.1550256 -0.0175369 0.4353056 0.2553865 -0.1854523 -0.6321195 -0.0606169 0.0978072 -0.5048054 -0.1169691 -0.2896117 -0.4177498 -0.4755169 -0.1175974 -0.3114086 -0.4833333 -0.3547125 -0.4786359 -0.4091584 -0.5137747 -0.5120091 -0.5380599 0.3117638 -0.1738290 -0.5480463 -0.3992917 -0.5151680 -0.4762861 -0.0007181 -0.5001607 -0.3477633 -0.0764621 -0.5433559 -0.3197321 -0.3938851 -0.0551138 0.2425636 -0.4321963 0.2733427 -0.1526702 -0.0759274 -0.2597305 0.2143296 0.2540204 -0.3075496 0.0532792 0.2120586 0.2241927 0.3585647 0.1854146 0.1039229 0.2836655 0.4768697 0.4844599 0.5910854 0.5080253 0.5704260 0.2183814 0.4686311 0.2125814 0.4495346 0.3522907 -0.2028766 -0.0900249 0.0720714 0.4852330 0.2782038 0.1661245 0.3135345 0.0699740 -0.5214923 0.1954919 0.1367087 -0.1877449 -0.5695722 -0.3686342 -0.1455113 0.0148540 0.0529553 -0.5437667 0.2230559 0.1606085 0.1861402 0.2837959 0.3955300 0.4012076 -0.2781822 0.1233682 0.1213142 0.0089013 0.1374907 -0.0905064 0.3914040 -0.0305387 0.3044301 0.0310553 0.0818463 0.0774537
0.4595112 0.4829191 0.2840887 0.4063717 0.0836947 0.6958032 0.0000000 0.2711342 0.6934563 0.1915877 0.1515222 0.7706777 0.2359255 0.3930550 0.5335830 -0.1419555 0.0927555 0.3716839 -0.0039464 -0.1931568 0.4105403 0.3282692 0.1206218 -0.0858568 0.0770133 -0.3722242 0.3647601 0.0233239 0.0924802 0.0683866 0.0821732 0.1720891 -0.0499817 0.1531145 -0.0516969 -0.0268771 -0.1245829 0.2774515 0.0505995 -0.0076360 0.2594473 0.2814366 0.0331298 0.0070014 0.3618762 0.1904629 -0.0461637 0.1933333 0.2654705 0.3012818 -0.2332064 0.1468425 0.4397151 -0.0508678 0.4995451 0.3165160 0.0705992 -0.0197428 0.2947774 0.1111033 0.1464858 0.0001210 0.2254998 0.1849732 0.2568689 0.0635294 0.1937307 0.1271034 0.1216332 0.1144162 0.2054703 0.1584003 0.2898915 0.2517596 0.1050571 0.3480988 0.3393458 0.0749313 0.3296572 0.4615535 -0.0202963 -0.2407913 -0.0508267 -0.1894685 -0.3189499 0.2109092 -0.0984581 0.1651039 0.0245443 0.0080537 -0.1835978 0.0243032 0.2247715 0.4239728 -0.0202975 -0.0037634 -0.1422691 0.2362381 0.2227468 0.2740318 -0.1033598 0.0543401 0.4373814 0.4916929 -0.3442804 0.1104589 0.1424619 0.2360885 -0.4642101 0.3180660 -0.1787426 -0.1903647 0.3939357 0.3267828 0.2564467 0.4068530 0.3508323 0.4564329 0.4186544 0.1231600 0.2417325 0.2015854 0.2924999 0.3230606 0.2066503 -0.4604755 0.1240642 0.1904093 -0.3514694 0.0904700 -0.0251698 -0.2283262 -0.2784762 -0.1619639 -0.4118332 -0.2403346 -0.3262964 -0.3647033 -0.3111909 -0.4602669 -0.4272385 -0.6023562 0.0329784 -0.3479204 -0.3367371 -0.1963637 -0.4035796 -0.2206047 -0.2030463 -0.4298988 -0.3996234 -0.1418716 -0.4240217 -0.2112131 0.1099069 -0.2930373 0.0582853 -0.0495534 -0.0241006 -0.2142708 0.0786944 -0.1085269 0.0649860 0.1808964 -0.0553178 0.0821796 0.0618737 -0.0647712 0.2163320 0.1405028 -0.0385962 0.0743247 0.7754804 0.6654703 0.6543386 0.5278701 0.5617873 0.3023539 0.2992202 0.0249551 0.2976373 0.2426934 -0.0988945 0.0199160 0.3678082 0.2686236 0.4537792 0.1774479 0.2259915 0.2091513 -0.3020361 0.3715116 0.3347933 -0.1200177 -0.4992306 -0.2088096 0.0598179 0.1029621 0.1256501 -0.3731318 0.2571189 0.1849028 0.2432094 0.2773897 0.4179181 0.3841474 -0.1824148 0.0213281 -0.0915340 -0.0618906 0.2207070 0.0187957 0.4557415 -0.1368740 0.3301211 0.2355606 -0.0940005 0.0214576
0.4805762 0.7038996 0.7506397 0.6933635 0.4640997 0.4308698 0.2711342 0.0000000 0.2348795 0.4444539 0.4809888 0.5765413 0.8533797 -0.2338531 0.3723468 0.6024965 0.1761097 -0.2153122 0.7036983 0.5897008 0.6362120 0.8027694 0.2705941 -0.4013121 0.6551678 0.1870068 0.1041560 -0.5416658 -0.0370369 -0.3943222 0.8256006 0.6031996 -0.5810998 -0.3291483 0.2473800 0.3030416 0.3348736 0.5789169 0.2003259 0.0050752 0.6407680 0.5328130 0.1990164 -0.3162592 0.5163909 0.7511745 0.5631877 0.4936176 -0.1992515 0.6555520 0.1889519 0.2545411 0.3129932 0.2294514 0.7022138 0.7577404 0.6395282 0.2362713 0.5221746 0.3811959 0.8352554 0.5017525 0.6751733 0.6773156 0.7730809 0.7091231 0.6307601 0.3793812 0.7470492 0.5059649 0.7372634 0.7300718 0.6265460 0.7446500 0.7479901 0.5076478 0.7016163 0.6858463 0.6448952 0.7273000 0.0881986 0.0720705 0.1036396 0.1052526 0.0781638 -0.0621222 -0.2835053 0.1947831 0.0319457 -0.1323112 -0.3275535 -0.2513110 -0.2157678 -0.0245114 -0.4659677 -0.3862062 -0.4258185 -0.2959971 -0.3098402 -0.2896208 -0.2041221 -0.4154971 -0.1514260 -0.0440842 -0.5298012 -0.4251783 -0.2163550 -0.0950740 -0.2997424 0.0683535 -0.2795515 -0.3823198 -0.0741555 -0.0248292 -0.0918551 -0.0772484 -0.1704391 -0.0349609 -0.1646020 -0.4396872 -0.2437103 -0.1698326 0.1165707 0.3847600 -0.0416828 -0.5573444 0.0851016 0.2301443 -0.4497512 0.4288867 0.0888895 -0.0499358 -0.1341531 0.1516659 0.0177209 -0.1883952 -0.2396653 -0.4202951 -0.3804674 -0.0196106 -0.0721216 -0.0038318 0.6408962 0.2423801 -0.3209688 -0.0099542 -0.2884042 0.0235775 0.2673641 0.0820670 0.2443314 0.1510529 -0.3423107 0.1278072 0.1270835 0.0999412 0.0241047 0.0036765 0.2870074 -0.0018213 0.3262023 0.1494160 0.0028235 0.0230510 -0.0526944 0.0193697 0.0145038 0.0139819 0.0734364 -0.0345830 0.0385050 0.0958465 0.1897547 0.1355252 0.4787497 0.5304247 0.6870043 0.2983390 0.6207773 0.6015616 0.2590678 0.2557774 0.4826133 -0.2438422 0.2965854 0.6840550 0.4714326 0.1311870 0.4347505 0.3089601 -0.5120885 0.3137739 0.0903601 0.0828065 -0.4610729 -0.0042878 0.0740905 0.0722798 0.2990436 -0.2035669 -0.0827955 -0.2276242 -0.1094781 0.0196415 0.3117631 0.1261965 -0.1232321 0.4289906 0.0476560 -0.1378585 -0.2789548 0.0330864 0.2941934 0.3201174 0.3498608 0.1834477 -0.1049910 -0.1400088
0.2310698 0.4356064 0.2096504 0.5782323 0.0272447 0.8319239 0.6934563 0.2348795 0.0000000 0.6502260 0.4911215 0.6964949 0.1807525 0.6746483 0.8242102 0.0475791 0.5039068 0.4988776 -0.1474941 -0.0023261 0.4616668 0.1515242 0.3385773 0.2000654 0.0428188 -0.2348228 0.5429559 0.0349572 0.4740195 0.1914447 0.1402910 0.3177150 0.1038023 0.4240083 0.1596740 0.0422907 -0.0039491 0.1816133 0.4599457 0.2778721 0.2655586 0.3196083 0.3301105 0.2776745 0.3490036 0.0219385 -0.1224896 0.2678392 0.4958001 0.0359245 -0.2715303 0.3301434 0.4498494 0.2648510 0.2741516 0.0677399 -0.0999847 0.2269003 -0.0858081 0.0545324 0.0103466 0.1112520 -0.0191283 0.3663921 0.2663020 -0.1491467 0.1363974 0.1481842 -0.1536864 0.3302093 0.1428915 0.3523374 0.2445962 0.3671602 -0.0301298 0.2597255 0.3974073 -0.0106428 0.0629973 0.1885781 -0.2105111 -0.0000101 -0.0460236 -0.2656087 -0.4933405 -0.1477728 -0.2458791 -0.1064200 -0.3179376 -0.2108989 -0.3519426 -0.2777282 -0.1951075 0.4260363 -0.2486814 -0.1417459 -0.4626460 -0.1464434 -0.0559725 0.2522326 -0.2548448 -0.2817280 0.1984406 0.5054273 -0.5196464 -0.0898415 -0.3082308 0.0543617 -0.6795126 0.1103935 -0.3602796 -0.2845531 0.0621812 -0.0157636 0.1629854 0.1390705 -0.0037168 0.1296190 0.1724559 -0.2647452 -0.2255680 -0.1484519 0.2312489 0.3734847 -0.2554872 -0.6631018 -0.2354194 -0.0760104 -0.5644295 -0.2555014 -0.4460202 -0.3757945 -0.6313779 -0.1797949 -0.4173132 -0.5695545 -0.4478553 -0.4421763 -0.5154978 -0.5221511 -0.4708471 -0.5364704 0.0673779 -0.2610495 -0.4131317 -0.3323753 -0.5645645 -0.5236131 -0.1963857 -0.4800399 -0.2842570 -0.0640170 -0.6273361 -0.2758530 -0.3905084 -0.2922396 -0.0753637 -0.4255940 -0.0844406 -0.2403807 -0.0144644 -0.3679164 -0.0280048 0.0235416 -0.3826916 -0.0583843 -0.0907799 -0.0862511 0.0771405 -0.0395345 -0.1724723 0.0451540 0.5164325 0.4651901 0.2744189 0.4030739 0.4629943 0.2510767 0.2104992 -0.1531968 0.2784516 0.2058512 -0.3142586 -0.0116535 0.0559685 0.2062700 0.3832488 0.2292763 0.3376746 0.2122193 -0.4716952 0.2590659 0.2280175 -0.4339999 -0.6177351 -0.5206132 -0.2594902 -0.0458488 -0.1650832 -0.5757929 0.2225408 0.4722125 0.2144916 0.3166251 0.3691735 0.2301479 -0.3680484 -0.1596691 -0.1280983 0.0797990 0.1226829 -0.1083242 0.5259853 -0.2157129 0.1854281 -0.0430028 0.0242257 0.1582047
0.2178466 0.4703918 0.1418482 0.6959170 -0.1949110 0.7062391 0.1915877 0.4444539 0.6502260 0.0000000 0.8472392 0.3922137 0.2571421 0.3950698 0.6200762 0.5453540 0.8595042 0.0594201 0.1471261 0.3857189 0.4692277 0.3086906 0.6187020 -0.0229777 0.3576683 0.2533631 0.5434175 -0.2876855 0.4112753 0.0059026 0.5427003 0.5615773 -0.2747873 0.0557503 0.4643378 0.1245857 0.3267987 0.3447798 0.7315973 0.4453862 0.4957894 0.2870172 0.6228571 0.1526143 0.2401215 0.2811213 0.1869626 0.3215150 0.3885522 0.1084637 0.0689614 0.5411254 0.2651850 0.6747545 0.3228011 0.2676727 0.2241866 0.5530997 -0.1483874 0.3199041 0.2651642 0.5252927 0.1215259 0.6402379 0.4328082 0.1884131 0.4647777 0.3633513 0.1389014 0.6031296 0.4107923 0.6031580 0.4716651 0.4818191 0.2837824 0.4098580 0.4409384 0.3519052 0.2146165 0.1739432 -0.0255564 0.0492824 -0.0367948 -0.1779284 -0.2865725 -0.4523256 -0.3021857 -0.1455964 -0.3884228 -0.3926572 -0.4301853 -0.3269431 -0.5180349 0.0451692 -0.4694075 -0.3258569 -0.5978322 -0.5843102 -0.3544531 0.1695505 -0.2863110 -0.5276009 -0.3291176 0.1749344 -0.6627122 -0.5062883 -0.6402161 -0.3823858 -0.4806518 -0.1785760 -0.4464823 -0.3571131 -0.3608481 -0.3267574 -0.0155273 -0.1910040 -0.2298374 -0.2155751 -0.1277573 -0.4888691 -0.5511250 -0.3448268 0.0579695 0.2211567 -0.4691482 -0.3687009 -0.3580535 -0.3016380 -0.3074463 -0.2211201 -0.3871351 -0.3864928 -0.4707823 -0.0372950 -0.1601959 -0.5372503 -0.1829439 -0.1915288 -0.2818486 -0.0436590 -0.2910673 0.0053437 0.2466329 0.1309226 -0.1620006 -0.3891685 -0.2806212 -0.4688967 -0.0370886 -0.1769016 -0.0560946 -0.0653953 -0.3579762 -0.3493041 -0.5640801 -0.0487228 -0.0039440 -0.6879718 0.1464255 -0.1448292 -0.2215325 -0.2428409 -0.0289642 -0.0988864 -0.5284776 -0.2485104 -0.1060910 0.0685866 -0.0175436 -0.1604187 -0.1065250 0.0894287 0.2156453 0.1509492 0.1323023 0.2547994 0.3782951 0.1087058 0.3441836 0.2041440 0.2124883 0.2745699 -0.0429200 -0.0804150 -0.2204208 0.3123241 -0.0282212 -0.0096672 0.2599881 -0.0444518 -0.4043819 0.1130126 0.0549655 -0.1257877 -0.2170359 -0.1385315 -0.1165218 0.0138406 -0.0301228 -0.1727623 -0.0019875 0.1771795 -0.0807151 0.1274301 0.0198257 0.1294390 -0.0891467 0.1444062 0.0338394 0.0918808 -0.1999500 0.0779768 0.0712001 0.1361069 0.2933864 -0.2701292 0.1545970 0.1080354
0.1084680 0.4295336 0.0908718 0.5650399 -0.2848218 0.6073043 0.1515222 0.4809888 0.4911215 0.8472392 0.0000000 0.4699203 0.4379166 0.1331740 0.5297665 0.6597355 0.7827182 -0.1334563 0.4262583 0.5350477 0.7004303 0.4764008 0.7140048 -0.2276681 0.6518321 0.4436885 0.2425501 -0.4313990 0.4747330 -0.2831513 0.5593685 0.7929181 -0.4756249 -0.1430989 0.6215180 0.2388162 0.5110736 0.5776913 0.7817827 0.6131629 0.5325887 0.4007377 0.7427603 0.1016529 0.4686803 0.4529022 0.3515499 0.4566366 0.3207446 0.2148751 0.2557232 0.6972699 0.2706401 0.8288864 0.4775119 0.3992219 0.4212907 0.7516518 -0.0222318 0.5348542 0.4031764 0.7480672 0.1597026 0.7373700 0.3986289 0.3851719 0.6846798 0.6319814 0.2536691 0.7810893 0.5901019 0.6277460 0.6867518 0.3352007 0.5259879 0.5999405 0.4076156 0.4679487 0.3252910 0.1095964 -0.1882113 0.0821647 -0.1266528 -0.2461436 -0.2218312 -0.5557586 -0.3826757 -0.3168914 -0.5038987 -0.5796629 -0.4106656 -0.3893254 -0.5507831 -0.2159576 -0.6555657 -0.4265012 -0.5621333 -0.7299972 -0.5216275 -0.0680098 -0.4831177 -0.6341529 -0.4448573 -0.1036871 -0.4757867 -0.4753566 -0.5379285 -0.3892988 -0.3358489 -0.1349874 -0.3097242 -0.3779591 -0.3554375 -0.3402023 -0.2306358 -0.2480616 -0.2103781 -0.1520461 -0.2066079 -0.4636911 -0.4995851 -0.3667446 -0.1491389 0.1255631 -0.1599496 -0.2453093 -0.3069542 -0.2739002 -0.1371053 -0.1032206 -0.1258824 -0.5008378 -0.2740154 -0.2754172 -0.2080031 -0.4078824 -0.0161643 -0.1375586 -0.0986452 -0.0681954 -0.1120499 0.1098907 0.3120339 0.0728439 -0.2049805 -0.3895766 -0.0794710 -0.1971189 -0.1331354 0.0243190 0.0365721 -0.1674837 -0.2794670 -0.3109531 -0.2982998 -0.1934047 0.0166971 -0.5885320 0.1794789 -0.1175301 -0.2073817 -0.3119598 -0.1621420 -0.0827079 -0.4740654 -0.3019366 -0.1515850 -0.0561443 -0.0686190 -0.1630812 -0.2410550 -0.0638343 0.1360559 -0.0359773 0.0991256 0.1456776 0.3803060 -0.1573021 0.6028563 0.3314381 0.0220075 0.2047215 0.1517405 -0.2999751 -0.2554581 0.3433907 -0.1479691 -0.3177297 0.0181169 -0.2756428 -0.4518136 -0.1109859 -0.2531988 -0.2438519 -0.1963098 -0.1984831 -0.3474731 -0.2993505 -0.2982781 -0.1437990 -0.3271614 -0.0283098 -0.2420194 -0.1550015 -0.1611860 -0.2328172 0.1076456 0.0237821 -0.1992063 -0.3156837 -0.2082839 -0.1094585 -0.1815962 -0.0856607 0.4684919 -0.3779626 -0.0270550 -0.1846378
0.3471174 0.7137881 0.4529361 0.6558351 0.1638800 0.7310734 0.7706777 0.5765413 0.6964949 0.3922137 0.4699203 0.0000000 0.5268732 0.0929191 0.7513490 0.1843618 0.1800693 0.3246610 0.3209004 0.2510239 0.8165676 0.6514477 0.2648969 -0.0257720 0.4428035 -0.0595318 0.1134282 -0.1778918 0.3929483 -0.3044575 0.5004257 0.5263746 -0.2223407 0.1584586 0.1689824 0.4173123 0.1736002 0.5336853 0.2474011 0.1771986 0.4612960 0.6243750 0.2389017 -0.0302964 0.7086592 0.4720146 0.2621009 0.4267784 0.2867411 0.5342141 -0.0058083 0.3239407 0.7212972 0.1875223 0.6921727 0.5401230 0.3361363 0.2803824 0.3438178 0.3357172 0.5737999 0.3232175 0.4859527 0.6581288 0.6465438 0.3456424 0.5027732 0.4521598 0.4112555 0.5726992 0.5833719 0.6279761 0.6241361 0.5227045 0.5193060 0.6538558 0.6107876 0.4541019 0.6269262 0.4627616 -0.0468476 0.1484781 0.0830297 -0.1032298 -0.3273013 0.0432859 -0.1004832 0.0862981 -0.1076810 -0.2017955 -0.2891778 -0.0528127 -0.0037112 0.2498596 -0.3619850 -0.0161132 -0.3016864 -0.0570594 -0.1859385 0.1218319 -0.2425227 -0.1983838 0.2103028 0.4047139 -0.3940018 -0.0417868 -0.0943905 0.2162073 -0.4568959 0.2929382 -0.1131240 -0.2563834 0.2320440 0.1296103 -0.0076836 0.1737869 0.0614949 0.1677840 0.1099400 -0.2563476 -0.0362198 0.0104398 0.3221965 0.5039862 0.1768409 -0.6216540 0.1594371 0.3267579 -0.3827806 0.3045664 0.1880742 -0.2240854 -0.1071412 -0.0768514 -0.2479910 -0.2039817 -0.1165934 -0.4153367 -0.2406891 -0.5527182 -0.2979490 -0.4945990 0.4403972 -0.2871729 -0.3320337 -0.0016445 -0.3652717 -0.1511712 -0.0089549 -0.3213014 -0.2254028 -0.1494321 -0.3631370 0.0118624 0.0132040 -0.1365258 0.1475179 0.0179818 0.1368624 -0.1894221 0.1740407 -0.1466607 0.1669531 0.2398122 0.0015570 0.2074603 0.1183885 -0.0279360 0.2319629 0.0860051 -0.0363495 0.0924594 0.5322856 0.2792828 0.5301597 0.6031367 0.7573331 0.1665859 0.6271431 0.2904573 0.2529238 0.3484938 0.2307696 -0.1049663 0.2791070 0.5288849 0.4839458 0.0526255 0.2107385 0.1942820 -0.6046199 0.2347274 0.0574695 -0.3996460 -0.7112538 -0.5141557 -0.3069083 -0.2328446 -0.0658658 -0.5588138 0.0922777 0.0713050 0.2525872 0.1406095 0.4577269 0.1970949 -0.2117684 0.0484394 -0.0567529 -0.3127781 0.0678519 -0.2984188 0.5051993 0.0073995 0.3806504 0.1461995 -0.2666974 -0.1994074
0.5676131 0.6481758 0.6162456 0.4040910 0.5216580 0.3055705 0.2359255 0.8533797 0.1807525 0.2571421 0.4379166 0.5268732 0.0000000 -0.2645598 0.3513794 0.6580299 0.1248872 -0.3258249 0.7976884 0.7123829 0.5914121 0.8666345 0.3922013 -0.4966278 0.7566356 0.3837837 0.0117080 -0.4570926 0.0682478 -0.3609168 0.7074113 0.7174498 -0.5274169 -0.3309810 0.4503491 0.1529694 0.5361772 0.7245981 0.3051679 0.2075371 0.7084136 0.4614565 0.3429569 -0.2203664 0.5313611 0.8199932 0.6885060 0.7011452 -0.1938751 0.6914079 0.3496641 0.4371208 0.0960132 0.3165858 0.7809735 0.7930154 0.7166842 0.2879436 0.6411537 0.4575492 0.6951093 0.5982161 0.6002862 0.5691257 0.6371825 0.7142568 0.6962937 0.4195000 0.6959931 0.4401104 0.7940725 0.5037504 0.5939440 0.5590691 0.7335643 0.4100398 0.5393136 0.5581057 0.4592653 0.4477676 -0.1512279 0.2287368 0.2033221 0.0960182 0.1319356 -0.0807286 -0.2589552 0.1313266 0.0562145 -0.1401386 -0.0672975 -0.2124982 -0.1397297 -0.0426822 -0.3103186 -0.3270927 -0.3013764 -0.3244227 -0.1477520 -0.4778786 -0.2416401 -0.4061218 -0.1280964 -0.2272737 -0.1783173 -0.1617484 -0.1751322 -0.0778358 -0.0969139 0.0411162 0.0676002 -0.2731920 -0.1304667 -0.0478246 -0.3195126 -0.1224383 -0.1366285 -0.0016310 -0.2222664 -0.4266052 -0.2233576 -0.1605717 0.0428964 0.2393651 0.1116392 -0.4575854 0.0192589 0.3724447 -0.3578391 0.3915723 0.0977089 -0.0549630 -0.1185207 0.0887014 0.0254188 0.0607938 -0.2413380 -0.4041036 -0.3623126 -0.0284813 0.2034900 0.0731380 0.6382309 0.1391964 -0.3170067 0.1283147 -0.2080712 0.1902360 0.2907654 0.2184424 0.3523106 0.1856473 -0.3572624 0.3277854 0.2854772 0.1341328 0.1084939 0.1559781 0.3196254 0.0953265 0.3750101 0.1709109 0.0465021 0.1483196 0.0558261 0.1763050 0.0665436 -0.0030822 0.1571412 0.1211865 -0.0064816 0.0875313 0.2599866 0.1092914 0.4645765 0.4247691 0.5375673 0.2064997 0.5938641 0.5649543 0.3555724 0.2050446 0.3837753 -0.3179667 0.4410639 0.7323290 0.5599961 0.0309796 0.2771985 0.1162104 -0.5048179 0.0411477 -0.1553724 0.0685403 -0.4429889 -0.1227928 -0.1520225 -0.1995683 -0.0401184 -0.2859812 -0.0750685 -0.0304164 0.0463661 0.0035584 0.3424926 -0.0048779 -0.0722433 0.3675976 -0.0173413 -0.3005400 -0.0103193 -0.0891341 0.2476540 0.0440329 0.3800104 0.2294172 -0.2920908 -0.3034504
0.0363766 -0.1827324 -0.2886888 0.0662891 -0.0706651 0.4791925 0.3930550 -0.2338531 0.6746483 0.3950698 0.1331740 0.0929191 -0.2645598 0.0000000 0.3300591 -0.1194552 0.4288231 0.5384046 -0.5143374 -0.3253255 -0.1819394 -0.3172172 0.2828951 0.4251514 -0.3363307 -0.2810182 0.6268813 0.5087764 0.2985522 0.7229364 -0.2532904 -0.1397138 0.5760281 0.6155988 0.1050929 -0.5041423 -0.1336854 -0.1794816 0.3130553 0.1514702 0.0323213 -0.2797846 0.2427079 0.6148743 -0.1492518 -0.3543691 -0.3171530 -0.0268941 0.5940268 -0.3074940 -0.2267841 0.1459699 0.0354559 0.0760358 -0.2237802 -0.3283424 -0.3632689 -0.0542701 -0.3633615 -0.1341991 -0.5615262 -0.1996100 -0.4670491 -0.2096304 -0.2188219 -0.4798822 -0.2684958 -0.2566833 -0.5597508 -0.1663576 -0.3579917 -0.1829795 -0.2658323 0.0382411 -0.5694885 -0.1962743 0.0026567 -0.5188306 -0.4700042 -0.0685085 -0.2358534 -0.2087326 -0.1173240 -0.3450450 -0.3739835 -0.0183309 -0.0913241 -0.1273953 -0.2166019 -0.0440099 -0.1106377 -0.0634988 -0.0440702 0.2516024 0.0143341 -0.0340328 -0.1232972 0.1643903 0.1619044 0.3096774 0.0766278 0.1975610 0.3550318 0.3005219 -0.2300915 0.0474751 -0.0968206 -0.1119175 -0.2845878 -0.2254360 -0.2364909 0.0075802 0.0229709 -0.0930056 0.3186755 0.1308846 0.0563073 0.1315447 0.2323896 0.0638322 -0.2254051 -0.2039636 0.0715811 0.0114827 -0.3393306 -0.1948074 -0.6078810 -0.3198771 -0.2641169 -0.6645781 -0.7731106 -0.2961286 -0.7821423 -0.0165631 -0.4464150 -0.4166576 -0.4471968 -0.0071348 -0.3729156 -0.2885684 -0.3647160 -0.3901522 -0.4398448 -0.2769306 -0.0874706 -0.2952598 -0.3529308 -0.5649455 -0.3502034 -0.5766785 -0.4732135 -0.1112549 -0.3149819 -0.4565826 -0.6044205 -0.3492275 -0.0886946 -0.4425273 -0.1717159 -0.2434527 -0.3598459 -0.3734683 -0.0104357 0.0304607 -0.5203002 -0.0745478 -0.0375986 0.0263703 0.0701073 0.0437081 0.0124281 0.0887991 0.3269426 0.4679553 -0.0517722 0.0139046 -0.0422918 0.2318786 -0.3885102 -0.5579037 0.2304403 -0.1229666 -0.7435207 -0.1181918 -0.0853251 -0.1449695 0.2023430 0.3927811 0.3241059 0.1408339 0.0946644 0.2456073 0.3886756 -0.1441970 -0.0695241 -0.2434648 0.0036756 0.2277660 -0.0506358 -0.1911754 0.4534609 0.5615712 0.1503042 0.3171631 0.0196725 0.2127607 -0.3190194 -0.0927885 -0.0663493 0.4140060 0.1433592 0.1514562 0.2901423 -0.3629655 -0.2589861 -0.1491990 0.3511552 0.3558830
0.2805684 0.5997708 0.2855342 0.7425860 0.1081837 0.6730697 0.5335830 0.3723468 0.8242102 0.6200762 0.5297665 0.7513490 0.3513794 0.3300591 0.0000000 0.1221987 0.4451792 0.5053583 0.0019134 0.2245820 0.5913616 0.3534812 0.3106194 0.2395267 0.1390260 -0.1157627 0.3520215 0.0024779 0.4098518 -0.0803134 0.4153411 0.4191387 -0.0267215 0.2970651 0.1646846 0.1355720 0.0195245 0.2198400 0.4574596 0.2990783 0.3438315 0.3440344 0.2966869 0.0707931 0.3610538 0.1378918 -0.0546504 0.3478813 0.3055602 0.1014442 -0.2970532 0.2588620 0.4067003 0.2506531 0.3641554 0.1554037 -0.0449483 0.2795841 0.1690043 -0.0120882 0.2504608 0.1360360 0.2875310 0.5257295 0.4861909 -0.0543985 0.2166424 0.1072004 0.0652318 0.3755600 0.3264953 0.4604397 0.2922395 0.3648656 0.2098713 0.2427906 0.2848632 0.1669645 0.2697797 0.0885804 -0.0545788 0.1485300 -0.1051402 -0.3725190 -0.5776101 -0.4098548 -0.3226679 -0.1496593 -0.4054050 -0.3006315 -0.1673533 -0.3699021 -0.3910311 0.2221013 -0.2218234 -0.0079141 -0.5958671 -0.3063326 -0.2163772 0.1509172 -0.1498095 -0.4266619 -0.1375672 0.3872441 -0.3997922 0.0227342 -0.5149397 -0.0794718 -0.5012491 0.0083706 -0.1250771 -0.3272894 0.1126870 0.0709630 0.1110544 0.1187860 -0.0821525 0.0840683 0.0604653 -0.3998641 -0.2038617 -0.1236183 0.1611638 0.3841824 -0.1927669 -0.6139994 -0.1491067 0.0355340 -0.4296461 -0.0929119 -0.1779585 -0.2488790 -0.4612807 -0.2484278 -0.0021617 -0.3441726 -0.3596133 -0.3548857 -0.4603132 -0.5052760 -0.1538297 -0.3375591 0.2621136 -0.0989829 -0.2609616 -0.1784369 -0.5343428 -0.5108203 -0.1445780 -0.3189339 -0.0721796 -0.0148187 -0.4803342 -0.0055848 -0.3848516 -0.0916984 -0.0747296 -0.2940692 -0.1550979 -0.1280565 -0.0647048 -0.2743608 -0.0177179 -0.0423552 -0.2937788 -0.0573776 -0.1860232 -0.2258292 -0.0469781 -0.1429819 -0.2823253 -0.1251334 0.4684016 0.1603358 0.2336895 0.2179918 0.3672190 0.0405555 0.3523573 0.0581063 0.1449447 0.1181693 -0.0138244 -0.0787907 0.2825502 0.2473100 0.4013213 -0.1181227 0.1048639 0.0849635 -0.6295119 -0.0252225 -0.0936078 -0.5483353 -0.6127096 -0.5696665 -0.5014847 -0.4070160 -0.2327359 -0.5560719 0.0415197 0.3309061 0.1829564 0.0146947 0.4921181 0.2871969 -0.1956668 -0.1470023 -0.0163661 -0.0349841 0.0726094 -0.4398390 0.5195831 -0.0950152 0.2788389 0.2077729 0.0713149 -0.0264672
0.3166622 0.3170488 0.0909099 0.2024252 0.0482087 0.1825050 -0.1419555 0.6024965 0.0475791 0.5453540 0.6597355 0.1843618 0.6580299 -0.1194552 0.1221987 0.0000000 0.4895675 -0.5047710 0.7847735 0.7261432 0.3742979 0.7001184 0.6895434 -0.4843561 0.8069641 0.6825419 0.1190901 -0.4171995 0.2333861 -0.1401056 0.7088505 0.6688219 -0.4969024 -0.3059771 0.6802628 0.0367467 0.7274739 0.6961575 0.6483667 0.5263559 0.7338087 0.2730687 0.6587378 0.0368028 0.4460057 0.7548087 0.7878699 0.6172892 0.0530500 0.4478744 0.6235309 0.7483577 0.0821732 0.6600720 0.5712055 0.6662000 0.7481742 0.5764294 0.2108674 0.6186364 0.5614927 0.8602557 0.2367445 0.6327693 0.4536186 0.7283277 0.7689978 0.5781766 0.5147974 0.6488536 0.7314211 0.4902496 0.6721446 0.3978989 0.5903322 0.5334945 0.4240909 0.4985239 0.2756381 0.2369243 -0.2929912 0.1757926 0.0939020 0.0187776 0.0519841 -0.2645043 -0.2295841 -0.0219531 -0.0991925 -0.3848401 -0.2062765 -0.0981116 -0.3716675 -0.1519328 -0.5285524 -0.4043750 -0.2563062 -0.5478874 -0.3808453 -0.2379832 -0.3718041 -0.3604184 -0.3835453 -0.2807583 -0.3119089 -0.5245757 -0.4094872 -0.4245345 0.0032927 -0.3388324 -0.0519970 -0.1898350 -0.4592720 -0.3794908 -0.3367597 -0.2594838 -0.1396914 -0.2123181 -0.2566543 -0.4213099 -0.5028150 -0.2521272 -0.1105939 0.0511110 -0.1642128 -0.0031721 -0.2354589 -0.0252837 -0.0219206 0.1342800 -0.0717133 -0.2509759 -0.0510443 0.2705834 -0.1690664 -0.0127484 0.0886707 -0.0060693 -0.0630122 0.3233669 0.1902384 0.4124331 0.3872837 0.1310890 0.0714934 0.0819724 0.1486015 0.1602394 0.1365999 0.2827113 0.2271585 -0.0266844 0.0005929 0.0294153 -0.0464744 0.0396024 0.0946411 -0.1418620 0.3291672 -0.0619608 0.0511797 0.0608546 0.0575342 0.0529574 -0.1316902 0.1131277 0.0549823 0.0870824 0.0468338 -0.0143898 0.0095875 0.0871449 0.1378773 -0.0036964 0.0519999 0.2188895 0.3083531 0.1123776 0.3155230 0.3485148 0.2120082 0.1781767 0.2760355 -0.2509983 -0.0913733 0.5949189 0.1276064 0.0356821 0.1150314 -0.2495803 -0.1484482 -0.0767797 -0.2166774 0.2105877 0.0561255 0.0767878 -0.0660645 -0.1137672 -0.1814007 0.0430062 -0.1064197 -0.0161633 -0.0776769 0.0022888 -0.2272621 -0.2376152 0.1004710 0.5111469 -0.0730387 -0.2398815 -0.2551725 0.1825125 -0.1928388 0.1279307 0.2586012 -0.2469028 -0.1595105 -0.1323011
0.1053507 0.2332671 -0.1775176 0.3853854 -0.3016928 0.6274636 0.0927555 0.1761097 0.5039068 0.8595042 0.7827182 0.1800693 0.1248872 0.4288231 0.4451792 0.4895675 0.0000000 -0.1317613 0.0126848 0.2387783 0.3021839 0.1621877 0.8369849 -0.1301798 0.3453760 0.4537158 0.6864850 -0.0936296 0.4254586 0.1940847 0.2597193 0.5794343 -0.2418594 -0.0296547 0.7039481 -0.0847552 0.4453496 0.3947776 0.8761427 0.7017324 0.4257308 0.0567298 0.8315919 0.3200320 0.0297864 0.1346536 0.1397993 0.4205887 0.5059444 -0.0055838 0.2190694 0.6918617 0.0158487 0.8124323 0.2400838 0.1265904 0.1724089 0.6709230 -0.2378534 0.4579611 0.0210618 0.5653318 -0.0429980 0.5018971 0.1909333 0.0836668 0.4804845 0.4074411 -0.0231465 0.5299904 0.3306200 0.4007111 0.4124580 0.2545902 0.1727774 0.3524982 0.2661793 0.2622678 0.0897318 -0.0177451 -0.1204544 0.1652944 0.0081695 -0.1537146 -0.1913178 -0.4860324 -0.3617230 -0.1576300 -0.3405849 -0.3932549 -0.4245497 -0.2849996 -0.5425293 0.0406801 -0.3391225 -0.3045288 -0.4836635 -0.5784894 -0.1907198 0.2253171 -0.1139599 -0.4347583 -0.3352849 0.1698558 -0.4910150 -0.3512493 -0.4458604 -0.2992858 -0.2531612 -0.0962474 -0.2821814 -0.0901067 -0.4111865 -0.2975194 -0.0151544 -0.1175371 -0.0229618 -0.1180092 -0.0572984 -0.2577317 -0.3650361 -0.2218463 0.0142639 -0.0071203 -0.3238935 -0.1412730 -0.4068507 -0.3505006 -0.1039867 -0.3639891 -0.4099601 -0.3546213 -0.4683281 -0.1231943 -0.0898761 -0.3894104 -0.1157900 -0.0480041 -0.1821444 -0.0521341 -0.0312453 0.1241242 0.2095762 0.0730579 -0.1611059 -0.4272346 -0.0517568 -0.3077131 -0.0348976 -0.1034865 -0.1249738 -0.0847465 -0.1986023 -0.2489011 -0.5550728 -0.0277218 0.0648625 -0.6148518 0.2221960 -0.1423545 -0.2941705 -0.1928300 0.0200941 -0.0795861 -0.4223831 -0.2098913 -0.0480896 0.1368782 0.0287334 -0.0276710 -0.0365971 0.1249588 0.1772379 0.2182011 0.1357531 0.0204653 0.0841362 -0.0222902 0.2583750 0.1392806 0.2523484 0.2667017 -0.1872369 -0.0234569 -0.2933157 0.2136863 -0.1246023 -0.0937254 0.1022489 -0.3276633 -0.2183687 -0.1458034 -0.1595349 0.0284594 0.0066867 -0.0502890 -0.1805909 -0.1270444 -0.1908916 -0.1609612 -0.0470139 0.1981498 -0.0448709 0.0784046 -0.0548094 0.1126871 0.1927893 0.1978724 0.0227280 0.1418168 0.0600413 0.0091297 -0.0663666 -0.0777801 0.3428334 -0.1740298 0.2574188 0.2309491
