0.0000000 0.8049487 0.5597937 0.5770090 0.5020564 0.5934397 0.5489697 0.5104075 0.4426082 0.2461151 0.2620360 0.6095619 0.4977825 0.4628120 0.4358652 0.2106828 0.2411399 0.4457263 0.2884868 -0.1481146 0.5571666 0.1903845 -0.1598949 0.2499379 0.1940530 0.1067577 0.0754894 0.0404686 0.4519807 0.0347711 0.0051700 0.4003154 0.0555848 0.4311931 0.0551639 0.5009573 0.4624934 0.5280396 0.1129786 0.1279631 0.3380676 0.4497127 0.0047961 0.0383251 0.2236963 0.1705765 0.1671705 0.5789720 0.1012326 0.3350945 0.1969872 0.0763645 0.2167096 0.2973910 0.4519999 0.2936112 0.4888175 0.1344992 0.0056408 0.2737943 0.1953521 0.1205905 0.2472083 0.3123699 0.1046368 0.5343650 0.3375004 0.0733058 0.4200762 0.3131087 -0.2427322 0.2120086 -0.1705336 0.1302736 0.2990663 0.0534123 0.3131259 -0.1460952 0.1250385 0.1431497 0.0019079 0.5256500 0.5713159 0.6055516 0.4437770 0.5529738 0.1404926 0.4199682 0.5394558 0.4427336 0.1175702 0.0418912 0.4573166 0.5194526 0.1629222 0.1868195 0.2865698 0.3994291 0.1734498 0.5594798 0.4022034 0.4275588 0.5141602 0.5558220 0.3161466 0.2049082 0.5896913 0.5724173 0.3254333 0.5377351 0.2815218 0.6116233 0.5434037 0.4802616 0.4989066 0.5253210 0.5132347 0.4442391 0.4625702 0.6619772 0.6162096 0.5534735 0.2970780 0.5663822 0.3987945 0.6682178 0.5822427 0.5022482 0.4914719 0.5505812 0.5290593 0.1882139 0.3934837 0.3923441 0.0961668 0.6252613 0.6495588 0.3805731 0.4979202 0.6192057 0.5557075 0.4797429 0.0055167 0.5361877 0.4360901 0.6559012 0.2781243 0.4145297 0.1109354 0.3693946 0.5353281 0.3181127 0.2461424 0.5856330 0.1722145 0.4610531 0.3122107 0.3793815 -0.0170656 0.3664382 0.1460884 0.3795148 0.0864435 0.4004720 0.1845849 0.3332584 0.1984146 0.2683344 0.1902121 0.2160370 0.2712116 0.1261298 0.7012271 0.3756703 0.6294575 0.2232877 0.4464386 0.3531434 0.6447913 0.6192524 0.6685594 0.5486979 0.2778532 0.2226046 -0.0823459 0.0366440 -0.0362717 -0.2646173 0.1771635 0.2428912 0.5187226 0.2378132 0.2260057 0.3767714 0.6607953 0.6429268 0.7222348 0.2959501 0.2228097 0.6885929 -0.3803104 -0.2226509 -0.1773070 0.5188591 0.3397331 -0.0730074 0.6481842 0.2090975 -0.4248381 -0.1309302 0.1367634 0.6582345 -0.0257023 0.3579211 0.5645427 -0.1287805 0.0601321 -0.0863173
0.8049487 0.0000000 0.7138657 0.7476514 0.4795345 0.7457923 0.5828384 0.6229021 0.6274366 0.3960636 0.4811801 0.7845985 0.4655037 0.5232628 0.6125889 0.3555276 0.4407211 0.4369825 0.2951701 -0.1368209 0.7647713 0.1654687 0.0163924 0.3062110 0.1547376 0.1822662 0.2530730 -0.0192918 0.6652641 0.1702561 0.0505015 0.3463734 -0.0817662 0.5144902 0.1591301 0.6260268 0.4456871 0.5005209 0.2065686 0.2548697 0.1956309 0.4817931 0.1171514 -0.0696020 0.2816528 0.2547007 0.1871810 0.4524668 0.0153984 0.3692589 0.2112411 0.2217111 0.2766009 0.3843259 0.4623767 0.3535014 0.4771976 0.2467379 0.1237324 0.3453603 0.3313933 0.2512613 0.3309137 0.5696074 0.2516266 0.4381352 0.3682438 0.2063813 0.4644479 0.4826836 -0.1769684 0.4296300 -0.0351178 0.3293186 0.2377384 0.1555327 0.3937085 0.0009876 0.2278812 0.2398872 0.2058409 0.5313741 0.5724668 0.5615820 0.3821089 0.4766476 0.0986531 0.4463639 0.4652940 0.4471495 0.1108789 0.1919651 0.4748890 0.5293437 0.1411758 0.2926002 0.3958537 0.4733248 0.2012977 0.5543616 0.4764801 0.4218974 0.5534347 0.5269749 0.4152725 0.2842883 0.5541985 0.5345908 0.3841433 0.4714861 0.3157290 0.6584787 0.5205154 0.5219040 0.5268489 0.5030483 0.4864036 0.4465099 0.4063056 0.6659642 0.5670404 0.5172758 0.2799854 0.5020851 0.4151095 0.6598152 0.5090058 0.4977499 0.5039667 0.4406128 0.4659786 0.3653550 0.3275160 -0.0000868 0.1290762 0.5999394 0.5688687 0.4406169 0.4804856 0.6599196 0.5375205 0.5150618 0.1611203 0.4947668 0.4854899 0.6431224 0.3970541 0.4869008 0.2005386 0.4302594 0.5605613 0.2811387 0.2796733 0.5621011 0.2783442 0.3224991 0.4195772 0.4229276 0.0985073 0.4283496 0.2653543 0.4129730 -0.1508524 0.4671547 0.2539037 0.3086392 0.2417323 0.2548548 0.2219306 0.2547587 0.3253997 0.1822536 0.6507685 0.2353317 0.6664213 0.3011761 0.5788274 0.3403210 0.7406634 0.6508704 0.5975432 0.5089027 0.4030222 0.1728819 -0.0723970 0.2833451 -0.0347397 -0.1768660 0.3158132 0.3971755 0.5758711 0.3707775 0.3526431 0.4973674 0.6865557 0.6849802 0.6991403 0.4257739 0.4002592 0.6609336 -0.2583121 -0.1394903 -0.0846150 0.5346099 0.3693713 0.0640360 0.7078170 0.4738805 -0.3480583 0.0833523 0.1685852 0.7166120 0.0662412 0.5260861 0.6256542 -0.0668958 0.1364210 -0.0033659
0.5597937 0.7138657 0.0000000 0.5860909 0.6421355 0.5322236 0.2341981 0.5228499 0.2887531 0.2338712 0.3711170 0.4533362 0.6196865 0.2537773 0.1924785 0.4318069 0.6218275 0.1517908 0.2886100 -0.2419031 0.4939405 0.3407439 0.1246762 0.0170897 0.2022143 0.1330627 0.3274080 -0.1717500 0.3962020 0.0266087 0.1491030 0.3219895 -0.0612023 0.3397887 0.3113099 0.3882310 0.2693994 0.5480105 0.2144585 0.4373900 0.1314075 0.3412071 0.2849728 -0.0369991 0.1871842 0.2629322 0.2428471 0.4389655 0.0303392 0.3896094 0.3432715 0.4544464 0.1275085 0.4258377 0.4785160 0.3803064 0.5096882 0.1311731 0.2893657 0.4314956 0.2898414 0.3827400 0.6172246 0.3089607 0.2713568 0.6139066 0.4105031 0.1431088 0.6040574 0.1787213 0.0676306 0.2619463 -0.0518307 0.3123094 0.2557500 -0.0719530 0.0556608 0.0803697 0.0444243 -0.0334796 0.3350734 0.4462354 0.3528503 0.4774894 0.2381433 0.2797672 -0.1227283 0.3119166 0.3382027 0.3109941 0.0836339 0.1869980 0.4189448 0.3156100 0.1363939 0.2193933 0.3484122 0.4411053 0.1826938 0.3715549 0.3612398 0.3544257 0.4396167 0.2081234 0.2834316 0.2079537 0.3863501 0.4895230 0.2939525 0.2513384 0.1958331 0.3409908 0.4004547 0.3619158 0.2825588 0.3650182 0.3504291 0.3371851 0.3186552 0.4308305 0.4353741 0.4717357 0.2270512 0.4154210 0.2692245 0.4147626 0.5068080 0.5001313 0.2734965 0.4458020 0.4101376 0.4102673 0.3329427 -0.0113351 0.2087502 0.5035328 0.4928171 0.3252224 0.4590590 0.4505389 0.4866770 0.3619915 0.0729760 0.5119324 0.5024575 0.4045246 0.4573020 0.4898722 0.2441803 0.3093786 0.4065442 0.3893505 0.3273175 0.3793902 0.1727653 0.3515247 0.3042806 0.4580891 0.1729142 0.3732933 0.2988328 0.3198080 -0.0825868 0.3744997 0.2758834 0.3850627 0.2572182 0.1756030 0.1366037 0.2124289 0.2486526 0.1177315 0.4371863 0.1733070 0.3984997 0.2394409 0.3964543 0.0897064 0.4841680 0.4004134 0.4102789 0.2689418 0.4588857 0.1500437 0.1419279 0.2899526 0.0996437 0.0968752 0.1045048 0.1123490 0.3448287 -0.0176499 0.0427982 0.2373145 0.3991125 0.3422383 0.3792415 0.2043163 0.3244909 0.4426257 -0.0480280 0.1594350 -0.1290337 0.2960374 0.3812792 0.2531276 0.4336900 0.2931912 -0.1195015 0.3731105 -0.0973543 0.3397818 0.3578465 0.1883706 0.1264372 0.1779020 0.5236783 0.4071485
0.5770090 0.7476514 0.5860909 0.0000000 0.4839339 0.5912356 0.2314380 0.8562969 0.5954882 0.7245234 0.8411499 0.5315694 0.6097471 0.6172691 0.4594595 0.6727570 0.5973307 0.2453755 0.6233025 0.0814943 0.6671605 0.4283309 0.4733876 0.2714726 0.4702268 0.4622963 0.4024112 0.1231915 0.6563763 0.3255407 0.3511265 0.5961447 -0.0841001 0.4846028 0.4107817 0.6584738 0.6341369 0.5819862 0.3191888 0.2237881 0.3086742 0.5177906 0.3379216 -0.1559382 0.3507249 0.5275255 0.4543307 0.5029255 0.0207112 0.5021481 0.4450774 0.3856497 0.2971370 0.3788103 0.6364532 0.5470868 0.6456552 0.2925205 0.3599294 0.5437770 0.5369737 0.5648550 0.6423806 0.7912237 0.5324735 0.5479651 0.5234916 0.5174634 0.5109147 0.6359869 0.1639902 0.6061494 0.3186963 0.6220747 0.3791318 0.3588596 0.4539320 0.4021344 0.4668268 0.4581735 0.4928336 0.6521778 0.5684946 0.4276655 0.2971822 0.2800780 0.1147576 0.4180813 0.2962549 0.3057473 0.1636528 0.3053692 0.4686912 0.4275248 0.0648609 0.4011076 0.5169881 0.4618244 0.2309125 0.2892145 0.4320631 0.3810418 0.4974958 0.2848535 0.5489936 0.3811607 0.4082130 0.4936549 0.4699013 0.3539221 0.3872018 0.3712679 0.4986734 0.4466997 0.3817759 0.3209731 0.3290217 0.3948823 0.2696106 0.5580053 0.4791646 0.3339784 0.5137868 0.3141628 0.5195471 0.5455545 0.3401859 0.6237640 0.5921455 0.2939864 0.5291374 0.5451262 0.4072971 0.0025421 0.3549453 0.6010959 0.6525625 0.6046070 0.6326261 0.6429971 0.5945512 0.6550896 0.2070202 0.6142675 0.6338208 0.4160874 0.5731985 0.5749726 0.3995155 0.5883034 0.6033597 0.4957589 0.5552657 0.6112669 0.4340711 0.4305630 0.5625751 0.5540828 0.2351220 0.5860035 0.4670181 0.5840587 -0.1434662 0.5300142 0.5158806 0.4104180 0.3261291 0.4479033 0.4017729 0.4407612 0.4701716 0.3780279 0.3862711 -0.1368257 0.2060238 0.2740237 0.4810986 0.1489003 0.5591310 0.5064990 0.2730601 0.5146760 0.6801450 0.4419806 0.1375734 0.6247612 0.0808300 -0.0101659 0.2934901 0.3845246 0.4811087 0.4006555 0.4730833 0.4998021 0.5551094 0.5146825 0.5881606 0.5121905 0.5197328 0.5430959 0.0043948 0.0200224 0.1260573 0.4316282 0.1659771 0.1748627 0.5267089 0.5414356 -0.1065463 0.2239405 0.3320633 0.6099075 0.1565590 0.4275073 0.5257361 0.0238575 0.1820141 0.1056767
0.5020564 0.4795345 0.6421355 0.4839339 0.0000000 0.2885248 0.1766033 0.4841410 0.2998755 0.2689634 0.3397759 0.4017982 0.4897058 0.2187357 0.2433254 0.2923394 0.3532502 0.1239857 0.4396978 -0.5509084 0.3836906 -0.0139362 0.3091847 0.1848383 0.3752507 0.3484022 0.4808513 -0.0267505 0.3009067 0.2581689 -0.1279129 0.6139101 -0.1743002 0.3077542 0.6886932 0.2764083 0.6951222 0.6283118 0.4539634 0.5071390 0.1016608 0.3240415 0.6165171 -0.0376198 0.2215456 0.7047369 0.6540835 0.5095154 -0.0598458 0.7672721 0.7149105 0.6199935 0.1067182 0.4797685 0.6497820 0.7669976 0.7575950 0.1277646 0.6017111 0.7420050 0.3726943 0.5976721 0.6382224 0.2598017 0.3824637 0.7201742 0.6112456 0.2888930 0.7075324 0.2972138 0.3173220 0.2253426 0.1623373 0.5451363 0.5205545 0.2155943 0.3598623 0.2584266 0.2253220 0.3968461 0.3488860 0.4315773 0.4993723 0.5114003 0.3382955 0.4908271 0.0213152 0.3440051 0.4926642 0.3246950 0.1983290 0.1919380 0.4148247 0.3378305 0.2632998 0.2783095 0.4052516 0.4526869 0.2125499 0.3096512 0.4078797 0.3689792 0.4890533 0.3181920 0.3851819 0.2414589 0.3813032 0.6736468 0.3605850 0.5693723 0.2487548 0.2779181 0.6129176 0.4899103 0.3032764 0.4241685 0.3390445 0.3888857 0.3464294 0.4620351 0.5026218 0.5068712 0.5458886 0.5608025 0.4067893 0.4531065 0.5130223 0.5498388 0.3935860 0.5833015 0.5027945 0.4525521 0.3738085 0.2705788 0.4527408 0.5345051 0.5448948 0.6025811 0.4640436 0.5094914 0.6178421 0.5215265 0.2536212 0.6258809 0.5087584 0.5498364 0.4303179 0.4946062 0.4790393 0.4749751 0.4976243 0.5494789 0.4633521 0.6339347 0.4063811 0.5156491 0.4110731 0.4555909 0.2674041 0.5151860 0.6018369 0.5067671 0.1700486 0.3921563 0.5496584 0.4806929 0.5476305 0.6271961 0.5054006 0.3486176 0.5913394 0.5406659 0.5052346 0.1050217 0.1326899 0.3846742 0.3997280 0.0044837 0.3209614 0.2631841 0.2729782 0.2441146 0.5603576 0.2638278 0.5145716 0.4805625 0.4992710 0.3853378 0.2415739 0.0790112 0.3273788 0.1479566 0.2277898 0.1967034 0.4187174 0.3055051 0.4502557 0.4474215 0.5809296 0.4640172 0.0358914 -0.1464565 -0.1803394 0.2067312 0.0781273 0.4104713 0.2790586 0.3033348 -0.0655422 0.2578901 -0.1357291 0.3171862 0.1554986 0.1962260 0.1016419 0.0593736 0.2139612 0.1984868
0.5934397 0.7457923 0.5322236 0.5912356 0.2885248 0.0000000 0.7428569 0.4536595 0.8332784 0.6317419 0.4803259 0.5673192 0.4207693 0.7566853 0.7873917 0.4200312 0.5492749 0.8135035 0.3056681 0.0736368 0.4862263 0.0536478 0.2261126 0.6764648 0.0313137 0.2663768 0.3313557 0.3623730 0.6107628 0.4243124 0.2513503 0.1175666 0.3353683 0.6492374 0.1771556 0.6931212 0.2437056 0.1724226 0.3822641 0.3878537 0.0662108 0.6137815 0.2336292 0.2560056 0.5393113 -0.0113795 0.0637955 0.1530695 0.3219134 0.0400178 0.1574616 0.2615752 0.5611415 0.4289984 0.1031763 0.0206186 0.3007830 0.3810614 -0.0386935 0.1737556 0.4900651 0.1976437 0.3096058 0.4266459 0.3624523 0.3392059 0.1333358 0.1763560 0.2737602 0.4933609 -0.0355112 0.5430245 0.0714964 0.2374457 0.1916022 0.2502507 0.5548006 0.2498006 0.3815914 0.2073332 0.5404331 0.5726925 0.4813629 0.5191803 0.4931564 0.2740618 0.2894664 0.4807490 0.3210461 0.5475774 0.1908139 0.2934562 0.4394677 0.5311481 0.2368340 0.5538914 0.4530016 0.4055621 0.4646885 0.5510988 0.5458316 0.3519096 0.4261705 0.5824261 0.4440822 0.5664185 0.4687997 0.2864419 0.1866536 0.2680518 0.4997752 0.5498195 0.2174640 0.2188638 0.2531988 0.2617737 0.3149120 0.1939711 0.1994038 0.5207341 0.3929053 0.3023202 0.2682847 0.1520981 0.2889797 0.4119868 0.3599001 0.3772743 0.3603700 0.2703811 0.3475313 0.3329016 0.1607074 -0.0132567 0.2116844 0.4822655 0.5595930 0.1889497 0.2873006 0.4776049 0.4161941 0.2800422 0.4301885 0.4713526 0.2568085 0.2950598 0.2638276 0.2317283 0.3282947 0.3532434 0.4388935 0.2290230 0.1532807 0.3837128 0.1286263 0.2876781 0.5141181 0.2197337 0.4278878 0.3966447 0.1266127 0.2946061 0.1373358 0.4882271 0.1877240 0.3257013 0.2240410 0.2981286 0.3151222 0.2174257 0.1739723 0.1895647 0.1306745 -0.0342534 0.5754020 0.1960912 0.4323286 0.3170200 0.6212918 0.6666138 0.4582791 0.5679023 0.3787948 0.2019322 -0.2475539 0.2675194 -0.2250230 -0.2482786 0.3461165 0.4105646 0.5814612 0.3671092 0.4009844 0.5832164 0.5195242 0.5506199 0.5121565 0.5181689 0.3750853 0.3904006 0.1453609 0.1930767 0.2261503 0.6859307 0.5775699 0.3251321 0.3964767 0.6664200 0.1012616 0.3080655 0.2952072 0.6499955 0.3104897 0.5918714 0.6478274 0.2859006 0.3903114 0.2262889
0.5489697 0.5828384 0.2341981 0.2314380 0.1766033 0.7428569 0.0000000 0.1790562 0.6987079 0.3021927 0.0812830 0.6150198 0.1928169 0.5868416 0.7851722 -0.0713394 0.1315108 0.8384179 0.0585170 -0.0565863 0.4149164 -0.1759276 -0.1739933 0.6799255 -0.2365842 -0.1612966 0.2782346 0.4917791 0.4703267 0.5026873 0.0780768 -0.0191060 0.4268215 0.6095745 0.0320746 0.5900081 0.1400336 0.1281064 0.4491735 0.3557713 0.2027913 0.5671485 0.2074151 0.5070510 0.4251086 -0.1088963 0.0390481 0.1292037 0.4318921 0.0608567 0.1139638 0.0928201 0.5359247 0.3770152 -0.0673922 0.0237356 0.2142667 0.3864210 -0.0260958 0.0832327 0.3506611 -0.0125721 0.0269541 0.1928836 0.1411165 0.2939293 0.0463200 0.0510687 0.2729286 0.5024923 -0.0204450 0.3554652 -0.0245401 0.0451892 0.3319123 0.3629265 0.5978871 0.1487336 0.3734365 0.3293924 0.3087349 0.3921187 0.3731929 0.4391664 0.4289049 0.4042715 0.4969279 0.5014172 0.3954934 0.5472813 0.2423308 0.3513633 0.2506905 0.5066000 0.3188791 0.5387487 0.4107114 0.2834323 0.4360925 0.5297653 0.4879905 0.2655687 0.3101334 0.5792625 0.3864025 0.5305242 0.4545415 0.2161452 -0.0327621 0.3895090 0.3707653 0.5918359 0.1838384 0.2761952 0.3412534 0.2898019 0.3823809 0.2497647 0.2709572 0.5147704 0.4443077 0.3940730 0.3180480 0.3253015 0.3641813 0.4118457 0.5198383 0.2402954 0.4505633 0.4839394 0.4090750 0.2279543 0.2641030 0.2936803 0.2414798 0.2984759 0.4084783 0.2771185 0.2747673 0.4512732 0.3617941 0.3264379 0.6462879 0.2285108 0.0901468 0.4383548 0.2245195 0.2326008 0.4027375 0.3814543 0.4132791 0.0193399 0.1653701 0.4652529 0.3353596 0.1187174 0.4208027 0.1251272 0.4938036 0.2601457 0.2089321 0.3451811 0.2709498 0.3989565 0.2809284 0.1315633 0.2688328 0.3551733 0.4847699 0.2951690 0.3297398 0.4125701 0.2767493 0.4098360 0.8275018 0.3083762 0.4792453 0.6232291 0.6791813 0.7241783 0.6363453 0.5254979 0.2328314 0.1055224 -0.1400096 0.0315696 -0.0739291 -0.3023672 0.4162378 0.4657600 0.4988517 0.4289771 0.3947711 0.4007253 0.4806648 0.5295663 0.4647009 0.5225985 0.3008741 0.3633912 0.0119084 0.0701768 0.2774356 0.7564820 0.5740909 0.1007327 0.5269588 0.5861391 -0.0547997 0.1363317 0.4454432 0.6738597 0.2841611 0.6230824 0.7362206 0.3028690 0.0442358 0.0591218
0.5104075 0.6229021 0.5228499 0.8562969 0.4841410 0.4536595 0.1790562 0.0000000 0.4090955 0.5534446 0.8316184 0.4635020 0.7578665 0.4480178 0.2971088 0.7207724 0.4437027 0.0792690 0.6911444 0.1014532 0.6790008 0.4680466 0.4240200 0.1719873 0.4712550 0.4273559 0.2477718 0.0015734 0.7539754 0.1656965 0.4172116 0.5455044 -0.1787533 0.5545581 0.3353295 0.7884839 0.6350308 0.5938636 0.2299794 0.1967066 0.2952602 0.6558924 0.2634859 -0.1698021 0.4982796 0.5176310 0.4745534 0.4492556 0.0197034 0.5057829 0.4576092 0.3705230 0.4614652 0.4619174 0.5584127 0.5327787 0.7021080 0.3053080 0.4135919 0.5600783 0.6398094 0.5983196 0.5388637 0.6947224 0.7336705 0.6595679 0.6101381 0.6002913 0.5140065 0.5637557 0.2582109 0.6244763 0.4368015 0.5417432 0.5116872 0.3682663 0.3845727 0.5364329 0.6230181 0.4677280 0.5614633 0.7931912 0.7750709 0.6316279 0.5434409 0.5318074 0.3541867 0.6644716 0.5779030 0.5811700 0.3897610 0.4061037 0.5947512 0.6969511 0.2926352 0.4793436 0.5665957 0.5520271 0.4475205 0.5538595 0.6805194 0.5472672 0.6262533 0.4714907 0.7252124 0.5129418 0.6292143 0.6091999 0.6640116 0.5720810 0.6280198 0.5514444 0.6606979 0.6101024 0.4526957 0.4390378 0.4542361 0.4879866 0.4175192 0.6596268 0.6301992 0.4990276 0.5533639 0.4930893 0.6255181 0.6806430 0.5051124 0.7441495 0.7047345 0.4594777 0.7146348 0.7374657 0.5262364 -0.0272261 0.5204669 0.8040991 0.8345285 0.6963274 0.8616161 0.7049596 0.7514310 0.7506068 0.2251083 0.6827832 0.8037199 0.4300799 0.7529109 0.7481980 0.4012571 0.6980916 0.6706628 0.5949293 0.7122272 0.5833073 0.5408808 0.4091592 0.5045039 0.7037636 0.2275366 0.5863276 0.5373299 0.6776159 0.1066429 0.4496938 0.6098461 0.5657321 0.4586606 0.5006580 0.3975618 0.5104210 0.5719834 0.4288552 0.3627306 -0.0741335 0.2479448 0.2441347 0.5016192 0.2165405 0.6823440 0.6664302 0.4393789 0.6812945 0.7336545 0.5199919 0.1622059 0.7044177 0.1725113 -0.0220262 0.0557666 0.1754989 0.4983317 0.2825861 0.2924454 0.5006279 0.6494704 0.5602666 0.6401941 0.4892559 0.5574987 0.6764180 -0.1694552 -0.0228968 0.0972000 0.4671476 0.3572881 0.2189766 0.6283284 0.5470462 -0.2984224 0.1873408 0.3453342 0.6511842 0.2959527 0.4735778 0.5434500 0.0600248 0.0052335 0.0198830
0.4426082 0.6274366 0.2887531 0.5954882 0.2998755 0.8332784 0.6987079 0.4090955 0.0000000 0.8202814 0.5600646 0.5167370 0.1118014 0.8283742 0.8825421 0.3183255 0.5203436 0.7522695 0.4131187 0.0804997 0.4513871 -0.2010416 0.3520827 0.8700732 0.1384193 0.2752448 0.5921704 0.5491505 0.6013518 0.7246058 0.2163797 0.2226921 0.4470726 0.6813170 0.3878321 0.6698578 0.3368482 0.1361225 0.6471360 0.4866044 0.2002369 0.5660255 0.4637087 0.4247248 0.5661902 0.1476452 0.2566161 0.1848847 0.5237907 0.1957355 0.3598859 0.4630353 0.6026026 0.6242173 0.2211024 0.1251248 0.2443540 0.6890112 -0.0175919 0.3921404 0.5474128 0.4445742 0.2385846 0.6490601 0.4639374 0.1544141 0.2726822 0.5274678 0.1189942 0.7987901 0.1498731 0.7311437 0.4441820 0.4032158 0.1568063 0.6581194 0.7739171 0.4550185 0.6253628 0.5367920 0.5751991 0.3826915 0.3450549 0.2753618 0.2894499 0.0770593 0.1215280 0.3065363 0.0645623 0.2716437 -0.1011477 0.0860048 0.0819817 0.3726237 -0.0738836 0.3671464 0.2392127 0.0922534 0.1786298 0.2949000 0.3165028 0.0096378 0.1552858 0.4158458 0.3051972 0.3676511 0.1503723 0.0464726 -0.0279617 0.1762844 0.2691681 0.2851129 0.0916406 0.0437477 0.0618096 0.0222732 0.0338282 -0.0216416 -0.0597305 0.2771956 0.1368890 0.0123260 0.4775513 -0.0075621 0.1448174 0.2751536 0.1038928 0.2627113 0.2761761 0.2558798 0.2644504 0.3076388 0.0632971 0.0905169 0.3495924 0.3012780 0.4810441 0.2611355 0.2315744 0.5072609 0.3865132 0.3669363 0.6046261 0.5291936 0.2634162 0.2910561 0.3925498 0.3727466 0.5800856 0.5382102 0.4970046 0.3776907 0.3118270 0.4983138 0.3366294 0.4571951 0.7362432 0.3526136 0.5712430 0.5936901 0.3290524 0.4403171 0.2202133 0.7164459 0.3486887 0.4171372 0.4083510 0.5457981 0.6342606 0.4376199 0.3977702 0.4571354 0.1694528 0.0262398 0.3498112 0.1036485 0.3239209 0.2151123 0.4591539 0.4851318 0.2737769 0.3794190 0.3154783 0.1437688 -0.1490256 0.3765526 -0.1714563 -0.2891361 0.4807466 0.5552991 0.3733553 0.5723803 0.5992172 0.4423391 0.3520325 0.3714251 0.4424682 0.6750354 0.4934608 0.2767503 0.3495138 0.1477790 0.4425165 0.6703335 0.4286401 0.3601154 0.2927175 0.7552655 0.2848012 0.3110895 0.4736373 0.6393000 0.2587097 0.7328322 0.7785532 0.2001287 0.3421354 0.2806065
0.2461151 0.3960636 0.2338712 0.7245234 0.2689634 0.6317419 0.3021927 0.5534446 0.8202814 0.0000000 0.8266958 0.2820801 0.2444835 0.8141082 0.6087495 0.6406422 0.7178594 0.5143098 0.6717395 0.1340928 0.3513969 0.0547720 0.7265266 0.6677596 0.4252568 0.4955139 0.6706143 0.4894744 0.5074785 0.6689522 0.3175632 0.3873760 0.3494410 0.4667508 0.5400560 0.5685151 0.4166937 0.1850866 0.5969102 0.3966583 0.2008040 0.4184090 0.5701927 0.2302548 0.4425187 0.3248518 0.3417541 0.2214014 0.3799432 0.2335473 0.4102840 0.5483292 0.4308995 0.5327637 0.3642042 0.2090968 0.3155607 0.5762217 0.1037499 0.4577204 0.5065218 0.6348686 0.4288316 0.7543249 0.5463937 0.2041131 0.3008631 0.6472500 0.0635678 0.7011164 0.2966652 0.6960784 0.5745708 0.5472039 0.1414426 0.5813197 0.6520885 0.6141746 0.6151126 0.5555326 0.7113050 0.4286328 0.2791970 0.1603922 0.1910743 -0.0962937 0.0223552 0.1873249 -0.0710010 0.1015475 -0.1070255 0.1011247 0.1158819 0.2278610 -0.1811424 0.3274985 0.2927448 0.0411825 0.1487354 0.0439990 0.2106613 -0.0228053 0.0742548 0.1769236 0.3327833 0.3206318 0.0450283 0.0108367 0.1164454 -0.0123575 0.2893177 0.0055279 0.0209201 -0.0854209 -0.0934474 -0.1457416 -0.1359559 -0.1124711 -0.1960396 0.1624280 0.0363214 -0.1756448 0.6303194 -0.2101490 0.1291075 0.2089555 -0.1002814 0.4153452 0.2716594 0.0011429 0.2270466 0.3705545 -0.0000999 -0.0231887 0.4863534 0.3320401 0.4954229 0.2949131 0.2705559 0.4659911 0.4130555 0.4195461 0.4849826 0.5905482 0.3905836 0.0265268 0.4173124 0.3610397 0.6657293 0.5369058 0.4865531 0.5775346 0.4189453 0.4855087 0.2748103 0.5698108 0.8265597 0.4696023 0.5538438 0.6830821 0.3670614 0.4990130 0.1390325 0.7721053 0.4178155 0.5374804 0.3939036 0.6310881 0.6315707 0.5321752 0.4298125 0.4642498 0.0343292 -0.2091413 -0.0305693 0.0876025 0.2286666 0.0104115 0.2536601 0.2799093 -0.0196095 0.3034799 0.4214042 0.2953358 -0.0093042 0.5167642 -0.1383306 -0.1472683 0.4511168 0.5386865 0.3050396 0.5935443 0.6634970 0.4455441 0.2513956 0.2431468 0.3588009 0.6157661 0.4955918 0.2174379 0.4300497 0.1860077 0.4211334 0.4187516 0.1603253 0.4032803 0.1140938 0.6115229 0.3748806 0.3547871 0.4302524 0.4762812 0.2346092 0.5374771 0.5854225 0.1149323 0.4287025 0.3692234
0.2620360 0.4811801 0.3711170 0.8411499 0.3397759 0.4803259 0.0812830 0.8316184 0.5600646 0.8266958 0.0000000 0.3722544 0.5080187 0.6273988 0.3862334 0.8830758 0.7193363 0.1946539 0.8274364 0.1137275 0.5788107 0.3434909 0.7738159 0.3197593 0.6394622 0.6280891 0.5116439 0.1684273 0.6433746 0.3831336 0.3453788 0.5111756 -0.0458141 0.3808755 0.5028013 0.6206767 0.6065532 0.3911988 0.3492408 0.2489586 0.1874904 0.4132658 0.4035673 -0.1435345 0.3502480 0.5424656 0.4681712 0.3076711 0.0580445 0.4133429 0.4415383 0.4919952 0.3201475 0.4504182 0.4915071 0.4229737 0.5574111 0.3659516 0.2767194 0.5587181 0.5054608 0.6770667 0.5037398 0.8251551 0.6392772 0.3792344 0.5106691 0.6721365 0.2612190 0.5987610 0.3270040 0.6991997 0.5840673 0.6146584 0.2778488 0.4265945 0.4300251 0.6217601 0.6169306 0.5114379 0.6475523 0.5610645 0.4735833 0.2954876 0.2656112 0.1344084 0.0993022 0.3615197 0.1788295 0.2575220 0.0932748 0.2371288 0.3817215 0.4170410 -0.0424367 0.3402980 0.4299676 0.2616776 0.2625157 0.1883420 0.4400049 0.2239308 0.2829316 0.2789240 0.5437802 0.3554703 0.2921796 0.2832856 0.5099633 0.1924557 0.4686110 0.2105920 0.3146887 0.2351446 0.1074698 0.0656363 0.0656634 0.1386259 0.0367650 0.3706599 0.2722683 0.0667605 0.6254158 0.0846392 0.3598449 0.4754868 0.0831065 0.6703072 0.5109601 0.1186019 0.4475675 0.6071598 0.2013166 -0.2791368 0.5492859 0.6293093 0.6341102 0.5607412 0.5428351 0.6426088 0.6115101 0.6757337 0.2979740 0.6479776 0.6937314 0.2040882 0.6194702 0.5542832 0.5266870 0.6707566 0.6580544 0.6802412 0.6365032 0.5551598 0.3978700 0.5604141 0.7049274 0.6792717 0.3359231 0.7379892 0.5005217 0.6793958 0.0330368 0.6593812 0.5598079 0.6432258 0.4739208 0.5772941 0.4900670 0.6321885 0.5498786 0.4347055 0.1627819 -0.2030800 0.0154932 0.1618088 0.3624117 0.0086073 0.4035022 0.3836340 0.0830575 0.3930283 0.5703927 0.3515712 0.0691096 0.6502003 0.0024344 -0.0428225 0.2808681 0.3995450 0.3956011 0.5085768 0.5308562 0.5044399 0.4575395 0.4152320 0.5076013 0.4976559 0.5697677 0.4807606 0.0752049 0.0357470 0.2223504 0.3511121 0.1734514 0.3920541 0.3894272 0.5208105 -0.0056703 0.3033430 0.3757669 0.5656532 0.2204609 0.4852877 0.5097419 -0.0386852 0.2510962 0.2534004
0.6095619 0.7845985 0.4533362 0.5315694 0.4017982 0.5673192 0.6150198 0.4635020 0.5167370 0.2820801 0.3722544 0.0000000 0.2454986 0.6108770 0.7179851 0.2100395 0.3794025 0.5248703 0.3281985 -0.4156532 0.9222619 -0.0502408 0.0322518 0.3675608 0.0298548 -0.0056369 0.3863944 0.2569576 0.7222240 0.3904514 -0.1058655 0.1151479 -0.1251677 0.5026549 0.1418538 0.5726309 0.3805488 0.2302836 0.2505250 0.1929956 -0.0100299 0.3676169 0.1846614 -0.1708070 0.1060123 0.2704806 0.2317971 0.1483234 -0.1373011 0.2827509 0.2122454 0.1265469 0.1339947 0.2064864 0.1264919 0.3642041 0.4750188 0.0502265 0.1873984 0.2812900 0.2560609 0.1666828 0.0459904 0.5932429 0.1598256 0.3965899 0.2323773 0.1201556 0.4994020 0.5255827 -0.2099942 0.4410879 -0.0585899 0.5605764 0.3862726 0.2649634 0.5739560 0.0205183 0.2936611 0.3904160 0.2320608 0.4788930 0.3560949 0.3105482 0.1159866 0.3730067 0.2216259 0.3250100 0.4328923 0.3861674 0.2405143 0.3845004 0.5084662 0.3723600 0.2507523 0.3965453 0.5374749 0.4035534 0.3362201 0.3640064 0.4811591 0.2882085 0.3973454 0.4266953 0.5867129 0.3972577 0.4970454 0.4899495 0.5212130 0.3640431 0.4506293 0.5606143 0.4046700 0.4584496 0.3457620 0.2764287 0.2989809 0.2646421 0.1969473 0.7520152 0.5378900 0.4165717 0.4948670 0.4194098 0.4486683 0.8177216 0.5237069 0.6197948 0.6625494 0.4370251 0.5240875 0.4601792 0.3083552 -0.0796955 0.2257782 0.6341653 0.5670647 0.5426648 0.4009044 0.8395761 0.5906249 0.6713112 0.3900715 0.5181430 0.5710629 0.6343317 0.3004043 0.3580183 0.2612585 0.5659170 0.7335188 0.3705506 0.2802936 0.6837476 0.4013569 0.2696165 0.3749435 0.4436953 0.1805489 0.5272493 0.4603286 0.5749723 0.0321008 0.4513216 0.4153034 0.3583716 0.5053983 0.2569712 0.3109020 0.4374743 0.4965574 0.3870601 0.5776341 0.2153203 0.6189218 0.6877305 0.8980205 0.5961708 0.7999183 0.6555660 0.4013922 0.3739467 0.3947152 0.0074815 -0.0065751 0.3819959 0.0063065 -0.0127944 0.6415064 0.6691271 0.8430431 0.6732866 0.6387128 0.7720545 0.8802025 0.8924998 0.8414026 0.6385654 0.6180517 0.7920795 -0.2837495 -0.1963189 -0.1127975 0.5377591 0.1760909 0.0643675 0.7918756 0.5028114 -0.4384753 0.2241356 0.2181273 0.8632665 0.0451840 0.5044351 0.6350728 -0.1157725 -0.1023772 -0.0511104
0.4977825 0.4655037 0.6196865 0.6097471 0.4897058 0.4207693 0.1928169 0.7578665 0.1118014 0.2444835 0.5080187 0.2454986 0.0000000 0.2349774 0.0220985 0.6258456 0.3210922 0.1071994 0.4925894 0.0999684 0.3493458 0.7136170 0.2371054 -0.0485319 0.3864727 0.3219778 0.0738918 -0.0907971 0.3843952 -0.0595918 0.4431038 0.5252224 -0.1110964 0.3803223 0.2442089 0.5446544 0.5146918 0.7029365 0.0841581 0.2076255 0.3206169 0.6052324 0.1863016 -0.1271341 0.4134098 0.3773758 0.3563653 0.5049010 -0.0708661 0.4590023 0.3633210 0.2452603 0.3465502 0.2522217 0.4830321 0.4957415 0.7339727 -0.0457806 0.5053380 0.3791370 0.5240569 0.3311098 0.6990848 0.1871246 0.4959364 0.8786437 0.4695726 0.1509554 0.6820599 0.1316303 0.3268323 0.2198749 0.0469307 0.2264224 0.6564257 -0.0705177 0.0605927 0.3648687 0.2438671 0.1308772 0.4802332 0.8066737 0.7087985 0.7243578 0.6414130 0.6263811 0.5169362 0.6964152 0.6933232 0.6995850 0.6290725 0.5896061 0.7891718 0.6590594 0.5626050 0.6039454 0.7118113 0.7476265 0.6343510 0.6294010 0.7392222 0.7787987 0.7684203 0.4668504 0.6173883 0.6057052 0.7644685 0.7390505 0.5417259 0.6150648 0.6203837 0.5987700 0.6283375 0.6482570 0.5904574 0.6370292 0.6996407 0.7121470 0.6852710 0.6958471 0.7791048 0.7324903 0.3464078 0.6275454 0.7516513 0.4956943 0.7321753 0.6605191 0.6607778 0.4926990 0.6960659 0.6084281 0.6709772 0.1095863 0.3946292 0.6868041 0.6396249 0.5949006 0.7591884 0.4042499 0.5907286 0.5172700 0.1443613 0.3697985 0.4831681 0.3298030 0.5240306 0.4772294 0.2383803 0.3800737 0.4071487 0.2795818 0.5408729 0.3683076 0.3253828 0.1825154 0.2191212 0.3730517 0.1974102 0.2378144 0.2878545 0.4674339 0.1031469 0.1405605 0.4744175 0.3354421 0.2289257 0.3229651 0.2159569 0.2925663 0.3398492 0.2712049 0.2039844 0.0035095 0.3867337 0.2561760 0.3726866 0.1658144 0.5662622 0.6206270 0.4974298 0.7074356 0.7711294 0.5837642 0.2670189 0.4180223 0.3354572 0.1345507 -0.0896693 -0.0435538 0.4157795 -0.0589459 -0.0121469 0.2979895 0.4983765 0.4203957 0.3846467 0.1454757 0.2999046 0.4486380 -0.1761361 0.1022607 -0.0332649 0.3284054 0.4053465 0.2354693 0.5207997 0.2972540 -0.2709693 0.1914251 0.1771392 0.3878319 0.4368742 0.1906383 0.2135483 0.3394026 0.1286481 0.0690183
0.4628120 0.5232628 0.2537773 0.6172691 0.2187357 0.7566853 0.5868416 0.4480178 0.8283742 0.8141082 0.6273988 0.6108770 0.2349774 0.0000000 0.8099311 0.4768599 0.6577203 0.7782256 0.5898461 0.0235214 0.5461712 0.0257727 0.4018911 0.7848627 0.2576813 0.1894042 0.6473871 0.7275855 0.6023330 0.7442824 0.2676622 0.1821871 0.4867758 0.6253815 0.2593279 0.6244805 0.2930203 0.0556596 0.5123970 0.3112903 0.1389095 0.4797356 0.3830861 0.2153914 0.3758031 0.0892129 0.1799957 0.0739124 0.3566858 0.0789432 0.2587101 0.3100742 0.4118028 0.3818235 0.0882584 0.0896499 0.3016850 0.3674411 0.0330892 0.2651963 0.4672831 0.3392651 0.1713228 0.7043438 0.3595667 0.2985275 0.1504160 0.3889489 0.1596791 0.7093281 0.1082146 0.6739471 0.3249817 0.5483342 0.2974430 0.5319897 0.7332157 0.4193473 0.5622575 0.4911949 0.6286286 0.5188926 0.2298464 0.1340753 0.1178568 -0.0187757 0.1825828 0.2271254 0.0697275 0.2450089 0.0484166 0.2510949 0.2862537 0.2952750 0.0154368 0.4281308 0.3974480 0.1100120 0.3277641 0.1941589 0.3564553 0.0142885 0.1330855 0.3052277 0.4236614 0.4567874 0.2043236 0.0932833 0.1861829 0.0476876 0.4328516 0.1907484 0.0220499 -0.0129008 -0.0005915 -0.0648308 -0.0120653 -0.0446022 -0.0860362 0.4354700 0.2220746 0.0003197 0.6413043 -0.0343383 0.2591399 0.4290280 0.1750982 0.5035393 0.4597155 0.2398394 0.4171738 0.4498815 0.2105103 0.0319790 0.4498896 0.4683517 0.5895578 0.3387073 0.2959835 0.6580141 0.5010432 0.5122436 0.5928461 0.5789432 0.3842092 0.2393841 0.3557696 0.3191564 0.5665570 0.6136516 0.6410522 0.4962615 0.3686384 0.5904220 0.3234131 0.5176777 0.6750110 0.4526998 0.5121491 0.6709229 0.3638280 0.5864982 0.3249853 0.7326946 0.4398569 0.5552222 0.5353151 0.4638400 0.5710009 0.5975400 0.4473004 0.4558489 0.1088025 -0.0408915 0.2781514 0.3482840 0.5209031 0.2743480 0.4802421 0.4866601 0.0808223 0.3625361 0.4255585 0.1448912 -0.1216254 0.4102135 -0.1875472 -0.1997046 0.6831336 0.7866245 0.6169120 0.7386108 0.7705099 0.6886666 0.5363852 0.5523913 0.5704794 0.6377364 0.5540846 0.4160072 0.2243894 0.0966087 0.3197255 0.5876569 0.2678041 0.3517549 0.4204804 0.6332714 0.1213526 0.3809210 0.4803404 0.7646803 0.2951511 0.6235611 0.7541489 0.1324572 0.3207291 0.3059428
0.4358652 0.6125889 0.1924785 0.4594595 0.2433254 0.7873917 0.7851722 0.2971088 0.8825421 0.6087495 0.3862334 0.7179851 0.0220985 0.8099311 0.0000000 0.1610097 0.3552286 0.8467999 0.2430071 -0.1325663 0.5764289 -0.2741376 0.1810536 0.8592710 -0.0581910 0.1007320 0.4632395 0.6272874 0.6970941 0.6980232 0.0201972 0.0235772 0.3543370 0.6665399 0.1762245 0.6196418 0.2426872 -0.0422633 0.4899421 0.2906813 -0.0355724 0.4701740 0.2989990 0.2921528 0.3878828 0.0428729 0.1122648 -0.0522628 0.3248866 0.0621051 0.1702009 0.1807275 0.4773897 0.3452124 -0.0339008 0.0669182 0.2002588 0.4275209 0.0097264 0.1733530 0.4030976 0.1595405 0.0540496 0.5729981 0.2730887 0.1462369 0.0441476 0.2620109 0.1910216 0.7075351 -0.0908174 0.6154886 0.1910658 0.4304411 0.2005157 0.5763648 0.8129650 0.2587237 0.5436067 0.4903302 0.4417414 0.3698572 0.3471717 0.2819578 0.2473779 0.1810078 0.2683778 0.3792633 0.2147996 0.3806992 0.1059978 0.2437375 0.2094407 0.4064583 0.1456394 0.4963644 0.3446739 0.2005383 0.3694477 0.3179606 0.4270662 0.0959787 0.2101660 0.4822132 0.4655154 0.5127628 0.2934358 0.1609867 0.1303648 0.2408290 0.4300061 0.3920692 0.1733661 0.1848427 0.1574218 0.0783042 0.1296315 0.0507152 0.0215532 0.4769777 0.2974034 0.1543026 0.4473479 0.1020627 0.2592831 0.4681287 0.2548797 0.3570755 0.4235453 0.2925682 0.3611484 0.3720898 0.1093010 -0.0001550 0.3443842 0.3853617 0.4925414 0.3025672 0.2177134 0.5824475 0.4754263 0.4092470 0.6158020 0.4327568 0.2798985 0.3251033 0.2386281 0.2534271 0.4640178 0.5070563 0.5157871 0.2511325 0.2032556 0.5811120 0.3685321 0.2493020 0.5318862 0.2833700 0.4174843 0.4803227 0.4095684 0.4257605 0.1682009 0.5432150 0.3648836 0.2641294 0.3896518 0.4343171 0.5163695 0.3865935 0.4381543 0.4515900 0.2190988 0.0145956 0.4744846 0.3743059 0.5478882 0.4557617 0.5687901 0.5713425 0.2970183 0.4094474 0.2948542 0.1135882 -0.1234934 0.3304903 -0.1619848 -0.1996429 0.6077559 0.6287085 0.6166679 0.6476116 0.6358654 0.6358827 0.5451983 0.5881564 0.5813791 0.7046477 0.5043597 0.4400813 0.1070276 -0.0523801 0.1961424 0.6222216 0.3261261 0.2108086 0.3924143 0.6881976 0.0392223 0.1954237 0.3254443 0.7376577 0.1062328 0.5906356 0.7366097 0.0770476 0.0524900 0.0928527
0.2106828 0.3555276 0.4318069 0.6727570 0.2923394 0.4200312 -0.0713394 0.7207724 0.3183255 0.6406422 0.8830758 0.2100395 0.6258456 0.4768599 0.1610097 0.0000000 0.7105993 0.1318915 0.8215000 0.1354834 0.3997495 0.5312223 0.7667162 0.1181865 0.7483935 0.7120409 0.3353286 -0.0114147 0.4649957 0.0961505 0.3785012 0.5157643 -0.0941760 0.2404875 0.4181516 0.4717374 0.5192493 0.4141041 0.0720867 0.1197926 0.1661214 0.3193400 0.2181350 -0.2716221 0.2805424 0.4262936 0.3436777 0.3185185 -0.0744444 0.3279143 0.3131193 0.3805951 0.2210409 0.3031154 0.4519493 0.3082657 0.5266541 0.1267506 0.1619324 0.4292951 0.3515676 0.5330638 0.5141366 0.5609387 0.5285157 0.4293339 0.4340098 0.4345042 0.2292687 0.2486183 0.2697772 0.4789188 0.3831960 0.3792008 0.2241855 0.0768274 0.1075443 0.4928514 0.3686772 0.1422804 0.5654572 0.4970789 0.4197130 0.3449507 0.2957649 0.1341571 0.0698157 0.3234071 0.2193154 0.2996089 0.1486858 0.1934482 0.5292988 0.3825288 0.0071121 0.2879434 0.3903731 0.3554186 0.3426548 0.2408953 0.4508356 0.3556788 0.3544558 0.2425251 0.4533727 0.3303396 0.3820045 0.3569130 0.5634956 0.1568329 0.5215485 0.2209357 0.3194992 0.2270906 0.1367538 0.1530506 0.1503761 0.2001299 0.1443905 0.3626921 0.3086359 0.1210157 0.4981521 0.0697667 0.3358531 0.4141408 0.1087522 0.6988312 0.4344000 0.0280898 0.4192831 0.5420701 0.1846989 -0.4431340 0.4674668 0.6662944 0.5593095 0.4380108 0.4716794 0.4922045 0.5624094 0.5228286 0.0650754 0.5416773 0.6200321 0.0379572 0.4784943 0.4111131 0.3150120 0.4702589 0.5386780 0.6219292 0.5259141 0.3628916 0.1062147 0.5244629 0.4735265 0.6110138 0.1187897 0.5967426 0.2890153 0.5477816 -0.0106923 0.5079065 0.3838399 0.6405501 0.3152173 0.3885832 0.2465863 0.5168317 0.3478376 0.1698770 0.0715827 -0.2561594 -0.0049723 0.0338622 0.2167552 -0.1708986 0.2919914 0.3036067 0.0474804 0.3567244 0.4877319 0.3031124 -0.0438324 0.4431261 -0.0950932 -0.0904495 0.0744520 0.2036871 0.3408306 0.2509819 0.2855190 0.4163456 0.3921846 0.3607501 0.4214973 0.1779803 0.3146440 0.4219583 -0.0107956 0.0190870 -0.0148097 0.1360718 0.1762945 0.3364883 0.2759136 0.2364855 -0.0253703 0.2139170 0.1233632 0.3912305 0.2035929 0.2110403 0.2434046 -0.0107402 0.3158289 0.2461824
0.2411399 0.4407211 0.6218275 0.5973307 0.3532502 0.5492749 0.1315108 0.4437027 0.5203436 0.7178594 0.7193363 0.3794025 0.3210922 0.6577203 0.3552286 0.7105993 0.0000000 0.3533855 0.6312758 -0.1706169 0.4599641 0.1676049 0.6462413 0.3236220 0.4190716 0.3380191 0.7222665 0.2420975 0.3938997 0.4371632 0.1395676 0.2055979 0.2040489 0.2262896 0.4784212 0.3375116 0.2289309 0.1686656 0.4414563 0.4765068 -0.0075939 0.1379454 0.5032305 0.0239320 0.0896336 0.2621601 0.2305304 0.1565678 0.1536640 0.1710841 0.3188726 0.5956135 0.0598095 0.4475947 0.2753507 0.1719342 0.3195496 0.2692529 0.1033195 0.4072910 0.2305424 0.5499190 0.4229257 0.6262946 0.2938613 0.2692725 0.2576298 0.3875809 0.1790820 0.3643230 0.1823709 0.4985494 0.2956223 0.5344006 0.0495622 0.1738185 0.3053226 0.3443192 0.2579313 0.2218228 0.5952765 0.3318224 0.0200888 0.0302473 -0.0704255 -0.2269667 -0.2834650 -0.0207837 -0.1280003 -0.0316648 -0.2028701 0.0597273 0.1871061 0.0465642 -0.2328525 0.1247968 0.2605841 -0.0057046 0.0613254 -0.0652154 0.1346659 -0.1024264 -0.0449892 0.0258393 0.2089342 0.1220808 -0.0056340 0.0153250 0.2198332 -0.2482973 0.1693419 -0.1015218 -0.1009554 -0.1870582 -0.2626759 -0.2408843 -0.2473819 -0.2249044 -0.2768948 0.1333256 -0.0176246 -0.1662982 0.5107700 -0.1811274 -0.0366190 0.2775275 -0.0508867 0.5292140 0.1511736 0.0134771 0.1659854 0.3591077 -0.0573921 -0.2576234 0.3893034 0.4084457 0.4265767 0.1982546 0.1643798 0.5275375 0.4112383 0.4037785 0.3032799 0.6154370 0.5011753 0.0752816 0.3686983 0.3053966 0.5236836 0.4401117 0.5349409 0.6710660 0.3315447 0.4264160 0.0972121 0.6339123 0.7057365 0.5524351 0.4427893 0.6998882 0.3125010 0.4658371 0.0815062 0.7570891 0.3150376 0.6638049 0.4533183 0.3804100 0.3676092 0.5262153 0.3326516 0.2542021 0.1199458 -0.0249000 0.0423486 0.2386220 0.3509522 -0.0278431 0.2282970 0.1564043 -0.0762637 0.0225329 0.3146861 0.0136983 0.0031847 0.3675601 -0.1456825 0.0329687 0.4951026 0.5506280 0.3694200 0.4954650 0.5418988 0.4535733 0.3002385 0.2843264 0.3453640 0.4029393 0.4972732 0.3129882 0.2543952 0.2525396 0.1685528 0.2720813 0.1607142 0.5194519 0.2178432 0.3805930 0.1944774 0.5791016 0.1540076 0.4066715 0.3402923 0.3667175 0.2989994 0.0293939 0.7447183 0.6762206
0.4457263 0.4369825 0.1517908 0.2453755 0.1239857 0.8135035 0.8384179 0.0792690 0.7522695 0.5143098 0.1946539 0.5248703 0.1071994 0.7782256 0.8467999 0.1318915 0.3533855 0.0000000 0.1773517 -0.0877933 0.3145322 -0.1554883 0.1246372 0.8125509 -0.1120943 0.0507306 0.3816069 0.6684917 0.4346384 0.5928270 0.0375052 -0.0721687 0.5489335 0.5454429 0.1216081 0.4820360 0.0969158 -0.0671169 0.4496705 0.3366334 0.0247207 0.4267197 0.2671266 0.4502337 0.3554397 -0.1430817 -0.0263889 -0.0171059 0.3988175 -0.0910972 0.0676915 0.1221382 0.4420213 0.2680260 -0.1592040 -0.1091425 0.1221102 0.2924923 -0.1305869 0.0060330 0.2726287 -0.0013173 0.0586106 0.2525674 0.0943702 0.1805706 -0.1117132 0.0062581 0.1283269 0.4230852 -0.1228914 0.3791909 -0.0369869 0.1517227 0.1988984 0.2985457 0.6602004 0.1413638 0.3101578 0.2632773 0.3933531 0.3616283 0.2157967 0.2897082 0.2960058 0.1162308 0.3291910 0.3071173 0.1727692 0.3884451 0.1271920 0.2345874 0.2538000 0.3259504 0.1815383 0.5061361 0.3684116 0.1647540 0.4325371 0.2919940 0.3675921 0.1228267 0.1463576 0.4924009 0.3147185 0.5133915 0.3071695 0.0879082 -0.0323141 0.1197735 0.3946292 0.3416723 -0.0289063 0.0044569 0.0596283 0.0168329 0.1159668 -0.0105162 0.0037436 0.4083215 0.2580351 0.1133005 0.3574220 -0.0162827 0.1849457 0.3214637 0.2550426 0.2999362 0.3101590 0.1793682 0.2363364 0.1391553 0.0216861 0.1462708 0.2171040 0.2842852 0.3788529 0.0948106 0.0424509 0.3926459 0.3236891 0.2137639 0.5635484 0.2873018 0.0546426 0.1207515 -0.0012173 -0.0281761 0.3694621 0.2657369 0.3550659 0.1377626 0.0180507 0.4056703 0.0891455 0.2165722 0.4712530 0.0619733 0.4618938 0.3037582 0.1151970 0.2641391 0.2778553 0.4668693 0.1723993 0.1896474 0.2087322 0.3454823 0.4176936 0.2800017 0.2183765 0.2995748 0.0800208 0.1179005 0.5571396 0.3244227 0.4221010 0.4773513 0.4692542 0.5441183 0.3351032 0.4341916 0.1830149 0.1406035 -0.1960147 0.0320852 -0.2219259 -0.2426584 0.5371192 0.5430517 0.5711437 0.5181812 0.5109266 0.5470001 0.4300349 0.5040728 0.4364956 0.5127139 0.2893813 0.2786692 0.1508238 0.1241739 0.1969004 0.5894881 0.3884749 0.2167959 0.2576498 0.4943264 0.1315693 0.2052902 0.3078217 0.5802429 0.1937523 0.4382628 0.6091405 0.2378861 0.2319188 0.2060047
