0.0000000 0.6537101 0.3230320 -0.0470482 0.6392940 0.6179225 0.3313687 -0.0467122 0.6299549 0.0280880 -0.0532599 0.2329913 0.2297680 -0.0597996 0.4805564 -0.0709745 0.0288147 0.4503185 -0.0893074 0.7013530 0.0615909 0.3738782 0.2564587 0.4209779 0.3715770 0.3273624 0.2642634 0.4685923 0.0041617 0.0838726 0.6549886 0.7273412 0.6324595 0.2631993 0.4782400 -0.0458670 0.7107503 0.6989431 0.4653101 0.4448582 0.7130460 -0.1561792 0.6800688 0.3102869 -0.0459764 0.7712544 0.4683309 0.7386212 0.1048078 0.2026735 0.1789241 0.6050898 -0.0044023 0.7466326 0.8430304 0.7089021 0.8173547 0.0330388 -0.3644065 0.4157412 -0.2056741 0.3719396 0.6352345 -0.1445219 -0.1549621 0.7720793 0.2985785 0.2841681 0.7537749 0.0166515 0.8307456 -0.2613946 0.0762159 -0.0972883 0.5990560 0.1055831 -0.1508627 0.0023826 0.0791453 0.0952623 -0.2883212 0.4754622 0.3486447 0.0652286 -0.1274036 -0.0996727 -0.1573924 -0.1532834 -0.1228835 -0.1225563 -0.1274658 0.0579780 -0.1773267 -0.0713704 0.0850956 -0.0066113 -0.2384917 -0.3490722 0.3106217 -0.1452352 -0.1063546 -0.2737304 -0.2864752 -0.0503004 -0.2537616 -0.0864823 -0.3132464 -0.3526289 -0.1069184 -0.1044721 -0.0102056 -0.3397617 -0.3159003 -0.1576567 -0.2970168 -0.3343236 -0.3476731 -0.4435737 -0.5086922 -0.4060358 -0.3842712 -0.2553894 0.0721298 -0.4175276 -0.4526673 -0.2841912 -0.1769060 -0.0473428 -0.3754464 -0.2262032 -0.2558723 0.0075807 -0.0848598 0.0072182 0.0107190 -0.0745304 -0.2382556 -0.3534208 -0.1799412 -0.3254335 -0.1168881 -0.2204220 -0.1515036 -0.2972074 -0.2147350 -0.0713669 -0.2489688 -0.2562777 -0.2228539 -0.0693331 -0.2040793 -0.0713775 -0.1332752 -0.2736329 -0.3137220 0.2246848 -0.3304898 -0.2248642 -0.3694932 -0.3544803 -0.2493480 -0.1358796 0.0623517 -0.5649919 -0.1553122 -0.1108062 -0.3459275 -0.3446131 -0.4105370 -0.3554975 -0.2912625 -0.4430526 0.3672182 0.3598376 0.4400875 0.3099459 0.2215790 0.4221934 0.0335342 -0.1096210 -0.1745891 -0.1526223 -0.3224919 -0.2606582 -0.0868285 -0.2891027 -0.0569754 0.2872643 0.1193711 -0.2790877 -0.5805348 -0.2616396 -0.1564174 -0.5768520 -0.5099155 -0.4969796 -0.1538580 -0.0148253 -0.0755737 -0.2353127 -0.0583983 0.1377071 0.1808449 0.1545703 0.4948286 0.2145539 -0.1708450 0.4163600 -0.1005811 0.1773816 0.2770939 -0.1747340 0.3200386 -0.2821360 -0.2586999 0.5906511 0.0523242 0.2801660
0.6537101 0.0000000 0.1215337 0.1057981 0.3636255 0.7891665 0.4643268 0.0230877 0.7782795 -0.0240962 -0.0034358 0.6997294 -0.0417814 -0.3416741 0.7661587 -0.2559919 -0.1096038 0.4444396 -0.1361595 0.4225780 0.6369440 0.0678052 -0.1727635 0.6457029 0.0735535 -0.1942250 -0.1760831 0.1791740 0.2977729 -0.3969806 0.4555636 0.2180416 0.6686242 0.4250158 0.0756067 0.3685912 0.1596435 0.3760741 -0.0244610 -0.1022456 0.3767011 0.0533309 0.1460102 0.0874997 0.1134951 0.4431552 0.1575003 0.2796630 0.3664418 0.3460251 -0.0779203 -0.0122034 0.4246528 0.1523321 0.4649214 0.4450399 0.4195430 -0.0044405 -0.1690771 0.0529841 0.2481771 0.0447765 0.2356258 0.1796016 0.4866732 0.3414690 0.0535080 0.0310786 0.4101165 0.0300459 0.4001479 0.2440512 0.0669450 0.1868906 0.2679231 0.1644531 0.2375413 0.1185150 0.0548236 -0.0494957 -0.1746442 0.2710591 0.1425112 -0.0273585 -0.0361150 -0.1071800 -0.1678155 -0.1247533 -0.0544176 -0.1624683 -0.1710077 -0.2880960 -0.3234670 -0.1771561 -0.0646563 -0.1235028 -0.3144403 -0.2391055 0.0270588 -0.1507495 -0.1380841 -0.2698563 -0.3442988 -0.1333269 -0.2595485 -0.1279012 -0.3313190 -0.4085052 -0.2499107 -0.2095907 -0.0908761 -0.4345680 -0.3329104 -0.3075518 -0.4132982 -0.3190847 -0.5063202 -0.5811265 -0.4546834 -0.4782699 -0.5232684 -0.5411275 -0.1046985 -0.5285724 -0.5368686 -0.2248315 -0.3431655 -0.2673584 -0.3826417 -0.4217365 -0.3832356 -0.2061955 -0.0723843 -0.1753822 -0.1457685 -0.4356882 -0.3508333 -0.4292267 -0.3088021 -0.4727808 -0.3695870 -0.4691143 -0.1203343 -0.3154793 -0.4617586 -0.4112351 -0.4068474 -0.3685585 -0.2958175 -0.4013087 -0.3555586 -0.4034679 -0.3343201 -0.4429447 -0.1961123 -0.1146653 -0.3023136 -0.4895657 -0.3096342 -0.4528008 -0.3196306 -0.3178661 -0.2428753 -0.6685714 -0.2774240 -0.4010658 -0.3323156 -0.3467468 -0.2947476 -0.3448509 -0.4291138 -0.3742216 0.4962379 0.2880345 0.5047975 0.2618989 0.5036739 0.5085063 0.5916410 0.4691629 0.1426118 -0.0042783 -0.1691595 -0.1832793 0.2057322 0.1145175 0.1454578 0.2517261 0.4976730 0.0064306 -0.3732711 -0.1992475 -0.1412315 -0.2216668 -0.1618098 -0.2544231 -0.0623763 -0.0087786 -0.2083171 -0.2242940 -0.1199087 -0.0244912 -0.1600517 -0.0312615 0.1441188 0.0185933 -0.2765508 0.2045020 -0.0423008 0.0536179 -0.0322131 0.2738975 0.2215973 -0.2331476 -0.0592705 0.3367075 0.1001784 -0.1238947
0.3230320 0.1215337 0.0000000 0.4059303 0.8077918 0.1703439 -0.1084891 0.2170980 0.2598890 0.2823694 0.1900584 -0.2164086 0.3252029 0.4590678 -0.0036561 -0.0470902 0.3115630 0.4599872 0.0369183 0.5558857 -0.2263469 0.2610228 0.4552638 -0.2501183 0.0580208 0.2315079 0.7255579 0.2740760 -0.2453169 0.5331698 0.3113447 0.0583214 0.2678306 -0.0977696 0.0891930 -0.3986184 0.2049283 0.1967815 0.4908817 0.3744137 0.4092654 -0.1567489 0.3622869 0.1484313 -0.1298167 0.2756472 -0.0374381 0.0974762 -0.0379787 0.0460150 -0.1035285 0.4841706 -0.1137482 0.4800088 0.1099311 0.1446691 0.2127072 -0.0116295 -0.0401824 0.0300222 -0.3172030 -0.0745779 0.2575136 -0.0355989 -0.2089564 0.2954492 -0.0533883 -0.0491879 0.3033276 -0.2014246 0.5347545 -0.0557203 -0.1403321 0.0540610 0.6243625 -0.1748220 -0.1633877 0.1901308 -0.0656179 -0.1250624 -0.1228744 -0.0784105 -0.2043007 -0.3493209 -0.3905457 -0.4388389 -0.5494947 -0.3822867 -0.4281344 -0.3346138 -0.3493081 -0.1880156 -0.0343753 -0.2022045 -0.4283082 -0.1911256 -0.0706281 -0.3107071 -0.3400228 -0.4150764 -0.2658018 -0.4185734 -0.3279437 -0.2327789 -0.2362336 -0.3836307 -0.4592180 -0.3317769 -0.2625872 -0.1729153 -0.2460460 -0.1564455 -0.1011160 -0.2691149 -0.3417673 -0.3293896 -0.3599335 -0.4925065 -0.5079557 -0.3476186 -0.3362192 -0.2055590 -0.2159688 -0.5081088 -0.3240461 0.1025426 -0.2045966 -0.1809546 -0.2560721 -0.3450141 -0.3211747 -0.2266559 -0.0175049 -0.0703226 -0.2395406 -0.1966329 -0.2677144 -0.1538432 -0.2078151 0.1309043 -0.2039722 0.0036996 -0.2160850 -0.2113682 -0.1472902 -0.1567943 -0.1360942 -0.1535754 -0.2230499 0.1111728 0.1028831 0.1445790 -0.0226232 -0.2029702 -0.1846048 -0.1662278 -0.0121201 -0.0542073 -0.1620745 0.0796651 -0.2615604 -0.0213719 0.0320434 0.0545700 -0.1475250 0.0670081 -0.1224978 -0.1582814 -0.1672492 -0.0983663 -0.0895737 -0.1878211 -0.4005588 -0.4848274 -0.3549215 -0.1296416 -0.2050739 -0.1769335 -0.4118503 -0.5096685 -0.4380703 -0.3828800 -0.0831327 -0.0296824 -0.0246178 -0.3662309 0.0198140 -0.1694956 0.1899211 0.4010599 -0.1307061 -0.0370381 0.3262941 -0.1524377 -0.0523893 -0.1212161 0.1784866 0.5285574 0.1936043 0.0468394 0.2094325 0.1485898 0.1784793 0.1598238 -0.3836527 -0.0329141 0.0665604 0.6017002 0.1805317 0.0879570 0.1315133 -0.3201495 -0.0271625 -0.1908061 -0.0579250 0.4281424 0.4367155 0.6413380
-0.0470482 0.1057981 0.4059303 0.0000000 0.3324208 0.2629132 0.0760744 0.8950060 0.2873392 0.8691592 0.8684102 0.1117998 0.7069175 0.7325281 0.0854043 0.3985577 0.7317003 0.1557043 0.6447444 -0.1022461 0.2029592 0.3730410 0.4948467 -0.0656165 0.2238280 0.2873418 0.2906133 -0.1924818 0.3413710 0.3051422 0.0860227 -0.2935259 0.0613108 0.3091483 0.2781526 0.2373529 0.0564519 0.1826711 0.0934158 -0.1504686 -0.0376165 0.4781113 -0.0194504 0.2126270 0.4232826 0.1624187 0.1854952 -0.1728332 0.5152823 0.4659414 0.2332330 -0.1818502 0.4026238 -0.1143581 -0.3758070 0.1266972 -0.1172020 0.4866367 0.1747830 0.1265375 0.2665722 0.0400649 -0.2770773 0.7354087 0.3570244 -0.3497567 0.1509354 0.2532641 -0.0797302 0.3879320 -0.1236821 0.5560662 0.5073732 0.8178489 0.2192282 0.5743804 0.6453774 0.7210927 0.5618317 0.2006716 0.4240670 -0.2202990 -0.2533998 -0.3047134 -0.0539052 -0.1839568 -0.4002679 -0.0309527 -0.0442914 -0.0632019 -0.1501549 -0.2829625 0.2265123 0.1727454 -0.2230036 -0.2694865 0.3381877 0.0869098 -0.2385855 0.1498050 -0.0007991 -0.1424306 -0.1991814 0.1430907 -0.0162880 -0.2294147 -0.0452316 -0.0240710 0.0841052 0.2015865 -0.0985404 0.2855807 0.0520555 0.0999497 0.0341994 -0.1606479 -0.0645366 -0.1528168 -0.1416768 0.0450435 -0.0155592 -0.1181547 -0.0809838 -0.2938008 0.1020461 0.4547643 0.1227988 -0.0249339 0.2793558 -0.0526170 0.0339620 0.1764681 0.1785129 -0.2835043 0.4038106 0.0331788 -0.1580411 0.5150084 0.2197955 0.5088426 0.1704097 0.5081548 0.4592856 -0.4509619 0.3399520 -0.0894783 0.4297678 0.3492610 0.3935166 0.5008803 0.5126059 -0.0292304 0.5006747 0.1303535 0.3204422 -0.1715771 0.4523794 0.2984984 0.4378212 0.4872135 0.2305984 0.4282446 -0.1500485 0.3386209 0.2910056 -0.0246571 0.0686062 0.2831582 0.3566061 0.3390841 0.2743259 0.3480668 -0.0076854 -0.1063291 -0.2526484 0.0739927 0.0055005 -0.3373479 0.0744807 0.0116233 0.0885549 0.0878897 0.2326824 0.1436539 0.1413437 0.0504186 0.0677796 -0.1712514 0.3382984 0.4596243 0.2033642 0.2649847 0.1602377 0.1402529 0.3731929 0.5831756 0.4014419 0.3259490 0.1283748 0.5400081 -0.2423934 -0.1085536 -0.2027320 -0.3307609 -0.5074971 -0.1636812 0.2520349 -0.1526425 -0.1729641 -0.1033599 -0.1529025 0.0649525 -0.3678634 0.0606219 0.2578515 -0.1600359 -0.0748563 -0.2884813
0.6392940 0.3636255 0.8077918 0.3324208 0.0000000 0.3786622 0.1052521 0.2225586 0.4714128 0.2506651 0.1304053 0.0665583 0.4347008 0.3333351 0.2820620 -0.0549193 0.2654582 0.5851133 0.0389866 0.6929154 -0.1028712 0.4956522 0.4808016 0.0568945 0.3990424 0.4416933 0.6688159 0.4860038 -0.2046530 0.4217519 0.5981643 0.4942516 0.4744321 0.0029829 0.3837606 -0.3654069 0.5340417 0.5590948 0.5981310 0.4580933 0.6231933 -0.1917476 0.7010753 0.2654879 -0.1346589 0.6399153 0.2283797 0.4501223 0.0306247 0.2044603 0.0504354 0.6947588 -0.0914141 0.7094700 0.4432328 0.5789949 0.4379101 0.0530956 -0.0476043 0.2318800 -0.3344155 0.1649660 0.5020187 -0.0405375 -0.1476178 0.4145144 0.0882265 0.0918760 0.5130829 -0.0740069 0.6234983 -0.0787406 0.0029235 0.1080471 0.5522630 -0.0529446 -0.1293388 0.2320689 -0.0460182 0.0405096 -0.0928397 0.2418471 0.0797585 -0.2948100 -0.3806158 -0.3517004 -0.4535375 -0.3610847 -0.3624198 -0.3075765 -0.3088433 -0.1274874 -0.1340089 -0.2339301 -0.2819645 -0.1384984 -0.1496870 -0.2478571 -0.1334184 -0.3486497 -0.3150622 -0.3718713 -0.3682094 -0.2215848 -0.3613545 -0.3659323 -0.4627182 -0.4030183 -0.2304117 -0.1535840 -0.2364112 -0.1770021 -0.1694141 -0.2859245 -0.3245044 -0.3546848 -0.4357714 -0.5165113 -0.5428866 -0.3923499 -0.4319254 -0.2844029 -0.0395869 -0.5150608 -0.3969883 -0.0375684 -0.2267540 -0.0879636 -0.3061239 -0.3680791 -0.3641360 -0.0338962 0.0214264 0.1093028 -0.0611686 -0.0597695 -0.3287166 -0.2053882 -0.2412494 -0.0648276 -0.1389601 -0.1067177 -0.0630812 -0.1174608 -0.2169602 -0.1554606 -0.2068997 -0.2422078 -0.1908730 -0.0101816 0.0170334 0.0097126 -0.0863314 -0.2914040 -0.2378236 0.0006807 -0.1038541 -0.1960731 -0.1537615 -0.0662687 -0.3356897 -0.0794374 0.0698384 -0.1957173 -0.1848967 -0.0642436 -0.2495424 -0.2945885 -0.2634784 -0.2151113 -0.2417960 -0.3098842 -0.1053512 -0.1534243 -0.0215994 0.1840156 0.1404587 0.2138867 -0.1855393 -0.3491141 -0.3268235 -0.3867370 -0.1409877 -0.0376326 0.1740483 -0.2710822 0.1258091 0.1792964 0.2578580 0.2191502 -0.2335475 -0.0378970 0.1684011 -0.1866414 -0.1599883 -0.1899013 0.0947866 0.3773522 0.1714987 -0.0615929 0.0784950 0.1591612 0.2367671 0.1914544 0.0267051 0.1953757 -0.0117708 0.6280109 0.0663542 0.1890550 0.2736925 -0.2442755 0.1149183 -0.3224166 -0.2067517 0.6647186 0.4513412 0.5859816
0.6179225 0.7891665 0.1703439 0.2629132 0.3786622 0.0000000 0.5927737 0.1695201 0.8847941 0.1243986 0.0898059 0.6581621 0.1212317 -0.1567745 0.7874829 -0.2521852 -0.0184391 0.5901277 -0.0517670 0.3390294 0.6303318 0.1124165 0.0141361 0.6575160 -0.1149940 -0.1511676 0.0555675 0.3040642 0.3353066 -0.1836174 0.3448734 0.0920228 0.7735650 0.5305707 0.1694618 0.4003938 0.1493453 0.2562083 0.1094694 -0.0842975 0.2912777 0.1022998 0.2178644 0.1799972 0.1979764 0.4026471 0.2160668 0.1185981 0.4284180 0.4385540 -0.0389235 0.0211431 0.4992398 0.1611612 0.2975817 0.4443043 0.3452426 0.0169457 -0.2133626 0.0357954 0.2021958 0.0223198 0.1170231 0.2957904 0.5125463 0.2049918 0.0393271 0.0575463 0.3829478 0.0200764 0.2728021 0.2927009 0.1240290 0.3989707 0.2988792 0.2335857 0.3388228 0.4111945 0.2275999 0.2283892 0.1296513 0.1142476 -0.0349712 -0.2688840 -0.2262316 -0.3293905 -0.3566043 -0.1554841 -0.1841559 -0.2497240 -0.2729617 -0.2578280 -0.3433606 -0.0751238 -0.1529535 -0.2389173 -0.3056787 -0.4195025 0.0175042 -0.0874434 -0.1202978 -0.5006956 -0.6213033 -0.0965946 -0.3279120 -0.1992264 -0.4262707 -0.5001918 -0.3035445 -0.1877237 -0.1238966 -0.4695802 -0.4276679 -0.2452429 -0.3584441 -0.3753077 -0.4346211 -0.5890709 -0.4875287 -0.4588313 -0.4789878 -0.4674994 -0.3276694 -0.4939960 -0.4850373 -0.1762520 -0.3669973 -0.3921223 -0.2994582 -0.4321444 -0.3725526 -0.2518135 -0.2540514 -0.0253496 -0.0365429 -0.4676830 -0.3287376 -0.2410721 -0.1926899 -0.3212398 -0.2612967 -0.2528820 0.0531684 -0.3105763 -0.2642753 -0.5360966 -0.2023892 -0.1382274 -0.0989026 -0.1940989 -0.2311655 -0.4433332 -0.1268275 -0.2851200 -0.1552058 -0.2236113 -0.1960560 -0.2320531 -0.1599780 -0.3360109 -0.1747586 -0.1562142 -0.1847895 -0.5818289 -0.1352662 -0.4495304 -0.3224393 -0.1812027 -0.2252302 -0.2912667 -0.2289185 -0.2441305 0.4157054 0.4915402 0.5683189 0.5030837 0.5282227 0.3217407 0.5220116 0.3727787 0.0421862 0.0413833 -0.2408672 -0.3625436 0.0631127 0.1745611 0.1284763 0.3303337 0.5353812 -0.0293337 -0.4881433 0.1193996 0.0459620 -0.2748416 -0.2242388 -0.1039358 0.0357053 0.1791587 -0.0598149 -0.1052177 -0.0233129 0.1680825 0.0004863 0.0572511 0.0300575 0.0005106 -0.1691463 0.1320000 -0.0802092 0.1824211 0.0751464 0.2293971 0.0305914 -0.4157597 -0.1982408 0.3366472 -0.0162185 -0.0388169
0.3313687 0.4643268 -0.1084891 0.0760744 0.1052521 0.5927737 0.0000000 0.1155582 0.4445564 -0.0267053 -0.0455334 0.7557497 -0.0357426 -0.1160596 0.4702423 -0.2623772 -0.1706531 0.4823665 -0.0944689 0.2431749 0.3768221 0.1053061 -0.2558254 0.6123432 0.0754703 -0.1619721 0.0383686 0.3783887 -0.0956900 -0.0470798 0.2832862 0.0586025 0.3851935 -0.0212629 -0.0489582 0.1889193 -0.0581566 0.2073837 -0.1141957 -0.3975623 0.1991479 -0.2462193 0.0464562 -0.2450992 -0.2825121 0.3145595 0.0639327 0.0710526 -0.1675150 0.0562624 -0.2573024 -0.1056539 -0.0511260 0.0171834 0.2400635 0.3292920 0.1189671 -0.3365264 0.0166699 -0.2150254 0.0190345 -0.2213532 0.2519976 -0.0072394 0.4427272 -0.0092385 -0.2823486 -0.1920583 0.3757649 -0.2258813 0.0164981 -0.1071316 -0.0465597 0.3878684 0.2403464 -0.0625145 0.1975221 0.4907417 0.1357318 0.7342419 0.4909106 0.3837842 0.0338679 -0.2653250 -0.2230269 -0.0013291 -0.0371896 -0.2425257 -0.2051010 -0.3423568 0.0062576 0.0716397 -0.0975987 -0.1731316 -0.0261363 -0.1857513 -0.1851706 -0.1498091 -0.1317640 -0.0501568 -0.2475946 -0.1479432 -0.0644703 -0.0859184 -0.1540358 -0.0720453 -0.1233899 -0.0209003 -0.1969272 0.0004401 -0.2197915 -0.2220833 0.1048824 0.0020181 -0.0299053 -0.0637666 -0.1030612 -0.1718085 -0.1470856 -0.1526127 -0.1261353 -0.1560329 -0.1060045 0.0359173 -0.1927956 -0.2619368 -0.2344732 -0.2882136 -0.2530259 -0.1213904 -0.1949914 -0.1059723 -0.3033367 0.2268068 -0.0258226 -0.3044363 -0.2498053 -0.2257880 -0.2807253 -0.3580463 -0.2458100 -0.3567393 0.1671923 -0.0826153 -0.3270776 -0.3223609 -0.3261301 -0.3247649 -0.0939649 -0.3083069 -0.3579496 -0.4988786 -0.2745018 -0.2404728 -0.1193048 -0.1416960 -0.3421579 -0.3600879 -0.2665833 -0.4401277 -0.1618333 -0.2993672 -0.0295065 -0.5552448 -0.2387016 -0.3914237 -0.3583481 -0.2423302 -0.3166418 -0.4406123 -0.2403051 -0.3196370 0.0758435 0.2948881 0.7377129 0.8722735 0.8030805 0.3216902 0.5392111 0.4287392 0.0482943 0.1513566 -0.0415135 -0.0660495 0.2150376 0.5961015 0.4285558 0.6877929 0.5481354 -0.1717739 -0.1208805 0.5926879 0.3234804 0.1401529 -0.1140687 0.1731698 -0.1940177 0.2134680 0.4422427 -0.1879094 0.1216968 0.1811168 0.1357275 0.3956990 0.2139912 0.4890271 -0.1795795 0.1023866 0.0846666 0.2727369 0.3001363 0.3757512 0.4571040 -0.2148691 -0.3502089 0.2677578 -0.0713317 -0.1546953
-0.0467122 0.0230877 0.2170980 0.8950060 0.2225586 0.1695201 0.1155582 0.0000000 0.1559997 0.8292779 0.8803908 0.1063147 0.7793970 0.6515453 0.0315172 0.5281398 0.7806864 -0.0044050 0.7113915 -0.0773039 0.2013242 0.4677675 0.4309449 -0.1123085 0.3904603 0.3577432 0.1052338 -0.3294415 0.4084180 0.1452554 0.1331674 -0.2083852 -0.0732039 0.3384491 0.3583421 0.3682773 0.1743447 0.2338133 -0.1099966 -0.2561191 0.0062898 0.5788984 -0.0438534 0.1090316 0.5043847 0.1612641 0.3332741 -0.0926560 0.4588426 0.5607390 0.3741207 -0.2660056 0.3380486 -0.1954952 -0.3498217 0.2137134 -0.0598680 0.5164782 0.3046911 0.2131725 0.3750774 0.1766648 -0.2251457 0.7553042 0.3741892 -0.3584875 0.2333489 0.3742548 -0.0003898 0.4852989 -0.2066195 0.4790679 0.5875162 0.8572870 0.1262931 0.6708563 0.7069668 0.6715107 0.5559433 0.3242929 0.4617081 -0.0720460 -0.0792989 -0.1329584 0.0911705 -0.0428780 -0.3081694 0.1144450 0.0708463 0.0749504 -0.0446080 -0.1532450 0.2570979 0.3389692 -0.0877639 -0.1998254 0.3347901 0.2105291 -0.0307066 0.3142282 0.1309404 -0.0396220 -0.0994977 0.2890814 0.0338337 -0.1623840 0.0727363 0.0822476 0.2410616 0.3485117 -0.0076319 0.3844229 0.0954054 0.2507538 0.1556027 -0.0661632 0.0577289 -0.0255650 -0.0496759 0.2222981 0.1472524 0.0886500 0.0612046 -0.1227218 0.2688851 0.6201619 0.2518814 0.1250667 0.4197597 0.1239116 0.1780722 0.3463620 0.3052358 -0.1777266 0.5218109 0.2191598 -0.0903081 0.6000441 0.3208638 0.6294246 0.3334459 0.6259233 0.5153596 -0.2942732 0.4429796 0.1062864 0.5068188 0.4091865 0.4719788 0.5917133 0.5683677 0.0892197 0.5780311 0.2845140 0.3774715 0.0810495 0.4824392 0.3844393 0.4813288 0.5293353 0.3576860 0.4919835 -0.1567586 0.3709484 0.3733897 0.0806164 0.1221441 0.3410756 0.3982160 0.3694160 0.3500339 0.3929774 0.0516222 -0.0805587 -0.1360373 0.1318903 0.0789539 -0.2358867 0.1382551 0.0906848 0.2144182 0.2802619 0.3403549 0.2095461 0.2317623 0.1847311 0.1364545 -0.0448314 0.2409062 0.3189843 0.3116284 0.3187978 0.0865735 0.2299896 0.5055355 0.6791391 0.4492610 0.2174511 0.1603070 0.6901241 -0.4571810 -0.1787972 -0.1599205 -0.3771647 -0.3398910 -0.0490447 0.3267667 -0.2939678 -0.3863275 -0.1539186 -0.0656224 0.1697768 -0.2913624 0.2125805 0.4000893 -0.2550095 -0.1698423 -0.3794055
0.6299549 0.7782795 0.2598890 0.2873392 0.4714128 0.8847941 0.4445564 0.1559997 0.0000000 0.1460793 0.0785973 0.6265074 0.1748903 -0.0886714 0.8726169 -0.3402576 -0.0493931 0.7404939 0.0301356 0.3716921 0.6185832 0.2757418 -0.0653524 0.7292629 0.0722846 -0.1272552 0.1483343 0.3884563 0.3106235 -0.0846144 0.4494756 0.2440130 0.8412216 0.4994247 0.1643297 0.3666345 0.1600480 0.4307924 0.2186569 -0.0259886 0.4619618 0.0703183 0.2433969 0.0637901 0.1101779 0.5061022 0.1958429 0.3434783 0.4197639 0.4159582 -0.0916292 0.1304512 0.5342127 0.2245413 0.3881611 0.5013580 0.3405077 -0.0862746 -0.1264794 0.0639239 0.1643155 -0.0405742 0.0878175 0.2796283 0.5010545 0.2614562 0.0358793 -0.0522037 0.3274322 -0.0652100 0.4058807 0.3653316 0.0488840 0.3905219 0.3780765 0.1881902 0.3591978 0.3991025 0.2367448 0.1615121 0.1108106 -0.0002179 -0.1257433 -0.3252451 -0.3107499 -0.3681381 -0.3877552 -0.2840688 -0.3010593 -0.3563119 -0.3678226 -0.2633217 -0.3424225 -0.2369320 -0.1628801 -0.2254674 -0.2966992 -0.4252267 -0.0108375 -0.2774991 -0.2754027 -0.4892998 -0.5567484 -0.2690100 -0.3581415 -0.2185608 -0.4625097 -0.5078472 -0.2887764 -0.3111211 -0.1547725 -0.4806065 -0.4043943 -0.2765812 -0.3994730 -0.4420797 -0.4811513 -0.5832432 -0.5139533 -0.4867348 -0.5355998 -0.5471754 -0.2925486 -0.6069497 -0.5588261 -0.1695270 -0.3832817 -0.3774145 -0.3340907 -0.4981411 -0.4393974 -0.2051117 -0.1508206 0.0017053 -0.0059343 -0.3798776 -0.3704005 -0.2322372 -0.1862855 -0.3266549 -0.2632462 -0.2474857 0.0176458 -0.4851489 -0.2517517 -0.4799498 -0.1880760 -0.1317920 -0.1128609 -0.1492913 -0.2180448 -0.5455011 -0.1189130 -0.3462176 -0.1569311 -0.2202730 -0.1795897 -0.2612368 -0.1846928 -0.2681642 -0.1977268 -0.1689564 -0.3046526 -0.4985572 -0.1444208 -0.5008021 -0.3166828 -0.2512159 -0.2491231 -0.2849482 -0.2885998 -0.2801256 0.3774042 0.4175036 0.4351420 0.3869696 0.3609623 0.2076643 0.3817433 0.2917573 -0.1106378 -0.0652110 -0.0443253 -0.1935902 0.1258489 0.0686577 0.1032315 0.1151508 0.5768028 0.1154528 -0.4681686 0.0372748 0.0051073 -0.2770796 -0.1682318 -0.1737575 -0.0149282 0.2209375 -0.0792542 -0.1858283 0.0543571 0.1341017 -0.0136708 0.0279557 0.0012797 -0.1799586 -0.3215665 0.1493721 0.0736683 0.2334471 0.0207163 0.1556403 -0.0295165 -0.4665606 -0.2098900 0.3291490 0.1271144 0.0509099
0.0280880 -0.0240962 0.2823694 0.8691592 0.2506651 0.1243986 -0.0267053 0.8292779 0.1460793 0.0000000 0.9664321 -0.1063063 0.8139229 0.8194590 -0.0959053 0.6920937 0.9320543 0.0046532 0.8520008 -0.1389669 0.0145549 0.5513061 0.7177292 -0.2155393 0.4300117 0.5628903 0.2492095 -0.2948709 0.4050226 0.4000779 0.1217713 -0.1893714 -0.1045727 0.3503241 0.5469029 0.2533187 0.3344214 0.4196011 0.1253960 0.0179822 0.1304526 0.6136883 0.1627419 0.4129391 0.5380792 0.3753932 0.5457145 0.0850074 0.5545395 0.5727652 0.5777298 -0.0787953 0.3314958 0.0094621 -0.1512441 0.3255547 0.1585345 0.7202096 0.1140134 0.5144541 0.2112046 0.4024879 -0.0964975 0.7241410 0.0908178 -0.1576885 0.4589241 0.5864988 0.1339653 0.6731677 -0.0080644 0.4345478 0.7554135 0.6834349 0.3079950 0.7238722 0.5909594 0.6236652 0.6539843 0.0933463 0.2495907 -0.0332345 0.0133222 -0.0039435 0.2383466 0.1561296 -0.1457055 0.2532344 0.2540805 0.2286903 0.1510689 0.0522620 0.5547866 0.4729507 0.0437832 -0.0240358 0.5678583 0.3594389 0.1051449 0.4264233 0.2506307 0.1709087 0.1017948 0.4575820 0.2618479 0.0405353 0.2606371 0.2521296 0.4449705 0.4745954 0.1960104 0.5547958 0.1805469 0.4105029 0.3078300 0.0147124 0.1846235 0.0897924 0.0167844 0.2634473 0.2384292 0.1828016 0.2720049 -0.0842256 0.3650233 0.4924342 0.4172018 0.3547606 0.5003819 0.2988435 0.3549769 0.5111862 0.4209409 -0.2946813 0.6957231 0.3436320 0.1391848 0.7079710 0.4998831 0.6531227 0.4955545 0.7293637 0.6406553 -0.5196957 0.6063518 0.2662811 0.6841596 0.5862220 0.6465374 0.7714557 0.7654830 0.1722577 0.7908244 0.4313129 0.5110637 0.1609771 0.6782650 0.5728164 0.6099657 0.7137960 0.5296899 0.7273469 0.0204888 0.5422357 0.5831250 0.2788334 0.3127364 0.5046370 0.5585036 0.5904951 0.5608699 0.5499108 -0.1115140 -0.1452801 -0.4128802 -0.0843767 -0.2079550 -0.4484481 -0.0888453 -0.1495632 0.1770433 0.3231648 0.2601002 0.2008443 -0.0728697 -0.1903146 -0.2158058 -0.2785217 0.0734425 0.1915745 0.1671277 0.0721419 -0.1089357 -0.0406874 0.2475276 0.5115027 0.3535352 0.0978764 -0.0879772 0.6330048 -0.5026392 -0.3847696 -0.4012672 -0.5896205 -0.3156147 -0.1617087 0.2240366 -0.2718161 -0.4714818 -0.3849862 -0.3201629 -0.1792951 -0.3803300 0.0512106 0.2484896 -0.3305120 -0.3563852 -0.4255571
-0.0532599 -0.0034358 0.1900584 0.8684102 0.1304053 0.0898059 -0.0455334 0.8803908 0.0785973 0.9664321 0.0000000 -0.0740652 0.7746798 0.7373710 -0.1117393 0.7574106 0.9305972 -0.1512009 0.8683992 -0.1891529 0.0926123 0.4620756 0.6276341 -0.2491375 0.4024030 0.4962167 0.0558611 -0.4708468 0.5099420 0.2373236 0.0262820 -0.2763810 -0.1818801 0.4291764 0.5063079 0.3840455 0.2570374 0.3044764 -0.0581147 -0.0758235 0.0241451 0.7237787 0.0275285 0.3733708 0.6559668 0.2311766 0.5120034 -0.0283044 0.6280561 0.5779076 0.6075960 -0.2423538 0.4045516 -0.1314211 -0.2713368 0.2156661 0.0744743 0.7707887 0.1195112 0.4868328 0.3724938 0.4182570 -0.1982682 0.8138204 0.1918037 -0.2577026 0.4973574 0.6256324 0.0416652 0.7341766 -0.1297341 0.4985680 0.7995781 0.7250838 0.1725242 0.8118011 0.6830477 0.5465794 0.6828020 0.0732042 0.2299234 -0.0136983 0.0675367 0.0949098 0.3545533 0.2266916 -0.0785224 0.3527810 0.3561023 0.3301116 0.2191337 0.0360686 0.5513337 0.5641923 0.1249133 0.0277812 0.5935489 0.4140244 0.1641420 0.5216063 0.3713495 0.2307797 0.1160212 0.5464752 0.3326256 0.1127947 0.3320205 0.2947037 0.4953682 0.5357503 0.2672048 0.5849000 0.1725805 0.4415233 0.3294580 0.0727704 0.2198755 0.1230690 0.0767482 0.3272086 0.2928540 0.2089033 0.2973696 -0.0355244 0.4239479 0.5872666 0.4534730 0.3814902 0.5558694 0.3343137 0.4093558 0.5188768 0.4741702 -0.3281871 0.6798669 0.3367946 0.1615353 0.7193699 0.5357997 0.6718673 0.5128878 0.7335837 0.6191381 -0.4699884 0.6205719 0.2816386 0.7011644 0.6037164 0.6400477 0.7683206 0.7758811 0.2190462 0.7871954 0.4737332 0.5656605 0.1545657 0.6935481 0.5781615 0.6259307 0.7149675 0.5678419 0.7345575 -0.1023785 0.5417175 0.6080438 0.2837810 0.3317339 0.5592268 0.6145788 0.6268564 0.5721352 0.5946482 -0.0077765 -0.1555669 -0.3734708 -0.1312038 -0.1752329 -0.3791048 0.0260016 -0.0095305 0.3318405 0.4075832 0.2672540 0.2025356 -0.0579480 -0.1213225 -0.1860118 -0.2938980 0.0550710 0.1718217 0.2396746 0.0325013 -0.1749602 0.0129146 0.3641922 0.5650737 0.4221779 0.0108174 -0.1386691 0.7132047 -0.6161654 -0.4431146 -0.4660725 -0.6537327 -0.3402969 -0.1818975 0.3242344 -0.3560234 -0.5562326 -0.4564774 -0.3816771 -0.0719432 -0.4053547 0.2051899 0.4262761 -0.4135175 -0.4450849 -0.5352241
0.2329913 0.6997294 -0.2164086 0.1117998 0.0665583 0.6581621 0.7557497 0.1063147 0.6265074 -0.1063063 -0.0740652 0.0000000 -0.1905714 -0.3321440 0.7745820 -0.4076432 -0.2983743 0.4324104 -0.0781588 0.0067148 0.8074742 -0.0682872 -0.4687863 0.8205401 0.0117681 -0.3528959 -0.2680515 0.1994322 0.2955904 -0.3678201 0.1171099 -0.0036111 0.5500715 0.3230494 -0.1613447 0.4807535 -0.1748256 0.1816946 -0.2482540 -0.4620245 0.0029848 0.0330575 -0.1547008 -0.1941151 -0.0064595 0.1517275 -0.0404753 0.0110309 0.1810351 0.2907920 -0.2747681 -0.3176067 0.4046688 -0.2023736 0.1279116 0.2099901 -0.0044304 -0.2638715 0.2326043 -0.2843650 0.4066375 -0.2689962 -0.0297045 0.2147185 0.8178711 -0.1249045 -0.2723501 -0.2933694 0.0718166 -0.1666020 -0.1275168 0.3272228 -0.0381286 0.4672081 -0.0651574 0.0761699 0.4689044 0.3801591 0.1061237 0.4000638 0.4271571 0.1724036 -0.0403057 -0.1618207 -0.1018208 -0.0979905 -0.0504485 -0.1761452 -0.1251359 -0.2695358 -0.0888149 -0.2185154 -0.2781755 -0.2486030 -0.0542039 -0.1778160 -0.2493124 -0.0933022 -0.1229732 -0.0651717 -0.2567135 -0.1933926 -0.2650252 -0.1918875 -0.2237750 -0.0618978 -0.2001070 -0.2224315 -0.2415566 -0.1698603 -0.1890235 -0.3026691 -0.0450145 -0.1337985 -0.1241258 -0.1075003 -0.2450792 -0.2605185 -0.1088169 -0.1862946 -0.2658950 -0.3711918 -0.1624200 -0.1497052 -0.2702092 -0.1320100 -0.2777602 -0.3467687 -0.1756723 -0.2934558 -0.2807411 -0.1621389 -0.1554505 0.0910922 -0.0342352 -0.3869522 -0.3236867 -0.1749749 -0.2292732 -0.3941731 -0.2984383 -0.3897204 0.1467330 -0.0265175 -0.3675790 -0.4952936 -0.3018986 -0.2761507 -0.1006244 -0.4329252 -0.3823543 -0.5442238 -0.3195189 -0.3569338 -0.0246698 -0.2008162 -0.2409858 -0.4471390 -0.1332816 -0.3973335 -0.1877276 -0.3323573 -0.3223608 -0.5262848 -0.2381881 -0.5060274 -0.3363330 -0.2165146 -0.1892249 -0.3208688 -0.3271723 -0.2229996 0.4198775 0.3534543 0.7454939 0.6574182 0.8072343 0.4469437 0.7942549 0.7138441 0.2107747 0.1187431 0.1579244 -0.0424328 0.5248811 0.6992264 0.5369389 0.5224002 0.7310526 0.1609010 0.0062057 0.3631952 0.0821352 0.2938760 0.1448617 0.2027406 -0.0661713 0.0864716 0.1421825 -0.1537799 0.0166114 0.0494386 -0.1208968 0.1341220 0.1835789 0.2783856 -0.1980925 -0.0011780 0.1176111 0.2442237 0.0331007 0.6129668 0.3614755 -0.0942543 -0.0674681 0.1392711 0.0504274 -0.3016124
0.2297680 -0.0417814 0.3252029 0.7069175 0.4347008 0.1212317 -0.0357426 0.7793970 0.1748903 0.8139229 0.7746798 -0.1905714 0.0000000 0.6205821 0.0334731 0.5968645 0.8140278 0.1645525 0.6426905 0.2161039 -0.1374408 0.7963663 0.6609791 -0.1499507 0.5506564 0.5971161 0.3367431 -0.0546954 0.2378743 0.2994257 0.4633995 0.1747491 -0.0630968 0.2008792 0.6176804 0.0929958 0.4664729 0.5001241 0.2037260 0.0658060 0.3815286 0.3908733 0.3251938 0.2284996 0.3695156 0.4734960 0.5176378 0.3078394 0.3997114 0.5253354 0.5313530 0.1736701 0.1614700 0.1938821 0.0108322 0.5707890 0.1680844 0.6112674 -0.0774769 0.5309579 -0.1045106 0.4833573 0.0034272 0.5977922 -0.0866830 -0.1088911 0.4928913 0.5657847 0.1660271 0.5780413 0.0829601 0.2908255 0.6832686 0.5813533 0.2274553 0.6077520 0.4124757 0.5563388 0.5685681 0.1852554 0.1736236 0.0635027 0.0847012 -0.1693029 -0.0219463 0.0290956 -0.1697572 0.0628516 0.0535465 0.0647121 0.0083651 0.1200497 0.2622126 0.3115909 0.0062670 -0.1003252 0.2705586 0.1391669 0.2083830 0.2333969 0.0853138 0.0433523 -0.0439233 0.3016686 -0.0339958 -0.1709480 0.1080490 0.0574097 0.3110697 0.2992124 0.0412373 0.3653127 -0.0567486 0.2109136 0.1109906 -0.1857950 0.0166955 0.0003444 -0.1886066 0.0663880 0.0604001 0.1151109 0.2236696 -0.2270634 0.1806460 0.2715808 0.1757548 0.2725306 0.2427443 0.1245856 0.1564406 0.5116263 0.2347301 -0.0481603 0.5799461 0.4445947 -0.0258182 0.4863090 0.3116583 0.5174580 0.4736883 0.6163052 0.4623195 -0.4662589 0.4412378 0.2816028 0.5133770 0.4170452 0.4310119 0.6865639 0.6038314 0.0239415 0.6421498 0.3059551 0.2558432 0.0781678 0.4335565 0.4234317 0.4248293 0.5618421 0.3073114 0.5371445 -0.0721127 0.3657436 0.4029269 0.0491755 0.0920108 0.2060231 0.2932729 0.3231853 0.2927764 0.2847596 -0.0351535 0.0049571 -0.2722204 0.0645588 -0.2041092 -0.3192942 -0.2631058 -0.3183307 0.0010666 0.1060932 0.1201608 0.2029598 -0.1381795 -0.3147863 -0.3149455 -0.2313519 -0.1644001 -0.0704779 -0.0813239 0.0424660 -0.1554820 -0.2088662 0.0064532 0.2371747 0.1267940 -0.0007737 -0.0368459 0.3734601 -0.4600730 -0.0567116 0.0535448 -0.3211516 -0.0500690 -0.1257013 0.1085766 -0.1073781 -0.4661190 -0.1498884 0.1349136 -0.3136212 -0.4331227 -0.1464826 0.0513118 0.0422386 -0.1423888 -0.1213539
-0.0597996 -0.3416741 0.4590678 0.7325281 0.3333351 -0.1567745 -0.1160596 0.6515453 -0.0886714 0.8194590 0.7373710 -0.3321440 0.6205821 0.0000000 -0.3981095 0.5422669 0.7637788 -0.0383319 0.6733250 -0.1261195 -0.3267460 0.3846879 0.7339051 -0.4036047 0.3893312 0.6546102 0.5802530 -0.0789136 -0.0264876 0.7882261 -0.0014246 -0.1021130 -0.1450371 0.0112819 0.4178996 -0.1587573 0.3070518 0.3093964 0.3696602 0.2739919 0.0709480 0.2686859 0.2730196 0.3776672 0.1823307 0.2892175 0.3449472 0.0479324 0.1419918 0.1962604 0.3728828 0.1984386 -0.0710140 0.2228867 -0.1797925 0.0995321 0.0902857 0.4135138 0.2504881 0.3138558 -0.0100044 0.1681201 0.0122373 0.3280753 -0.1916139 -0.0615860 0.1958078 0.3325901 0.1478994 0.3017403 0.1194871 0.0568236 0.3732215 0.4336117 0.4709823 0.3472012 0.2253829 0.4930104 0.3884540 0.2129447 0.3059375 -0.0507740 -0.0613093 -0.0636838 0.0551225 0.0320268 -0.2467467 0.0757092 0.0471635 0.1019710 0.0580601 0.0712768 0.5664725 0.2928649 -0.0442526 -0.0360433 0.5710727 0.2410672 -0.1123699 0.2288608 0.0999091 0.0918538 0.1852754 0.2674960 0.2434963 -0.0110843 0.1449138 0.3079538 0.3105450 0.3655899 0.0555875 0.5479269 0.4101897 0.3665230 0.3246080 0.1022941 0.2462394 0.1621821 0.0887399 0.3277215 0.3093554 0.2633615 0.2223770 0.0826783 0.3698274 0.5097793 0.4548532 0.3012917 0.4425176 0.3255117 0.3198293 0.3762328 0.3393366 -0.0947089 0.5200018 0.3445486 0.1641094 0.6279145 0.3926982 0.6820998 0.3718721 0.6728998 0.4773149 -0.2684520 0.5713977 0.3151292 0.5503248 0.4271265 0.5201770 0.6956626 0.6625543 0.3894460 0.6231511 0.3502078 0.3344766 0.2315730 0.5258885 0.5253910 0.4385302 0.6228573 0.3798633 0.5890626 0.2722585 0.5849345 0.4261516 0.4322548 0.2964705 0.4316707 0.3848146 0.4610045 0.5216832 0.4250240 -0.3427214 -0.2837374 -0.4851652 -0.0737804 -0.2591351 -0.4572391 -0.3319674 -0.3701056 -0.0665458 0.1125883 0.2979627 0.2693023 0.0196438 -0.1690963 0.0296407 -0.1497262 0.0406194 0.3422906 0.3628050 0.2586756 0.2572385 0.1278154 0.2889475 0.5339544 0.4054604 0.4097736 0.2998970 0.6102529 -0.1100691 -0.1988371 -0.1995653 -0.2534439 -0.3562497 0.0580660 0.3895236 -0.0044958 -0.1314746 -0.1297606 -0.1858781 -0.1923573 -0.1303693 0.2027400 0.1740913 -0.1990513 -0.1655544 -0.0663461
0.4805564 0.7661587 -0.0036561 0.0854043 0.2820620 0.7874829 0.4702423 0.0315172 0.8726169 -0.0959053 -0.1117393 0.7745820 0.0334731 -0.3981095 0.0000000 -0.4431244 -0.2752825 0.6506240 -0.1565318 0.2724045 0.7446770 0.1239739 -0.3408728 0.8883598 -0.0171940 -0.2935125 -0.1190590 0.3986034 0.3713131 -0.3322386 0.3818425 0.2171749 0.8068803 0.4829579 -0.0169066 0.4475019 -0.0396936 0.3051154 -0.0440944 -0.1952109 0.3088312 0.0398537 0.0289173 -0.0620665 0.0792871 0.3057034 0.0371099 0.2595842 0.3657416 0.4363025 -0.1794402 -0.0473893 0.5466126 0.0168734 0.2827168 0.4313895 0.1007557 -0.1811239 -0.0536833 -0.0995674 0.2113655 -0.0920447 -0.0983541 0.2728350 0.6304692 0.0339195 -0.0630623 -0.1715995 0.0906468 -0.1149708 0.1302133 0.3961643 -0.0047487 0.3565509 0.0199790 0.1116064 0.3763280 0.2907431 0.1192986 0.1480956 0.1381406 0.0644524 -0.0512142 -0.2778984 -0.2825973 -0.3000001 -0.1823147 -0.2520149 -0.2484453 -0.3299919 -0.2820229 -0.2329723 -0.4879997 -0.2864453 -0.1388990 -0.2351497 -0.4510764 -0.3857688 0.0388337 -0.2210440 -0.3063884 -0.3942147 -0.5289652 -0.2795163 -0.4259518 -0.2349643 -0.4112430 -0.4904062 -0.3128762 -0.4072812 -0.2201806 -0.4961192 -0.3787762 -0.3254047 -0.3828429 -0.4019397 -0.4890130 -0.4695599 -0.4069793 -0.4532780 -0.5199857 -0.5347602 -0.2407725 -0.5044009 -0.5043104 -0.2666760 -0.4466246 -0.3888124 -0.3483330 -0.4819544 -0.4380622 -0.1755936 -0.1896202 0.1726536 -0.0636002 -0.3473109 -0.3818031 -0.2782220 -0.2344062 -0.3926669 -0.2697622 -0.3302182 -0.0318162 -0.2889115 -0.3696603 -0.5130507 -0.2812325 -0.2355643 -0.1993046 -0.3156345 -0.3554924 -0.6324049 -0.2471357 -0.4140745 -0.1991750 -0.3273794 -0.2737680 -0.4041871 -0.2060354 -0.3456683 -0.2773713 -0.3116712 -0.4685981 -0.5369303 -0.2390343 -0.6619966 -0.3719792 -0.3336318 -0.2915227 -0.3638100 -0.4231996 -0.3163679 0.5098342 0.4984758 0.6069502 0.4508831 0.4615549 0.3427322 0.4989721 0.4469082 0.0119739 -0.0490873 0.0510907 -0.0689112 0.2713761 0.2711090 0.1929625 0.1684464 0.4487843 0.0258176 -0.3606464 0.0755329 -0.0911947 -0.0934947 -0.1548610 -0.1629560 -0.1494220 0.0496288 -0.0969810 -0.3085126 0.0215965 0.2368781 0.0482904 0.1091229 0.2304669 -0.0332301 -0.3011567 0.1817407 0.0504156 0.3373826 0.1400672 0.3317024 0.0695837 -0.3618255 -0.1814862 0.3844192 0.1551753 -0.0320612
-0.0709745 -0.2559919 -0.0470902 0.3985577 -0.0549193 -0.2521852 -0.2623772 0.5281398 -0.3402576 0.6920937 0.7574106 -0.4076432 0.5968645 0.5422669 -0.4431244 0.0000000 0.8318466 -0.5247400 0.7700416 -0.1865478 -0.2970607 0.3101173 0.7038128 -0.5126298 0.4976752 0.7288863 -0.1730915 -0.5460317 0.3386613 0.1974187 -0.1174464 -0.0813947 -0.4430054 0.2933207 0.7157411 0.1754556 0.4129856 0.2568865 -0.1932377 0.1666606 0.0776416 0.6471893 0.2340700 0.5147027 0.6340566 0.1926803 0.6984478 0.1005744 0.4752127 0.3636429 0.8934284 -0.1145355 0.1362326 -0.0213958 -0.1218964 0.1994925 0.1710266 0.8443226 -0.0793140 0.7596623 0.2620160 0.7803341 0.0417171 0.5284779 -0.2355254 -0.1293494 0.7901662 0.8725398 0.1442193 0.8762307 -0.1058436 0.1571032 0.8515787 0.2372215 -0.0080430 0.7525676 0.2977416 0.0703387 0.5726195 -0.0377566 -0.0708361 0.3675014 0.5654325 0.5599412 0.7109513 0.6560173 0.4060559 0.7461318 0.7528772 0.7727706 0.6585056 0.4889144 0.7729070 0.8653236 0.5588676 0.5089691 0.7850028 0.6847497 0.5667052 0.8046058 0.7707210 0.6531851 0.4695479 0.8778889 0.6854764 0.5065037 0.7073427 0.6389051 0.8310270 0.8373499 0.6602510 0.8383293 0.3494111 0.7142767 0.6337970 0.4697137 0.5674538 0.4967940 0.4111793 0.6287645 0.6369012 0.6243962 0.6982018 0.3955252 0.7250780 0.5683224 0.7698079 0.8181452 0.7249674 0.7305398 0.7804272 0.7997113 0.6865078 -0.1525142 0.7468421 0.7040783 0.5883776 0.6967203 0.7522643 0.5878796 0.8016905 0.7003990 0.5951306 -0.1263179 0.7776849 0.7131926 0.7674254 0.6889956 0.7083935 0.7878896 0.8703194 0.5706749 0.8140268 0.7713549 0.6672596 0.4672007 0.7463258 0.7473863 0.6728413 0.7428023 0.7292371 0.8581689 0.1276104 0.6086406 0.7900270 0.6455301 0.6118329 0.7255718 0.7376782 0.7722084 0.7390981 0.7049890 -0.0128300 -0.1707687 -0.4236791 -0.3533968 -0.3212927 -0.1526851 -0.1204115 -0.0904986 0.5823003 0.5722211 0.0830266 0.2755344 -0.3038217 -0.3572975 -0.3708619 -0.2446341 -0.4323154 -0.2897878 0.2568613 -0.2548163 -0.4243733 -0.1103728 0.2484999 0.3573569 0.4517249 -0.2947336 -0.2781061 0.6945611 -0.8006183 -0.6202394 -0.4801881 -0.6648104 -0.0238655 0.0118443 0.5265614 -0.2930396 -0.8207320 -0.6923657 -0.4381044 -0.2074235 -0.3297542 0.3950583 0.5365219 -0.3900502 -0.6877107 -0.4651599
0.0288147 -0.1096038 0.3115630 0.7317003 0.2654582 -0.0184391 -0.1706531 0.7806864 -0.0493931 0.9320543 0.9305972 -0.2983743 0.8140278 0.7637788 -0.2752825 0.8318466 0.0000000 -0.1751493 0.8304212 -0.0332967 -0.1338205 0.5653556 0.7945618 -0.4580955 0.4759555 0.6575607 0.1872570 -0.4326515 0.3619969 0.3330271 0.1346313 -0.1569037 -0.2703892 0.3023324 0.6151189 0.1945091 0.4483435 0.3863870 0.0564129 0.1098238 0.1854711 0.6449134 0.2362520 0.4531541 0.5919205 0.3517314 0.6275512 0.0935138 0.5038949 0.5660955 0.7086607 -0.0202624 0.2149973 0.0574619 -0.1196340 0.3400953 0.2424055 0.8141264 0.0967745 0.6345666 0.1863938 0.5712133 0.0193875 0.6552283 -0.0775800 -0.0777669 0.5755802 0.7299553 0.2313495 0.7651332 0.0238387 0.3143288 0.7849300 0.5272905 0.2755233 0.7102079 0.4629818 0.4263770 0.5357705 -0.0400400 0.0499196 0.0959912 0.1970485 0.1692863 0.3771704 0.2793653 -0.0741270 0.3981609 0.3861152 0.3997422 0.2625467 0.1591491 0.6115730 0.6230813 0.1308201 0.1125634 0.5888932 0.4670259 0.2480343 0.5220468 0.4175294 0.2764871 0.1890209 0.6024732 0.3514490 0.1146584 0.3419796 0.3193388 0.5547822 0.5906948 0.3202697 0.6348914 0.1847101 0.4654882 0.3525980 0.1074679 0.2407465 0.1301007 0.0471460 0.3424317 0.3255783 0.3380287 0.4100166 0.0056568 0.4634088 0.5843299 0.5054880 0.5230681 0.5553718 0.4125811 0.4599630 0.5882607 0.5432582 -0.2554027 0.6715060 0.4522972 0.2553465 0.6751088 0.5440014 0.7160021 0.5895061 0.7525538 0.5800399 -0.3474367 0.6330519 0.4385104 0.6894028 0.5930195 0.6280305 0.8047908 0.8368072 0.3939455 0.8080222 0.5492545 0.5257941 0.3291257 0.7201092 0.6334339 0.6195947 0.7585338 0.5731276 0.7774265 0.0895801 0.6019438 0.6302371 0.4657203 0.4176201 0.5570257 0.6038199 0.6533951 0.6247914 0.5826675 -0.1881834 -0.2928484 -0.5192971 -0.2447656 -0.2850213 -0.3700931 -0.1614036 -0.2261296 0.2583796 0.3904709 0.1980094 0.2032727 -0.1267148 -0.3081095 -0.2896836 -0.2825046 -0.1158063 0.0683723 0.1996367 -0.0733437 -0.1962147 -0.0694497 0.2706544 0.4378587 0.4135075 0.0070274 -0.1711452 0.7088308 -0.6517058 -0.4834586 -0.4107903 -0.6552325 -0.2783248 -0.1256226 0.3147816 -0.2375688 -0.6444238 -0.5341959 -0.3320508 -0.2592876 -0.3760998 0.1302553 0.3567020 -0.3337331 -0.3816675 -0.3457555
