0.0000000 0.7209446 0.0010492 0.4964439 -0.3171581 0.3702747 -0.3749942 0.1521856 0.1674111 0.2065265 0.1808400 0.1121058 0.0531736 0.0512738 0.1338897 0.2255692 0.0980015 -0.2358058 0.2428676 -0.0547691 0.2083391 -0.0185743 0.1409626 0.3070317 0.0054199 0.1236734 -0.1513659 -0.4587846 0.3369786 -0.3992618 -0.1813776 -0.2403041 0.0473131 0.2285355 0.0068695 0.2792002 -0.1837558 -0.0288450 -0.3401453 -0.4140719 -0.1362088 0.3386677 -0.2712637 -0.0087389 0.1098472 -0.3307312 -0.3232688 -0.0251192 -0.0391528 -0.2908259 -0.2974150 -0.2607026 0.0660365 0.0062956 -0.0337114 -0.3075028 -0.3977550 0.0773551 0.2672955 -0.2578775 -0.0566615 -0.2434426 0.0688574 0.0875918 -0.0655142 -0.2836382 -0.3724433 0.0530636 -0.0889207 0.0578339 -0.1824114 0.0499398 -0.1548835 -0.0416374 0.0087949 -0.0127034 -0.0775925 -0.0555143 -0.0629143 -0.1408077 -0.1700583 0.4961791 0.1561785 -0.2050399 -0.3735408 -0.2855027 -0.1458423 0.3286058 -0.2126487 -0.0834631 -0.1047648 -0.0455179 -0.0024560 0.1596910 -0.1457944 -0.2012822 -0.2722641 0.2296314 0.3610486 0.0604835 -0.3566596 -0.0290595 -0.0667072 -0.1038807 -0.2465583 -0.0717674 -0.1534177 0.2772020 0.3002288 0.5172518 0.2674989 0.4702844 -0.1629617 0.0252229 0.1995614 0.0929883 -0.0685991 -0.1203805 0.0312447 0.1574167 0.1661028 -0.0299647 0.0575688 0.1122200 0.0884462 0.2313121 -0.0212941 0.0123021 0.0965731 -0.1398931 -0.0526986 -0.0953879 0.0445989 0.0943906 -0.0448072 0.0233921 0.0875182 0.1745425 0.0198215 0.2667687 -0.1345226 0.3152945 -0.1976397 0.2504405 0.1316925 0.0969542 -0.1087704 -0.2160783 -0.1471803 0.3768170 0.3403690 0.2119517 0.0012323 -0.0988969 -0.4152668 0.1877167 -0.0084921 -0.1393996 0.0819129 0.2110723 -0.4124766 0.1360650 0.1940958 0.2123787 -0.3699657 0.1577626 0.3461387 -0.0771315 -0.0674062 0.0845316 -0.1244902 -0.1813427 0.5131380 0.4870881 0.4723308 0.2406215 0.0784622 -0.0677038 0.1063483 0.1945738 0.4867925 0.4410437 0.4668983 0.3979792 0.2261993 0.1044931 -0.1264660 -0.1608443 -0.1406458 -0.2507145 0.2042096 -0.2841858 -0.2326302 0.1397793 0.2998445 0.1987256 0.1668719 -0.1060177 -0.3512661 0.1946003 -0.2177915 0.0190644 -0.1008148 -0.1247307 0.1429962 -0.3627426 0.7346977 -0.2318130 -0.1763236 -0.0870877 -0.1345133 0.0148998 -0.0227584 -0.2731920 0.6475326 -0.2348381 -0.2859699 -0.4419418
0.7209446 0.0000000 0.3382134 0.6594686 -0.2437121 0.4647287 -0.1934181 0.2922727 0.2083481 0.1879108 0.2268086 0.2600610 0.1021438 0.0433886 0.2497784 0.3171325 0.1396356 0.0081930 0.3432905 -0.0209113 0.0553429 0.2351314 0.2294638 0.2833002 0.3608401 0.2729073 0.0816004 -0.1215006 0.1930276 -0.1778824 0.0365480 -0.0154196 0.2352964 0.1320318 0.1096801 0.2216625 -0.0161128 0.1333123 -0.1347419 -0.1597345 0.1039166 0.2377839 -0.0768337 0.0509673 -0.0066786 -0.1160449 -0.1217616 0.1436339 0.0849173 0.1557486 -0.1344241 -0.0258611 0.1168239 0.0844685 0.0791056 -0.0866354 -0.2093757 0.1019750 0.4788081 -0.0738687 0.1282641 -0.0226710 0.1500913 0.1750847 0.1597005 -0.1522735 -0.1116965 0.0793140 0.0615462 0.1242989 -0.0597341 0.1841217 -0.0236955 0.1637739 0.1351351 0.0819740 -0.0030185 0.1080738 0.1055739 -0.0529926 0.1351961 0.0917410 -0.1301325 -0.3685791 -0.4600624 -0.3307549 0.0245934 -0.1477599 -0.2487585 -0.1643519 -0.0520320 0.0306476 0.1641123 -0.1631581 -0.1584997 -0.0216336 0.1124294 0.2683694 0.1072217 -0.2033772 -0.1860165 0.0838040 -0.1615646 -0.3916266 0.0882063 0.0091113 -0.1810249 0.1437772 0.2992616 0.1058193 0.1813215 0.2025446 0.1401559 0.1994388 0.3434958 0.1555253 0.1362707 0.1819851 0.2082232 0.2751642 0.3478888 0.1227960 -0.1040219 0.1734345 0.2944332 0.2314132 0.2817399 -0.0453049 0.1842690 0.2336057 0.1871391 -0.0485835 0.0892726 0.0683155 0.0068711 0.0358469 0.1598521 0.1560290 0.0567369 0.2351306 -0.0945053 0.3004640 -0.1710630 0.0479746 0.2207823 0.0615848 -0.0311336 0.0143492 -0.1700475 0.2852795 0.2998446 0.0284349 0.0343462 -0.1812865 -0.0763364 -0.1767946 0.0832129 -0.0697721 0.1183698 0.2906871 -0.0887390 0.1076360 0.0281227 0.2244630 -0.1158213 0.0774683 0.0176579 -0.1386579 -0.0931442 0.0043132 -0.2008981 -0.1866972 0.0953389 0.2434402 0.5258041 0.3987813 0.0175540 -0.2132554 -0.0994728 0.0444739 -0.0182831 0.2367861 0.3367868 0.1365826 -0.0473317 0.2565270 -0.1885988 -0.1145630 -0.1058571 0.0581940 0.2051633 -0.1225275 0.0808778 0.1208228 0.2226109 0.2146086 0.0591475 0.1091669 -0.2258924 0.1932967 0.3033425 0.3908171 0.1535808 -0.0185547 0.0337348 -0.1266045 0.4076472 0.0933336 0.3458739 0.2741492 0.0863854 0.1563545 0.1508641 0.0200458 0.2613662 0.1269846 0.1494530 -0.0251993
0.0010492 0.3382134 0.0000000 0.0993678 0.7016459 0.0996861 0.1821547 0.3248462 -0.0788564 -0.0275695 0.1013516 -0.1295560 0.5434033 -0.0780789 -0.0179734 0.1268260 -0.0281528 0.0362720 0.1989244 0.6796870 -0.3918562 0.5858079 0.0468278 -0.1067985 0.3644229 0.1426140 0.0941335 0.2816102 -0.1242696 0.1253775 0.6016708 0.5254256 0.0358320 -0.1655143 0.1180084 0.0777262 0.3200379 0.4595250 0.0932868 0.1020153 0.5454547 -0.0044409 0.1125163 0.0146905 -0.1188390 0.4377959 0.3538090 0.5221210 -0.1039534 0.3661641 0.2536105 0.0248217 -0.1917650 -0.0026350 0.4751976 0.4601296 0.4675593 -0.0972505 0.4945928 0.2859436 -0.0067838 0.0703670 0.5979473 -0.1735189 -0.0877068 0.5499188 0.2624462 -0.0738219 0.5551619 -0.0784802 0.4550670 -0.0916923 0.1060926 0.3094569 0.3835636 -0.0360635 -0.1064415 0.3114807 0.1260495 0.1515290 0.2891601 -0.0504548 -0.2565849 -0.2374476 -0.2945362 -0.3246789 -0.0210584 -0.3538328 -0.1840001 -0.3390105 0.0744468 0.1940932 0.3945140 0.0279797 0.0427055 0.1833097 0.2842635 0.2824962 -0.1139154 0.3309731 -0.0500005 0.2618902 -0.0310891 0.1412030 0.2326975 0.1027719 -0.0579595 0.3214281 0.0786257 -0.2032724 0.0107253 -0.1781341 0.2680657 0.2225889 0.0587917 0.0183414 0.1651857 -0.0210626 -0.0122860 -0.1355724 -0.1066935 0.1031378 -0.0123218 -0.0391725 0.0292018 -0.2522617 0.1491325 0.1450853 -0.0732052 0.1752923 0.0598555 0.2998053 -0.1103721 -0.2559132 0.0726084 0.1270577 -0.0752461 -0.1278285 -0.0921774 -0.1319598 0.1331834 -0.1833322 0.3370543 -0.1987243 0.0369225 0.0719806 0.1294591 0.1903775 -0.1915569 -0.2424195 -0.0713513 -0.0262381 0.0945973 -0.1348744 0.2796228 -0.1956536 0.0394426 0.1242834 -0.0100933 0.2314343 0.4284361 -0.0479657 -0.0389848 0.1414237 0.3603427 0.0577012 -0.1906408 -0.2778970 -0.2004083 0.1050157 -0.0292670 -0.0842569 -0.0494156 0.2515867 0.3623240 -0.0030650 -0.3182280 -0.1046824 -0.1432849 0.0933569 -0.1673027 0.2987828 0.5410306 0.4800025 0.4244487 0.4218130 0.3815426 0.6228288 0.2927080 -0.0257043 -0.2044269 0.1173318 0.5856209 -0.4026120 -0.4032054 -0.2997645 -0.3638924 0.5465138 0.1786733 -0.2164518 0.3548439 0.1207773 0.1251429 -0.0836150 0.4216414 0.3103232 -0.2229293 0.2172491 0.3179439 -0.0146813 0.0754400 -0.0066081 0.4681187 -0.0369244 -0.4589528 0.4203759 0.2383797 0.2493489
0.4964439 0.6594686 0.0993678 0.0000000 -0.3153222 0.8881648 0.2130849 0.7490053 0.8007490 0.7181346 0.6479905 0.6878794 0.3719594 0.6020615 0.7674392 0.6567238 0.6050273 0.5914805 0.6570798 0.0852628 0.4760331 0.4910519 0.6231778 0.7451454 0.6076234 0.5624103 0.5107028 0.2471907 0.6928678 0.2703845 0.2346722 0.2108775 0.6662091 0.6538453 0.4150098 0.6175468 0.2876198 0.4588253 0.3060790 0.3843762 0.3723215 0.7121085 0.2904102 0.6252312 0.6315681 0.2242057 0.2115812 0.4676625 0.6598638 0.4284229 0.1864815 0.4540309 0.6838283 0.5981946 0.4258380 0.3291226 0.0684348 0.6950765 0.5567365 0.2909409 0.6048185 0.4776472 0.4698393 0.7517554 0.6723931 0.0964223 0.3123668 0.6534676 0.4206583 0.6935020 0.3177391 0.7626650 0.4705422 0.6207542 0.6113064 0.5984287 0.6331545 0.4380672 0.5283353 0.4529687 0.3399216 0.2722495 -0.0369856 -0.2040138 -0.3138492 -0.1160823 0.0739253 0.0127036 -0.0638528 0.0262739 0.1383518 0.1056927 0.3027621 0.0061022 0.1736734 0.1860834 0.1683376 0.3190206 0.3460371 -0.0039120 -0.1321114 0.2263156 0.0960162 -0.1601105 0.1472394 0.3548273 0.1452678 0.2016940 0.4445018 0.2367144 0.4039006 0.5476354 -0.0147854 0.2917257 0.6183984 0.1908814 0.0959692 0.3754807 0.1197259 0.7129480 0.6707205 0.1708439 0.1574279 0.3793797 0.6497122 0.4621412 0.3338674 0.0506107 0.4694562 0.5295271 0.4518938 0.0092106 0.4345209 0.4130038 0.0583822 0.0886708 0.4043969 0.4602017 0.1757597 0.4975191 -0.0696849 0.5719022 0.0110339 0.2183265 0.4483385 -0.0062810 0.1044456 0.1290106 0.0927440 0.5353013 0.4623828 0.2173751 0.2307869 -0.0384058 0.1024269 -0.0668614 0.2666048 0.0900221 0.2662582 0.4607525 -0.0996271 0.3596008 0.2267662 0.3583327 -0.0251044 0.2033212 0.1151911 0.0277300 0.1981902 0.2429603 -0.1812537 -0.0841992 0.1777372 0.0855218 0.2203868 0.4940277 0.0957166 -0.3833456 -0.1162981 0.1024685 0.0747376 0.2430623 0.2851957 0.1483557 0.0030179 0.5448222 -0.1382486 -0.0819690 0.3079974 0.4792354 0.5799953 0.4239007 0.2219209 0.3559516 0.5893463 0.5191468 0.3870302 0.4323335 0.2644950 0.4236832 0.0995027 0.3395051 0.1486096 0.1242201 0.0697813 0.1281881 0.3570986 -0.0386286 0.0478416 0.4179123 0.1753661 0.3442364 0.1427449 0.3614488 0.2720755 -0.1355644 -0.0371114 -0.1417475
-0.3171581 -0.2437121 0.7016459 -0.3153222 0.0000000 -0.3313388 0.1398747 0.0268224 -0.3363342 -0.3183991 -0.1553816 -0.3961219 0.2935297 -0.2644756 -0.3490982 -0.1671727 -0.3099770 -0.0337900 -0.0908626 0.6957492 -0.3675810 0.3660596 -0.2425863 -0.3585809 0.0338731 -0.1111461 -0.1720251 0.1924663 -0.2932791 0.0093291 0.5835937 0.4557577 -0.2361576 -0.2872619 -0.0492964 -0.0031867 0.2726905 0.2731413 -0.0488259 -0.0638838 0.4009396 -0.1331690 0.0164948 -0.1832549 -0.1193846 0.4246965 0.3269490 0.3142362 -0.2940241 0.0840656 0.2633701 -0.1355499 -0.3323970 -0.2599970 0.3001393 0.4075798 0.5258142 -0.3038713 0.2636616 0.2723976 -0.0466825 -0.0594290 0.4646719 -0.3896621 -0.2619329 0.5404115 0.2106474 -0.2216305 0.4472629 -0.2529339 0.3945287 -0.3040885 0.0222916 0.1395010 0.2385235 -0.1760850 -0.1620219 0.2447998 0.0030702 0.1398529 0.2160371 0.1853167 0.1826835 0.2482719 0.1621019 0.1398784 0.1289738 -0.2203472 0.2541682 0.0073801 0.4032075 0.4668337 0.5892380 0.1273500 0.3753183 0.3989587 0.3836837 0.4176651 -0.0296538 0.5529950 0.2966991 0.4655086 0.3595354 0.5220409 0.4201181 0.2987643 0.2342442 0.5146215 0.2353030 -0.1823272 0.2263748 -0.0503020 0.4584400 0.2966857 -0.1535179 0.0926472 0.2134080 -0.0118524 0.0716855 -0.2323910 -0.2378212 0.1401401 0.1826912 -0.0707551 -0.1989928 -0.2865476 0.2018974 0.5001110 -0.1898610 0.1707472 -0.0120352 0.4333664 0.0048169 -0.0499366 0.2551178 0.4110386 -0.0445887 -0.1798220 0.0044258 -0.1609857 0.3700729 -0.2607499 0.4488866 0.0045249 -0.0042819 0.3506614 0.2800312 0.3258220 0.0044718 -0.2750049 -0.1416556 0.1731407 0.2254050 0.1699475 0.4580857 0.1979281 0.0537859 0.3876516 -0.0417797 0.1602629 0.6330625 0.0310003 0.2763447 0.1066647 0.5614834 0.2868656 0.0992118 -0.0993241 -0.0633814 0.2894742 0.3118008 0.2008693 0.0982522 0.3097929 0.0807515 -0.3476520 -0.1798631 0.2570259 0.1474349 0.2843033 -0.0408283 0.2477456 0.3794679 0.4152336 0.4597508 0.1724490 0.5397120 0.6878022 0.4030788 -0.0825230 -0.1617646 0.1422746 0.4272989 -0.2495342 -0.4049066 -0.2738185 -0.2806981 0.4646338 0.3008440 -0.2254292 0.1113307 0.0005870 0.2445842 0.1297503 0.4456043 0.4351859 -0.3985560 0.1890667 -0.0154834 -0.1012542 0.2650189 -0.0402745 0.6070432 0.0248873 -0.5592332 0.3090626 0.1618595 0.2309303
0.3702747 0.4647287 0.0996861 0.8881648 -0.3313388 0.0000000 0.4249192 0.8509980 0.9305089 0.9251630 0.8595553 0.6778159 0.5919504 0.8346269 0.9232864 0.8357242 0.8679430 0.6644839 0.7982398 0.1373940 0.3335104 0.5684366 0.8419709 0.8411566 0.6977294 0.7461624 0.7462060 0.3752751 0.8003407 0.5006829 0.3002574 0.3611690 0.7578863 0.7788386 0.6623159 0.5637012 0.5053176 0.6283979 0.5826537 0.5802253 0.5446699 0.7214244 0.5533116 0.7523616 0.7355528 0.4126299 0.4307001 0.6212530 0.7959482 0.4395867 0.4320886 0.6639691 0.8104121 0.8295002 0.5884374 0.4725972 0.2475240 0.8827624 0.4218823 0.4831411 0.5534201 0.6793824 0.5828470 0.8809361 0.7417309 0.2592539 0.4983440 0.8175197 0.5494452 0.8640581 0.5281459 0.8585131 0.6874684 0.7059374 0.7385582 0.8014733 0.7296299 0.5313158 0.6796394 0.6310853 0.2244612 0.1096255 -0.2023073 -0.1799494 -0.2538963 -0.2812955 -0.1786065 0.0159784 -0.2070189 -0.1242223 -0.0352054 -0.0438444 0.1289475 0.0560743 0.0379827 0.0473177 0.1100247 0.0864862 0.2060248 0.0560396 -0.2851080 0.0879401 0.0540544 -0.0861467 0.0440282 0.2376837 0.1159842 0.0953344 0.3303732 0.1559349 0.2881518 0.4939579 -0.2505502 0.0714324 0.5127034 -0.1059663 -0.1318146 0.3192804 -0.1261044 0.6975982 0.5622592 -0.0311986 0.0970656 0.2886648 0.7489465 0.4539940 0.0584531 -0.0771381 0.5846262 0.4601378 0.5170825 0.0826265 0.4598080 0.1982511 0.0293944 -0.0390134 0.4630544 0.5956362 0.2539643 0.4359170 -0.0783633 0.5806588 0.0877298 0.1457990 0.5137241 -0.1978849 0.1447483 0.1333833 0.0957243 0.4331385 0.3706210 0.1722946 0.1843629 -0.0785838 0.0077907 -0.1307552 0.3261894 0.0945472 0.3315069 0.4526868 -0.1970201 0.2798246 0.0909407 0.3387022 -0.1296180 0.0955125 -0.0254443 0.0216900 0.2272664 0.1965196 -0.2228298 -0.1567962 0.2391144 0.0982120 0.1864524 0.4561585 -0.1096810 -0.5621390 -0.2730101 -0.0804268 0.0828944 0.1463806 0.2276463 0.1581502 0.0486478 0.4471123 -0.1774383 -0.0169667 0.3283008 0.4448956 0.3893104 0.5313465 0.3617072 0.0868172 0.5013086 0.4153066 0.3368332 0.4610603 0.2761751 0.4138861 -0.0844996 0.0094908 -0.2214817 -0.2133238 -0.0415247 0.0205487 0.3145571 -0.1811177 -0.0988764 0.1408883 -0.1732735 0.1197866 -0.0387887 0.1668003 0.2779223 -0.2269135 -0.2744436 -0.3496126
-0.3749942 -0.1934181 0.1821547 0.2130849 0.1398747 0.4249192 0.0000000 0.5476129 0.4782231 0.4852350 0.4907665 0.6257152 0.3509892 0.5939192 0.5778721 0.3812552 0.4686211 0.7706656 0.3454713 0.1091217 0.2256663 0.3957880 0.3977475 0.4002763 0.4708721 0.4003836 0.4696460 0.6529367 0.4770399 0.5359984 0.3687542 0.5160979 0.4764614 0.5070193 0.4218105 0.3472243 0.5069797 0.4985752 0.4981637 0.4815324 0.5833731 0.4074697 0.4660450 0.3339388 0.5463974 0.6079123 0.5084502 0.5033403 0.5110899 0.3527380 0.4942298 0.5046518 0.5273354 0.4439621 0.4433732 0.5881372 0.4268610 0.5397436 0.4294442 0.4462928 0.5282570 0.5564778 0.3729665 0.5370439 0.6346964 0.3395459 0.5101607 0.6182743 0.4597341 0.5933383 0.4895633 0.5077017 0.6619349 0.6339170 0.5535187 0.6070259 0.5343278 0.5339197 0.7152649 0.7842682 0.5371668 0.0132260 0.0267177 0.3924006 0.3425378 0.0604180 -0.0718308 -0.0550801 0.2173208 0.0849837 0.0375483 0.1325512 0.1096292 0.1080516 0.2460928 0.1599367 0.2035680 -0.2836150 -0.1078114 0.2491880 -0.0028372 -0.0278081 0.1379416 0.3859196 0.2340704 0.3323838 0.2238420 -0.0217495 0.1238199 -0.3658628 0.1866652 0.1997078 -0.0184821 0.1016284 0.0609267 -0.2461197 -0.0472312 0.2719153 -0.1881672 0.3649559 0.2325872 -0.0786115 0.2458770 0.1958290 0.4546507 0.0317947 0.1000722 0.0700330 0.3719431 0.5244177 0.4832057 0.2431475 0.3488856 0.0852798 0.2636305 0.0833975 0.3132941 0.3451491 0.3172612 0.0672994 0.2220192 0.2070725 0.3428346 -0.1062939 0.3060891 -0.0957211 0.5475852 0.4954455 0.1944339 -0.0035581 -0.0237649 0.1318031 0.6086379 0.0820166 0.4579126 -0.0476110 0.3531844 0.3324972 0.2556453 0.3788473 0.3209148 0.5276133 0.1100327 0.3645134 0.4173931 0.0715846 -0.1060671 0.1203582 0.2958582 0.3409549 -0.0093404 0.0726267 0.1339653 0.2475131 0.2989327 0.5158281 0.1975267 -0.0046948 0.0736273 0.1602120 0.1000392 0.0784028 0.1389487 0.1691813 0.1411990 0.2743611 0.1628361 0.1983434 0.2684120 0.4035280 0.1379890 0.7419340 0.6112020 -0.0833581 0.0520763 0.1481097 0.0169407 0.3817686 0.6318312 0.0825085 -0.0956867 -0.4427791 -0.3228141 -0.2988858 -0.2112223 0.3726273 -0.3390988 -0.2380949 -0.1447675 -0.1823396 -0.2716613 -0.1657127 0.0092437 0.1838757 -0.1706620 -0.0524800 0.0575954 0.0992724
0.1521856 0.2922727 0.3248462 0.7490053 0.0268224 0.8509980 0.5476129 0.0000000 0.7831992 0.8100983 0.8955143 0.5946208 0.7416861 0.6825191 0.7805487 0.8637611 0.7823968 0.6398633 0.8866361 0.3723344 0.2757946 0.7818843 0.8332118 0.6358092 0.8521310 0.8135942 0.7258022 0.3750531 0.7487071 0.4729849 0.5585224 0.6147474 0.5985742 0.6972766 0.7617295 0.5427914 0.6886231 0.8746211 0.6580260 0.5877556 0.7777718 0.6495789 0.6698229 0.5835168 0.7205255 0.7228347 0.6512848 0.8454276 0.6570910 0.6632708 0.6046756 0.7305708 0.7365817 0.8272810 0.8336900 0.7535220 0.4836420 0.8128569 0.4259058 0.6153539 0.6114141 0.7642123 0.7832065 0.7534475 0.7118011 0.4618357 0.6098815 0.8497791 0.7371177 0.8314007 0.7073440 0.7452241 0.8231203 0.7208385 0.9145397 0.8359471 0.6924954 0.7272409 0.8011266 0.7665434 0.2874750 0.0947874 -0.2287983 -0.0884020 -0.0206811 -0.2451588 -0.1530019 0.0140142 -0.0499344 -0.0289333 0.1048981 0.1582478 0.2861771 0.2217728 0.2764122 0.2678059 0.2568427 0.0835374 0.2078861 0.2869688 -0.0965991 0.1907462 0.1442058 0.0770261 0.2179005 0.4855711 0.3033220 0.2225625 0.3731790 0.0709052 0.3960879 0.4989121 -0.0289029 0.2177959 0.5521750 -0.0683758 -0.0512814 0.3419588 -0.1834329 0.7436691 0.6049300 0.0991370 0.0698070 0.3440134 0.7406366 0.3779354 0.1483182 -0.0664333 0.5594432 0.5311613 0.5676949 -0.0136524 0.4400424 0.0897476 -0.1196102 -0.0846927 0.4080807 0.5446532 0.2439460 0.4190658 -0.1224623 0.5193701 0.0566820 0.0659334 0.4609650 -0.2444803 0.2200883 0.2014268 -0.0604242 0.3543489 0.3326156 0.1516925 0.1836824 -0.1122965 0.1770342 -0.1561851 0.2067967 0.1209786 0.1170059 0.5442559 -0.0298003 0.2787662 0.0351747 0.3911248 0.0297929 0.0704086 -0.1644603 -0.1021587 0.1493706 0.2145004 -0.2783014 -0.1950422 0.2303418 0.0961620 0.2029571 0.3582210 -0.1330184 -0.5488362 -0.2622603 -0.0805794 0.0320387 0.0458843 0.2144130 0.2088339 0.0863512 0.3742705 -0.1686009 0.0924294 0.2962515 0.3216367 0.4096789 0.5440083 0.4911707 -0.0148893 0.3884334 0.3440193 0.2540720 0.5484476 0.3515022 0.3618169 -0.0690244 0.0885087 -0.1837750 -0.1803279 0.0467515 0.1031121 0.1467214 -0.2350395 -0.1053769 0.1536225 -0.1066760 0.0874484 0.1461213 0.1259654 0.0750445 -0.2404982 -0.2302035 -0.1875224
0.1674111 0.2083481 -0.0788564 0.8007490 -0.3363342 0.9305089 0.4782231 0.7831992 0.0000000 0.9542388 0.8129108 0.7284375 0.4701893 0.9141859 0.9636002 0.7353273 0.8858251 0.7466048 0.6836865 0.0248507 0.4315741 0.4040875 0.7918799 0.8923064 0.5673627 0.6290668 0.7561875 0.4538168 0.8152291 0.6097197 0.1943050 0.2473479 0.7870050 0.8466875 0.5754079 0.5275399 0.4129011 0.5124403 0.6267549 0.6777002 0.4220192 0.7089300 0.5262569 0.8164834 0.8592041 0.3520588 0.3587933 0.4909765 0.8639809 0.3686543 0.3744738 0.6510950 0.8786066 0.8307584 0.4662259 0.4154544 0.1891638 0.9311390 0.2951040 0.4227729 0.6431204 0.6633947 0.4638372 0.9365027 0.8200660 0.1710820 0.4814816 0.8552491 0.4498240 0.9167522 0.4666896 0.9178831 0.6903538 0.7560905 0.6776353 0.8401929 0.8646240 0.4972435 0.6868360 0.6893503 0.2292833 0.1203910 -0.1043879 -0.0470304 -0.0866302 -0.1185568 -0.1477453 0.0173630 -0.0734423 -0.0524932 0.0431434 -0.0265721 0.1097762 -0.0106103 0.1078841 0.1168421 0.1210216 0.0499842 0.1444265 0.0358203 -0.2315448 0.0788668 0.1404368 -0.0628542 0.0918684 0.2654040 0.1829986 0.0673132 0.3347118 0.1400775 0.2869806 0.5016674 -0.2270032 0.0768061 0.4528741 -0.1020788 -0.1344212 0.3328830 -0.1580833 0.6973034 0.5675587 -0.0343420 0.0932592 0.2667717 0.7511454 0.4790170 0.0738139 -0.0401745 0.5983831 0.4798201 0.5436449 0.0817957 0.5597970 0.3297953 0.0625896 0.0318424 0.5306982 0.6341679 0.3243029 0.4529146 0.0038797 0.5954055 0.1096772 0.2255493 0.5447354 -0.1333581 0.2340193 0.2098685 0.2567486 0.4593795 0.3690698 0.2365172 0.2351288 0.0769339 0.0600608 -0.0215491 0.3460476 0.1990819 0.3054528 0.4254882 -0.1372210 0.3035012 0.1408448 0.3424271 -0.0690655 0.1628389 0.0479351 0.1628417 0.3817029 0.2987695 -0.0817202 0.0133258 0.2658780 0.0059803 -0.0187067 0.3973128 -0.0761355 -0.5411401 -0.2631033 -0.0824279 0.0163581 -0.0001797 0.0372584 -0.0077621 -0.0663180 0.4746500 -0.1619529 -0.0283773 0.4469797 0.5556932 0.4214960 0.6516871 0.3100387 0.1816336 0.5685970 0.4705755 0.4448621 0.4329059 0.4145382 0.4462036 -0.2072918 0.0000966 -0.2034575 -0.1365610 -0.1375604 0.0671284 0.2146492 -0.2143474 -0.2468740 0.1834628 -0.1325481 0.0904570 -0.0573937 0.2865439 0.2384841 -0.3359846 -0.3219254 -0.3694596
0.2065265 0.1879108 -0.0275695 0.7181346 -0.3183991 0.9251630 0.4852350 0.8100983 0.9542388 0.0000000 0.9034278 0.6753450 0.5313714 0.9366299 0.9134926 0.8286066 0.9599249 0.6331136 0.7883168 0.1261853 0.3457533 0.4619797 0.8830615 0.8912296 0.6331894 0.7323617 0.8225281 0.4460166 0.8279650 0.6591591 0.2839032 0.3255854 0.7965331 0.8748988 0.7040389 0.4961318 0.4996112 0.6060288 0.7283277 0.6906455 0.5105109 0.6698816 0.6387403 0.8000580 0.8137074 0.4152718 0.4268323 0.5811188 0.8667460 0.3373047 0.4724261 0.7095391 0.8867478 0.9043358 0.5410398 0.4355573 0.2221226 0.9557601 0.1966594 0.4923182 0.5412008 0.7119381 0.5211216 0.9267597 0.7781052 0.2109223 0.5202660 0.8832280 0.4718277 0.9417641 0.5075759 0.8963665 0.7533337 0.7219643 0.7079481 0.8826772 0.8183425 0.5048712 0.6904486 0.7049735 0.0725002 0.0503401 -0.2133381 -0.0846505 -0.0890910 -0.2649794 -0.3382450 0.0655023 -0.2094124 -0.1796638 -0.1470163 -0.1693519 -0.0267921 0.0452627 -0.0261850 -0.0371925 -0.0096463 -0.0946658 0.0558134 0.0458862 -0.2981723 -0.0306893 0.0274579 -0.0687658 -0.0536688 0.1712455 0.1259463 -0.0048674 0.2578631 0.0912091 0.2002213 0.4265681 -0.3434924 -0.0976567 0.3083888 -0.2776759 -0.3457267 0.1588155 -0.3422323 0.6204154 0.4428694 -0.1856016 -0.0173270 0.2883167 0.7123260 0.4892906 -0.0905718 -0.1848997 0.5988175 0.3576397 0.4944527 -0.0116790 0.5195686 0.1508539 -0.0562876 -0.1391958 0.4898294 0.6299573 0.2949630 0.4072295 -0.1402464 0.5812612 0.0464098 0.1623012 0.5127241 -0.3176351 0.1350377 0.0866840 0.0825742 0.4023726 0.3331138 0.1616458 0.1054709 -0.1078837 -0.1086076 -0.0790242 0.1930362 0.0984953 0.1641573 0.3457361 -0.2971635 0.1796214 0.0491754 0.2134843 -0.2471157 0.0538924 -0.0588960 -0.0129986 0.2064935 0.1339713 -0.1966182 -0.1612142 0.3147201 0.0433880 0.0412824 0.3972010 -0.1184464 -0.6241649 -0.3000618 -0.1724162 0.0442429 -0.0211344 0.0457042 0.0427729 -0.0286795 0.3370809 -0.2209099 -0.0064453 0.3477642 0.4443760 0.3106877 0.5599152 0.2602393 0.0107611 0.5046925 0.3754677 0.3956222 0.3638676 0.2852443 0.4453723 -0.3561904 -0.1650259 -0.4141234 -0.3441491 -0.1729836 -0.0827851 0.2591767 -0.3538333 -0.3419158 -0.0102140 -0.3388052 -0.0898611 -0.1534597 0.1382580 0.2989795 -0.4064134 -0.4935699 -0.5005397
0.1808400 0.2268086 0.1013516 0.6479905 -0.1553816 0.8595553 0.4907665 0.8955143 0.8129108 0.9034278 0.0000000 0.5663772 0.6185768 0.7850703 0.7951144 0.9739521 0.9433981 0.5457087 0.9526279 0.2404204 0.2493640 0.6443750 0.9773121 0.7459841 0.8162252 0.9274766 0.8397620 0.3413696 0.8106147 0.5378958 0.4724152 0.5287862 0.6803688 0.8155653 0.9040220 0.5063793 0.7317339 0.8119751 0.7694810 0.6032176 0.7316077 0.6398803 0.7980862 0.6317048 0.7480788 0.6455176 0.6206977 0.7561106 0.7631124 0.5035057 0.6696485 0.8151336 0.8617505 0.9294732 0.7256334 0.6074769 0.3890387 0.9141818 0.2028620 0.6602732 0.5535487 0.8342289 0.6526203 0.8526201 0.7533682 0.3329319 0.6349607 0.9092235 0.5854986 0.9289146 0.6547531 0.7961553 0.9004918 0.6337779 0.8312363 0.9502005 0.7176315 0.6847383 0.8243285 0.7906122 0.0546956 -0.0487617 -0.3078599 -0.0501548 0.0302675 -0.3625944 -0.4178371 -0.0139995 -0.1972838 -0.1704088 -0.1206193 -0.0652522 0.0931172 0.0761589 0.0327408 0.0179311 0.1471956 -0.1012455 -0.0020669 0.0908493 -0.2113738 0.0151250 0.0541284 -0.0555346 0.0914869 0.2729135 0.1840844 0.0606575 0.3232984 -0.0380706 0.2865810 0.4511459 -0.1669734 -0.0542176 0.3123627 -0.3275840 -0.3335807 0.2652730 -0.3295511 0.7214166 0.4947398 -0.1431807 -0.1345082 0.3423105 0.7652616 0.5118272 -0.0776755 -0.1984459 0.6362392 0.4254125 0.5669034 -0.0755548 0.5092480 0.0306502 -0.1473111 -0.1914582 0.5067981 0.6541566 0.3243484 0.4410132 -0.1955852 0.6218189 -0.0695698 0.1235851 0.5319887 -0.3724378 0.1327063 0.1189652 -0.0928992 0.3898512 0.3446065 0.1174734 0.0359660 -0.1872618 -0.0701561 -0.1467760 0.1368924 0.1178691 0.0773922 0.4447917 -0.2618421 0.1469875 0.0048331 0.2338086 -0.2429655 0.0273533 -0.1781791 -0.1319683 0.0961034 0.0569030 -0.2731530 -0.2727321 0.3049597 0.0912217 0.1505931 0.3159674 -0.1577340 -0.6588145 -0.2948047 -0.2102015 0.0156939 -0.0962674 0.0306914 0.0401652 -0.0848399 0.1051773 -0.3681937 -0.0425614 0.1719499 0.3012416 0.3329254 0.4732580 0.3367563 -0.0708397 0.4594981 0.3645323 0.3440917 0.3799556 0.1766828 0.4681720 -0.3150226 -0.1060251 -0.4611322 -0.4187670 -0.1980189 -0.1240790 0.2140760 -0.4220803 -0.2827909 0.0063087 -0.3577868 -0.1559039 -0.0668621 0.0498202 0.2685025 -0.4214759 -0.5030687 -0.4787372
0.1121058 0.2600610 -0.1295560 0.6878794 -0.3961219 0.6778159 0.6257152 0.5946208 0.7284375 0.6753450 0.5663772 0.0000000 0.0144312 0.6252240 0.7668370 0.4813083 0.5855137 0.6567128 0.4415034 -0.2377176 0.7413135 0.1625315 0.5059580 0.7601271 0.4292559 0.3868488 0.4294903 0.3979248 0.7802962 0.3432602 0.0268975 0.0723117 0.6947724 0.8101408 0.2754972 0.6081730 0.1231063 0.2551722 0.3160266 0.4085525 0.2277227 0.6983846 0.2110013 0.5156772 0.7547486 0.1557035 0.0305472 0.2516561 0.7132099 0.3208667 0.0478602 0.4052989 0.7947466 0.5260804 0.1817948 0.2090875 -0.1462178 0.7227834 0.4579615 0.1016769 0.7504034 0.4332898 0.1275147 0.8005469 0.8541892 -0.1845396 0.2066974 0.7527798 0.1118276 0.7533494 0.0949341 0.7511633 0.5471639 0.6087730 0.4346490 0.6679330 0.7024150 0.3854882 0.6508489 0.6485012 0.4297758 0.1131103 -0.0611239 0.0595034 0.0120913 -0.1042590 -0.1469052 -0.0343123 -0.0182728 -0.0505279 -0.1583295 -0.1318417 -0.0612552 -0.1622998 0.0092622 -0.0455504 -0.0729136 -0.2791522 -0.0590127 -0.1626654 -0.2112192 -0.2327414 -0.1714120 -0.1309995 -0.0106194 0.1972572 -0.0256162 -0.1805643 0.1423866 -0.1265430 0.1313640 0.3267832 -0.1037304 0.0367427 0.1860581 -0.1433200 -0.1472968 0.1900869 -0.2040352 0.5666465 0.4575413 -0.1223698 -0.0412857 0.3421496 0.5717124 0.3338187 0.1258088 -0.2193946 0.4502429 0.4204811 0.4417718 -0.2235732 0.4071810 0.3634653 -0.0258095 -0.1134787 0.3729595 0.4187553 0.2351240 0.3674905 -0.1487713 0.4997743 -0.1152741 0.0422900 0.3473427 -0.2005847 0.2558122 0.2155151 0.0620454 0.4148086 0.3227270 0.0991207 0.3778547 -0.1065575 0.0706386 -0.1201931 0.0974596 0.0816155 0.0231711 0.3612353 -0.1320248 0.4645071 0.0861669 0.2811247 -0.0096924 0.0314900 -0.0274002 0.0234402 0.2042098 0.1887372 -0.2341320 -0.0883869 0.1429082 0.0930553 0.3126510 0.7928377 0.4457520 -0.2174555 0.0457599 0.1969281 0.0785219 0.0542935 0.0603792 -0.0190487 -0.2016041 0.3976278 -0.2136950 -0.2248674 0.1158425 0.5102938 0.5119528 0.5623355 0.1566908 0.3234627 0.4929746 0.4565340 0.3556505 0.1578363 0.4432070 0.3381096 -0.2096795 -0.0358850 -0.1907396 -0.1224199 -0.3490489 0.1127961 0.0876358 -0.4417251 -0.2014324 0.2334099 -0.1571451 -0.0457166 -0.1807054 0.4272510 0.3239154 -0.4136809 -0.0531736 -0.0797879
0.0531736 0.1021438 0.5434033 0.3719594 0.2935297 0.5919504 0.3509892 0.7416861 0.4701893 0.5313714 0.6185768 0.0144312 0.0000000 0.4574864 0.4903676 0.6164164 0.5389007 0.3790014 0.6342866 0.6180473 -0.2853642 0.8101221 0.5818037 0.2332264 0.6288425 0.6072491 0.5615922 0.2853595 0.3231149 0.4154744 0.5859971 0.6902266 0.2492533 0.2314796 0.6393338 0.1806402 0.7074316 0.8217421 0.5659238 0.4937684 0.7522873 0.2803026 0.6065333 0.4291086 0.3257225 0.7374560 0.7785618 0.8238270 0.3054750 0.5049390 0.6814554 0.5594316 0.2731112 0.5993762 0.8715894 0.7775076 0.7497981 0.4587269 0.2727487 0.6564735 0.1245227 0.5799996 0.8678415 0.3332904 0.2136307 0.7883515 0.6020820 0.4456386 0.8731403 0.4296415 0.8340149 0.3707040 0.5496313 0.5054974 0.7730020 0.4780248 0.3355924 0.5155635 0.4508650 0.4457496 0.1110844 0.0249568 -0.2659674 -0.1773394 -0.1740198 -0.2606295 -0.0721126 0.0241833 -0.1407978 -0.0809004 0.1755006 0.2116017 0.2908727 0.4092665 0.2330674 0.2802144 0.2905887 0.2307230 0.3057634 0.5461941 -0.0956361 0.3361258 0.2439580 0.3084271 0.1615616 0.3126492 0.2877491 0.3315422 0.1994486 0.1985445 0.2399387 0.2844625 -0.1769147 0.1431894 0.5289018 -0.0600430 0.0389025 0.2330137 -0.1220578 0.3640459 0.2623702 0.1070880 0.2535428 -0.0113333 0.4602350 0.0777001 -0.0438737 0.1012252 0.3381598 0.2715172 0.3398832 0.3513003 0.1603739 -0.2270456 0.0020640 0.0171311 0.1787347 0.3361342 0.1121027 0.1267884 0.0684006 0.1465378 0.3766415 -0.0426100 0.2829303 -0.1436480 0.1502673 0.1426472 0.0115371 0.0024492 0.0625015 0.0951930 0.0441977 -0.0040427 0.2114098 -0.1423052 0.3511644 0.0872091 0.3347938 0.3799910 0.1142787 0.0270037 -0.0599995 0.3186486 0.1297074 0.0114587 -0.1995495 -0.0482750 0.1178198 0.1886554 -0.1524223 -0.1268182 0.1063676 0.0786965 0.0392183 -0.0846089 -0.5678327 -0.4654116 -0.4082694 -0.2286442 0.0338399 0.1572890 0.3629526 0.4213752 0.4374676 0.3343450 0.1407711 0.3982094 0.4129225 0.0687645 -0.0154204 0.3716849 0.6455675 -0.3694122 -0.0232871 -0.0207494 -0.0678176 0.6423528 0.2425400 0.0766053 0.1204391 -0.0836235 -0.1750185 -0.2223903 0.3746961 0.1337754 0.0786569 0.1175823 0.0492802 -0.1218885 -0.1387205 0.1601568 0.1959877 -0.2251338 -0.1931230 0.1161751 -0.1875279 -0.1544108
0.0512738 0.0433886 -0.0780789 0.6020615 -0.2644756 0.8346269 0.5939192 0.6825191 0.9141859 0.9366299 0.7850703 0.6252240 0.4574864 0.0000000 0.8639562 0.6860913 0.8809007 0.7641127 0.6372767 0.1011248 0.2889914 0.3785027 0.7667994 0.8519226 0.5316783 0.6262329 0.8217901 0.6002738 0.7034029 0.7694857 0.2829019 0.3248380 0.8024786 0.7805181 0.6307403 0.4254330 0.4936924 0.5116785 0.7262398 0.7100504 0.4757844 0.5821250 0.6262929 0.7845815 0.7438923 0.3927965 0.4363536 0.5027883 0.8583390 0.2347412 0.5010371 0.6740631 0.8137888 0.8134532 0.4338584 0.3978047 0.2654461 0.8914305 0.1904279 0.5062086 0.5134381 0.6782628 0.4304061 0.8804674 0.7445643 0.2364087 0.5538248 0.7940774 0.4343940 0.8814417 0.4905961 0.8579713 0.6907067 0.7260951 0.6077167 0.8057733 0.8012484 0.4646093 0.6535202 0.6981820 0.1839674 0.0815156 -0.0268101 0.1086333 0.0625268 -0.0508322 -0.2114511 0.1377904 -0.0179874 -0.0402252 -0.0511625 -0.1038255 0.0236045 0.1000464 0.0784076 0.0098964 0.0445671 -0.0476010 0.0455004 0.0684928 -0.2218459 0.0397248 0.1791378 0.0710249 0.0183166 0.1969036 0.2108651 0.0144658 0.2767553 -0.0060383 0.2386810 0.4003173 -0.2755655 -0.0151115 0.2305016 -0.1801593 -0.2396396 0.2064745 -0.1976943 0.5452503 0.4161569 -0.0947537 0.1673786 0.3560876 0.6278801 0.4217397 0.0326942 -0.0049836 0.5243869 0.4484454 0.4708091 0.1756778 0.5435515 0.2570865 0.1803142 0.0287289 0.4876121 0.5700539 0.3192411 0.3278507 0.0822577 0.5079159 0.2307363 0.2212310 0.5016670 -0.1670228 0.2528303 0.1928958 0.2836995 0.3255431 0.2436308 0.2552537 0.2954322 0.0582151 0.0370090 0.0700598 0.3146385 0.2484597 0.3021625 0.2984931 -0.1160465 0.3272720 0.1918197 0.2285085 -0.0582876 0.1826658 0.0894417 0.1569441 0.3365328 0.2528438 0.0280498 0.0380932 0.3471321 0.0909149 -0.0185495 0.3661791 -0.0270710 -0.4269805 -0.1518541 -0.0942014 0.0920889 0.0158932 0.0102054 0.0202996 0.0367138 0.3628984 -0.0258271 0.0807646 0.4396179 0.5507561 0.2634485 0.6680584 0.3129968 0.0590037 0.4598424 0.3660680 0.3818019 0.3813714 0.3999550 0.3876929 -0.2969833 -0.2876202 -0.3477388 -0.2630753 -0.1707907 0.0919239 0.0909936 -0.2248909 -0.3073361 -0.0930744 -0.2702126 -0.0582628 -0.0649402 0.2248592 0.1551320 -0.2255994 -0.3705409 -0.3837476
0.1338897 0.2497784 -0.0179734 0.7674392 -0.3490982 0.9232864 0.5778721 0.7805487 0.9636002 0.9134926 0.7951144 0.7668370 0.4903676 0.8639562 0.0000000 0.7235087 0.8609729 0.7530641 0.6545092 -0.0647877 0.3736355 0.3924780 0.7670201 0.8554407 0.5828653 0.6268032 0.7144424 0.4753250 0.7968804 0.5696031 0.1349821 0.2657404 0.7688203 0.8217851 0.5639511 0.4829904 0.4219220 0.5115196 0.5968257 0.6517689 0.4348339 0.6717822 0.5022611 0.7541574 0.8265210 0.3820746 0.3786311 0.4867289 0.8261189 0.4046073 0.3741286 0.6268282 0.8533462 0.7843058 0.4701681 0.4435625 0.2167639 0.8911967 0.3873557 0.4045294 0.6307453 0.6488049 0.4464293 0.9049281 0.8315589 0.1853551 0.4760418 0.8348194 0.4592773 0.8862018 0.4821980 0.8828419 0.6952316 0.7798272 0.6758405 0.8355666 0.8214794 0.5114882 0.7272516 0.7175287 0.3183111 0.0404982 -0.1785154 -0.0524036 -0.0987594 -0.1889758 -0.1495601 -0.1018635 -0.1124565 -0.0936852 0.0033667 -0.0111342 0.0640346 -0.0922906 0.0532082 0.1105895 0.1776019 -0.0647931 0.0839504 0.0351945 -0.2755482 -0.0099985 0.0752079 -0.0806618 0.1285380 0.2247640 0.1117922 0.0223341 0.2791578 0.0564918 0.2335985 0.4598125 -0.2287593 0.0577096 0.4732948 -0.1810895 -0.1091714 0.3987374 -0.1710624 0.6754139 0.5366775 -0.0853558 0.0658579 0.1314795 0.7935325 0.4090603 0.0303146 -0.0778633 0.6326173 0.5008202 0.6049275 0.1266034 0.5280033 0.2422591 0.1001584 0.0315979 0.5389646 0.6577650 0.3728934 0.4018654 0.0514392 0.5663469 0.1554262 0.1219007 0.5563658 -0.1263294 0.3249480 0.3049992 0.2691421 0.3943801 0.3195283 0.1944330 0.2994169 0.0913469 0.1273480 -0.1073013 0.4504213 0.2117376 0.3936186 0.4844072 -0.0745586 0.3299389 0.0559027 0.4345886 -0.0021542 0.1143360 -0.0356622 0.1876310 0.4206860 0.3280743 -0.1197335 0.0064807 0.1927264 0.0281466 0.0789387 0.4574165 -0.1186818 -0.5325220 -0.3015576 -0.0968905 -0.0283693 -0.0081659 0.0750131 0.0115167 -0.0652200 0.4865854 -0.1598466 -0.0250561 0.3891653 0.4980903 0.3490596 0.6553994 0.4217631 0.1203226 0.4854304 0.4339005 0.3441697 0.4597396 0.4473247 0.3938016 -0.1408076 -0.0550493 -0.2821957 -0.2554291 -0.2427783 0.0720348 0.1769250 -0.2122927 -0.1804628 0.1521392 -0.2386117 0.0199571 -0.1459945 0.2143087 0.2076843 -0.3029978 -0.2722720 -0.3401495
0.2255692 0.3171325 0.1268260 0.6567238 -0.1671727 0.8357242 0.3812552 0.8637611 0.7353273 0.8286066 0.9739521 0.4813083 0.6164164 0.6860913 0.7235087 0.0000000 0.8901376 0.4779510 0.9814777 0.2694991 0.1922970 0.6951802 0.9783642 0.6902065 0.8536194 0.9745994 0.8149548 0.2956431 0.7495488 0.4558120 0.5163250 0.5771746 0.6617371 0.7380719 0.9317904 0.5210957 0.7821739 0.8326706 0.7325466 0.5558652 0.7603663 0.6187078 0.8131728 0.6055415 0.6416027 0.6635122 0.6592036 0.7846854 0.7306883 0.5708453 0.7034990 0.8310480 0.8099645 0.9053638 0.7574614 0.6289750 0.4382747 0.8610140 0.2142231 0.7183988 0.4771941 0.8544340 0.6773287 0.7943848 0.6794897 0.3904181 0.6774361 0.8458410 0.6136648 0.8618378 0.6861669 0.7371596 0.8822120 0.5485588 0.8333542 0.8943176 0.6138807 0.6987441 0.7831135 0.7205608 0.0483585 -0.1103867 -0.3816223 -0.1545523 -0.0715484 -0.4135778 -0.3871568 -0.0840168 -0.2662444 -0.1975487 -0.1405264 -0.0697663 0.1298162 0.0228774 0.0037080 -0.0091467 0.1885040 -0.0518943 0.0236302 0.0210283 -0.1937884 0.0307782 0.0231576 -0.1437881 0.0932694 0.2533553 0.1512962 0.0684604 0.2971984 -0.0536778 0.2693668 0.4027366 -0.1293235 -0.0499303 0.3330276 -0.2976819 -0.3110733 0.2997384 -0.2485772 0.6993265 0.4725721 -0.1231386 -0.1648706 0.3301413 0.7170006 0.4777696 -0.0864890 -0.2060822 0.5736427 0.4101045 0.5060334 -0.0856676 0.4252249 -0.0138510 -0.1541502 -0.2219610 0.4346703 0.5833566 0.2315616 0.4049320 -0.2387479 0.5770215 -0.0851860 0.0708761 0.4720397 -0.3774213 0.0094018 0.0353498 -0.1659592 0.3525294 0.3113486 0.0442075 -0.0479904 -0.2625304 -0.0975900 -0.2238969 0.1157296 0.0536306 0.0963362 0.3839884 -0.2966173 0.0781018 -0.0297799 0.1571154 -0.2876150 -0.0101713 -0.2101218 -0.2086909 -0.0064294 -0.0408199 -0.3249299 -0.3582191 0.1926221 0.0296047 0.1449863 0.2422373 -0.1997649 -0.6606219 -0.2820382 -0.2124482 -0.0148939 -0.0587442 0.0639782 0.0449116 -0.0787153 0.0428337 -0.3865368 -0.0456082 0.0826165 0.2301432 0.3079316 0.3590961 0.3000377 -0.0743515 0.4169911 0.3228988 0.2729476 0.3940569 0.0722319 0.4227283 -0.2032700 -0.0149661 -0.3946022 -0.3983577 -0.1740081 -0.1314754 0.2054440 -0.3499825 -0.1605955 0.0550139 -0.3011549 -0.1268384 -0.0671749 0.0472864 0.2311959 -0.3342380 -0.4748024 -0.4586015
0.0980015 0.1396356 -0.0281528 0.6050273 -0.3099770 0.8679430 0.4686211 0.7823968 0.8858251 0.9599249 0.9433981 0.5855137 0.5389007 0.8809007 0.8609729 0.8901376 0.0000000 0.5607348 0.8337762 0.1128499 0.2358716 0.4850733 0.9525831 0.8044286 0.6855846 0.8209467 0.8909818 0.4068272 0.7752860 0.6627827 0.3111481 0.3705333 0.7398707 0.8243258 0.8155230 0.4060372 0.5973826 0.6511382 0.8151260 0.7126892 0.5737341 0.5803231 0.7624716 0.7434779 0.7515829 0.4892313 0.5098681 0.6014113 0.8375545 0.4046380 0.5767741 0.8040299 0.8825634 0.9482813 0.5705380 0.4677358 0.2797806 0.9458568 0.0699364 0.5698484 0.5150655 0.7946884 0.5026637 0.9052536 0.7720676 0.2323201 0.5889466 0.8809201 0.4586747 0.9384695 0.5478455 0.8517318 0.8225688 0.6350598 0.7002583 0.9280540 0.7759137 0.5261949 0.7264840 0.7095218 -0.0273013 -0.1616896 -0.3684150 -0.1051744 -0.0429762 -0.3709354 -0.4632793 -0.0482798 -0.2950018 -0.2642137 -0.2239324 -0.2355708 -0.0799075 -0.0307429 -0.1269929 -0.0981410 0.0380564 -0.1930288 -0.1081194 -0.0409506 -0.2967467 -0.0848223 -0.0395530 -0.1466809 -0.0292148 0.0909237 0.0710476 -0.1124686 0.1858441 -0.0468300 0.1044981 0.3151812 -0.3327416 -0.1990103 0.2358865 -0.4029345 -0.4150218 0.1871728 -0.3987910 0.6269290 0.4072313 -0.2439107 -0.1877965 0.2502461 0.7477567 0.5139647 -0.1855453 -0.2864173 0.6382338 0.3277981 0.5285489 -0.0643872 0.4966368 0.0287704 -0.1487411 -0.2347350 0.5092066 0.6549226 0.3223057 0.4013692 -0.2016689 0.5864096 -0.0609265 0.1191617 0.5259084 -0.4280210 0.0913845 0.0820368 0.0048623 0.3639345 0.3119206 0.0737454 -0.0363093 -0.1648648 -0.1553470 -0.1786863 0.1435170 0.0831683 0.1045041 0.3311579 -0.3293831 0.0512995 -0.0677037 0.1434694 -0.3203938 -0.0348342 -0.2118796 -0.0560051 0.1525786 0.0086686 -0.2424248 -0.2207076 0.2283642 -0.0433359 -0.0002663 0.3098478 -0.2114605 -0.7281439 -0.4068643 -0.3221282 -0.0823590 -0.1906130 -0.1002241 -0.0906914 -0.1745082 0.1481904 -0.3796211 -0.0877294 0.2359111 0.4042766 0.2473921 0.5032628 0.2736051 -0.0881078 0.4583846 0.3397543 0.3799365 0.3066177 0.1911050 0.4644116 -0.3434731 -0.1613613 -0.5093490 -0.4321574 -0.2682366 -0.1612754 0.2045847 -0.3844410 -0.2970879 0.0020102 -0.4181243 -0.1593010 -0.2072875 0.0854752 0.2835390 -0.4321293 -0.5177326 -0.5122271
