0.0000000 0.5104184 0.5985049 -0.1958410 0.4573700 -0.1393134 0.0331718 0.1699864 -0.1229196 -0.1739217 0.0613123 -0.0293402 0.6958470 -0.0600245 0.3976990 -0.4220176 -0.0372104 -0.0645453 -0.0331390 0.4303999 -0.3036119 0.0938267 -0.1898542 0.1468059 -0.1950361 -0.2544399 -0.1006966 -0.0280288 0.0061613 -0.3698298 0.4249395 0.0195342 -0.2038069 -0.3822129 -0.2931619 0.0665339 -0.0220974 -0.0884696 -0.5906784 -0.4558806 0.1000295 -0.2110333 -0.2254696 -0.5155941 -0.5043707 -0.0536204 -0.1606301 -0.3265485 -0.6680964 0.0330243 -0.2362160 -0.0606220 -0.4326199 -0.3390616 -0.2872149 -0.2734415 -0.2359240 -0.4456580 -0.1616270 -0.3476223 -0.3073475 -0.2942895 -0.2301603 -0.4066324 -0.4672615 -0.2067553 -0.2443387 -0.2887201 -0.1324326 -0.1914812 -0.2016668 -0.3964700 -0.2482904 -0.3914771 -0.2300063 -0.1875515 -0.2257863 -0.3989493 -0.1497303 0.2119566 0.0071692 -0.1991625 0.0428973 0.1412626 0.0978646 -0.2774334 -0.0638046 0.3694954 0.0194396 0.1699015 0.2559610 0.2247532 0.2543872 0.1541111 0.1286790 0.1115951 0.4365320 0.0790352 -0.0030354 0.1369146 0.1901284 0.0787895 0.0902352 0.1377905 0.1059443 0.0264564 -0.1418624 0.0955429 0.0080530 0.0872143 0.1283717 0.0609901 -0.3525154 -0.1235397 -0.0720738 -0.5136718 0.0581080 0.2210799 0.0212752 0.1488042 0.0671147 -0.1074150 0.1194805 -0.2519757 0.2016534 0.4060991 -0.2591407 -0.1055732 0.4219520 -0.2790096 0.0105103 0.4394657 -0.3311129 -0.6468070 0.3125350 0.2346796 -0.0362108 0.4098126 0.3878156 0.4424505 0.3691876 0.4704453 0.3467712 0.2403390 0.3297669 0.3507201 0.2980117 0.3945746 0.2513043 0.1747894 0.1868371 0.4550817 0.3208718 0.0573861 0.1531090 0.4706180 0.2545220 0.2972886 -0.0642482 0.3984758 -0.2228795 0.3324079 0.3462236 0.4530900 0.2679483 0.3225170 0.1269681 0.0311338 0.0661768 0.3457359 0.1904596 -0.0469959 0.4075399 0.1177996 0.2597143 0.0356899 0.0989294 0.1802933 0.2583898 0.4506499 0.1503283 0.4147043 0.0274602 0.1652894 -0.1525295 -0.4143512 -0.1525708 -0.0495069 -0.1992043 -0.4401764 0.0620902 0.3788051 0.3517139 0.4956807 0.3218908 0.4401638 0.0705242 0.4026898 0.5167838 0.4276242 0.2589003 -0.0885796 0.3401451 0.3172163 0.2853722 0.4624175 0.2467710 0.4432198 0.0977029 0.0855528 0.2971649 0.4723142 0.3920557 0.6785878 0.4190607 0.4390266 0.0466802 0.3207353
0.5104184 0.0000000 0.7268905 0.4377199 0.6849671 0.4355723 0.5384401 0.4190769 0.2345746 0.0373033 0.0206662 0.3099472 0.7556336 0.1460061 0.2232208 -0.2964067 0.2650264 0.3105831 -0.3067961 0.6128051 0.0982706 0.2972035 -0.1310409 0.2508515 -0.2148927 -0.5184120 0.2855951 0.2203351 0.1161998 -0.2065341 0.4615897 0.0851044 0.1010402 -0.0952535 -0.3561767 0.5517518 -0.2079851 -0.0601680 -0.3654814 -0.4311958 0.4567540 0.5064158 -0.2131239 -0.3622396 -0.0534440 -0.3215131 -0.3194505 0.0553287 -0.4351059 0.0662741 -0.1109935 0.0661446 -0.0227205 -0.3544350 0.0885737 -0.0393741 -0.2295904 -0.4184134 0.4795593 -0.2297441 0.3644041 -0.1142173 0.0821251 -0.3454808 -0.0975614 -0.0156952 -0.2979249 -0.4005048 0.0719169 -0.4270293 -0.1674462 0.0804358 -0.3731302 0.0303672 -0.1268297 -0.3325047 0.1226526 -0.2281078 -0.3588564 0.0290344 -0.0942029 -0.2245415 -0.0799697 0.0174160 -0.0439221 -0.1179819 -0.0241615 -0.1759638 -0.2097724 -0.2261275 0.1092914 0.0998043 0.1944536 -0.4797363 0.0739835 0.0934025 0.1019092 -0.3256280 -0.3013485 -0.3667389 -0.2817586 0.0204564 0.1751038 -0.2559724 -0.1554258 0.1970912 -0.1385141 0.1342907 -0.2417773 0.0084202 -0.1316189 0.0387434 -0.2897931 -0.2551358 -0.3548626 -0.5785893 -0.5454148 -0.3965919 -0.5117488 0.4692425 0.0100881 -0.2146516 -0.0595205 -0.4797058 0.4810046 0.6115601 -0.3850026 -0.2892877 0.6097259 -0.5892033 -0.1410573 0.3799281 -0.4506872 -0.3561147 0.2292018 0.1166318 -0.4230867 -0.1031473 -0.1255662 0.6354427 0.0060367 0.1750233 0.3595899 -0.3508728 -0.2318777 -0.0650149 -0.2226071 -0.1836367 0.0413651 0.2780030 0.6800281 -0.0838455 -0.1953425 -0.2652739 -0.0598635 0.2379649 0.1314983 -0.2471945 -0.0168023 0.3969730 -0.4026400 0.2587368 0.1114110 0.3105450 0.2066055 0.1192249 0.1150635 0.1114453 0.0982050 0.3600905 0.3539746 0.1195509 0.3780229 0.2346112 0.7624750 0.6788771 0.5358155 0.0042929 0.3368445 0.4272435 -0.1537689 0.6977170 0.7208914 0.7295869 0.4420402 -0.0208404 0.1941005 0.4775427 0.3954307 -0.1353403 0.5577596 0.6903431 -0.2245569 0.7117028 0.6131393 0.6692692 0.2987516 0.1272858 0.5246737 0.5930659 0.4931715 -0.0931771 -0.0063706 0.0108741 0.0802365 0.0981940 0.3462333 0.3518919 0.5332315 0.1398916 0.0543660 0.4045289 0.2808032 0.2832038 0.4078050 0.6124993 0.4838258 0.2238515
0.5985049 0.7268905 0.0000000 0.2403997 0.5443414 0.1568345 0.4003940 0.4895012 0.1388998 -0.1211733 -0.1142757 0.2992019 0.6853635 -0.0665942 0.2929970 -0.6504579 0.0763582 0.0410336 -0.2476123 0.3345796 -0.0321228 0.2253651 -0.2645517 0.0524921 -0.3855614 -0.4791548 0.1480025 0.0653787 0.2155170 -0.4425229 0.2218282 0.1384950 0.2334972 -0.0231512 -0.2773262 0.2697439 -0.0827794 -0.1304363 -0.2973686 -0.2943413 0.0063805 0.1566195 -0.1621792 -0.2389132 -0.1073455 -0.3637890 -0.3586284 -0.2794471 -0.3682479 -0.0341797 -0.1727380 0.0774937 -0.0567639 -0.3306726 -0.0997792 -0.2438683 -0.3351431 -0.5035434 0.1857165 -0.1864396 0.1541242 -0.2837625 -0.2080688 -0.5181557 -0.1803612 -0.2006591 -0.2992444 -0.5054343 -0.1916131 -0.5135353 -0.2768260 -0.0757130 -0.3554721 -0.1939480 -0.3006757 -0.3813345 -0.0616569 -0.3712886 -0.3471021 0.0420480 -0.3232338 -0.2894031 -0.1338054 0.0022607 -0.0847218 -0.2387788 -0.0824137 -0.1032814 -0.0709791 -0.0275662 0.0395094 0.2079642 -0.0712194 -0.3570698 -0.0948646 0.0991821 0.1337255 -0.4493248 -0.2245540 -0.2098666 -0.1257006 -0.2277321 -0.1246588 -0.3034960 -0.2555155 -0.1522706 -0.2830412 -0.1536369 -0.2422984 -0.1206854 -0.1361039 -0.1485436 -0.6398954 -0.4172350 -0.6248899 -0.6197406 -0.5003986 -0.4604560 -0.5095999 0.3972830 0.0713502 -0.4221493 0.0655655 -0.6923261 0.1240742 0.5967919 -0.2449342 -0.2885069 0.3329437 -0.7514657 -0.3816785 0.2696112 -0.4597214 -0.5101286 0.1644216 0.0668169 -0.5389707 -0.0185994 0.0950693 0.4524718 0.3028273 0.1179567 0.0154471 -0.1971735 -0.2732534 -0.0120948 -0.2655102 -0.1929479 0.3695953 -0.0455558 0.2350505 -0.0848651 -0.1985286 0.1908778 -0.0242326 0.1047241 0.0982743 -0.3140608 -0.4102250 0.2127620 -0.4794590 0.0270666 -0.0123116 0.3462668 0.0400647 -0.0735503 0.1524437 0.0504166 0.0398135 0.2495840 0.1508979 0.0036787 0.5899637 0.1420558 0.5130906 0.3726113 0.3339901 0.1654311 0.3975052 0.2789976 -0.0901921 0.3288060 0.3567271 0.3838796 0.1819441 -0.1844085 -0.0122254 0.1541632 0.0705033 -0.2231681 0.2851885 0.4351756 0.0090439 0.4847633 0.5030372 0.5262918 0.4169918 0.3852053 0.3849656 0.6412702 0.3719560 0.0469615 0.0580238 0.2536336 0.2499791 0.0003495 0.5349295 0.4823356 0.3442417 0.2807434 0.3021343 0.4134333 0.3615667 0.2718878 0.5643430 0.3836791 0.4341065 0.2986538
-0.1958410 0.4377199 0.2403997 0.0000000 0.2845689 0.8996212 0.8145205 0.5863853 0.7585013 0.6363743 0.3852424 0.7680264 0.0311405 0.3363720 -0.0584564 0.0860883 0.7350752 0.4010855 -0.0867991 -0.0371976 0.7711308 0.2064824 0.2572207 -0.0357604 -0.0145259 -0.0682079 0.4097636 0.0780456 0.5600443 0.0727497 -0.1019560 0.0150526 0.4628394 0.4534754 -0.0934635 0.7874916 -0.0471842 -0.1001594 0.3981107 0.3518364 0.3648155 0.8457118 0.0339101 0.4662169 0.5602220 -0.3123682 -0.1921333 0.3272904 0.3178826 -0.0607241 0.0343619 0.4459212 0.3297016 0.2000433 0.3712377 0.2764629 0.1628180 -0.0034474 0.5810231 0.1297121 0.6008878 0.2477707 0.2068342 -0.0203572 0.2656633 0.4296594 0.0150487 -0.0127121 0.2544354 -0.1119671 0.2542769 0.4531758 -0.0471902 0.4797048 0.3241569 0.0051393 0.5951779 0.2984206 -0.1310800 0.0347428 -0.0305626 -0.3661794 -0.0348415 0.0768456 -0.0399992 0.2541123 0.2352671 -0.3199542 0.0217216 -0.1486716 -0.1067852 0.1058910 -0.3353919 -0.4931152 0.3190940 -0.2381579 -0.5933947 -0.5574837 -0.1944614 -0.3477958 -0.3124152 -0.2195291 0.0654584 -0.3029922 -0.4816054 0.2289184 -0.1059454 -0.0512987 -0.3635737 -0.1608548 -0.2315404 -0.0973742 -0.1537831 -0.3666649 -0.3749148 0.0494140 -0.3172198 -0.4665822 -0.2061234 0.2608393 0.1271305 0.1929257 -0.3009684 0.0722472 0.0795268 0.3408606 0.1819591 -0.3196061 0.2294283 -0.0477630 0.0005940 -0.0249319 0.1007925 0.2489579 0.0345338 -0.3186963 -0.2025961 -0.4579895 -0.3926108 0.2378972 -0.4750737 -0.3358874 -0.0338615 -0.6396805 -0.4807150 -0.4470623 -0.5106091 -0.4773653 -0.0382892 -0.2067366 0.1553481 -0.3774624 -0.5587531 -0.4922142 0.1910471 -0.2147902 -0.5273685 -0.4805361 -0.2808977 -0.2487239 -0.4093751 -0.3830995 -0.1973071 -0.3017906 -0.3939829 -0.1633000 0.0116356 -0.2116845 -0.3905674 -0.2733353 -0.0490206 -0.2221943 0.0814074 0.2204453 0.6478652 0.7159607 0.6104748 0.1733076 0.3845311 0.3067819 0.1156785 0.3817769 0.6688756 0.6206896 0.6070570 0.3699884 0.5180305 0.6476414 0.7866624 0.4497680 0.4844000 0.3370043 -0.4430063 0.2132690 0.3688559 0.3371827 0.2516786 0.0542555 0.1879536 0.2674151 0.3714820 0.3144015 -0.0595805 0.1791515 -0.2508406 -0.6073985 0.2795959 -0.2227888 0.5750412 0.4226726 0.0424761 0.3031499 -0.0150629 -0.1381402 0.3853730 -0.0155946 0.8545985 0.4676123
0.4573700 0.6849671 0.5443414 0.2845689 0.0000000 0.2311604 0.2935722 0.1589849 0.0428779 -0.1030216 -0.0399859 0.1399001 0.5709363 -0.2050141 -0.0038254 -0.1943480 0.1142349 0.0543312 -0.2021317 0.4354118 0.1020846 0.0843953 -0.3188850 -0.1345694 -0.3872985 -0.5687259 -0.0385286 -0.1854749 0.2596711 -0.3937489 0.3963094 -0.3526408 0.3199084 0.0421769 -0.3794654 0.2616437 -0.3330335 -0.3226633 -0.4494933 -0.4183905 -0.0108121 0.2684290 -0.3268776 -0.1820146 -0.0167555 -0.3862786 -0.3915142 -0.4660380 -0.2249509 -0.3565748 -0.3188771 0.3274272 -0.1899648 -0.4040112 -0.2213274 -0.2700339 -0.4113955 -0.5546176 0.1441012 -0.3037214 0.0618959 -0.2714567 -0.3191457 -0.4676532 -0.2827330 -0.3126400 -0.5532573 -0.5684734 -0.2727084 -0.4991602 -0.4721133 -0.1876165 -0.5798099 -0.1481214 -0.3828319 -0.3828992 0.0171727 -0.3420678 -0.4801192 -0.0067649 0.0049518 -0.3543856 -0.1838554 -0.0589820 -0.1867814 -0.4583359 -0.3017320 -0.0530187 -0.4211525 -0.3414930 -0.2269699 -0.1052680 0.0113162 -0.1892466 -0.2065561 -0.2737507 -0.2379408 -0.3893724 -0.2973054 -0.1335945 -0.1357675 -0.2854868 -0.2677203 -0.1287775 -0.5197263 -0.1470169 -0.4118713 -0.3057913 -0.5948398 -0.3323289 -0.2906282 -0.3583308 -0.4983999 -0.6034758 -0.4664582 -0.7373437 -0.5837972 -0.4808419 -0.5115976 0.1832035 -0.2383872 -0.3065528 -0.4857374 -0.5731248 0.2685623 0.5568500 -0.4145692 -0.6245390 0.3925519 -0.6689665 -0.4024028 -0.0662361 -0.4035439 -0.4457193 0.0115908 -0.3491104 -0.6019603 -0.1178334 -0.1693086 0.7687407 -0.2106357 0.2016660 0.3399325 -0.4385674 -0.3907971 -0.3648567 -0.3631166 -0.2931033 0.0023425 -0.0064868 0.2625446 -0.2071143 -0.3505436 -0.1860167 0.1542679 -0.1780810 -0.2442215 -0.3960217 -0.1144483 0.0107968 -0.4848398 -0.1574138 -0.2623832 -0.0597171 -0.1846488 -0.2694653 -0.1875623 -0.2823668 -0.3867675 -0.1977114 -0.1719733 -0.3658009 0.4741058 0.2669243 0.6156520 0.4761410 0.4621412 0.3572263 0.5467672 0.6036480 0.2268541 0.6939902 0.3459977 0.5209128 0.0997795 -0.2645748 -0.0351756 0.2067596 0.3751198 -0.1212753 0.2763325 0.6481243 0.0010992 0.4827485 0.2517071 0.5642273 0.2393316 0.3732658 0.5626215 0.5635821 0.4390680 0.1940374 0.0159303 0.2190888 0.4004303 -0.0727755 0.0959156 0.1915824 0.4467856 0.4525241 0.2404939 0.6330924 0.6446948 0.5941677 0.3666303 0.5457685 0.5219887 0.3124475
-0.1393134 0.4355723 0.1568345 0.8996212 0.2311604 0.0000000 0.9032814 0.3776856 0.7714856 0.7665722 0.5323124 0.8681639 0.0878730 0.3744047 0.1247441 0.1023352 0.8807137 0.3455583 -0.1552689 0.1684355 0.7209270 0.0085111 0.3898422 -0.0509705 -0.0108912 -0.0527648 0.4888289 0.1307417 0.4166819 0.1338596 -0.1268529 -0.0226466 0.3339071 0.1367722 0.1026990 0.7412815 0.0043519 -0.0272604 0.4750892 0.3828474 0.4103017 0.7361561 0.2644408 0.3830482 0.2745688 -0.2234968 -0.0566195 0.3516685 0.1344922 -0.0266587 0.2781295 0.5500774 0.0883575 0.2945332 0.2428287 0.2049245 0.1881992 0.0288955 0.5321488 0.3390949 0.4761820 0.5113071 0.1766099 -0.0279151 0.0762341 0.4522339 0.2160218 0.1371418 0.2260357 0.0062758 0.3004206 0.3221556 0.2086714 0.4080448 0.3172861 0.1338988 0.6825846 0.3101658 0.0178053 0.1440492 0.0815915 -0.2238546 -0.0014416 -0.0918249 -0.2754957 0.2088629 0.2583886 -0.3032872 0.0039315 -0.1113254 -0.0685588 0.0787295 -0.3329854 -0.4172931 0.3526576 -0.1213767 -0.4918809 -0.5674670 0.0262263 -0.3936182 -0.2477066 -0.2604370 -0.0827244 -0.2753192 -0.4349290 0.3175487 -0.2012329 -0.1816594 -0.3069640 -0.2018887 -0.1571317 -0.1715906 -0.1885865 -0.4005600 -0.3333328 0.0610621 -0.0971552 -0.3426510 0.0011039 -0.0003849 -0.0692447 0.1509771 -0.2734462 0.1376087 -0.0273184 0.1839335 0.0009485 -0.3603104 0.2078251 0.0213555 -0.0737051 -0.1422766 -0.0401057 0.1821790 0.0102101 -0.3660675 -0.2426690 -0.3728999 -0.4859108 0.2351405 -0.6000447 -0.2823392 0.0963861 -0.5880172 -0.4511972 -0.2986777 -0.4772773 -0.4474273 -0.0778971 -0.2621456 0.2081027 -0.3287869 -0.5269988 -0.6117517 0.2906232 -0.1446894 -0.4460551 -0.3888695 -0.2591321 -0.1068226 -0.2703231 -0.3238886 -0.1891180 -0.2270773 -0.3739772 -0.0776660 0.0759829 -0.2094330 -0.4178162 -0.2005785 -0.0392972 -0.2275646 0.0486968 0.2696335 0.6342075 0.7053596 0.6802557 0.1936662 0.5119109 0.3935509 0.2166866 0.5287385 0.6512518 0.6569028 0.5123805 0.3295420 0.5611075 0.7056570 0.8386614 0.4933602 0.2922575 0.4361697 -0.2461632 0.1987331 0.2520258 0.3067227 0.0768344 0.1526499 0.3528906 0.1545237 0.2123425 -0.0021178 -0.2716703 -0.0089691 -0.3091041 -0.4136633 0.1701988 -0.1732349 0.4666470 0.2188220 -0.2079074 0.1810594 0.0443712 -0.0173882 0.2116491 0.0496972 0.7857611 0.4118077
0.0331718 0.5384401 0.4003940 0.8145205 0.2935722 0.9032814 0.0000000 0.4897586 0.7722403 0.7167711 0.5247167 0.9261540 0.1980927 0.3476001 0.2080115 -0.0567812 0.8073670 0.2229071 -0.1040742 0.1384394 0.7082693 -0.0157322 0.3757661 0.0169009 -0.0435739 -0.0450464 0.5026326 0.1038753 0.4544216 0.0365077 -0.1605935 0.2476557 0.3356006 0.1282423 0.1958732 0.7837208 0.0957936 0.1188473 0.4818506 0.2775436 0.2295455 0.7546838 0.3783349 0.3265257 0.2595000 -0.1035371 -0.0050287 0.3320730 0.0983732 0.1454942 0.3622464 0.5065411 0.1234190 0.2594440 0.2943516 0.2266843 0.1616265 0.0566529 0.6615182 0.4267048 0.6026085 0.4919545 0.1635254 -0.0519447 0.1251248 0.3872418 0.2456306 0.1330031 0.2116648 0.0172230 0.2858247 0.3685099 0.2306545 0.4079274 0.2446893 0.1885697 0.6710873 0.2736828 0.1010546 0.3307473 0.1204636 -0.3009974 -0.0666622 -0.1258587 -0.3112446 0.1686689 0.3499179 -0.3628095 0.0348133 -0.1279095 0.0455387 0.1080932 -0.2066251 -0.5219874 0.3520474 0.0121500 -0.3722521 -0.5690888 -0.0638066 -0.4773569 -0.3443578 -0.1942608 -0.1140770 -0.4183058 -0.3640275 0.2850928 -0.1441497 -0.2267798 -0.1882956 -0.1423149 -0.0223353 -0.1220181 -0.3860936 -0.4353393 -0.4201787 -0.1225861 -0.2573140 -0.4168517 -0.1364471 0.1155587 -0.0064755 -0.0558213 -0.1545287 -0.0457819 -0.0253945 0.2664911 -0.0307804 -0.3497932 0.2068944 -0.1818337 -0.2229283 -0.0436997 -0.1320010 0.0877563 0.1594269 -0.3177090 -0.3737147 -0.3186874 -0.4215380 0.2566097 -0.3693333 -0.2114077 0.0921654 -0.5478114 -0.4712323 -0.2377689 -0.4667338 -0.4519610 0.0702335 -0.1475042 0.1961947 -0.3609538 -0.4808362 -0.3255547 0.3304313 -0.0868510 -0.3257287 -0.4119752 -0.3260699 -0.0704474 -0.3401533 -0.1832975 -0.1506944 -0.0709473 -0.2286092 -0.0088209 0.1911989 -0.0097177 -0.2518254 -0.0066045 0.1339963 -0.0531349 0.1645486 0.3342527 0.7653163 0.8319800 0.8350812 0.1523075 0.5796211 0.3873189 0.0988216 0.6112252 0.7748363 0.7751008 0.6304383 0.4377632 0.7141232 0.7777504 0.7904049 0.3875880 0.3156152 0.4375343 -0.2743848 0.2834317 0.3505602 0.3806872 0.0378857 0.1430460 0.3641481 0.2553407 0.1411201 -0.1401978 -0.3413444 -0.0684657 -0.2931024 -0.3554055 0.1722060 -0.1865426 0.3740934 0.1229174 -0.2439410 0.1099591 0.0019860 -0.0343525 0.2645014 -0.0090076 0.7884965 0.3315893
0.1699864 0.4190769 0.4895012 0.5863853 0.1589849 0.3776856 0.4897586 0.0000000 0.5011187 0.3612726 0.2453329 0.4742857 0.2669106 0.5713618 0.2095976 0.0243905 0.3562098 0.5074030 0.3508641 -0.1274551 0.4562619 0.4811825 0.2338591 0.4347270 0.3524200 0.2168379 0.3089560 0.2622913 0.3361740 0.0971078 0.1314745 0.3828870 0.0280809 0.3337246 -0.1466317 0.5879736 0.2131640 0.3150008 0.0704096 0.0331120 0.3359235 0.5251947 -0.0592259 0.0014335 0.3712618 0.1147812 -0.0871399 0.2979977 0.0145561 0.3408360 -0.1249288 -0.0277366 0.2859351 -0.0337676 0.4290175 0.4032542 0.1434599 -0.0278008 0.4302243 -0.1381338 0.5231784 -0.1603562 0.3586944 -0.0274675 0.2066541 0.3528789 -0.1331363 -0.0844237 0.3691946 -0.0358490 0.3245650 0.3411242 -0.2161338 0.2453651 0.3574755 -0.0188632 0.2790794 0.1961734 -0.0319528 0.2472845 -0.1394088 -0.3449751 0.0953368 0.4189277 0.4470179 0.2737702 0.3251167 0.0433894 0.2727546 0.1497509 0.1759281 0.1445964 0.0335660 -0.2588407 0.3183964 -0.0691355 -0.0949274 -0.0221840 -0.2457525 0.0100825 -0.0502078 0.2365416 0.3933678 -0.0189235 -0.0192100 0.0597794 0.2151358 0.2782376 0.0925169 0.2020173 0.0067043 0.2976874 -0.2627229 -0.0152264 -0.2638927 -0.2207972 -0.3288107 -0.2506001 -0.2868234 0.5719886 0.6553500 0.1590166 0.2063635 -0.0579577 0.3873150 0.4761799 0.3552055 0.0966586 0.4111989 -0.0716966 0.3078509 0.4728150 0.1841901 0.0234681 0.1954840 0.2050072 0.1426559 0.0465208 0.2774504 0.3038157 0.2179037 0.0600534 -0.0681256 -0.0272508 0.0451053 -0.0812347 0.0723028 0.0924413 0.1911836 0.2842824 0.2789989 0.0193355 0.0489677 -0.0558901 0.2125477 0.2194354 0.0489794 0.0011893 -0.2139565 0.1860560 -0.3363857 0.1522828 0.1342489 0.3280497 0.1661842 0.2642530 -0.0089809 -0.0583975 0.0371915 0.2570247 0.2381209 0.0174425 0.3874830 0.3329910 0.5958361 0.5253599 0.4907299 0.1352462 0.2881621 0.2844039 0.1264644 0.1193398 0.4231877 0.2891021 0.5144203 0.2593579 0.3935734 0.3328740 0.2533655 0.0213959 0.3638349 -0.1605543 -0.3324278 0.3615110 0.4738530 0.3744098 0.2367649 0.0720076 -0.0525954 0.3948994 0.3045551 0.1995859 0.1899980 0.2677991 0.1034566 -0.1116926 0.5802513 -0.1207462 0.4055972 0.1501082 0.2362562 0.3201431 -0.0770038 -0.1339180 0.7688018 -0.0397100 0.5571286 0.4624558
-0.1229196 0.2345746 0.1388998 0.7585013 0.0428779 0.7714856 0.7722403 0.5011187 0.0000000 0.8280210 0.3248229 0.7948165 0.0442101 0.5894351 0.3931471 0.0052189 0.8581595 0.4265756 0.0559783 -0.1842238 0.5346821 0.2934862 0.4774546 0.1025484 0.0857989 0.1079645 0.7126141 0.2222485 0.2405210 0.4612251 -0.2246804 0.1168558 0.1329591 0.1773277 -0.0460994 0.6527438 -0.0424072 0.1321682 0.4428361 0.2919711 0.1556764 0.6132417 0.1107361 0.3722947 0.3079147 -0.0719376 -0.0025888 0.3331385 0.2344883 0.0530051 0.2344913 0.3591236 0.1911640 0.3018614 0.2991490 0.2270938 0.2208716 0.1385409 0.3019378 0.2951902 0.3673474 0.4410376 0.1740748 -0.0663409 0.0953627 0.3867190 0.2323203 0.1156484 0.1859649 -0.0177643 0.2834178 0.3523791 0.1340408 0.2661472 0.3776067 0.0210025 0.3676286 0.1422416 -0.0275267 0.0918688 -0.1352143 -0.4425998 -0.1243725 -0.1816524 -0.2182963 0.1737007 0.2594381 -0.4536437 -0.0273712 -0.1271512 -0.0170129 0.2382364 -0.2438750 -0.5052652 0.2740584 -0.2333311 -0.3784830 -0.3452056 0.0106402 -0.4743228 -0.3571655 -0.1318317 -0.0170234 -0.3511986 -0.3035690 0.0714332 -0.2173697 -0.0756466 -0.2229017 -0.0708424 -0.2591287 -0.1578527 -0.2239827 -0.2799804 -0.3485740 0.0352110 -0.0212496 -0.3149960 0.0603513 0.0640004 0.0881759 0.1702762 -0.1725765 0.1246090 -0.0007567 0.3546444 0.2658513 -0.1859498 0.2976374 0.1001246 0.0194221 -0.1007447 0.1588729 0.1023556 -0.0966003 -0.1241238 -0.0957206 -0.0321460 -0.2095479 0.2170719 -0.3108787 0.0627614 -0.3065747 -0.2170560 -0.1979161 -0.0752887 -0.1977199 -0.2198646 -0.0193218 -0.0853564 0.0682466 -0.0275519 -0.1644731 -0.1775515 0.4196500 0.1096041 -0.4575813 -0.0847461 -0.3868441 -0.0607516 -0.0015932 -0.1249059 0.0101218 -0.1201731 -0.1633376 0.1792912 0.2469201 -0.0292179 -0.2462409 -0.0510462 0.1252436 -0.0845395 -0.0472004 0.0730094 0.4327884 0.5869413 0.6138238 0.2714175 0.5084902 0.2334556 0.2462683 0.3590297 0.5178812 0.5372185 0.3540635 0.3142883 0.5362694 0.4450338 0.5280841 0.6734378 0.2203911 0.1002549 -0.0974805 0.3407551 0.4161838 0.4556245 -0.0752912 0.2644635 0.0949071 0.2868601 0.2374460 0.1399471 -0.0876724 0.1359174 -0.3641348 -0.5247439 0.0578969 -0.3001161 0.4521871 0.2294955 0.0080106 0.1812150 -0.0839183 -0.0659741 0.1635276 -0.1020598 0.5500689 0.4472981
-0.1739217 0.0373033 -0.1211733 0.6363743 -0.1030216 0.7665722 0.7167711 0.3612726 0.8280210 0.0000000 0.7332490 0.7804771 -0.0945321 0.4619467 0.1804660 0.3603483 0.8842704 0.2396465 0.3424220 -0.1292374 0.7050463 0.0695719 0.7271834 -0.0995661 0.3666048 0.4229209 0.3814790 -0.0161596 0.1814936 0.3051973 -0.3065238 0.0646186 0.0031080 -0.0388710 0.3428593 0.6441355 0.1622174 0.3366959 0.5500486 0.5396187 0.2254856 0.5413621 0.4248647 0.4563449 0.2153023 0.1463437 0.1597618 0.4309683 0.1803280 0.1304959 0.3537086 0.5933480 0.0182834 0.5958910 0.1888424 0.2771847 0.3264462 0.3692012 0.2850773 0.4202691 0.2820411 0.6867206 0.2074551 0.1735988 0.0955801 0.5483298 0.3346190 0.4927145 0.2789159 0.3060282 0.5349848 0.3110091 0.4936201 0.3864336 0.4826680 0.4004919 0.6164001 0.4612651 0.3759124 0.2645821 0.1435939 -0.4147413 -0.0590272 -0.0848287 -0.2318461 0.2706505 0.2863323 -0.1577959 0.1018170 0.0390795 0.0425286 0.0227401 -0.1875868 -0.2511250 0.4166335 -0.1691169 -0.4145198 -0.1396969 0.1885550 -0.2587598 -0.1206207 0.0159160 -0.0410083 -0.0989042 -0.2319186 0.3006543 -0.0644623 -0.1368210 -0.0424642 -0.0835269 -0.0069815 -0.0395998 -0.1813943 -0.2078418 -0.2018681 0.1611163 0.2438326 -0.1361717 0.2607195 -0.1508881 0.1218668 0.3174427 -0.1027933 0.4253761 -0.1612380 0.0270632 0.3856050 -0.0961503 0.1147982 0.4277632 0.1866361 -0.1442197 0.3922461 0.2027623 -0.1141114 -0.2085277 0.1410945 -0.0846395 -0.2159428 0.0339171 -0.5195017 -0.1051742 -0.1784717 -0.1274595 -0.1165531 -0.0376499 -0.1298835 -0.0837974 -0.3259678 -0.1764038 0.0511727 -0.0244084 -0.2112356 -0.3367527 0.5393920 0.0909765 -0.4947972 0.0662884 -0.3031328 -0.0315567 0.1128862 -0.2242576 -0.1641639 -0.2144079 -0.2500249 0.1592582 0.0089662 -0.2280689 -0.4295699 -0.1812219 -0.0076038 -0.2900476 -0.1039439 0.1735665 0.4004412 0.5038478 0.5472176 0.2440693 0.4691120 0.4053275 0.3262383 0.2671127 0.3580889 0.3314557 0.2942195 0.4405426 0.6502799 0.5538947 0.5634176 0.6705211 -0.0052146 0.0819368 0.0476441 0.0694257 0.0785948 0.1432595 -0.1737558 0.1233258 0.2088310 -0.0090040 -0.1323918 -0.1619004 -0.3976773 -0.1590117 -0.3624924 -0.2960889 -0.0858444 -0.3823236 0.1180172 -0.0408541 -0.3537641 -0.0400974 -0.1283323 -0.0806435 0.0581808 -0.1357470 0.5190209 0.4537109
0.0613123 0.0206662 -0.1142757 0.3852424 -0.0399859 0.5323124 0.5247167 0.2453329 0.3248229 0.7332490 0.0000000 0.5693393 -0.0444542 0.0959401 -0.1660471 0.4906162 0.5421317 -0.1274153 0.4714246 0.0216612 0.6806902 -0.2505029 0.6575476 -0.1720571 0.4356702 0.5642365 -0.1488866 -0.2806063 0.3317057 -0.1841715 -0.2018959 0.1677555 0.0366081 -0.0545162 0.6315680 0.4994956 0.4579458 0.4334509 0.4774410 0.6263096 0.2802763 0.3950208 0.6656046 0.4387310 0.1512758 0.3767791 0.3350383 0.4381599 0.1072826 0.3409500 0.3861997 0.6084722 -0.0705208 0.6640605 0.1907346 0.3907876 0.4239502 0.4484518 0.3489690 0.4261805 0.2647981 0.6534426 0.2706042 0.3627066 0.1454735 0.6273379 0.3898025 0.7057562 0.4317241 0.6240890 0.7138297 0.2206181 0.6593633 0.4653503 0.5112179 0.7455308 0.8101225 0.7178949 0.7110882 0.5786646 0.5413592 -0.3430569 -0.0020502 0.1077245 -0.1265782 0.2403145 0.3448663 0.2008974 0.2100051 0.1326810 0.1547766 -0.1479751 -0.0131911 0.0039257 0.4722889 -0.0550819 -0.2853463 0.0291936 0.0527008 -0.0015063 0.0521692 0.1371186 0.0511547 0.0887521 -0.0969013 0.4593356 0.1544516 -0.0878153 0.1550097 -0.0552559 0.3157231 0.1687888 -0.1125699 -0.1112129 0.0708113 0.1831754 0.2807615 0.1504291 0.2873728 -0.1041104 0.2062333 0.3402381 0.0279517 0.5499537 -0.1973978 -0.2545616 0.3037448 -0.0210381 -0.0868395 0.4495292 0.2675735 0.0692446 0.3791441 0.2195825 0.2685419 -0.2341259 0.2688991 -0.2135594 -0.1585721 -0.1807512 -0.4195494 -0.3578150 0.2441119 -0.1235329 -0.0059879 0.0198927 -0.0864308 0.0333341 -0.3185893 -0.2035055 -0.0446724 -0.0269825 -0.2557423 -0.3426568 0.3547194 0.1005805 -0.3251179 0.0911794 -0.1696948 -0.1240106 -0.1335453 -0.2255402 -0.1201847 -0.2163577 -0.2737764 0.1532930 -0.1553406 -0.2463825 -0.4342591 -0.1871428 -0.0923598 -0.3643030 -0.0178915 0.3356148 0.4153045 0.3476965 0.3410667 0.0670282 0.1940847 0.5042632 0.2072308 0.1959472 0.2308361 0.1516233 0.2984337 0.5036996 0.6846034 0.6587334 0.5654123 0.2184857 -0.0089038 0.1418956 -0.0380539 -0.1473464 -0.1931747 -0.1844458 -0.1539062 -0.1650010 0.3870550 -0.2757377 -0.3438957 -0.3960961 -0.4392945 -0.2920655 -0.2503862 0.0581617 -0.0770998 -0.3806547 -0.2527557 -0.2895864 -0.5777033 -0.2082605 -0.1489859 -0.0693925 0.0892043 -0.1839082 0.4677627 0.3013125
-0.0293402 0.3099472 0.2992019 0.7680264 0.1399001 0.8681639 0.9261540 0.4742857 0.7948165 0.7804771 0.5693393 0.0000000 -0.0111563 0.3677113 0.2561930 -0.0636434 0.8299027 0.1561038 -0.0056472 -0.0941729 0.7086776 -0.1723320 0.3480089 -0.0548769 -0.0523728 0.0242524 0.4803069 -0.0253613 0.5541856 0.0517013 -0.4192431 0.1786367 0.2218207 0.1275072 0.2490629 0.6641296 0.0357191 0.0697118 0.6028340 0.3858125 0.0794761 0.6022421 0.4216560 0.3621426 0.2613746 -0.0841943 -0.0746179 0.2490743 0.1450391 0.0495428 0.2967572 0.5739764 0.1017919 0.2927918 0.1452991 0.1267766 0.0782725 0.0797794 0.4552326 0.4157625 0.4371437 0.4735128 0.0102458 -0.0540690 0.0519613 0.3048186 0.2951930 0.1889801 0.0640815 0.1016045 0.3246645 0.2690047 0.3674911 0.3526546 0.2073070 0.3110505 0.7178935 0.2555990 0.2276496 0.4146948 0.0834635 -0.2037059 0.1281607 -0.0037933 -0.2445541 0.3073826 0.3689995 -0.1965937 0.2453245 0.1362417 -0.0734709 -0.0402324 -0.4086330 -0.2897139 0.3523309 -0.1060452 -0.4847463 -0.5857871 0.1658312 -0.2671738 -0.0894257 -0.2950467 -0.1607477 -0.2020805 -0.4558148 0.2400024 -0.1214433 -0.2485249 -0.1778987 -0.0347768 0.0392977 -0.1010190 -0.3956112 -0.4212283 -0.4063644 0.0557972 -0.0146790 -0.2809852 0.1385486 -0.0095156 0.0548037 0.0160787 -0.0716691 0.0553805 -0.1996447 0.1963388 0.1122147 -0.2823324 0.1006851 -0.0447962 -0.2018270 -0.1756314 -0.0378035 0.0836569 -0.0058334 -0.3516293 -0.2426496 -0.1497927 -0.2287341 0.1423701 -0.4333534 -0.1700091 -0.1102651 -0.3890104 -0.3257288 -0.2305395 -0.3429959 -0.3071996 0.0727700 -0.3004778 0.0076344 -0.2129704 -0.3944911 -0.2941047 0.3564894 -0.0961221 -0.3967104 -0.2955733 -0.5425564 -0.1155074 -0.3716974 -0.2892003 -0.0985168 -0.0484116 -0.3704918 0.0069879 0.0913175 -0.2201065 -0.3707682 -0.1041525 -0.1018226 -0.2070071 0.2656171 0.4109658 0.6280420 0.6802480 0.7409848 0.3255551 0.6038577 0.3631046 0.3113829 0.4262821 0.5580514 0.5882938 0.4332353 0.3612880 0.6460214 0.6670478 0.7188332 0.5381313 0.0978961 0.2505292 -0.1464580 0.1200061 0.2485498 0.2602434 0.0797462 0.2309132 0.3201577 0.1996895 -0.0531059 -0.0992459 -0.3229403 -0.0558039 -0.3920828 -0.4220241 0.2510862 -0.2987613 0.2016719 0.0975161 -0.2342210 0.0661858 -0.0265843 0.0085431 0.2958871 -0.2211210 0.7161250 0.3679096
0.6958470 0.7556336 0.6853635 0.0311405 0.5709363 0.0878730 0.1980927 0.2669106 0.0442101 -0.0945321 -0.0444542 -0.0111563 0.0000000 0.0900015 0.4217950 -0.3074972 0.0954482 0.2235959 -0.1529206 0.7768873 -0.2989052 0.4197791 0.0129264 0.2749283 -0.0904433 -0.2778990 0.1820608 0.3565775 -0.2770061 -0.1717585 0.7402015 -0.0253134 0.0329288 -0.3290470 -0.3079228 0.1145012 0.1126459 0.1455060 -0.5558375 -0.3744764 0.3979014 0.0084338 -0.1918421 -0.4165752 -0.4313649 -0.0628618 0.0139202 -0.1271658 -0.5857955 0.1477142 0.0084889 -0.0709834 -0.3316554 -0.2586023 0.0047554 -0.0278014 -0.0300759 -0.4513285 0.0339024 -0.1735571 -0.0453566 -0.0852463 0.1077479 -0.4578098 -0.3737390 0.0633140 -0.2155160 -0.3678423 0.1415063 -0.3524118 -0.1332185 -0.2191114 -0.3791756 -0.3483971 0.0038749 -0.4398052 -0.2202458 -0.2688849 -0.3576969 -0.0428923 -0.1267801 -0.3747444 -0.3828564 -0.2482484 -0.2160429 -0.5807660 -0.2704257 -0.1349775 -0.4925793 -0.3422718 0.1259974 0.3388804 0.2518690 -0.3705603 -0.2055658 0.0193260 0.4174434 -0.0409455 -0.3368328 -0.3248918 -0.2587273 0.0019856 -0.0232255 -0.2640527 0.0165962 -0.2127353 -0.4346688 -0.0517113 -0.2317148 -0.2818841 -0.3602478 -0.2161257 -0.4237674 -0.2830061 -0.3459478 -0.7546192 -0.3146465 -0.2170412 -0.4506114 0.2677097 -0.0443038 -0.1997969 -0.0779911 -0.4582297 0.4250010 0.4625192 -0.3930611 -0.2794074 0.5702480 -0.5011885 -0.0372277 0.3945056 -0.4092058 -0.5274918 0.3012229 0.2432721 -0.3053324 0.1128542 0.0016096 0.5828955 0.2877173 0.3359826 0.3752788 0.0144367 -0.0272538 0.3262997 -0.0271411 0.0196272 0.1453968 0.2436398 0.5009517 0.1727405 0.0714599 -0.0398607 0.0685623 0.4578869 0.2772031 0.0576440 0.0095409 0.4850470 -0.0583487 0.3303171 0.1206398 0.3745531 0.3147367 0.2256343 0.1846393 0.1761221 0.0700804 0.3705844 0.3529160 -0.0033624 0.2731165 -0.0006350 0.3944490 0.1948797 0.1668506 0.0471549 0.3038795 0.4244557 -0.0281693 0.4717607 0.2411492 0.2720637 0.0206387 -0.3136636 -0.1124096 0.0325826 0.0253513 -0.3582908 0.2856191 0.4560215 0.1852301 0.6852686 0.3817076 0.5853527 0.0528662 0.3698752 0.5032592 0.4538112 0.5321462 -0.1693507 0.0854712 0.2094153 0.4578479 0.4258533 0.2239023 0.5699801 0.4156627 0.0654292 0.1532186 0.4162766 0.5176425 0.3964853 0.3195315 0.7603855 0.2358681 0.3452067
-0.0600245 0.1460061 -0.0665942 0.3363720 -0.2050141 0.3744047 0.3476001 0.5713618 0.5894351 0.4619467 0.0959401 0.3677113 0.0900015 0.0000000 0.6598153 0.2423109 0.5285404 0.8257601 0.2799710 -0.0819011 0.1248352 0.4358662 0.4897738 0.7641078 0.5458422 0.3385909 0.7785923 0.7122203 -0.1508638 0.7941045 0.0981905 0.3704294 -0.4160194 -0.0020783 -0.0461910 0.3898798 0.1835393 0.3845869 0.2217227 -0.0668531 0.4926975 0.2761266 0.0588732 -0.2154333 0.0497015 0.3474234 0.2356432 0.5217489 -0.0294348 0.4141237 0.2476878 -0.2623152 0.1923997 0.0627968 0.4089502 0.4304025 0.3219357 0.2209580 0.2289431 0.1421135 0.3123914 0.1559320 0.4774732 0.2016555 0.1045607 0.3895641 0.2761155 0.1416034 0.4132074 0.2043930 0.3743943 0.3444136 0.0206902 0.2119060 0.5173126 0.0275147 0.0818770 0.1443208 -0.0148950 0.1150183 -0.1666983 0.0829626 0.2793101 0.1831431 0.2985632 0.3140228 0.4654067 -0.0637802 0.2329287 0.1328652 0.3367821 0.2575518 0.1949718 -0.0851394 0.3635337 0.0837443 0.1976843 0.2619864 0.1800481 -0.0155795 -0.0280091 0.3941079 0.3914085 0.1067229 0.3413917 0.1454625 0.1975281 0.4096312 0.3203037 0.3609132 0.0375463 0.3086239 0.1721441 0.3457227 0.1675221 0.0938789 0.0714866 0.0640289 0.1370143 0.0527048 0.2690120 0.1496275 0.3276415 0.1579176 0.3194054 0.1086257 0.0648868 0.3724794 0.3322620 0.2480623 0.3558023 0.3679060 0.0050540 0.0153162 0.0242793 0.4363954 0.3379346 0.4026789 0.2372085 0.1866329 0.1927838 0.3376565 -0.0004388 0.2758075 0.3638580 0.3304646 0.4374867 0.3266250 0.2029171 0.4526875 0.2983651 0.3036410 0.4714739 -0.1532241 0.3819050 0.4471034 0.2728778 0.3895609 0.1066417 0.4121148 0.2777765 0.5052903 0.4300608 0.4279106 0.5056785 0.6519610 0.3609183 0.1756885 0.2932597 0.5180445 0.4712011 0.3033628 -0.0727089 0.0731957 0.1901861 0.3141281 0.4377024 -0.0707977 0.2155315 -0.0337567 0.1990350 0.1483794 0.2919198 0.2441448 0.3272397 0.2173480 0.3076143 0.1822863 0.1179251 0.1487784 -0.0172561 -0.3675371 -0.0965452 0.2756512 0.2294650 0.2363674 -0.3611843 0.1209762 -0.3439234 0.0250451 0.1658872 -0.1022875 0.1750727 0.0814500 -0.1359488 0.0496275 0.2071442 -0.2653191 0.4031361 -0.1835947 0.0500681 0.0797962 -0.2811867 -0.1535761 0.2507491 -0.1203416 0.0672251 0.1731966
0.3976990 0.2232208 0.2929970 -0.0584564 -0.0038254 0.1247441 0.2080115 0.2095976 0.3931471 0.1804660 -0.1660471 0.2561930 0.4217950 0.6598153 0.0000000 -0.3273279 0.3827280 0.5085399 -0.0550229 0.1808335 -0.3629105 0.2650721 0.1853281 0.5362031 0.0495543 -0.0767393 0.7382653 0.6137884 -0.3323406 0.5284997 0.1339581 0.1313820 -0.4435285 -0.4258774 -0.1591379 0.0266452 -0.0098135 0.0893104 -0.0884538 -0.3264842 0.1407724 -0.2302361 -0.0238055 -0.4824145 -0.5125610 0.0923392 0.0894708 -0.0363604 -0.4324699 0.1137549 0.2205403 -0.2075811 -0.2546359 -0.1548325 -0.1256512 -0.1412128 -0.0456048 -0.1712186 -0.2261335 0.1088078 -0.2151125 0.0588625 -0.0412029 -0.2653560 -0.4076797 -0.0790202 0.2016566 -0.1680115 -0.0977495 -0.1138518 -0.0890301 -0.1546341 -0.0442065 -0.3257596 0.0253585 -0.2539051 -0.2983404 -0.4019752 -0.2283722 0.0224829 -0.3810151 0.1185372 0.1599195 -0.1498312 -0.1001013 -0.1202389 0.1757169 -0.0507367 0.0465612 0.1525814 0.2651948 0.3850922 0.0831590 0.0218403 0.0746289 0.1748573 0.4691995 0.0560859 0.3827793 -0.0556084 0.0798039 0.0372550 -0.0702521 0.0198900 0.2193116 -0.1391470 -0.2613695 0.0345940 0.1267748 0.1421782 -0.0658350 -0.0796453 -0.2092617 0.0481725 -0.0996448 -0.2227245 0.1909853 0.0711386 0.2013879 -0.2289713 -0.1370284 -0.2367991 0.2908185 -0.2637132 0.0561479 0.2170594 -0.3286840 0.1304414 0.3107724 -0.1460911 -0.1110595 0.1694796 -0.4559515 -0.5299179 -0.0890326 0.3854548 -0.0628779 0.6463157 0.3084400 0.3420800 0.3464223 0.6070577 -0.0401587 0.4099642 0.3345912 0.5573576 0.4010242 0.3285180 0.4378715 0.1817587 0.1386376 0.4617970 0.5251980 0.1201649 0.3881841 0.4929865 0.3443152 0.3912916 -0.1459974 0.5245805 0.2993291 0.4672464 0.4165396 0.5731563 0.4533005 0.5478625 0.5171073 0.1730987 0.2512544 0.5495465 0.3482521 0.2081801 0.1481921 -0.0734045 -0.0078262 0.0401423 0.2865420 0.1405810 0.4473723 0.0310263 0.3014604 0.2615859 0.0148688 0.1590834 -0.1629193 -0.2937312 -0.0998628 -0.1544104 -0.2002623 -0.0008339 -0.3088772 -0.1093188 0.4349870 0.3928468 0.2207312 0.3977125 -0.3430688 0.6128888 -0.0359877 0.2423998 0.1807895 -0.2130138 0.1795611 0.2099640 0.0584412 0.2327775 0.1972941 0.1966669 0.3199587 -0.0876015 0.2127236 0.2384195 0.1289704 0.3247595 0.1535151 0.1450550 -0.1335406 0.1666470
-0.4220176 -0.2964067 -0.6504579 0.0860883 -0.1943480 0.1023352 -0.0567812 0.0243905 0.0052189 0.3603483 0.4906162 -0.0636434 -0.3074972 0.2423109 -0.3273279 0.0000000 0.2009728 0.2421722 0.6547065 -0.1439466 0.3551896 0.0365054 0.6089080 0.0720625 0.7385174 0.6917265 -0.1433601 -0.0551666 -0.0981100 0.2322130 -0.0297932 0.1212434 -0.1769847 0.1715679 0.4467424 0.1852733 0.3537311 0.4652170 0.2951883 0.3069563 0.3304872 0.2485663 0.3338351 0.2318501 0.3844228 0.5213538 0.4094297 0.5128889 0.4042615 0.2836694 0.2213971 0.1231101 0.3152463 0.5012457 0.3089497 0.5261525 0.4663934 0.6524539 0.2436684 0.2319996 0.2866650 0.3642511 0.4100450 0.7435420 0.4932566 0.5147024 0.2137028 0.6293058 0.4891564 0.6231787 0.5872809 0.4807804 0.3093151 0.5998326 0.5662073 0.5414162 0.3550251 0.7289987 0.4512870 0.1342861 0.4404686 -0.0965243 0.1082776 0.2452150 0.2035467 0.2307253 0.1898038 0.2193560 0.0618187 -0.0210236 0.1389800 -0.2484038 0.2460338 0.1719611 0.2035700 -0.1738567 -0.1980083 0.5080478 0.0600771 0.2287985 0.0512829 0.4989532 0.2750760 0.3127897 0.1786339 0.2993039 0.3845708 0.2211079 0.2465640 0.0979467 0.1866096 0.3199344 0.4253508 0.3419990 0.4166586 0.3024973 0.0665192 0.0830120 0.0507107 -0.2307720 0.0578025 0.2107530 -0.0365542 0.4880772 -0.0157443 -0.5393317 0.2028515 0.2850796 -0.2613575 0.5393582 0.4223810 0.1163858 0.4553289 0.3485006 0.0517990 0.0447422 0.5225431 -0.0674585 -0.0479171 -0.2652937 -0.2259117 -0.1927132 0.1284253 0.0896116 0.1967712 0.0705990 0.2267096 0.2129372 -0.4661780 0.2087968 0.0129806 0.0142321 0.0698289 -0.2275211 0.3440095 0.0455390 -0.1697585 0.2704303 0.3833346 -0.0849133 0.3689062 0.0288233 -0.1180267 -0.3204283 0.1075857 0.1499685 -0.1385146 -0.0812853 -0.1411582 -0.1423511 0.0742788 -0.1303074 -0.4701946 -0.0452219 -0.0265526 0.0282104 0.0417558 -0.3084947 -0.2134648 -0.0102917 0.0118527 -0.1463799 0.0021639 -0.1348668 0.2707735 0.5353768 0.3756226 0.2845140 0.2588037 0.1159063 -0.1681614 -0.2498520 -0.1427178 -0.4150920 -0.5425995 -0.5027007 -0.4734959 -0.4424322 -0.2591569 -0.6252209 -0.3564800 -0.2606782 -0.2675336 -0.3676506 -0.1207920 0.0137164 -0.4739579 -0.5860688 -0.2009574 -0.3677789 -0.4380412 -0.3558828 -0.3159582 -0.3354889 -0.2567302 -0.2016712 -0.0052026 0.0346099
-0.0372104 0.2650264 0.0763582 0.7350752 0.1142349 0.8807137 0.8073670 0.3562098 0.8581595 0.8842704 0.5421317 0.8299027 0.0954482 0.5285404 0.3827280 0.2009728 0.0000000 0.4485339 0.0928102 0.0611412 0.5837172 0.1176684 0.5860616 -0.0251496 0.1454151 0.1366900 0.5866019 0.1569295 0.2128175 0.2997299 -0.1853074 0.0051316 0.0955443 -0.0076326 0.1382965 0.6784591 0.0481120 0.0687001 0.4488676 0.3329571 0.3236329 0.5406982 0.2663714 0.2951382 0.1559580 -0.0901359 0.0194516 0.2981813 0.1017292 -0.0470735 0.2985033 0.5341505 0.0536810 0.3981566 0.1041810 0.1275459 0.2103747 0.1443650 0.3078224 0.3716039 0.2803412 0.5556846 0.0603279 0.0448618 0.0321250 0.4303634 0.2703874 0.2315072 0.1489167 0.0848226 0.3364762 0.3249163 0.2696770 0.3554121 0.3647692 0.1553827 0.4883219 0.2639120 0.0526876 0.1041548 -0.0023603 -0.3114700 0.0544912 -0.0740835 -0.2584033 0.1599597 0.2491854 -0.1749598 0.0550777 0.0231921 0.0391382 0.1764519 -0.2880979 -0.2534905 0.3704181 -0.1663181 -0.3714388 -0.3526246 0.2847793 -0.2538392 -0.1152421 -0.1386321 -0.1294062 -0.1332929 -0.3340269 0.2454091 -0.2473786 -0.1836298 -0.2207885 -0.1489629 -0.1319083 -0.1804073 -0.2285157 -0.3199433 -0.3154315 0.0527454 0.0897514 -0.2839525 0.1415993 -0.2620668 -0.1482683 0.0609088 -0.2085043 0.1456575 -0.1890601 0.0953577 0.0364078 -0.2288796 0.1405485 0.1494427 -0.0411823 -0.1089565 0.0150384 -0.0249851 -0.1107008 -0.2037174 -0.0750148 -0.0405399 -0.2565606 0.2186045 -0.4527020 -0.0243668 -0.0947492 -0.2676845 -0.2032739 -0.0089582 -0.1909301 -0.1663173 -0.0777740 -0.2254072 0.0829533 -0.0469537 -0.2382980 -0.4330655 0.6329356 0.0483480 -0.4784811 -0.0726725 -0.2918180 0.0079618 0.0607483 -0.2199635 -0.1297956 -0.1766166 -0.2165254 0.0905970 0.2300362 -0.1936060 -0.4171312 -0.1375979 0.0483941 -0.2657612 -0.0751243 0.0702883 0.4376439 0.5393755 0.6511900 0.2163918 0.6052675 0.3418011 0.3430992 0.4372981 0.4575300 0.5122617 0.3463093 0.2770294 0.4977969 0.5344530 0.6212278 0.5647146 -0.0241821 0.2905680 0.0894312 0.1235195 0.1022049 0.2463135 -0.2030971 0.3564587 0.2322577 0.0680945 0.0854252 -0.0769609 -0.2364364 0.0423312 -0.3001112 -0.3882898 -0.0112439 -0.2178473 0.3988365 0.1642018 -0.1302237 0.1825047 0.0511556 0.0988210 0.1347653 0.0216664 0.6151968 0.5642089
