0.0000000 0.8261804 0.7281956 0.5403352 0.2261437 0.3438557 0.1601223 -0.2626060 0.3296757 0.1643919 -0.3192169 0.6334368 -0.2928584 0.6861879 0.5269317 -0.4737386 0.1280292 0.5255912 -0.2160168 0.1862398 0.6201972 -0.0226985 -0.4270071 0.5280737 -0.0506386 -0.2185007 -0.0895925 0.4983360 0.4987979 0.3740920 -0.2341603 0.0218512 0.4267089 0.3993275 -0.2873163 0.2231027 -0.0753809 -0.2169861 -0.1517937 -0.0107918 0.2510795 0.2742883 -0.2067811 -0.0356713 0.4426050 0.1108087 0.0289121 0.1669388 -0.2885524 -0.1948419 -0.0301777 -0.2653141 -0.0960114 -0.4248638 0.1376927 0.1500738 0.0094630 -0.3678185 0.1020862 -0.1078924 0.1817491 -0.0429789 0.0174578 -0.3225500 -0.0721955 -0.0474730 -0.0731286 -0.3200931 0.0004807 -0.2870231 -0.1317134 -0.5831659 -0.0046483 -0.0696829 -0.2579592 -0.2161233 0.0068299 -0.2592510 -0.1308868 -0.1557268 0.0579736 0.2456557 0.5149993 0.3030293 -0.0394962 0.3667678 0.3861508 -0.3933419 0.1787077 0.2415620 0.1309973 0.1690709 0.2776876 -0.2923193 0.2380465 0.1816616 0.4147494 -0.0646456 0.2496474 -0.0567758 0.4086977 0.2111976 0.3067293 -0.0151062 0.0837125 0.0665846 0.2589988 0.2820446 0.5756910 -0.0185902 0.0642417 0.4499156 0.1828123 -0.0722043 -0.1036483 -0.1819533 -0.1387891 -0.1093533 -0.0872039 0.1403953 0.1234115 -0.0102193 0.5950102 0.2509159 0.1051417 0.4875407 0.0236110 0.5558796 0.5046633 0.1449126 0.2446149 0.6064070 0.2545015 0.2262228 0.2093534 0.6375449 0.3363383 0.3388551 0.3800265 0.5673108 0.0478396 0.4771822 -0.1436101 0.5703192 0.4415739 0.4177241 0.4187624 0.3878080 -0.3296120 0.3871016 0.5828875 0.6804953 0.4005619 -0.0158719 0.1265072 0.5878921 -0.3799949 0.4397705 -0.3128829 0.3092774 0.2814470 0.4746064 0.5941994 0.0068015 0.3925282 0.6709635 0.3132464 -0.3237971 -0.2789683 0.0711952 0.1072823 -0.3755781 0.7567747 0.2113565 0.5129390 0.3840813 0.3696086 -0.2647401 0.2690251 0.3757067 -0.1159065 0.3251589 -0.0983898 -0.0313179 -0.1619294 0.0221750 -0.1460468 -0.2245916 0.0434194 0.0519143 0.4405425 0.0217247 -0.0706720 0.5015007 0.4102486 0.4896434 0.4053987 -0.0273184 0.1246576 0.4422283 0.3092791 0.1610967 0.4377845 0.5769418 0.2525014 0.3631502 0.4663285 0.1661979 0.4485679 0.1804301 0.3824078 0.4827149 0.2891405 0.2080002 0.1564936 0.2669333 0.5724162 0.0376680
0.8261804 0.0000000 0.4966314 0.4552721 0.1376546 0.5167253 0.3497883 -0.3578994 0.3858400 0.1593853 -0.3618214 0.6657931 -0.3235178 0.5804592 0.5356264 -0.5575582 -0.0132358 0.5384592 -0.2606902 0.0834026 0.6476988 -0.0473481 -0.5208902 0.5412431 -0.2618212 -0.3843210 -0.1847918 0.4562443 0.6136972 0.2619513 -0.1806998 -0.1974338 0.3881540 0.5452880 -0.4564952 0.4297177 -0.3286997 -0.1548687 -0.2589824 -0.1065448 0.3911350 0.3809679 -0.3923793 -0.1068712 0.6803474 -0.1365494 -0.2473392 0.2921334 -0.1267590 -0.1066772 -0.3066903 -0.4017492 0.1944459 -0.4280764 0.0233250 -0.0597930 -0.2839938 -0.3016684 -0.0357651 -0.3745894 0.2827003 -0.2082291 -0.1991174 -0.2035742 0.0692025 -0.3566844 -0.2773071 -0.3305992 -0.1823034 -0.2253120 -0.3990143 -0.4705911 -0.1837797 -0.0485802 -0.3797565 -0.2969671 0.2608028 -0.3983086 -0.2212170 0.1053748 -0.0902964 0.3092161 0.5118509 0.4090162 0.1448802 0.4544807 0.1830193 -0.1067771 0.2498507 0.1585085 -0.2015400 -0.1456948 0.1491849 0.0223156 0.0044721 -0.0915181 0.0860099 0.0168089 0.1745703 0.2916758 0.4005078 0.2618154 0.3574748 0.2109352 -0.2599163 -0.0299716 0.3639272 0.3172663 0.2796631 0.0299592 -0.1683076 0.2816319 0.2440723 -0.0651586 -0.1410698 -0.1340082 -0.1497585 -0.1007997 -0.0660198 0.1542499 0.1561103 0.0761929 0.3579125 0.4467038 0.1373420 0.5733767 0.1235410 0.3459513 0.5829826 0.4908474 0.4041329 0.6820378 0.4472528 0.5641568 0.2457675 0.4268446 0.5651567 0.4576371 0.5094741 0.5336829 -0.0272234 0.5650388 -0.2417774 0.6326293 0.5555876 0.1067618 0.5082198 0.5182758 -0.3540505 0.4572288 0.3348224 0.6200600 0.4435059 -0.1924813 0.1090718 0.4951985 -0.5050528 0.5121131 -0.3382645 -0.1093486 0.3176811 0.3930084 0.3297517 -0.2736623 0.3171809 0.5591705 0.0654476 -0.3271826 -0.4052511 -0.1995644 0.0838854 -0.4513034 0.5142119 0.0683288 0.7039505 0.6200550 0.5342973 0.0012325 0.3655999 0.4298593 0.1642400 0.4445993 0.0218710 0.2274693 -0.0852364 -0.1790938 -0.2013577 -0.2167318 0.0805524 0.0633853 0.2884517 0.1967393 -0.0201250 0.4750681 0.4885337 0.5508070 0.4941654 0.1808353 0.1199135 0.5750656 0.3077570 0.0695358 0.2945771 0.5255704 0.4708440 0.2634206 0.5684858 0.3927522 0.4150378 0.0577757 0.3685793 0.5843220 0.3642435 0.5065973 0.4666042 0.4230730 0.6539509 0.3393340
0.7281956 0.4966314 0.0000000 0.2689989 0.7373569 -0.1264217 -0.1488542 -0.0723207 0.0591263 0.0109186 -0.2696453 0.4743877 0.0718933 0.3182388 0.2452103 -0.3387404 0.1044415 0.0621075 -0.2205189 0.3899366 0.6233580 0.2672626 -0.2575728 0.0717278 0.1328001 -0.0835805 -0.1390402 0.0028687 0.3303155 0.0714273 0.2019264 0.1970543 -0.0172922 0.1120017 -0.1057338 0.2560525 0.0881099 -0.0162146 -0.1692422 -0.2945911 0.5000199 0.2546968 -0.0491467 -0.2883579 0.1544047 0.1606573 0.1403935 0.4362239 -0.4354278 -0.0821026 0.0971675 -0.0205325 -0.1881843 -0.3234596 0.3161149 0.2697900 0.1511257 -0.3330129 0.5279755 0.0207519 0.2066520 0.0601889 0.4951361 -0.2845360 -0.0740415 0.2246496 0.0062712 -0.3502230 0.3517004 -0.2953651 0.0125340 -0.3518956 -0.0576310 0.3687114 -0.0452957 -0.1630932 0.2352633 0.0091958 0.0458529 0.1149687 0.3836214 0.1150954 0.3737110 0.0476191 -0.1905918 0.2508913 0.2899871 -0.3576440 0.2443006 0.4139467 0.4634237 0.4639434 0.2386051 -0.2772207 0.5820748 0.3568848 0.5512233 -0.1880640 0.5125236 0.0259632 0.4598138 0.0875846 0.2902689 -0.2404478 0.3977168 0.4394275 0.0769429 0.2032214 0.7006016 -0.1591980 0.5254465 0.3577744 0.0507912 -0.1096044 -0.1701096 -0.2506051 -0.2128960 -0.2271239 -0.1643582 0.0353111 -0.0596181 -0.1730192 0.5907512 0.0729426 -0.0698974 0.4568001 0.0089644 0.7180745 0.5232060 0.0895639 0.1509947 0.5576825 0.2955109 0.0545266 0.2810391 0.7547468 0.3217679 0.3974145 0.3647125 0.2991884 0.4385769 0.3329234 0.3406346 0.3325338 0.3925654 0.4028468 0.4939459 0.4607272 0.0843375 0.2759945 0.3003519 0.6552558 0.5306046 0.2672830 0.5021333 0.6337171 -0.0638464 0.4431416 -0.0881677 0.4201930 0.5714343 0.4713550 0.6174384 0.2495596 0.6131150 0.6427807 0.5470280 -0.0310064 0.0695131 0.3949176 0.6161392 0.1101643 0.5138586 0.3738484 0.4824631 0.4323237 0.5726738 -0.0249297 0.5713179 0.4008832 0.0776871 0.4971787 0.2851268 0.2601989 0.2970464 0.3766309 0.3157022 0.1630808 0.3912389 0.4664259 0.6610076 0.3400759 0.2310296 0.6829454 0.5520185 0.5813927 0.3218344 0.0596795 0.3891251 0.3679560 0.5651829 0.3072517 0.4064831 0.3757388 0.3563178 0.6611444 0.3570210 0.0970507 0.7254347 0.5890446 0.3556108 0.2778910 0.5340889 0.1561489 0.0066189 0.4189192 0.5192798 0.0732329
0.5403352 0.4552721 0.2689989 0.0000000 -0.3244208 0.5859456 0.3248303 0.2374720 0.7141332 0.4638184 0.3036248 0.7463964 -0.1827535 0.5091010 0.7782238 0.1616692 0.4452475 0.3703763 0.0293208 -0.4535782 0.5597075 -0.1861039 0.2582324 0.5657077 0.0257640 0.1337534 0.0525120 0.4851602 0.6542707 0.5174938 -0.3239726 -0.0280338 0.5623481 0.5569578 0.1882333 0.5124834 0.2089206 -0.1445510 0.4626030 0.4868410 -0.1175633 0.5219060 0.3773597 0.5047336 0.5079680 0.3768086 0.3950788 -0.2063831 0.3878626 -0.4367963 0.4213625 0.2285348 0.3546027 0.1598745 0.0487315 0.2568350 0.3358699 0.3193084 -0.3566441 0.4070334 0.4016320 0.4771390 -0.4101145 0.3770058 0.4603499 0.1605388 0.4088451 0.3617158 -0.1830600 0.4769880 0.1966692 -0.0313971 0.3872065 -0.0358957 0.1385505 0.3974170 0.0865555 0.0027711 0.4299967 -0.1424740 0.2842347 0.1621743 0.5273945 0.5918063 0.2482629 0.5883047 0.2506574 -0.5630463 0.2287199 0.1558009 0.1891290 0.2408377 0.5765668 -0.5265848 0.3180284 0.3939895 0.2233837 0.4552006 0.1742962 -0.2716737 0.2109415 0.5474105 0.5504654 0.1847267 0.1509542 0.1134497 0.6334625 0.5104580 0.5456912 0.4258711 0.2092118 0.6668639 0.5438327 0.4373643 0.5648937 0.5123141 0.5702566 0.5851710 0.6102029 0.7155091 0.7397772 0.5676326 0.3949130 0.5685228 0.6672658 0.2272552 0.5569680 0.2086282 0.3132265 0.3818496 0.6305494 0.4104442 0.3196935 0.2169244 -0.2023818 0.3029970 0.4065852 0.4451033 0.4649512 0.5883539 -0.3748781 0.5066012 -0.4414706 0.4523063 0.5540380 0.3444624 0.4238170 0.2693984 -0.4655282 0.3944124 0.3378464 0.3897210 0.4251051 -0.1441974 -0.2466366 0.3396234 -0.2483959 0.4990898 -0.3110109 0.0876155 -0.1459643 0.4418075 0.4410594 -0.0562958 0.2147024 0.6031998 0.2806889 -0.2749383 -0.2414345 0.0687135 -0.1313472 -0.3327791 0.4851044 0.1805996 0.1311832 0.2806788 0.1068663 -0.6799336 -0.0825187 0.2309050 -0.5960447 0.1697083 -0.1730175 -0.2515314 -0.6222154 0.0354060 -0.6989561 -0.8380367 -0.4594233 -0.1177984 0.2371094 0.0546699 -0.3684349 0.1022871 -0.0074058 0.1437168 0.4601252 0.1062569 0.2975936 0.2668592 0.1401530 0.0372540 0.3276233 0.5377668 -0.4080578 -0.1204256 0.3401891 -0.2699529 0.2594028 -0.1641823 0.1383871 0.1380546 -0.3836334 -0.0825622 -0.0445946 -0.1257459 0.2735496 -0.1050264
0.2261437 0.1376546 0.7373569 -0.3244208 0.0000000 -0.3946125 -0.1813596 0.0615750 -0.3525642 -0.0971762 -0.1592081 0.0197444 0.4607366 -0.0936380 -0.2336048 -0.1526756 0.0095396 -0.3244009 0.0190954 0.6755082 0.2123251 0.5391587 -0.1841652 -0.3330463 0.2390508 0.0181188 0.0290377 -0.4282285 -0.0550268 -0.2384298 0.5938781 0.2532912 -0.4227131 -0.1595207 -0.0617299 -0.0981901 0.0779359 0.3490499 -0.2990122 -0.4316625 0.6299620 -0.1063405 -0.1157991 -0.4878250 -0.1610716 0.0272883 -0.0465040 0.6840837 -0.4116021 0.3690830 -0.0663709 0.0842192 -0.1709956 -0.1174463 0.4284181 0.1700422 0.0140199 -0.2015203 0.6717336 -0.1083579 0.0859942 -0.0253202 0.7307381 -0.2094818 -0.1034222 0.2004278 -0.0880083 -0.2777431 0.4920455 -0.3145758 0.0194557 -0.0331643 -0.1103155 0.6177545 0.0488890 -0.1572092 0.3991292 0.1949088 0.0300828 0.4429166 0.3438784 -0.1116846 -0.0769721 -0.3398447 -0.2793122 -0.0939174 -0.0230923 0.0482456 0.2018064 0.3405030 0.2757382 0.2615625 -0.1077146 0.1008143 0.4396305 0.0634983 0.3307281 -0.3872331 0.4353894 0.3044672 0.3012206 -0.2549905 -0.0466554 -0.3222533 0.2696316 0.4746355 -0.3079981 -0.1456322 0.1989982 -0.4094969 0.4476099 -0.1822889 -0.3104476 -0.3424650 -0.4640230 -0.5028325 -0.4984514 -0.5200712 -0.4713716 -0.3980138 -0.5002446 -0.4703274 0.1126699 -0.2826620 -0.4915327 0.1977952 -0.2578952 0.3778047 0.2003704 -0.0583208 -0.2443162 0.2240482 0.1417129 0.0034720 0.2541693 0.3404127 0.0622181 0.0678032 0.0327012 -0.2624637 0.6046635 -0.1140890 0.6420264 -0.1490468 -0.0104829 -0.0222253 0.1669063 0.2249164 0.4495144 -0.1037882 -0.0915169 0.2205505 0.2289863 0.3189884 0.5722311 0.2085699 0.1128147 0.0470952 0.0940996 0.2311859 0.5516929 0.1173221 0.1335396 0.2700416 0.3765537 0.1119827 0.2379796 0.1987492 0.2574534 0.3566969 0.6966640 0.4116660 0.1180309 0.3280431 0.4045659 0.3286412 0.5509853 0.4605438 0.5521011 0.0924135 0.4078900 0.2715037 0.3893431 0.3983022 0.6985151 0.3960853 0.7391364 0.6712740 0.7358344 0.6381132 0.3662525 0.5170793 0.5348777 0.5023886 0.4443623 0.3809344 -0.0353085 0.1460927 0.3392315 0.0967528 0.5777283 0.1624140 0.0607794 -0.1009936 0.6251068 0.7137685 -0.0580859 0.3312081 0.5685289 0.6247350 0.0462600 -0.0079058 0.6960968 0.1963128 -0.0815520 0.5121786 0.3471566 0.3051543
0.3438557 0.5167253 -0.1264217 0.5859456 -0.3946125 0.0000000 0.8081724 0.0473650 0.5635664 0.7090475 0.2900965 0.5206631 -0.1922699 0.6216222 0.4813476 0.0846435 0.4112585 0.5004173 0.2155532 -0.0931699 0.2577011 0.0211734 0.0617873 0.6800528 0.0182016 0.1102595 0.2222331 0.6210085 0.5960567 0.4684019 -0.0991292 0.0893333 0.6853906 0.7531580 -0.0067443 0.1782741 0.0622383 0.0400354 0.2120741 0.4901484 0.0220915 0.2218151 0.0642710 0.3365442 0.6341048 0.2078555 0.0863022 -0.0712149 0.5542774 -0.0474033 0.0597297 0.0761442 0.6744372 0.2199032 0.0727593 0.1435104 0.0574978 0.3205707 -0.4710564 0.0742441 0.4809172 0.2091699 -0.5878697 0.4444143 0.5628735 -0.1537229 0.1036692 0.3822525 -0.2885963 0.4121936 -0.0481499 0.0402084 0.3480901 -0.0823002 -0.0123925 0.2546544 0.1247029 -0.0409002 0.1778509 -0.0469211 -0.0365616 0.0629194 0.1497393 0.2448125 0.0616332 0.1911894 -0.2125160 -0.2501957 0.0586767 -0.1538133 -0.2338111 -0.1967563 0.0080206 -0.2496571 -0.1276949 0.0533624 -0.0357400 0.0312930 -0.0508001 -0.0889389 -0.0562352 0.0731330 0.0415095 0.0233032 -0.2156277 -0.0306620 0.2651247 0.0913848 -0.0315753 0.1042334 -0.1799962 -0.0188619 0.2067049 -0.0101445 0.0329525 0.0930290 0.1234060 0.1566747 0.1401952 0.1919584 0.2564242 0.2595489 0.0483091 0.1800939 0.1966914 -0.1161542 0.2200899 -0.1189684 -0.1539571 0.2102076 0.1314971 0.0658031 -0.0110372 0.1399276 -0.2446566 -0.0335408 0.0632311 -0.1004861 -0.0386240 0.1455464 -0.0866235 0.0168248 -0.2665745 0.0610607 0.0050530 0.0814830 -0.0533853 -0.1116286 -0.1009889 -0.0583600 0.2384845 -0.0898547 -0.0338192 0.0763052 -0.3428086 -0.1244569 -0.0316129 0.0011261 0.0239837 -0.0315682 -0.2014761 0.1738671 0.0633105 0.0614666 -0.0698166 0.0950787 0.0957300 0.0320635 -0.0408962 0.0578872 -0.2031392 -0.1870223 0.1603413 -0.1045028 0.2774771 0.1599801 -0.0387048 -0.3738265 -0.2587175 -0.1755829 -0.3545837 -0.1782106 -0.3492786 -0.2776920 -0.5363591 -0.1132718 -0.5724884 -0.5395766 -0.3472742 -0.2659136 -0.1580676 0.0949173 -0.2426545 -0.0848541 -0.2259317 -0.1573807 0.1113180 -0.0488274 0.0095365 -0.0041905 -0.0228052 -0.2020814 0.0413027 0.1801430 -0.1123080 -0.1693313 -0.0521141 0.0072245 0.0996775 -0.3035160 -0.1497290 0.0348649 -0.2822970 -0.0426124 0.1341220 0.1266034 0.2734886 0.0498733
0.1601223 0.3497883 -0.1488542 0.3248303 -0.1813596 0.8081724 0.0000000 0.3035021 0.3570618 0.5068584 0.3485098 0.4440952 0.1753281 0.3102340 0.3634763 0.2339158 0.2789049 0.2473155 0.4322422 0.2075495 0.1827187 0.3820796 0.0708086 0.4285608 0.1642805 0.2597957 0.3310515 0.2598456 0.4697859 0.2660476 0.2353284 0.2111949 0.3366288 0.5009485 0.0732486 0.0127997 0.1198422 0.2594105 0.0820432 0.3418760 0.0853115 0.1010814 0.0224270 0.0976878 0.3953431 0.2572598 0.0726205 0.0196144 0.3838366 0.4105166 0.0203292 0.0904755 0.5710977 0.2639618 0.2505801 0.1908493 0.0705350 0.3432854 -0.3081278 0.0372178 0.4342912 0.2489778 -0.3664623 0.4655242 0.6236463 -0.0810863 0.1498238 0.4738965 -0.1376225 0.4459263 0.0265178 0.2202962 0.4230103 0.1394436 0.1843642 0.3727568 0.4227765 0.1383708 0.2641503 0.0894269 0.0928410 -0.0351468 -0.0240703 0.1803515 0.2312560 0.2812411 -0.2707891 0.0101313 0.3415358 0.2088823 -0.1127087 -0.2777697 0.0982631 -0.0216920 0.0666478 -0.0461261 -0.1066327 -0.0470873 0.2146755 0.0332944 0.0726678 0.0470976 0.0649591 0.0780521 -0.1032702 0.0223772 0.2351356 0.1130993 -0.2505369 0.1490496 0.0405411 -0.1197104 0.1046642 -0.0772579 -0.1177580 -0.0655322 -0.0491274 -0.0263269 -0.0369577 -0.0560558 0.0208512 0.1062317 -0.1893337 0.0679385 -0.0806286 -0.1133500 0.0366196 -0.2952078 -0.2353067 0.1696886 -0.0691465 -0.0822579 -0.0811899 0.1540803 -0.3066743 -0.2492351 -0.0415199 -0.2434321 -0.2156207 -0.1152239 -0.0274458 -0.1978832 -0.2223735 -0.1826710 -0.1384407 -0.2469965 -0.1903902 -0.2266244 0.0000159 -0.3224801 -0.0361731 -0.2588947 -0.0977660 -0.0241248 -0.3279357 -0.4046031 -0.0319708 -0.1576120 0.0054043 -0.1507532 -0.2260615 -0.0253997 -0.1312844 0.0023941 -0.1620428 -0.1108109 -0.0844923 0.0697639 0.0122032 -0.0280518 -0.1570938 -0.0284242 -0.0443021 -0.0622036 0.3054008 0.1840584 0.0778047 -0.2757887 -0.1772776 -0.2132335 -0.2135579 -0.2724836 -0.3374422 -0.3386327 -0.3182957 0.0628428 -0.3561768 -0.3322793 0.0197417 -0.0424258 -0.3055431 0.0330328 -0.2676051 -0.1771873 -0.1825202 -0.0938802 0.0093166 0.1440962 0.1308652 -0.0340007 0.0693568 -0.1078554 -0.0821338 0.0705801 0.1117032 -0.0363263 -0.2588159 0.1313300 0.1585646 -0.0376104 -0.2670789 -0.1397035 -0.0843707 0.0377776 -0.0150546 0.1169362 0.3790800 0.2066225
-0.2626060 -0.3578994 -0.0723207 0.2374720 0.0615750 0.0473650 0.3035021 0.0000000 -0.0827739 0.3335889 0.8714450 0.1090919 0.8181424 -0.3186232 -0.0223125 0.8797792 0.5311820 -0.5910557 0.8240293 0.0935491 0.0233574 0.4973109 0.7083424 -0.3514177 0.5833566 0.6804009 0.4261537 -0.4884745 -0.0763776 -0.0102869 0.4902691 0.3899442 -0.3426887 -0.1861885 0.6226083 -0.0876275 0.6427347 0.6215173 0.4935568 0.3465784 -0.0028104 -0.0662872 0.6334187 0.1003271 -0.3719837 0.6118181 0.5368197 0.0750723 0.3024116 0.3392594 0.5935983 0.6511665 0.1428869 0.6570594 0.4647056 0.4240601 0.5987425 0.7412191 -0.0745639 0.6538334 0.1760460 0.6789033 0.1567852 0.6958795 0.5543405 0.5705349 0.6642041 0.7447885 0.2856798 0.6971099 0.6848422 0.7396224 0.6266484 0.6236164 0.6615542 0.7583677 0.4871599 0.6742147 0.7807860 0.3716532 0.7102227 -0.3919249 -0.2195459 0.0376266 0.1656813 0.1904125 -0.1182273 -0.0531639 0.3265253 0.3668247 0.3930806 0.2875963 0.4446334 -0.0811385 0.5587742 0.2687746 0.1400190 0.1999995 0.3850685 0.0422788 0.0884147 0.1051253 0.1102500 0.0407322 0.3265965 0.4002719 0.0928803 0.1676554 -0.0073767 0.1869656 0.4709553 0.0508735 0.0049707 0.2101719 0.2561341 0.1754133 0.2406678 0.1960032 0.2221603 0.1305757 0.1485971 0.1590166 -0.2905729 -0.0445304 0.0494209 -0.1337765 0.2174665 -0.2683251 -0.2117520 -0.0887450 -0.0344973 -0.1254303 -0.0175189 0.0064083 -0.2613788 -0.3239691 -0.2060851 -0.0596170 -0.1039225 -0.2218967 -0.1961316 -0.1948841 -0.0023633 -0.4701056 -0.0895397 -0.3217824 -0.0350429 -0.0946757 -0.0229010 -0.2775357 -0.2398100 -0.3050886 0.1046297 -0.1541766 -0.1325130 -0.3758632 0.0231442 -0.0544949 -0.1551080 0.0124754 -0.2318708 -0.0061865 -0.2823898 0.0264239 -0.1375739 -0.1762697 -0.1910564 -0.1256238 -0.0041728 0.0626064 0.0453151 0.0946728 -0.0245406 0.4047388 -0.0551152 0.1408493 0.1072314 -0.2382208 -0.1677549 -0.3391630 -0.4354569 -0.2775360 -0.0573992 -0.1959543 -0.0783399 0.4707777 -0.0888196 -0.2205051 0.2170190 0.3967356 -0.1481564 0.2967378 0.1178578 -0.1873498 -0.1347427 -0.0739087 0.0263869 0.5255839 0.6323816 -0.0793357 0.4029547 -0.0971312 -0.2728914 -0.2330356 -0.3159319 0.0486336 -0.4262466 -0.0451178 0.0447928 0.1244908 -0.6381819 -0.4676781 -0.3224140 -0.1064434 -0.5264742 -0.3497324 -0.0444432 0.1716583
0.3296757 0.3858400 0.0591263 0.7141332 -0.3525642 0.5635664 0.3570618 -0.0827739 0.0000000 0.4851026 0.0931831 0.6562257 -0.2986690 0.6419240 0.8852367 0.0113047 0.2910822 0.6447011 -0.1406170 -0.4366827 0.3949395 -0.1001186 0.1222798 0.8193724 -0.0232710 0.0484114 0.1180418 0.7026947 0.7448071 0.6271572 -0.3007844 -0.0928237 0.7610311 0.7799159 0.1034553 0.4594417 0.0079530 -0.1575696 0.2957687 0.5177875 -0.1427760 0.4994461 0.2006030 0.6250500 0.7208172 0.1344383 0.1709992 -0.1251642 0.5011430 -0.3815268 0.2192230 0.1810384 0.5674879 0.1386667 -0.0396493 0.0846291 0.0790785 0.2030638 -0.3263024 0.1878516 0.3507710 0.3332836 -0.4904678 0.2889598 0.4332393 -0.0531444 0.1918528 0.2501698 -0.2112488 0.3167551 -0.1066062 -0.1781427 0.2542243 -0.2408363 -0.0250702 0.1727578 0.0260570 -0.2445218 0.0755569 -0.2972762 -0.0988372 0.3945166 0.5141087 0.4845649 0.1680259 0.4861842 0.1992031 -0.4982144 0.2109271 -0.0025852 -0.1480179 -0.1251636 0.2342284 -0.5766412 0.0625420 -0.0109899 -0.0859769 0.3453992 -0.1133169 -0.3648729 -0.0766409 0.3903187 0.4544085 0.0308163 -0.1675456 -0.2577253 0.4783672 0.2737842 0.1541430 0.2935609 -0.0625857 0.3914442 0.4651608 0.2552281 0.3443651 0.4112617 0.4104839 0.4528474 0.4538746 0.5068543 0.5339402 0.3802719 0.1248898 0.4812378 0.4978451 0.0160724 0.3565493 -0.0987783 0.0765347 0.3678008 0.4665132 0.1127321 0.0162116 0.2449774 -0.3975466 0.0776344 0.3226260 0.1477794 0.1685202 0.2875849 -0.3043637 0.2167060 -0.4654900 0.3927442 0.3256337 0.2526378 0.0546716 -0.0998349 -0.3144698 0.0986523 0.1285417 0.0890522 0.0428121 -0.1463144 -0.4440444 0.0680610 -0.1898128 0.1377100 -0.2798949 -0.1438279 -0.4051149 0.0325019 0.2921104 -0.1148313 -0.1452962 0.2491442 0.1725311 -0.1855086 -0.1921031 -0.0288519 -0.3248233 -0.2718841 0.0663509 -0.2669869 0.0091645 0.1160013 -0.0083218 -0.5720836 -0.0565333 0.2879438 -0.3460591 0.1554698 -0.2863087 -0.3151185 -0.5467832 -0.2133071 -0.6291233 -0.6596365 -0.4852617 -0.2661906 0.0572938 -0.0258182 -0.5015602 0.0142190 -0.1284151 0.0084679 0.3733162 -0.0223954 -0.0687017 0.1218483 -0.2201421 -0.0041657 0.4031930 0.5086738 -0.2215174 -0.1572694 0.2773013 -0.3529193 0.1135571 -0.2168477 0.4384220 0.1627061 -0.1489926 -0.1488603 0.1034600 0.0844570 0.2428358 -0.1634863
0.1643919 0.1593853 0.0109186 0.4638184 -0.0971762 0.7090475 0.5068584 0.3335889 0.4851026 0.0000000 0.6510262 0.4107807 0.2180484 0.6187118 0.3103183 0.4665739 0.8454322 0.1789990 0.5160288 0.0486316 0.2021486 0.3285600 0.4832620 0.4550587 0.5384340 0.5323303 0.5023377 0.3558427 0.5096851 0.5457445 0.2256300 0.4659763 0.5011706 0.6695165 0.4205826 0.0915188 0.5342171 0.4706983 0.4697072 0.5943165 0.1210856 0.2383093 0.4900554 0.4188381 0.3911896 0.5635146 0.4727144 0.2137544 0.6771838 0.0521107 0.5057535 0.6153192 0.6992897 0.6226939 0.4429668 0.5090847 0.4891628 0.6498583 -0.1236274 0.5153662 0.5737561 0.6053116 -0.1854395 0.7035505 0.7133616 0.3765525 0.4917182 0.6233252 0.2214155 0.5912818 0.4437623 0.3155824 0.6923103 0.3134911 0.3684776 0.5173227 0.2051325 0.4161860 0.4694980 0.1204765 0.3492828 -0.1277274 -0.0047653 -0.0277315 -0.2428434 0.0034219 -0.1565415 -0.4875754 0.0243135 -0.1642408 -0.0745073 0.1030789 -0.0117696 -0.5801243 0.0768329 0.1293445 0.1750730 -0.0426424 -0.1528948 -0.2837819 -0.2613392 -0.0856619 -0.0100142 -0.4008307 -0.0682175 0.1207022 0.0060891 -0.0591329 0.0489758 -0.0793315 0.0316473 -0.1194420 0.0541842 -0.0219954 -0.0006514 0.0211360 0.0768281 0.0686538 0.0721049 0.1084030 0.1122575 0.0642388 -0.0601274 -0.1175674 0.0507259 -0.3586869 0.2499909 -0.1154346 -0.3652641 -0.0615967 -0.0521876 -0.0748813 -0.1800621 -0.0638699 -0.3540816 -0.0232620 -0.1196664 -0.2320668 -0.2136517 -0.1590538 0.0999222 -0.2719022 0.0129873 -0.2383175 -0.1559612 0.1090097 -0.1608653 -0.2450383 0.0924438 -0.2809827 0.1297713 -0.2653431 -0.0379774 0.2557616 -0.1467027 -0.2020672 0.1489710 -0.1819717 0.0303558 0.2142316 -0.1839391 0.1317989 0.0805501 0.3160086 -0.1138538 -0.0551714 0.2116233 0.0401373 0.0719611 0.3386081 0.0493524 -0.0394389 0.0453921 -0.0309994 0.1072477 0.0643901 -0.0113032 -0.3631924 -0.1734333 -0.2538129 -0.3541899 -0.1863564 -0.1512376 -0.2270732 -0.2717296 0.2582690 -0.2693053 -0.3139064 -0.1558507 0.0370865 0.0205170 0.4528758 0.0800358 0.0198728 -0.2695794 -0.2278219 0.0708412 0.0552430 0.2381939 -0.1870635 0.1198970 -0.3631277 0.0022817 -0.1007089 -0.2281686 0.0984005 -0.3136839 -0.1644814 0.0882461 -0.1940693 -0.3414065 -0.1742507 -0.2275252 -0.2724254 -0.1323830 0.0692575 0.0737252 -0.0742983
-0.3192169 -0.3618214 -0.2696453 0.3036248 -0.1592081 0.2900965 0.3485098 0.8714450 0.0931831 0.6510262 0.0000000 0.0971489 0.6631005 -0.0877402 0.0414288 0.9355799 0.7817255 -0.4552826 0.8385208 -0.0955067 -0.0552274 0.3911721 0.8662079 -0.1376088 0.6548012 0.7824300 0.6052365 -0.2487643 0.0616090 0.2788301 0.3726482 0.4593735 -0.0609937 0.1003693 0.7455989 -0.0766710 0.7493946 0.6768397 0.7199525 0.6169624 -0.0829318 0.0032727 0.7879521 0.3955239 -0.1571693 0.7017100 0.6526141 0.0677382 0.6563725 0.2505250 0.7228081 0.8091304 0.4493364 0.8721512 0.4817661 0.5270810 0.6914518 0.9163092 -0.1977193 0.7848861 0.2991972 0.7945158 -0.0302964 0.8710408 0.7226976 0.6229302 0.7714140 0.8777411 0.2525470 0.8172890 0.7470629 0.7695343 0.7464756 0.4934211 0.6723862 0.7839703 0.3135296 0.6642814 0.7527268 0.2695224 0.5856656 -0.4354736 -0.3238527 -0.0776394 -0.0267795 0.0095054 -0.2202606 -0.2260525 0.0670903 0.0152920 0.1775511 0.2544462 0.2839619 -0.2764004 0.2547647 0.2465027 0.1553263 0.1552186 -0.0132100 -0.1723831 -0.2449379 -0.0170650 0.0274943 -0.1433433 0.1958861 0.2551613 -0.0151523 -0.0211137 -0.0757364 0.0671244 0.2436157 -0.0806076 -0.0419645 0.1707313 0.2550906 0.2040521 0.2605379 0.2232677 0.2344148 0.1493007 0.1663248 0.1322215 -0.3316420 -0.1185753 0.0740662 -0.3360881 0.2437128 -0.3544756 -0.3774825 -0.1401354 -0.0630413 -0.2292972 -0.1344225 -0.0902261 -0.4606609 -0.3828209 -0.2352825 -0.1677289 -0.1900575 -0.2856302 -0.2081320 -0.2890551 -0.0913058 -0.4942273 -0.1872421 -0.2532989 -0.1687915 -0.2358743 -0.0418230 -0.3295946 -0.2192491 -0.4270761 -0.0378263 -0.0269824 -0.2502711 -0.4228574 0.1153561 -0.1964503 -0.0291493 0.0419102 -0.3410079 -0.0828209 -0.2440991 0.1113806 -0.2851944 -0.2766567 -0.1415852 -0.0272009 -0.0155208 0.1157650 -0.0429466 0.0153411 -0.1294661 0.1521398 -0.2192943 -0.0379230 -0.1011704 -0.3446119 -0.3233616 -0.4301185 -0.4980113 -0.3881369 -0.1421138 -0.3034539 -0.2444618 0.3698693 -0.2209458 -0.3051563 -0.0500669 0.1758548 -0.1656794 0.3318429 0.0540436 -0.2593518 -0.3237022 -0.2957139 0.0032556 0.3523038 0.4484771 -0.2044375 0.1804806 -0.3080818 -0.3045683 -0.3499410 -0.4884699 -0.1307792 -0.4746011 -0.2101845 -0.1716514 -0.1526490 -0.6852142 -0.5406420 -0.5315594 -0.3012298 -0.4859047 -0.3634110 -0.2379902 -0.0339650
0.6334368 0.6657931 0.4743877 0.7463964 0.0197444 0.5206631 0.4440952 0.1090919 0.6562257 0.4107807 0.0971489 0.0000000 -0.0612293 0.5872712 0.7662671 -0.0725763 0.2806490 0.3984065 -0.0349497 -0.0638757 0.8875924 0.0740853 -0.0819694 0.6003558 0.0138593 -0.0385508 -0.1383592 0.3880457 0.9022417 0.4281123 -0.1030737 -0.0409504 0.4698849 0.6814797 -0.0647172 0.6917780 0.0363008 -0.0956072 0.1256973 0.0791284 0.0280934 0.6628061 0.0603025 0.1361967 0.6701450 0.1993240 0.1874730 0.0167090 0.1363501 -0.2196713 0.1708028 -0.0250953 0.3672065 -0.1094264 0.0578664 0.1576071 0.1368040 0.0709738 0.0164632 0.1246895 0.5353884 0.2435472 -0.2679123 0.1907368 0.4938676 0.0170558 0.1826496 0.1036250 -0.0684935 0.2196993 -0.0603374 -0.2484093 0.2186369 0.1400924 -0.0645528 0.1682594 0.3618768 -0.0916326 0.1873475 -0.1046386 0.2977524 0.0979186 0.4811135 0.4035812 0.0682073 0.6643727 0.2341743 -0.5791035 0.3721237 0.2652605 0.2022503 0.2649193 0.5914784 -0.4485716 0.4006787 0.2309767 0.2836392 0.3402281 0.2860643 -0.1285897 0.1755276 0.5205477 0.7116588 -0.0200720 0.1582126 0.1022678 0.5875810 0.4839059 0.4600224 0.2734820 0.3472083 0.6199297 0.5517472 0.3715198 0.2827338 0.2812602 0.2798078 0.2940240 0.3411435 0.5397494 0.4951094 0.3088678 0.2843721 0.5844982 0.4314313 0.4084013 0.2410189 0.2391797 0.4120961 0.4141637 0.5352557 0.4143933 0.2418198 0.3489056 -0.2278109 0.3406870 0.4728984 0.4082162 0.3977936 0.4206152 -0.1289779 0.4185860 -0.3394031 0.3898053 0.5863675 0.1648107 0.3962883 0.2736455 -0.3586741 0.2359664 0.2300312 0.4188274 0.4596891 -0.1566406 -0.1370255 0.3012638 -0.2807010 0.4158954 -0.3400205 0.0404873 -0.0220936 0.2809699 0.4420327 -0.0873472 0.1776128 0.5511033 0.2746210 -0.2920859 -0.2625719 0.0044657 0.0658538 -0.3162486 0.3541659 -0.0388294 0.3887332 0.6035212 0.5605301 -0.5167661 0.3977283 0.5372250 -0.1555407 0.5037685 0.0127617 -0.0122234 -0.2808741 0.2066758 -0.3814422 -0.5671254 -0.0389115 0.2084573 0.4490908 0.2072718 -0.3265275 0.4294768 0.3520527 0.4363192 0.6301169 0.2404909 0.3969476 0.4866246 0.2697181 -0.0257837 0.3139750 0.5600578 0.0038735 0.1945268 0.3899928 -0.1844324 0.4043356 0.0447928 0.2508863 0.2376035 0.0201883 0.0742798 0.0287470 -0.0435860 0.3976265 -0.0087248
-0.2928584 -0.3235178 0.0718933 -0.1827535 0.4607366 -0.1922699 0.1753281 0.8181424 -0.2986690 0.2180484 0.6631005 -0.0612293 0.0000000 -0.4016578 -0.2621621 0.7186487 0.4444966 -0.7407107 0.7976530 0.4583019 0.0012793 0.7781080 0.5364961 -0.5388946 0.6845214 0.6843803 0.5120355 -0.6999208 -0.1932142 -0.1169946 0.8027653 0.5233751 -0.5721143 -0.2773594 0.5593915 -0.2193936 0.6120709 0.8329723 0.2802319 0.1032645 0.3570921 -0.2140863 0.4706993 -0.1544061 -0.4458551 0.5244765 0.4133365 0.5137989 0.0912383 0.6161962 0.4511909 0.6150656 0.0887734 0.5756812 0.6874753 0.4642826 0.4997858 0.5509672 0.2917435 0.4778731 0.0980232 0.5443570 0.5364859 0.5092338 0.4399565 0.5855559 0.5187533 0.4775758 0.5948106 0.3995941 0.5667938 0.6855077 0.4119153 0.8094125 0.6185274 0.4551927 0.6293824 0.6410741 0.5259139 0.5405654 0.6945575 -0.3598360 -0.3418386 -0.2422703 -0.0408388 0.0165877 -0.1387184 0.1120774 0.3400691 0.4005908 0.3295049 0.2386322 0.2040102 0.0542390 0.5208558 0.0886373 0.1614691 -0.1279075 0.3644691 0.1940535 0.0641178 -0.1752723 -0.0410185 -0.1553999 0.2451379 0.4471622 -0.2219715 -0.0501933 -0.1137894 -0.1403616 0.4395199 -0.2546583 -0.2593934 -0.1361893 -0.1728450 -0.1999876 -0.1826126 -0.2398687 -0.1858256 -0.2461899 -0.2839029 -0.2303518 -0.3163338 -0.2523527 -0.3410674 -0.0243299 -0.0415669 -0.1711273 -0.1557621 -0.1457885 -0.2592554 -0.0956588 -0.0679748 0.0495177 -0.1450374 -0.2361107 -0.2132510 -0.1290369 -0.1835826 -0.4025507 0.1403958 -0.3150043 0.2734035 -0.5185429 -0.2058695 -0.3795555 -0.0698851 -0.0561192 0.1749945 -0.3695875 -0.3178565 -0.2846956 0.0781849 -0.0305793 0.1228836 -0.3242670 0.0871373 -0.1474036 -0.0381967 0.0653780 0.0276597 -0.1031516 -0.2878368 0.0863337 -0.1055832 -0.2955909 -0.2088022 -0.0388641 0.0468578 0.1004616 0.3183155 0.2186943 -0.1539361 0.3733404 0.1124299 0.2157152 0.3295406 0.1422204 0.1566895 -0.2606146 -0.0191091 -0.1550624 0.1046947 0.0149529 0.3612292 0.5497690 0.3698354 0.2565385 0.6154387 0.6721038 -0.0009389 0.5008896 0.3969660 0.1001309 0.1489587 0.1384783 0.0574642 0.6178394 0.6429481 0.0232798 0.5363087 -0.0072542 -0.2067299 -0.3109385 0.0668211 0.3533107 -0.4063963 0.2043712 0.0857151 0.4040357 -0.5151458 -0.3516718 0.1112792 0.0885865 -0.4202441 -0.0700751 0.0501136 0.3188811
0.6861879 0.5804592 0.3182388 0.5091010 -0.0936380 0.6216222 0.3102340 -0.3186232 0.6419240 0.6187118 -0.0877402 0.5872712 -0.4016578 0.0000000 0.5710881 -0.2520892 0.3720413 0.7878434 -0.0896367 0.0432280 0.4003642 -0.0561818 -0.2178799 0.8673829 0.0787307 -0.0763159 0.0701428 0.8299899 0.6828641 0.6013061 -0.2717910 0.1053961 0.8417882 0.7966251 -0.1767232 0.1984688 0.0008637 -0.1719841 0.0018428 0.3014535 -0.0131349 0.3949682 -0.0845688 0.3070818 0.6889023 0.1316753 0.0826014 -0.0277074 0.2065568 -0.2501639 0.0566108 -0.0286740 0.3476972 -0.0796337 0.0331270 0.1501145 0.0554438 -0.0576034 -0.0229332 -0.0007640 0.4776369 0.0944596 -0.2948535 0.0096693 0.2054544 -0.0548217 -0.0007226 0.0218661 -0.0404121 0.0012737 -0.0776638 -0.4344192 0.2991450 -0.1940771 -0.1929336 0.0073631 -0.1293222 -0.1492250 -0.0659121 -0.3154027 -0.0946758 0.2675422 0.4109319 0.1773205 -0.2228821 0.1872641 0.2586112 -0.5868408 0.0485294 -0.1013191 -0.1613438 -0.0199278 -0.0058866 -0.6085991 -0.0302260 -0.0513367 0.1499390 -0.0130286 -0.1731529 -0.3742231 -0.0225939 0.1257750 0.1780649 -0.3228094 -0.1740406 -0.2318393 0.1843605 0.1017105 0.2680459 -0.0147171 -0.1516089 0.2394497 0.2653175 0.0061167 -0.0608088 -0.0399524 -0.0128932 0.0268201 0.0029358 0.1378940 0.1343318 0.0377260 0.3150949 0.0789374 0.1295694 -0.1023691 0.0799792 0.2025482 -0.0528254 0.0305059 0.0776938 0.1497311 -0.0784161 0.0066926 -0.0771437 0.3370395 0.0881539 -0.0884785 -0.0246431 0.2369303 0.0666738 0.0462115 -0.1425175 0.2774250 0.0972629 0.4101503 -0.0280244 -0.0939635 -0.0955419 0.0400345 0.5573327 0.1900758 -0.0004434 0.1456352 -0.0964502 0.1904764 -0.1375880 0.0118317 -0.2019248 0.2920922 -0.0864823 0.2530825 0.4430452 0.1873306 0.0549462 0.3209505 0.3425205 -0.1642852 -0.0796109 0.1955243 -0.1402640 -0.2956230 0.3771799 -0.2147250 0.2024264 0.0579903 0.0214313 -0.4186625 0.0083601 0.1857653 -0.1465015 0.1226983 -0.1784878 -0.1951311 -0.3109565 -0.0260803 -0.3017008 -0.3337590 -0.2678553 -0.2243498 0.2138248 0.0285800 -0.1975117 0.1962468 -0.0905487 -0.0226159 0.1538003 -0.2835835 -0.1296458 -0.0133447 -0.0664958 -0.2179015 0.3336060 0.3608182 0.0463673 0.1815209 0.1025875 -0.1446799 0.2290403 -0.2058039 0.2511076 0.2853882 0.0868071 -0.1749704 0.1572030 0.2024214 0.3473954 -0.1833444
0.5269317 0.5356264 0.2452103 0.7782238 -0.2336048 0.4813476 0.3634763 -0.0223125 0.8852367 0.3103183 0.0414288 0.7662671 -0.2621621 0.5710881 0.0000000 -0.0924981 0.2374253 0.5650975 -0.1412004 -0.4415089 0.5259211 -0.0661853 0.0232466 0.7635042 -0.0083735 -0.0236158 0.0991481 0.6109075 0.7755871 0.6808338 -0.3466496 -0.0970991 0.6400622 0.6826163 0.0569526 0.4599069 0.0190712 -0.1544690 0.2827217 0.4618041 -0.1436088 0.5219782 0.1662442 0.5267543 0.7167617 0.1891054 0.2138669 -0.1106809 0.3290784 -0.2835791 0.2218728 0.0616294 0.4122013 0.0015438 0.0019408 0.1227686 0.1158881 0.0791889 -0.2805170 0.1757810 0.3074153 0.3054434 -0.4125251 0.1295880 0.3635823 -0.0000305 0.1989625 0.1452667 -0.2726083 0.1920035 -0.0921541 -0.2719906 0.2005529 -0.2332251 -0.0798795 0.1087085 0.0734428 -0.3233835 0.0422429 -0.3151579 -0.0709331 0.2414627 0.4463513 0.4878235 0.2017842 0.5737242 0.2256604 -0.5051529 0.2112823 0.1376391 -0.0422756 -0.0272208 0.4270366 -0.4525901 0.1252217 0.0361195 0.0935768 0.3045401 -0.0350217 -0.3129994 0.0480410 0.4280409 0.6118707 0.0923656 -0.0150009 -0.2940459 0.4888469 0.3074732 0.2668842 0.2343844 0.0021975 0.5513060 0.3717998 0.2305141 0.2978094 0.2755416 0.2779634 0.3347565 0.3388481 0.4463244 0.4727312 0.2387114 0.1725535 0.5043659 0.3983356 0.2231650 0.2199070 -0.0147302 0.3085720 0.3651397 0.4774381 0.2831550 0.1550153 0.3020431 -0.3726539 0.1142591 0.4368475 0.3134187 0.3258263 0.3838598 -0.4087587 0.3976867 -0.6247561 0.4985336 0.4799439 0.0983151 0.1944353 0.0793305 -0.5278954 0.2034770 0.0753635 0.3297901 0.1565548 -0.3020494 -0.4007326 0.1981490 -0.4409574 0.2581570 -0.4453093 -0.1987782 -0.3060515 -0.0004165 0.3616239 -0.2886909 -0.1221979 0.3688303 0.0796086 -0.3093422 -0.4141874 -0.1985200 -0.3177858 -0.4420646 0.2202157 -0.2536521 0.0254808 0.1780281 0.0858163 -0.6577499 -0.0063475 0.3716992 -0.3580176 0.1906047 -0.3170105 -0.3363561 -0.5652523 -0.2093872 -0.6024645 -0.6434934 -0.3838189 -0.2491375 0.1297903 -0.1580034 -0.6169122 0.0425080 0.0174206 0.1532996 0.4623105 0.0473570 -0.0278631 0.2997875 -0.1488391 -0.0105987 0.2725781 0.5016522 -0.1280057 -0.1271198 0.4293937 -0.3225276 0.1507200 -0.1410884 0.4093928 0.1010058 -0.1282250 -0.0985422 0.0487400 0.0590965 0.3369126 -0.1753915
-0.4737386 -0.5575582 -0.3387404 0.1616692 -0.1526756 0.0846435 0.2339158 0.8797792 0.0113047 0.4665739 0.9355799 -0.0725763 0.7186487 -0.2520892 -0.0924981 0.0000000 0.6599042 -0.5382869 0.8203335 -0.0484636 -0.1793165 0.3891747 0.8914545 -0.2805311 0.6214816 0.8284551 0.6097799 -0.3741274 -0.1046169 0.1417826 0.4257306 0.4348198 -0.1801694 -0.0757343 0.7855117 -0.1497618 0.7257567 0.6273392 0.6885380 0.5530110 -0.1063168 -0.0565609 0.7811623 0.3799531 -0.3306580 0.6516678 0.6287155 0.0135437 0.5671782 0.2967179 0.7105266 0.8156042 0.3271709 0.8800342 0.4661884 0.4889587 0.6724049 0.8857520 -0.1146488 0.7693252 0.2182556 0.7931278 0.0842275 0.8327142 0.6448934 0.6377031 0.7868325 0.8762397 0.3547080 0.8115847 0.7539671 0.8315725 0.7182059 0.4974015 0.7537133 0.7992178 0.3088189 0.7123351 0.7662048 0.2610644 0.6056842 -0.2909792 -0.2695464 -0.0422152 0.0729634 0.0540676 -0.0748236 -0.1021276 0.1918978 0.1568663 0.2578721 0.2399675 0.3148673 -0.2351056 0.3408791 0.2310238 0.0559091 0.2175805 0.0714468 -0.1987520 -0.1597406 0.0510631 0.0209642 -0.0679256 0.2308144 0.2941573 0.0164619 0.0516428 -0.0942333 0.1916010 0.3271390 -0.0579107 0.0313889 0.2332305 0.3143006 0.2920597 0.3323786 0.2802372 0.2951709 0.1469782 0.1590778 0.1912127 -0.3019858 -0.1036791 0.0921060 -0.3479228 0.2682886 -0.3388349 -0.4060921 -0.1254823 -0.0622299 -0.3011849 -0.1390359 -0.1251546 -0.4092338 -0.3805455 -0.2688444 -0.1903702 -0.2170161 -0.2808865 -0.1921631 -0.3272578 -0.0170318 -0.5047720 -0.2230874 -0.1955087 -0.1901336 -0.2704982 0.0241979 -0.3211933 -0.1895281 -0.4664318 -0.0485228 -0.0361331 -0.2173285 -0.4443503 0.1995811 -0.1950825 0.0069385 0.0909500 -0.3551978 -0.0719474 -0.2448770 0.1455700 -0.2411863 -0.2887126 -0.1444247 -0.0071188 0.0868326 0.1411474 -0.0538263 0.1314119 -0.2122292 0.2151274 -0.3066323 -0.1285263 -0.1444808 -0.2641723 -0.2898835 -0.3891110 -0.4290005 -0.3854147 -0.0690333 -0.3137675 -0.1355798 0.4192081 -0.1292598 -0.2391716 0.0011834 0.2304928 -0.1763486 0.2608296 0.0602128 -0.2824808 -0.3349273 -0.2908217 -0.0539847 0.3565712 0.4534325 -0.2607245 0.1770818 -0.1406941 -0.1675076 -0.2719019 -0.4951163 -0.1288700 -0.5206657 -0.1942932 -0.1810846 -0.0530019 -0.5845084 -0.4963082 -0.4676680 -0.2803151 -0.5179703 -0.4203341 -0.2598090 -0.0075563
0.1280292 -0.0132358 0.1044415 0.4452475 0.0095396 0.4112585 0.2789049 0.5311820 0.2910822 0.8454322 0.7817255 0.2806490 0.4444966 0.3720413 0.2374253 0.6599042 0.0000000 -0.1810509 0.6618248 -0.0046628 0.1749972 0.4276929 0.7444851 0.1483559 0.7737817 0.7959737 0.7316025 0.0569638 0.3325303 0.6392771 0.3464775 0.6641288 0.2298242 0.4011793 0.7479397 0.0046999 0.8449376 0.6567732 0.7645807 0.6936169 0.1857922 0.2073661 0.8063727 0.5078278 0.1638981 0.8573248 0.8067133 0.3139579 0.6381335 0.1753336 0.8299920 0.8283555 0.5618458 0.7817621 0.7006799 0.8023802 0.8185481 0.7394853 -0.0108784 0.8203420 0.4601595 0.8568162 0.0887856 0.7367884 0.7377799 0.7499119 0.8235226 0.6813119 0.4496578 0.6335318 0.7482090 0.5071393 0.7664529 0.4360506 0.6286123 0.5754304 0.2296020 0.5486785 0.5961224 0.1727462 0.5617538 -0.1748111 -0.1029176 -0.0790874 -0.2475599 0.0389491 0.0593666 -0.4782152 0.0384257 0.0088636 0.2054690 0.3960779 0.2413767 -0.5598302 0.2492408 0.3418093 0.4414519 -0.0586816 -0.1210226 -0.3733348 -0.1889207 -0.0590580 0.0859485 -0.3715825 0.2205852 0.2662165 -0.0716658 -0.0558508 0.2723954 -0.1203245 0.2062199 0.0170507 -0.0522766 -0.0081224 0.0619069 0.0051569 0.0523691 0.0182412 0.0521455 0.0845328 0.0637481 -0.0471848 0.0923568 -0.1400045 -0.0136360 -0.1939377 0.2558888 0.0687562 -0.1762075 -0.1003784 -0.0140063 0.0950305 -0.0337016 -0.0761721 -0.3577432 0.0757960 -0.0154438 -0.0276000 -0.0188132 -0.0382100 0.0371702 -0.1047940 -0.0578906 -0.1475847 -0.0286287 0.1021182 0.0224098 -0.0481093 -0.0933107 -0.1048961 0.1235285 -0.0581264 0.1489800 0.1921238 -0.0287412 -0.0134626 0.0596623 -0.0233252 -0.0048209 0.3175365 -0.0575097 0.1660370 0.2236795 0.2411762 -0.0364672 0.0608434 0.1752949 -0.0400657 -0.0883442 0.2891847 0.1563139 -0.1099639 0.0586331 0.0730550 -0.0814975 -0.0342088 -0.0280904 -0.4304551 -0.1456426 -0.2244298 -0.4392670 -0.2183858 -0.0912620 -0.2989588 -0.2346273 0.3854431 -0.1811794 -0.2702563 -0.0946461 0.1409389 0.1944297 0.4153988 0.0775859 0.0843910 -0.1417826 -0.0948561 0.1986811 0.2093208 0.3758095 -0.0505737 0.2784440 -0.1652924 0.0679933 -0.0996790 -0.3370832 0.0579385 -0.2284227 -0.1924578 0.0442488 -0.0040477 -0.3455183 -0.2804782 -0.2941453 -0.3024740 -0.3495851 -0.0598100 -0.0082355 -0.1786153
