0.0000000 0.6220161 0.3951061 0.5167772 0.2670671 0.5362229 -0.0864089 0.4729222 0.3917805 0.3348963 0.0775139 0.3593372 0.2919373 0.4854524 -0.0473610 0.0682536 0.5286812 0.7324320 -0.0226957 0.5080852 0.3385907 0.0623128 0.1434226 0.3600108 -0.3225895 -0.0687340 0.6651431 0.3436808 0.4764417 0.2219476 0.3526262 -0.4954108 0.1919926 0.2851388 -0.1422443 0.5418804 -0.1783062 -0.3987807 0.4487818 0.5342885 0.6289034 0.6976130 0.0320930 0.3424448 0.4352571 -0.3194798 -0.3773396 0.2928820 0.2275475 -0.5318846 -0.3022776 0.0678613 0.2777909 0.3233553 -0.2685911 -0.5249011 -0.3825990 0.2985781 0.4978432 -0.2085254 0.4894394 -0.0135567 0.3180369 0.3040711 0.2108611 -0.3705144 -0.2394421 0.2615724 -0.4011100 0.2756203 -0.5000413 0.3177269 -0.6012389 0.2760264 -0.4453552 0.3120626 0.1715503 -0.5935676 0.2489664 0.4203295 -0.2032312 0.1266872 0.2842720 0.4221287 0.5556680 0.0407909 0.0371779 0.3169257 0.3880937 0.4812868 0.2833555 0.4725880 0.2741053 -0.1936486 0.4262012 0.4739497 0.4715431 0.0743667 0.4224384 -0.2280315 0.3104250 -0.3479047 -0.0279858 0.2715960 0.3793310 0.5276655 0.2513501 0.5388680 0.2419775 0.6074344 0.3338605 0.4490585 0.2198169 0.6018181 0.4287845 0.4164321 0.4503606 0.3521910 0.2393741 0.3694655 0.5340136 0.4524619 0.2683583 0.2241083 0.2401029 0.0592276 0.4457970 0.3819044 0.0412999 0.4279007 0.3124013 0.2403985 0.2771791 0.3012435 0.0938255 0.5140881 0.0589751 -0.0664739 0.0136308 0.1409668 0.7363753 0.0426831 0.2285357 -0.0965853 -0.1356527 0.4609166 0.0739552 0.1182016 0.3342783 0.3084986 0.1234553 0.1351298 0.2731367 0.5676665 0.5254484 0.4742038 -0.0894205 0.4143417 0.0561450 -0.4344293 0.4256595 0.2358758 0.3320990 -0.4899860 0.4466736 0.5364323 0.7277989 0.2889170 0.4827629 0.3594905 0.7107268 0.6064834 0.5078044 0.3168725 0.5232893 0.4253089 0.3320001 0.3058623 0.2977144 0.4756063 -0.2198076 0.0588333 0.5032500 0.0024340 0.3307110 0.1891564 0.4413380 0.1734661 0.1863422 -0.0771018 0.3673426 0.0023268 0.1216961 -0.0194291 0.1852414 -0.3785283 0.0894082 -0.0214650 0.1029484 0.1138617 -0.2190700 -0.1508716 -0.2237331 0.3106819 0.4614649 0.3247048 0.5190256 0.1792018 -0.3640919 0.0182727 0.2238848 -0.2082375 0.6291714 0.4353176 0.4745826 0.2944936 -0.0109758 -0.1410566
0.6220161 0.0000000 0.0559477 0.4301617 0.0804254 0.4635689 0.1197263 0.1320686 0.3530677 0.2620747 0.0474163 0.6175185 -0.0503109 0.5611173 0.0373890 -0.2024691 0.1918932 0.8122167 -0.3447634 0.1200800 0.7232139 -0.1768594 -0.1874291 0.7903189 -0.5658808 -0.2946736 0.4615938 0.7863456 0.8123562 0.6093627 -0.1140588 -0.6481642 0.7083272 0.7558719 -0.2856435 0.5800598 -0.3883367 -0.5814347 0.6337230 0.3403712 0.2796707 0.4760771 -0.1848529 0.7684045 0.4223219 -0.5040473 -0.5156219 -0.1086065 0.7314561 -0.6042815 -0.4342519 -0.1390573 0.6682702 -0.0829843 -0.3436629 -0.5171667 -0.5173168 0.7030403 0.0620391 -0.3754366 0.5108492 -0.2724170 0.2451820 0.4273801 0.5523450 -0.5243295 -0.2524351 0.2416709 -0.5170268 0.1759766 -0.3524367 0.3975623 -0.5142327 0.5718661 -0.4176708 0.4309073 0.3469681 -0.3804124 0.5007530 0.6420054 0.0651867 -0.1019702 0.0591918 0.2046273 0.2398353 0.0547425 -0.3417395 0.0143290 0.2201754 0.0115309 0.1132416 0.0177094 0.4126196 -0.4779930 0.1691237 0.2934542 0.3042028 -0.0591347 -0.1510504 -0.5966955 -0.2473660 -0.1745143 0.1871406 -0.3219763 0.4711194 0.0797016 0.5696119 0.2251739 0.2457151 0.4672041 0.0720662 0.4191842 0.1473844 0.4722784 0.3651025 0.4589497 0.5280780 0.3360903 0.4490120 0.5939235 0.5660980 0.4670295 0.5026059 0.1852743 0.4728384 0.4042975 0.3799257 0.5323720 0.3523368 0.4339739 0.6427055 0.3326073 0.6084396 0.6271105 0.1943990 0.4283160 0.5512835 0.3198447 0.4655659 0.5586749 0.5127479 0.4321396 0.0755074 0.2782239 0.3859472 0.3557165 0.4837328 0.4438000 0.2140654 0.4900342 0.5402877 0.4593100 0.5348410 0.4405976 0.3685907 0.2248590 0.1649841 0.4928589 0.2380267 -0.1318174 0.3611980 0.3307817 0.1521974 -0.4902360 0.3968826 0.5516120 0.4241279 0.3086031 0.6490059 0.6733646 0.4623846 0.5817059 0.2119235 0.3552564 0.7530728 0.7548026 0.7533092 0.1694466 0.6162629 0.5111369 -0.5568654 0.1554654 0.1150136 -0.3212124 -0.3105241 0.3971760 0.2434841 0.1524691 0.2483713 -0.2380891 0.6463324 0.3550295 0.3474550 0.0478203 0.4782077 -0.2463574 0.3911722 0.2153660 0.3345906 0.4260459 0.0800291 0.0197191 0.1126703 0.6707043 0.4889774 0.4432169 0.6873508 0.2865977 -0.2540043 0.1698008 0.4257831 0.0983630 0.5534274 0.5936524 0.6447290 0.3668079 -0.1828474 -0.3528569
0.3951061 0.0559477 0.0000000 0.1755143 0.9042992 0.0703406 -0.1799872 0.3563406 0.0237813 -0.2070847 -0.2762853 -0.0307103 0.6156119 -0.0410156 0.1784858 -0.2789015 -0.1253510 0.1685270 -0.2169982 0.4470497 -0.1834297 -0.0454802 -0.2186967 -0.2073521 -0.2371663 -0.2875204 -0.1044727 -0.1850103 -0.1244487 -0.1760130 0.3484522 -0.2212647 -0.2969096 -0.2863686 -0.3812845 0.0612700 -0.3245356 -0.2235000 -0.1295886 0.1374748 0.6060348 0.1038240 -0.3360532 -0.0990317 -0.1946289 -0.3957948 -0.4351898 0.3753119 -0.1290476 -0.3460826 -0.4259643 -0.2498372 -0.1796701 0.1390968 -0.1341709 -0.4496087 -0.4267459 -0.0998190 0.1814308 -0.3249708 -0.1978550 -0.2596509 0.4822543 0.0577588 -0.3064095 -0.2700078 -0.3466809 -0.3660072 0.0073064 -0.0887766 -0.5154158 0.0028603 -0.5243037 0.2567611 -0.3546667 0.0102829 0.3487425 -0.5363557 -0.2156883 0.4620637 -0.3761549 0.1199074 -0.1590471 0.1107412 -0.0383029 -0.0255779 0.0598098 0.0019201 0.0529531 0.0924817 0.4092136 0.5429990 0.3329926 0.0439813 0.1849758 0.4157708 0.4233288 0.0844287 0.2251535 0.0131502 0.4037568 -0.2035162 -0.2527721 0.2915508 0.3094767 0.3649742 -0.0316176 0.3925642 0.3812422 0.1711402 0.3301840 0.1151685 0.3552125 0.4217651 0.3173532 0.2448117 0.2025878 0.1946882 0.1359287 0.1509268 0.2920882 0.1541069 -0.2439160 0.4290367 0.3815208 -0.2730642 0.3190054 -0.1386367 -0.0383186 0.3877844 0.3031552 0.1337177 -0.0146466 0.1194839 0.0905957 0.1288792 0.1148127 -0.0266193 -0.0525249 -0.1578637 0.4634117 0.2102231 0.6200744 -0.1985236 -0.1288132 0.1112877 0.1056258 0.2621445 0.4899927 0.2679462 -0.1793406 -0.0551540 0.3077771 0.4583374 0.6138382 0.5005353 0.0654493 0.4659084 0.4805437 -0.1889643 0.5265020 0.4717041 0.2379566 -0.0522822 0.4721949 0.4608971 0.5132183 0.3405237 0.3900874 0.1688037 0.4557205 0.4153656 0.2393209 0.3294560 -0.1411569 -0.0643149 -0.0498527 0.2778700 -0.1401157 0.2172771 0.4044888 0.0665696 0.3164894 0.4071520 0.3960843 -0.1336150 0.3560255 0.6562044 0.5587043 -0.0408253 -0.0055231 0.1140517 0.1649616 0.0486428 -0.2033568 -0.4056726 -0.3086759 -0.2643035 0.1768825 -0.1659531 -0.1674448 -0.0489184 -0.4377200 -0.3593751 0.3768313 0.0346336 0.0640556 -0.0756668 -0.0072407 0.0963344 0.1884115 -0.3710272 0.5735550 0.4071620 0.3686604 0.2804592 0.2099413 0.0666397
0.5167772 0.4301617 0.1755143 0.0000000 0.0953557 0.8629302 -0.2386319 0.5958208 0.8286494 0.8317480 0.6243774 0.4195789 0.2898587 0.5713386 -0.0529677 0.2190121 0.5784320 0.4959727 0.1940541 0.2213310 0.6563650 0.6157420 0.4107343 0.3198392 -0.0694502 0.2984958 0.6706577 0.2694036 0.5613078 0.1112209 0.3298383 -0.2295656 0.0596161 0.3244735 0.3511924 0.4853419 0.2198821 -0.1577547 0.2225011 0.4911750 0.1730978 0.4620172 0.2402272 0.1302275 0.5646967 -0.0690933 0.1058506 -0.0036000 0.2858037 -0.3807189 0.0499226 0.3848869 0.4958359 0.2828513 -0.0177283 -0.0259012 0.0842994 0.2977970 0.1490100 0.2133583 0.5503341 0.1412837 0.4230932 0.7064945 0.4157413 -0.1202483 0.3142434 0.5022615 -0.3142142 0.7212998 -0.0588128 0.8206268 -0.3696842 0.5115435 0.0210064 0.6859165 0.5528465 -0.0802630 0.5075142 0.5015835 0.1213837 0.1805122 0.0996834 -0.0981151 -0.0064945 -0.5381718 -0.6167548 0.6721028 -0.2619938 -0.0655017 -0.2397370 0.1476701 -0.0080661 -0.0547729 0.0997812 0.0747554 0.5460861 -0.4986037 -0.1051844 -0.1396059 -0.2390008 -0.8368334 -0.4207315 0.3999550 0.0389764 0.3675813 -0.1868934 0.1030979 -0.2210345 0.1172450 -0.1132742 -0.3170948 -0.2089379 0.3096337 -0.0700263 -0.0346199 0.0926467 -0.2362118 -0.1526524 -0.0899296 0.0538004 0.4161385 0.3539018 -0.1975044 -0.2561444 0.0614929 0.5090049 0.2551715 0.0618587 0.5587539 0.1171998 0.0748414 0.3805775 -0.1841445 0.3525939 0.5247863 -0.0549338 -0.0434310 0.0677852 -0.1220575 0.7452537 0.0188122 0.3669678 -0.5090510 -0.3536734 0.6995781 0.0490288 0.1545399 0.3667088 0.3112517 -0.0126016 -0.2765061 0.1581511 0.6223898 0.4970846 -0.0030745 0.0592724 0.2903703 0.1597705 -0.3194311 0.6613919 0.1626418 0.0510026 0.0217665 0.5786772 0.3809425 0.5647912 0.4439177 0.5864894 0.4619333 0.6942928 0.5927694 0.0586131 -0.2750248 0.3443091 0.3242244 0.5266960 0.1454327 0.6021351 0.3932462 -0.0809835 -0.0246363 0.1694345 -0.1995760 0.0246252 0.2719238 -0.0839260 -0.2978483 0.3510776 0.4261727 0.0116290 0.3596308 -0.1041776 -0.0827463 0.0957598 0.0337773 0.0820208 -0.0635370 0.1533018 0.0090978 -0.3642924 -0.4954868 -0.3817871 0.1199706 0.4056633 0.3697629 0.4469794 0.0545359 -0.5250981 -0.3786801 -0.2044400 -0.1105296 0.3930207 0.6010457 0.2029037 0.0816185 -0.2417785 -0.2317994
0.2670671 0.0804254 0.9042992 0.0953557 0.0000000 -0.0364804 -0.0424752 0.4146578 -0.0440823 -0.2043379 -0.2366881 -0.0191826 0.7291465 0.1261831 0.1160389 -0.3464086 -0.1799355 0.2392083 -0.2730367 0.3860115 -0.2138883 -0.0242676 -0.3723097 -0.1731325 -0.3268976 -0.3133483 -0.1556501 -0.0779852 -0.1141149 -0.0339108 0.3661926 -0.2089954 -0.2673873 -0.2557425 -0.3854842 0.0523373 -0.2751471 -0.2157241 -0.0341888 0.1104437 0.6330197 0.0882201 -0.3630863 -0.0440360 -0.2241393 -0.4506375 -0.4091532 0.3607799 -0.1225946 -0.2740668 -0.3938832 -0.2243467 -0.1230095 0.2197038 -0.0492203 -0.3531888 -0.3848259 -0.0560325 0.1515329 -0.2810529 -0.1641840 -0.1739049 0.6761034 0.1248000 -0.1860476 -0.1431406 -0.2363272 -0.3589987 0.2070250 -0.0535787 -0.3814581 0.0588249 -0.4347495 0.4022970 -0.1777371 0.1270729 0.4826359 -0.4519238 -0.1118858 0.4864126 -0.2366213 -0.1634946 -0.2728337 0.0372601 -0.1083466 0.0453185 0.0427775 -0.1626493 0.0616438 0.0747445 0.3963069 0.4804950 0.4359898 -0.1766881 0.1091496 0.5343398 0.4714378 0.1453165 0.0651835 -0.1877189 0.3793076 -0.0759986 -0.1761903 0.0307939 0.4204590 0.2473190 0.0694700 0.2166024 0.4235481 0.0765324 0.3562430 0.1448305 0.3223568 0.3397293 0.3093485 0.2927128 0.1987498 0.1695607 0.2126482 0.1449522 0.2644128 0.0521953 -0.0431489 0.3103043 0.4511085 -0.2018218 0.3641717 -0.0606559 0.0888423 0.5243752 0.4671950 0.2083630 0.1921878 0.1276590 0.2125748 0.2095932 0.3775774 0.1349566 0.1851639 -0.0589333 0.3302863 0.3423634 0.6977591 -0.0513816 0.0831693 0.1570753 0.2773838 0.4201914 0.4905484 0.3235303 -0.0387316 0.1539152 0.4105815 0.3739712 0.5428065 0.5162037 0.1698512 0.5785363 0.5890282 -0.2097354 0.5520584 0.5563031 0.2227330 -0.1595018 0.4891829 0.5011865 0.4583996 0.3359713 0.4085803 0.3178267 0.3832639 0.3820376 0.0611294 0.2370784 -0.1328252 -0.0348736 -0.0438819 0.1267228 -0.1755310 0.1687002 0.3021415 0.0871957 0.2966303 0.3708789 0.2739312 -0.0886859 0.3285700 0.7075782 0.6376091 0.0508266 -0.0198652 0.1699648 0.1187349 -0.0341873 -0.2773823 -0.5285439 -0.3930035 -0.2959040 0.2867521 -0.1298480 0.0411357 -0.0062351 -0.1970158 -0.2023169 0.5266003 0.1251206 0.1326862 -0.0372036 0.1846092 0.1451750 0.3750919 -0.3743251 0.6860385 0.4543208 0.4379167 0.4589844 -0.0085694 -0.1985448
0.5362229 0.4635689 0.0703406 0.8629302 -0.0364804 0.0000000 0.1061375 0.4646506 0.8944529 0.7895965 0.4927083 0.6179320 0.0950598 0.4778080 -0.0353419 0.2289038 0.5576455 0.4691056 0.0942887 0.2187720 0.6787529 0.4727747 0.3841007 0.5121382 -0.0194269 0.2984661 0.5953414 0.4208844 0.7260396 0.2077440 0.2629092 -0.2144268 0.2832652 0.5405771 0.2923014 0.4676105 0.1150013 -0.2434202 0.3274508 0.5700924 -0.0038285 0.4631735 0.2073619 0.3145753 0.6621186 -0.0687422 0.0805802 -0.2638154 0.5124729 -0.4945241 0.0486523 0.4154152 0.6830786 0.2653274 -0.1367404 -0.0837464 0.0363789 0.5159898 0.1723515 0.2250550 0.7141407 0.2317598 0.3315718 0.8148254 0.6480396 -0.0478398 0.2738636 0.6781116 -0.4751139 0.7689412 -0.0785888 0.7830060 -0.1873259 0.5263364 -0.1099131 0.6675326 0.3756972 -0.0883166 0.4786970 0.3850507 0.0559335 0.0106090 -0.0947272 -0.2440332 0.0639786 -0.2734191 -0.6857601 0.6737374 -0.0560986 0.1515211 -0.1661409 0.1792451 -0.0490920 -0.1660508 0.2893951 0.2169600 0.3700375 -0.4100152 0.0385475 -0.3085879 -0.0650308 -0.6011480 -0.2425782 0.3367968 0.1095455 0.4871581 0.0878030 0.0803031 -0.0879057 0.1981586 0.0474488 -0.1441775 -0.0245536 0.4133723 0.0439745 0.0734323 0.2221393 -0.0857077 -0.0368943 -0.1307936 0.1035236 0.4124552 0.2517209 -0.1065525 -0.2630871 0.0073338 0.3221768 0.0938213 -0.0819999 0.3222104 -0.0144366 -0.1691659 0.1298531 -0.0877427 0.1741790 0.3185299 -0.1329694 -0.1605838 -0.0317721 -0.1618213 0.5699207 -0.0847705 0.1971718 -0.5250494 -0.3147803 0.5042822 -0.0227675 0.0054296 0.2749781 0.0662392 -0.1649761 -0.3392683 0.0843249 0.5648471 0.2719400 -0.1292386 -0.1560460 0.1995069 0.0806929 -0.4929936 0.5287445 0.0025754 -0.1022335 -0.0223571 0.4667972 0.3356498 0.4997000 0.5309138 0.5992909 0.4173243 0.6793387 0.6607555 -0.0415155 -0.2370526 0.4155783 0.4391569 0.4792484 0.0880743 0.5325915 0.2006609 -0.3625193 -0.2151577 0.0039175 -0.4879958 -0.0559569 0.5107074 -0.0429359 -0.3617823 0.0025890 0.2349486 -0.0226819 0.1614681 -0.1592318 -0.3039598 0.0634232 -0.0580316 0.0159124 -0.0695995 0.0138675 -0.0576419 -0.3695276 -0.4732661 -0.3948214 0.1121475 0.2502864 0.2532590 0.3654058 -0.1725151 -0.5674365 -0.2644618 -0.2860691 -0.1008899 0.2419282 0.3209203 0.0071035 -0.0958288 0.0064288 -0.0071206
-0.0864089 0.1197263 -0.1799872 -0.2386319 -0.0424752 0.1061375 0.0000000 0.0311375 0.1962188 -0.0106502 0.0527442 0.6208998 -0.1385881 0.0140890 0.3222578 0.1145161 0.0076351 0.1108995 -0.0084352 -0.0594117 0.0547693 -0.0829138 0.0381014 0.5440652 0.2224915 0.2867012 0.0142540 0.5095664 0.3921409 0.5570384 -0.0232668 0.2979430 0.5867607 0.5380566 0.1416321 0.0044944 0.1221786 0.1735902 0.2887420 0.2872455 -0.2084601 0.0521895 0.1338468 0.5122668 0.1035229 0.2688877 0.1954874 -0.1329350 0.5200129 0.1372035 0.3330570 0.2325465 0.5098719 0.2730253 0.2528542 0.2610866 0.1809410 0.5997016 -0.2843526 0.3442926 0.2861213 0.3863494 0.1461619 0.4497405 0.6188413 0.4311225 0.2596323 0.3803580 0.0753023 0.2910304 0.3288198 0.1749668 0.2603366 0.4089197 0.1839601 0.3368666 0.1446554 0.2257238 0.3388860 0.0723634 0.3092371 -0.5184147 -0.3389136 -0.4080000 -0.2862207 0.3925519 -0.0760384 -0.3989661 0.2414913 0.2374431 0.2851604 0.2131464 0.3011822 -0.4035527 0.1110055 0.3414850 -0.0500616 0.2720749 -0.0295850 -0.6026066 0.2418874 0.5111502 0.3289289 -0.3355351 0.3215255 0.2074586 0.4624633 -0.2788687 0.3314202 -0.2823720 0.3450699 0.0878806 -0.0760988 -0.1618886 -0.1307434 -0.1293381 -0.1029184 -0.0632776 -0.0670618 -0.1475854 -0.0041773 -0.0949063 0.1703561 -0.0937874 0.0766199 -0.0308594 -0.1999728 -0.0265532 -0.0288726 0.0115440 0.0591751 0.0081105 -0.1634762 0.0397335 0.0541893 0.0181763 0.2457423 0.1727385 0.2705479 0.0109412 -0.3840276 -0.0264662 -0.1181288 0.0366767 0.3986508 -0.1069380 0.1916441 0.0296912 -0.2218228 -0.3092360 0.0085476 0.2233559 0.0048010 -0.2203531 -0.4405544 -0.0675796 -0.0372998 0.0685892 0.0061285 -0.0394859 -0.1583665 -0.0842166 -0.1083636 0.0588216 -0.2303011 -0.0920614 -0.1817507 -0.0436903 0.1118718 0.2032725 -0.2056744 -0.0081357 -0.3655513 -0.1278232 -0.1130493 0.1405168 -0.1296138 -0.2738872 -0.1935690 -0.3569132 -0.5481310 -0.0979510 -0.2187182 -0.3659847 -0.5054055 0.5561850 -0.3145511 -0.1839083 -0.1936271 -0.0025717 -0.2007579 -0.0391335 -0.1395769 -0.4943866 -0.2013749 -0.3002870 -0.2032881 0.0756651 0.2411303 -0.0631703 0.4126628 -0.0602414 0.2266714 0.0598577 -0.3501846 0.0192407 -0.0907070 -0.4000238 0.2249127 0.2563965 0.0304146 0.0907291 -0.2134109 -0.4279966 -0.1890960 -0.1531181 -0.1427208 -0.2018952
0.4729222 0.1320686 0.3563406 0.5958208 0.4146578 0.4646506 0.0311375 0.0000000 0.5396602 0.5354118 0.6514683 0.3251110 0.8054129 0.4626607 0.0516312 0.5416789 0.5977176 0.3350648 0.5489644 0.4344553 0.1023920 0.6645770 0.4449053 -0.0184016 0.2105893 0.4001421 0.5892650 -0.0081389 0.1705268 0.0826363 0.7701124 0.1611018 -0.2617112 -0.0954266 0.3973166 0.1494892 0.3233395 0.2145426 0.1978259 0.6228841 0.4851900 0.3967085 0.4623410 -0.0487311 0.0993551 0.2205870 0.2120830 0.4475193 -0.1270421 -0.0156205 0.3318831 0.6235470 0.0608415 0.7441360 0.4113925 0.2152747 0.2209322 0.0917343 0.1717624 0.4398945 0.2138437 0.3788389 0.6987257 0.5380441 0.1549598 0.2458849 0.4424345 0.3379807 0.1228867 0.6297613 0.1542078 0.5884588 -0.3511412 0.4574197 0.1954468 0.7243885 0.5736966 -0.0283028 0.5343748 0.4376705 0.2972356 -0.0119139 0.0248258 -0.0736712 -0.0882305 -0.2803598 -0.1723389 0.3301779 -0.0529018 0.0891029 -0.1465669 0.3318987 0.0329753 -0.0789630 -0.0389264 0.2538416 0.5785489 -0.3063466 -0.0583548 -0.1594979 0.1243051 -0.5094858 -0.4018232 0.3676564 0.0098411 0.4550596 -0.1848909 0.0043275 -0.1733321 -0.0885241 -0.0052894 -0.3056514 -0.2550796 0.1366140 -0.0580882 -0.1430500 -0.0797040 -0.1646172 -0.2263801 -0.1573546 0.0907253 0.3675343 0.4113950 -0.0714338 -0.2105095 -0.1356135 0.5705776 0.2812321 -0.0241964 0.7015792 0.0458231 0.2565838 0.3026152 -0.3720900 0.2493379 0.5427714 -0.1079322 -0.1192798 -0.0512211 -0.2863389 0.4514702 -0.1897789 0.6190299 -0.5340647 -0.4355607 0.5248771 -0.2042056 -0.0890246 0.3643459 0.1152443 -0.1547158 -0.2723382 -0.1095709 0.3827127 0.3310447 0.2948942 0.0610393 0.1914566 0.1980914 -0.1932428 0.4674039 0.1833325 0.1964640 0.1625951 0.2664724 0.2326635 0.5070705 0.1900681 0.3974692 0.2863782 0.4877751 0.3561237 -0.0304085 -0.0890436 0.1909484 0.2672267 0.1973774 0.3828195 0.0883185 0.2734739 0.1820050 -0.0892196 0.2888492 0.0197960 0.1070826 0.1509375 -0.0822085 -0.0067977 0.5263512 0.5942816 -0.1771768 0.2157823 -0.1709735 -0.0704878 -0.1797707 -0.1158384 -0.1924347 -0.0491587 0.4666618 -0.1516424 -0.1878354 -0.3308453 -0.0652528 0.0191910 0.4291703 0.4116642 0.1524158 -0.1270891 -0.2734221 -0.0812346 0.1042192 -0.3299653 0.4163472 0.3153607 0.2837102 0.1245355 -0.2996001 -0.3560316
0.3917805 0.3530677 0.0237813 0.8286494 -0.0440823 0.8944529 0.1962188 0.5396602 0.0000000 0.8172793 0.5872414 0.7119483 0.0605041 0.5016117 0.2916738 0.3438828 0.6725398 0.4309938 0.3249150 0.1330624 0.5893971 0.6156440 0.6058575 0.4933648 0.2093619 0.5511647 0.6181720 0.4154534 0.6081891 0.2528566 0.2134599 -0.0194383 0.3102464 0.5088902 0.5253509 0.3943986 0.3429586 -0.0666756 0.3889235 0.5318777 -0.1169439 0.3615281 0.4473878 0.3627110 0.4899489 0.1645666 0.2843077 -0.1851353 0.5152119 -0.3096080 0.3172261 0.5286274 0.6644232 0.4188990 0.0009963 0.1249295 0.2482416 0.5895162 -0.0865524 0.4725440 0.5636337 0.3594637 0.3724542 0.8554947 0.6473583 0.1498051 0.4996965 0.7120359 -0.2398741 0.8608596 0.1577569 0.8211110 -0.1049724 0.5821112 0.1763439 0.7778983 0.4750175 0.1296721 0.6138081 0.3585937 0.2684729 -0.0224035 -0.0385801 -0.3491842 -0.1341445 -0.4451770 -0.6301770 0.6139149 -0.0942501 0.1115749 -0.1381156 0.2494157 0.1129670 -0.0498615 0.1263118 0.1432698 0.4820304 -0.3193013 0.0185844 -0.2119051 -0.0867460 -0.5657141 -0.4289225 0.3499055 0.1174654 0.3872211 -0.1229285 -0.0830918 -0.0779519 -0.0935529 -0.0069268 -0.3128111 -0.3310567 0.0956776 -0.2242880 -0.2363506 -0.0630267 -0.3558608 -0.2974107 -0.1821497 -0.0443030 0.3317989 0.2428501 -0.2058703 -0.2824157 0.0318255 0.2457676 0.1947204 0.0939240 0.4572634 0.0225481 0.0051191 0.1974448 -0.2845244 0.2757675 0.4728350 -0.1111501 0.0119190 0.0919267 -0.2145522 0.4626383 -0.1002635 0.1505028 -0.6131887 -0.2325253 0.5396889 0.0433023 0.0543467 0.0579544 0.0917407 -0.1691974 -0.3172987 -0.0343491 0.4047954 0.2092462 -0.1877205 -0.0913052 0.1671086 -0.0507667 -0.3386548 0.4197227 -0.0655068 -0.1428670 0.1798706 0.2939699 0.1639972 0.2779899 0.2015729 0.4274095 0.3610257 0.4405798 0.3814656 -0.0388756 -0.2537955 0.2100680 0.3494682 0.4205604 0.0821413 0.4453046 0.1907985 -0.2467925 -0.0651752 -0.0458828 -0.3501946 -0.1884897 0.4293024 -0.3252301 -0.5106720 0.1133707 0.4709587 -0.1317400 0.3109679 -0.0594012 -0.3391940 0.0413808 0.0152932 0.0645520 0.0934713 0.1616885 0.0169923 -0.2223796 -0.5428224 -0.2518465 0.0909714 0.1047507 0.4178726 0.3826737 -0.1659029 -0.4714985 -0.2666042 -0.2485725 0.0845569 0.1716558 0.2861166 -0.0414369 -0.0868787 -0.2045709 -0.1995362
0.3348963 0.2620747 -0.2070847 0.8317480 -0.2043379 0.7895965 -0.0106502 0.5354118 0.8172793 0.0000000 0.7453372 0.3734770 0.1191517 0.7045346 -0.1990751 0.3556858 0.7770759 0.4353962 0.3623245 0.0231906 0.5975814 0.6327148 0.6233372 0.3116342 0.0859029 0.5922950 0.6986823 0.3138691 0.5103265 0.1581613 0.1893454 -0.0169767 0.0987463 0.3785492 0.6899973 0.5345170 0.5777779 0.0295898 0.3827212 0.4223460 -0.0288642 0.5485330 0.5437084 0.1546224 0.6822269 0.2071923 0.4429387 -0.0406407 0.2495283 -0.1179033 0.3944128 0.6446757 0.5591952 0.5237947 0.0926364 0.2852739 0.4438377 0.3255156 0.0890890 0.5442385 0.6750718 0.5587704 0.3375688 0.7274348 0.5447934 0.2467652 0.6176220 0.8036743 -0.0925785 0.9066655 0.2900872 0.7969397 -0.0367331 0.3915886 0.3581856 0.7528923 0.3876359 0.2409760 0.6098961 0.2454218 0.3496657 -0.0406647 0.1728574 -0.1978635 0.0133817 -0.5462212 -0.5100121 0.6497561 -0.2380487 0.0988092 -0.3450105 0.0786497 -0.1215826 0.0071431 -0.0151854 -0.0209673 0.4174436 -0.3266897 -0.0781148 -0.0570479 -0.1810810 -0.6488750 -0.4470101 0.3731370 -0.0396004 0.2478222 -0.2650633 -0.1557691 -0.3130082 -0.0566893 -0.1354851 -0.3530761 -0.4148615 0.0360769 -0.2801937 -0.2134648 -0.1038383 -0.4213493 -0.3412653 -0.2565718 -0.1498196 0.2090710 0.4815453 -0.5129275 -0.4008099 0.1706404 0.2761521 0.2399841 0.1334721 0.4431168 -0.0169279 -0.0287963 0.2812600 -0.3602965 0.4426726 0.4967202 -0.1399922 0.0009224 0.0796608 -0.1173417 0.4231409 -0.0841887 0.0563999 -0.5028737 -0.3138807 0.6153093 0.0029911 0.0381447 -0.0040809 0.1674151 -0.0475357 -0.2520372 -0.0524523 0.2904051 0.1493722 -0.1940759 -0.1319016 0.1402728 -0.1896904 -0.3173264 0.3732230 -0.0811590 -0.1210349 0.0437924 0.3104423 0.0840222 0.2887868 0.2006123 0.2789773 0.2693234 0.4333387 0.3222522 -0.0676065 -0.5232336 0.3409464 0.3540641 0.4291140 -0.0696115 0.5305973 0.2235652 -0.1305405 0.0313256 0.2070744 -0.2469109 -0.0763406 0.2727797 -0.2897427 -0.6194163 0.0499858 0.5841554 -0.0870502 0.2924298 -0.1278584 -0.2011824 0.0822810 0.1834840 0.1256395 0.0826726 0.0474177 0.0435524 -0.3055167 -0.5648443 -0.2487564 0.1115298 0.1774556 0.3755237 0.4084580 0.0287751 -0.4686809 -0.4732304 -0.4087803 0.1414083 0.1646906 0.2816452 -0.0680923 -0.0287055 -0.4553485 -0.3186298
0.0775139 0.0474163 -0.2762853 0.6243774 -0.2366881 0.4927083 0.0527442 0.6514683 0.5872414 0.7453372 0.0000000 0.3421300 0.3046454 0.3117209 -0.0991448 0.6798369 0.5546407 0.1979971 0.6334452 -0.1231250 0.3011895 0.7003220 0.6519335 0.1081639 0.3721339 0.6196661 0.6408126 0.0505969 0.2666930 0.1280230 0.3324458 0.2856367 -0.0831550 0.1054235 0.7145937 0.0779235 0.5574147 0.4014683 0.1528775 0.6027894 0.0035132 0.1671095 0.6511153 -0.0100262 0.2243111 0.4693270 0.5030379 0.1473124 0.0370787 0.1962448 0.5714881 0.8120324 0.2064538 0.5597800 0.5105620 0.5308740 0.5239541 0.1758017 -0.1681154 0.6551559 0.2410101 0.5165347 0.3802488 0.5053241 0.2806795 0.3645622 0.6945901 0.6013460 0.0828245 0.7192234 0.4934787 0.6483959 -0.0922445 0.2320336 0.4041887 0.6498485 0.3456478 0.3735467 0.5453426 0.0968732 0.4809260 0.1533681 0.2021746 -0.1963881 -0.2379613 -0.5580894 -0.4092197 0.4741251 -0.4972982 -0.2649330 -0.5927688 -0.1662554 -0.3857904 0.0802323 -0.3837581 -0.2672724 0.2715824 -0.6159681 -0.4039949 -0.0271288 -0.3683175 -0.5984372 -0.3520487 0.2495849 -0.4124444 0.0784210 -0.3759918 -0.2484780 -0.5990022 -0.3019834 -0.4399511 -0.6999264 -0.6472665 -0.2000119 -0.5058923 -0.4927068 -0.3784218 -0.5469492 -0.5473187 -0.4798530 -0.3364803 0.1507859 0.4511204 -0.4852471 -0.6577627 -0.0827842 0.2168901 0.1616230 -0.1249054 0.3089361 -0.2900853 0.0049604 0.1409819 -0.6273830 0.2526101 0.3485096 -0.2925402 -0.1610982 -0.1129572 -0.3796722 0.2430596 -0.4001101 0.1773955 -0.5779274 -0.4415779 0.4453331 -0.2996457 -0.2580982 0.0391012 -0.0966877 -0.1824173 -0.3286527 -0.3486770 0.1141314 0.0826905 -0.1875832 -0.0174777 -0.0713581 -0.1452919 -0.0442013 0.2711553 -0.2082688 -0.1327482 0.3503242 0.0694022 -0.0863593 0.1441646 0.0908722 0.1745548 0.1490080 0.2278844 0.1456149 -0.2048677 -0.4470388 0.1647884 0.1986449 0.2025362 0.0775423 0.1989203 -0.0271596 -0.0650235 -0.1714787 -0.0797796 -0.2959496 -0.2448860 0.1321120 -0.4707677 -0.5827374 0.2113217 0.6590665 -0.3391643 0.1770992 -0.3265223 -0.2156277 -0.1662218 0.1964541 -0.0558571 -0.0064645 0.2612387 -0.1821505 -0.1044220 -0.2873952 -0.0321211 0.0989563 0.0841647 0.3486389 -0.0119814 -0.1093887 -0.2919780 -0.1971451 -0.2831627 -0.0035761 -0.0742772 0.1055288 -0.0607946 -0.1487226 -0.4575476 -0.2738749
0.3593372 0.6175185 -0.0307103 0.4195789 -0.0191826 0.6179320 0.6208998 0.3251110 0.7119483 0.3734770 0.3421300 0.0000000 -0.0705976 0.3197827 0.5059073 0.2220762 0.3450488 0.5007757 0.0893353 0.0226694 0.5449587 0.2437574 0.2818952 0.7899947 0.1180101 0.2983512 0.4989970 0.6875916 0.7255619 0.6063872 0.0727294 -0.0422519 0.7145656 0.7534765 0.1774806 0.2568857 0.0116910 -0.0880008 0.5260311 0.5700733 -0.1039381 0.1829888 0.2471420 0.7189604 0.2337624 0.0801733 -0.0082279 -0.1880022 0.7942135 -0.2871964 0.1591362 0.3382739 0.7359955 0.2490584 0.0426625 -0.0051082 -0.0273282 0.8616852 -0.3505002 0.2526186 0.4185552 0.1472944 0.3369735 0.7187834 0.7558007 0.0363191 0.2283405 0.5351837 -0.3043098 0.5338983 0.1135292 0.6080219 -0.1544449 0.6804314 -0.0217283 0.6433436 0.4632515 0.0723905 0.6501729 0.4443043 0.3721190 -0.2272112 -0.1822307 -0.3647050 -0.2292577 -0.0314217 -0.4671802 0.0808221 0.1139623 0.0344090 0.0776999 0.1574432 0.3652439 -0.4102177 0.0455530 0.2691150 0.2790024 -0.1418001 -0.1689511 -0.6437047 -0.0928553 -0.0501235 0.0460918 -0.1374403 0.2720218 0.1979935 0.3453238 -0.1739655 0.1832442 -0.1293323 0.0581255 -0.0265741 -0.2664983 0.0231594 -0.1606483 -0.1480798 -0.0071664 -0.1579375 -0.1062984 0.0831915 0.1345520 0.2614421 0.3373954 -0.0336220 0.0433378 0.1574310 0.0980146 0.3352593 0.1981412 0.3320637 0.2214142 0.1869857 0.1992662 0.0715760 0.1948329 0.3796444 0.2259898 0.2265038 0.3201601 0.0144483 0.2026342 -0.0294365 0.0601702 -0.2003031 0.2352050 0.2683580 0.2232693 0.1167398 -0.0195721 -0.0189526 0.0693697 0.1048099 0.0779598 0.1811142 0.0261182 -0.1067398 0.0084157 0.2043426 0.0378655 -0.1164147 0.1899115 -0.0739943 -0.1140138 0.0863339 0.0373880 0.1338766 0.1153134 0.1003287 0.4847075 0.4563165 0.1853747 0.3036587 -0.0692200 0.1181068 0.2908906 0.5099133 0.4336110 0.0496516 0.3105726 0.0807670 -0.5850920 -0.0378638 -0.2776085 -0.5002849 -0.5737480 0.5679426 -0.3412567 -0.2919488 0.1565450 0.1679577 0.0677963 0.3309001 0.1119445 -0.3277654 0.1549397 -0.1886003 0.1398637 0.2483908 0.4559781 0.1739964 0.2774453 -0.1545279 0.1274885 0.3884187 -0.0092380 0.4553795 0.3135382 -0.1798992 -0.1050274 0.2483122 0.1521348 0.1771523 0.1291465 0.1259555 0.1316778 -0.0004295 -0.1771366 -0.2502256
0.2919373 -0.0503109 0.6156119 0.2898587 0.7291465 0.0950598 -0.1385881 0.8054129 0.0605041 0.1191517 0.3046454 -0.0705976 0.0000000 0.2154385 -0.1780384 0.2334823 0.1215719 0.1369998 0.2523332 0.3947990 -0.2062899 0.4172723 -0.0330393 -0.3429346 -0.0100983 -0.0050065 0.1461013 -0.3032183 -0.1391947 -0.1812272 0.7490211 0.1052175 -0.5417404 -0.4185663 0.0041810 -0.0633778 0.0741476 0.1911192 -0.1454414 0.3486007 0.6402719 0.1745017 0.0331283 -0.3443221 -0.1503150 -0.0542734 -0.0366070 0.5749475 -0.4217899 0.0421138 0.0079993 0.2702535 -0.2776012 0.5273115 0.3924012 0.0521814 -0.0028682 -0.2636801 0.3010802 0.1110703 -0.0749721 0.1472881 0.7359800 0.1825662 -0.2072122 0.1205916 0.1540722 -0.0858997 0.2820886 0.2244510 -0.0290057 0.2237960 -0.3621661 0.2751070 0.0592910 0.3634600 0.4991653 -0.2029541 0.1333192 0.4104310 0.0279006 -0.0659679 -0.1197379 0.0514076 -0.0626116 -0.0719758 0.0154259 0.0772185 -0.0616163 -0.0045360 -0.0148187 0.2987749 0.0227991 -0.1040996 -0.0569001 0.3028866 0.5037882 -0.2107725 -0.1431658 -0.1144052 0.2196919 -0.3239081 -0.2422404 0.2657587 0.0342020 0.3163784 -0.1233933 0.0758302 -0.0425973 -0.0332930 0.0815849 -0.1721042 0.0399022 0.2258627 0.1149203 0.0740128 0.0056145 0.0138284 -0.0187457 -0.1185578 0.0849974 0.1469801 0.2230726 0.0252861 -0.0214081 -0.2540361 0.5427014 0.0363825 -0.0844009 0.5758786 0.1128128 0.1960914 0.2360578 -0.2360594 0.2392465 0.2814737 0.0560890 -0.1100126 -0.0455520 -0.2658480 0.3685869 -0.0115607 0.8079229 -0.2846183 -0.3337024 0.3526414 -0.1293515 0.0464749 0.5967799 0.1902420 -0.1240932 -0.1216072 0.0903496 0.3951098 0.4477802 0.5064327 0.1938267 0.2975862 0.4703195 -0.1349000 0.5474606 0.4300473 0.3098220 0.0381030 0.3878674 0.3459140 0.5485260 0.3653289 0.4037226 0.2495011 0.4518531 0.3617445 -0.0355119 0.0043004 0.0391471 0.0550335 -0.0125944 0.3067254 -0.1423966 0.1383840 0.3848716 -0.1383755 0.3185984 0.2228501 0.3292020 -0.0730395 0.2009850 0.4299720 0.6448155 0.3731804 -0.1874926 0.1310278 -0.1546088 0.0558399 -0.3291238 -0.2630259 -0.3857699 -0.2681259 0.3860919 -0.2809160 -0.1575015 -0.0958786 -0.0925592 -0.1328910 0.5507296 0.1761902 -0.0398309 -0.1430936 -0.0130945 0.0184733 0.2413374 -0.5512051 0.5151539 0.3360773 0.3155740 0.2213315 -0.1426617 -0.2463772
0.4854524 0.5611173 -0.0410156 0.5713386 0.1261831 0.4778080 0.0140890 0.4626607 0.5016117 0.7045346 0.3117209 0.3197827 0.2154385 0.0000000 -0.1751940 -0.0529569 0.6571108 0.6713765 0.0161434 0.2056994 0.5856068 0.3036061 0.1935810 0.4045421 -0.3376169 0.2259210 0.5905725 0.5572468 0.5071422 0.3892596 0.1566259 -0.3048480 0.2480163 0.4385366 0.3106968 0.7393376 0.3184282 -0.2592108 0.6423068 0.1583867 0.2650598 0.7315691 0.2733026 0.3718081 0.6155092 -0.1462924 0.0908748 0.0850829 0.2831396 -0.2401321 0.0742281 0.2789752 0.5749691 0.4406324 -0.1241678 -0.0110354 0.1094935 0.3661052 0.1903933 0.1784435 0.6804057 0.3199053 0.4386265 0.5969441 0.5560324 0.0315632 0.2861189 0.5161693 -0.0280756 0.6138696 0.0644925 0.6446704 -0.1590991 0.5959689 0.2613101 0.7093472 0.5479170 0.0115159 0.6843235 0.5081119 0.3705824 -0.3948347 0.0881463 -0.0326049 0.1359581 -0.2481542 -0.2356602 0.1771727 0.1178527 0.2470928 0.0176407 0.1886180 0.3859169 -0.3511823 0.0949661 0.3246323 0.4750342 0.1192361 -0.0204973 -0.3417127 -0.0266379 -0.2952683 -0.2469916 -0.0186611 0.4209306 0.1326438 0.0841719 -0.1364249 0.0996849 0.1125359 0.1161053 0.1816772 -0.1583738 0.1477261 0.0730338 0.1773353 0.1979939 -0.0694442 0.0892683 0.2939203 0.2725071 0.2470439 0.6973231 -0.3104329 0.2455791 0.5304201 0.4602872 0.5852278 0.5670998 0.7281218 0.5791023 0.3416876 0.7006977 0.1723775 0.5692234 0.6775194 0.4201687 0.3983872 0.5190092 0.4047075 0.3579820 0.3739982 0.1115853 0.0388868 0.1856307 0.5723370 0.4447924 0.4519551 -0.0060174 0.4849244 0.4183737 0.2670030 0.3621768 0.2134970 0.1778491 0.0950060 0.0154985 0.4322389 -0.0065547 -0.2356858 0.2956872 0.2302860 0.0889927 -0.3598676 0.3336091 0.2764447 0.3190935 0.0638457 0.3098125 0.4407325 0.3561547 0.2947341 0.0459387 -0.1756434 0.5224693 0.5390091 0.6110240 -0.0559391 0.6154825 0.5581559 -0.1431390 0.3731902 0.4870625 -0.0023828 -0.1137558 0.2732792 -0.0230632 -0.1607786 0.2796514 0.3935838 0.3787128 0.4799406 0.2162093 0.0704546 0.3721089 -0.0148703 0.3089451 0.2609872 0.2800143 0.4264825 -0.0140025 -0.3818576 0.0819696 0.3959614 0.4590689 0.4971286 0.7375698 0.3349911 -0.1877041 -0.2724561 0.1277429 0.2141340 0.5637377 0.5058024 0.3685123 0.4190176 -0.6194358 -0.6595624
-0.0473610 0.0373890 0.1784858 -0.0529677 0.1160389 -0.0353419 0.3222578 0.0516312 0.2916738 -0.1990751 -0.0991448 0.5059073 -0.1780384 -0.1751940 0.0000000 0.1045934 0.0721018 -0.0509475 0.1979422 0.1482761 -0.0218614 0.0978936 0.2715903 0.2387022 0.3822740 0.2777483 0.0499364 0.1727979 0.0108930 0.2539415 -0.0301779 0.2119239 0.3429523 0.1600824 0.0963511 -0.1113981 -0.0045885 0.1103152 0.1426743 0.0871246 -0.1527666 -0.2175770 0.2340203 0.3323174 -0.3625074 0.2715120 0.0475095 -0.0174001 0.2977225 0.0211769 0.2330245 0.0066771 0.1150705 -0.0092533 0.0512906 0.0479722 -0.0048910 0.3462772 -0.5459268 0.1693845 -0.2706459 -0.1327126 -0.0626450 0.1506240 0.1208969 0.0175718 0.0083520 -0.1276220 -0.0254337 -0.0280233 0.0428436 0.0910370 -0.0633938 0.2741715 0.0572182 0.1095548 0.2307530 0.0669468 0.1962286 0.1506825 0.1614907 0.0940869 -0.0345427 -0.2348803 -0.4079959 -0.0167051 0.0526482 -0.2116321 0.1333814 -0.0429022 0.3515860 0.3294565 0.5335114 0.0817468 -0.0439383 0.0632603 0.1289473 0.2135378 0.1322289 -0.0809065 0.0610926 0.2115632 -0.0642385 -0.0374610 0.2254028 0.0565946 -0.0064833 -0.0619849 0.3605080 -0.3746602 0.1300104 -0.0648537 -0.2997230 -0.3279121 -0.2440528 -0.3997546 -0.2734599 -0.2311714 -0.2503428 0.1580741 0.0773608 0.1343545 -0.1644488 0.2419591 0.1882529 0.0349585 -0.0343579 0.2509601 0.2493465 0.1726747 0.1410700 0.4129447 0.0211789 -0.0360823 -0.0713040 0.2610234 0.0950572 0.3291282 0.2292351 -0.0092180 -0.0804564 0.0243787 -0.0338521 -0.0808461 0.2771942 -0.0060191 0.1737772 0.1025153 -0.2068839 -0.0655117 -0.0240618 0.0232412 -0.0852436 -0.1125081 -0.0771041 -0.0208540 0.1306594 -0.0156824 -0.0347276 0.3015484 -0.1748073 -0.0823890 0.0462955 0.4328809 -0.2896205 -0.1336653 -0.2397781 -0.4537224 -0.0672185 0.0079785 -0.2985127 -0.2878767 -0.0185218 0.2825486 -0.3965517 -0.1467632 -0.0409072 0.2137161 -0.1005961 0.0956602 0.0168781 0.2334796 -0.2315479 0.1346356 -0.3671237 0.0865837 -0.4356227 -0.0837291 0.2125486 0.0733367 -0.0329925 0.2023095 0.1830700 -0.0453361 0.0998918 -0.0014919 0.1412037 0.2502394 0.3257536 0.2419944 0.3271170 -0.0943264 0.1576001 -0.0046540 -0.3280147 0.1530268 0.0770647 -0.1209211 0.1101123 0.1988079 0.2429916 0.1758500 -0.1311453 -0.0612285 0.0446322 -0.0589254 -0.0027457 -0.0762242
0.0682536 -0.2024691 -0.2789015 0.2190121 -0.3464086 0.2289038 0.1145161 0.5416789 0.3438828 0.3556858 0.6798369 0.2220762 0.2334823 -0.0529569 0.1045934 0.0000000 0.5323626 -0.1604641 0.9230543 0.1066399 -0.1285847 0.6582637 0.7057711 -0.1507675 0.7821171 0.6710565 0.4102416 -0.3024052 -0.0348848 -0.1826698 0.4828635 0.6051642 -0.2038605 -0.1452739 0.6357507 -0.3074299 0.5221292 0.6601422 -0.0679616 0.4584027 -0.1191790 -0.0295420 0.7163909 -0.2391833 -0.0103833 0.7146731 0.5922326 0.3296171 -0.2339028 0.4659890 0.7296020 0.7554637 -0.1545950 0.5384495 0.6023271 0.5607709 0.5618172 -0.0544316 0.0340111 0.7086563 0.0400594 0.5662205 0.0437981 0.1626606 0.0734900 0.5129039 0.5912788 0.4861791 0.1515756 0.4197837 0.5320192 0.1522168 0.2007957 -0.1255709 0.3089406 0.3493055 -0.0012139 0.3597228 0.3320278 -0.1705920 0.3120957 0.1718400 0.1783460 -0.0745274 0.0034703 -0.1315750 -0.0083169 0.3426397 0.0217550 0.1103393 -0.2787859 0.0742519 -0.3713318 0.2122815 -0.1217196 -0.1317162 0.2285427 -0.3675629 -0.0195280 0.1104834 0.0628468 -0.1894550 -0.1563455 0.5124370 -0.3334670 0.2408495 -0.2416830 -0.1927814 -0.3880204 -0.2837136 -0.1499660 -0.4755409 -0.4938454 -0.2795518 -0.3975704 -0.5091669 -0.4397975 -0.3504764 -0.5356315 -0.4707919 -0.3093733 0.0681604 0.0825590 -0.2704587 -0.6827297 -0.2847567 0.0614613 0.0301400 -0.2778365 0.0304077 -0.6077844 0.0728040 -0.0962827 -0.5617893 -0.1357634 0.0782823 -0.5151680 -0.3145894 -0.3347300 -0.4463505 -0.0260062 -0.5952929 0.1475273 -0.5006188 -0.5289684 0.2033420 -0.5708064 -0.5575427 0.0701042 -0.3743120 -0.3495667 -0.4519299 -0.5566440 0.0506787 -0.1698107 0.0040763 -0.0319494 -0.4745744 -0.2462878 0.0795693 -0.1117009 -0.2612704 0.0876757 0.4474012 -0.2701701 -0.2723422 -0.0281714 -0.1820194 -0.0829568 -0.1884271 -0.0654557 -0.1730953 -0.1111402 -0.1626311 -0.0101024 0.0123110 -0.1331092 0.3375821 -0.2037678 -0.2255837 0.0717130 -0.4355984 -0.1860016 -0.2954952 0.0160784 0.1641677 -0.3009857 -0.4181465 -0.0808181 0.3803762 -0.4456602 -0.1376719 -0.3756964 -0.1145793 -0.1914938 0.2408399 -0.1006154 -0.0100547 0.1241960 -0.3158166 -0.1829485 -0.0207547 0.2342144 0.0965440 -0.2194328 0.0822069 -0.3561991 -0.4625678 -0.2259348 0.0677498 -0.0593523 -0.1587516 -0.3823263 -0.3882040 -0.3360926 -0.5516467 0.0034529 0.0509698
0.5286812 0.1918932 -0.1253510 0.5784320 -0.1799355 0.5576455 0.0076351 0.5977176 0.6725398 0.7770759 0.5546407 0.3450488 0.1215719 0.6571108 0.0721018 0.5323626 0.0000000 0.3928482 0.5782301 0.3129814 0.3161584 0.5555932 0.8087285 0.1544370 0.2795827 0.7061289 0.8057781 0.1912513 0.2635835 0.1311904 0.3181653 0.0859257 0.0303929 0.1817815 0.7048030 0.4886512 0.5912371 0.1198573 0.5483195 0.4327326 0.1549741 0.6203741 0.7881519 0.1623200 0.4877076 0.3739145 0.4310384 0.2217410 0.0500182 -0.0098158 0.5087033 0.7048858 0.2950204 0.6944448 0.0615006 0.2263738 0.4139225 0.2172237 0.1280657 0.5730667 0.5082941 0.6158670 0.1885677 0.4808258 0.3636722 0.2844603 0.4622892 0.6965982 -0.0353318 0.7076026 0.2065249 0.5441995 -0.0483081 0.2160865 0.2828522 0.5925830 0.2199281 0.1312584 0.5568860 0.1029254 0.3195748 0.0282881 0.3660387 -0.0195312 0.1897400 -0.3688732 -0.0428250 0.5056554 0.1027195 0.4251836 -0.0755373 0.3493989 0.0421454 0.1180098 0.0466596 0.1301242 0.4075218 0.0101047 0.3211432 0.0794514 0.1915593 -0.3629070 -0.4099151 0.4935022 0.0682808 0.3211062 -0.2365958 -0.0699041 -0.1021795 -0.0227186 0.0593905 -0.1067582 -0.4380263 -0.0618375 -0.2136535 -0.2560760 -0.1528880 -0.3194784 -0.3927672 -0.0739337 0.0329849 0.2377999 0.3993569 -0.3155205 -0.2619509 0.2067910 0.2400275 0.4239263 0.2160023 0.4167063 -0.0564803 0.2180761 0.2120813 -0.2838909 0.2312817 0.5753586 -0.2575286 0.0216135 -0.0126558 -0.0663926 0.2826553 -0.2234168 -0.0491962 -0.4160069 -0.3059830 0.4673912 -0.1285466 -0.1298223 -0.1727247 0.0047610 -0.1154413 -0.2190960 -0.2416538 0.0966072 0.0155737 -0.0308522 -0.3013134 -0.0210994 -0.4310156 -0.2318877 0.0196680 -0.2317328 0.0096811 0.0610326 -0.0135324 -0.0732897 0.1922593 -0.2196849 -0.0379327 -0.0426784 0.2307689 0.0412390 0.0995496 -0.2006668 0.2658326 0.2795686 0.2592353 0.1769568 0.2979628 0.3262958 0.0354175 0.1529097 0.3635691 -0.0315869 0.0353995 0.1645577 -0.2483375 -0.5074633 -0.0199320 0.4991297 0.0048664 0.1263874 -0.0262754 -0.0605736 0.2001408 0.1859640 0.2125741 0.1954026 0.0702752 0.1777491 -0.1906713 -0.3942780 -0.0382134 0.1777531 0.0439839 0.3638320 0.3761929 0.0419819 -0.3633609 -0.2399416 -0.1495116 0.2078252 0.1230050 0.0373097 -0.0199658 -0.0417938 -0.3483367 -0.2348087
