0.0000000 0.1647288 0.3587737 -0.2973551 0.6752842 -0.1924047 0.0265286 -0.3384943 0.4405375 -0.0137665 -0.4553095 -0.0645222 -0.0906202 0.1704606 0.2398035 -0.1712038 -0.2858956 0.2342312 -0.0508266 0.6219002 0.0933037 -0.0034272 -0.1985114 0.2267129 0.0518245 -0.1334428 -0.3037865 0.1054165 -0.0420323 -0.3261369 0.1319157 0.1723013 0.2455093 0.2228703 -0.2741230 0.1023041 -0.0302894 0.0306994 -0.1297315 0.0420399 0.0870255 0.0097195 -0.2168607 0.2474553 -0.0903280 0.0165091 -0.1242379 0.1414809 0.2655819 -0.1048197 -0.1759246 -0.0988893 0.0666128 0.0025367 0.2261042 0.1041336 -0.0174753 0.1313533 -0.0295232 -0.1468512 -0.1075679 -0.1262592 0.4112212 0.0391562 -0.0245000 0.1489192 -0.0516132 -0.1260142 0.1866355 -0.2928540 -0.0261421 -0.4194793 -0.3403693 -0.3217799 0.0194492 -0.3180935 -0.4554781 -0.1654351 -0.2342597 -0.2089513 -0.0334597 -0.1635289 0.0616672 0.0011787 -0.1134972 0.1000651 0.1960349 -0.0777631 0.2145855 0.1803546 0.3847154 0.2005465 0.2775509 -0.1137955 0.2152260 0.1942367 0.2864543 0.2586725 0.3592598 -0.1798983 0.1218367 0.2039309 0.2829147 -0.0314985 0.1633210 0.1368261 0.0086862 0.1341743 0.3171409 -0.0002047 0.2275578 0.3274948 -0.0778592 -0.2653714 -0.2993727 -0.2180785 -0.2348477 -0.3253497 -0.3654888 -0.1490982 -0.3575609 -0.3442780 0.2051809 -0.4788739 -0.1975116 0.4758348 -0.2567109 0.3205748 0.4921602 -0.2865840 -0.0010606 0.1706236 -0.0281708 0.0262465 0.1871126 0.4076038 0.1470798 0.4686452 0.3833215 0.2101849 -0.0398910 0.1233197 0.1607264 0.3871325 0.2981414 0.2448556 0.3120127 0.0824803 -0.0176508 -0.1645054 0.3058089 0.3168005 0.1734950 -0.0445436 -0.1048190 0.1523924 0.2376809 0.0265978 0.0069504 0.2738530 0.0855582 -0.1105293 0.2212287 0.3845283 0.1386166 0.1253304 0.1033304 0.0168287 0.1472025 0.0962121 0.0484826 0.1424623 0.3509765 0.0906948 0.0383007 -0.0946111 -0.0244150 0.0273269 0.2389312 0.2102011 0.0382670 0.0503117 0.0684051 0.0014150 -0.0428983 0.1313993 -0.1075798 -0.2450008 -0.5472551 -0.4773225 0.0684386 -0.3276790 -0.3924418 -0.0217565 0.2368231 0.2812391 -0.2891365 -0.3082871 -0.2015985 0.4262583 0.1791271 0.0398387 0.0559575 0.0669856 0.2471953 0.1923323 0.1842829 -0.0028034 0.2068376 -0.0994421 0.1856004 0.0336873 0.0918035 -0.3050575 0.4919416 0.6305803 0.0878548 0.4166662
0.1647288 0.0000000 0.2449857 0.3517988 0.0934742 0.8177397 0.6474642 0.1611275 0.6932771 0.1208338 0.1849798 0.6533541 0.0543760 0.0208342 0.6094121 0.0508180 0.1489405 0.6062697 0.0657183 0.4250748 0.7114050 0.0097380 -0.0344959 0.4934851 -0.0353483 0.0470976 -0.5172357 0.0839154 0.5840392 -0.6284129 -0.1269919 -0.2132635 0.3688869 0.4018898 0.2098654 0.7035045 -0.0811673 -0.2066135 -0.1317633 -0.0108852 -0.3050856 0.6982338 0.2353497 0.1076795 0.5663437 0.0061297 0.0036740 -0.4103405 0.3567860 -0.2948762 0.0741357 0.1749675 0.4438740 0.0349793 -0.4117270 -0.2232956 -0.1275250 0.0545576 0.3160953 0.0327560 0.6014571 0.0719738 -0.1017299 0.4054356 0.4034876 -0.4099687 -0.0336746 -0.1158879 -0.2476317 0.1302512 -0.1430485 0.3032295 -0.2960723 0.1912740 -0.2525933 -0.0879358 0.1938926 -0.2207453 -0.1043474 0.1432609 -0.1567227 -0.4063672 -0.1666910 0.0581337 0.0046318 -0.3066758 -0.6242153 -0.3203332 -0.3998267 -0.1692362 -0.2626209 -0.3625943 0.2741077 0.0694726 -0.2723460 -0.3901473 -0.1733406 0.3694629 -0.3587095 0.4431141 0.2346322 0.2763786 0.0798372 0.5874841 -0.3345091 -0.3347016 0.1451721 0.1221007 -0.1381312 0.2920465 -0.2857337 0.2608137 0.0828159 -0.1166852 -0.0211641 -0.0603311 -0.1381229 -0.0144478 0.1270829 -0.0839130 -0.2894321 0.0748443 -0.0601640 0.0847060 -0.1658940 0.1158869 -0.3209159 0.1358967 0.0245594 0.2288653 0.0381790 0.3059498 0.0197044 0.6073908 0.3547882 0.1776666 0.4745392 0.0344213 0.0649703 0.2603712 0.4147517 0.1536314 -0.6905657 0.1603550 0.4705262 0.1280286 0.0758214 0.0896666 -0.1744434 -0.0862859 -0.0834329 0.1301555 -0.1648827 -0.2522629 -0.0596606 0.1180820 -0.0533632 -0.1321871 -0.2480940 -0.2740582 -0.4014993 -0.2369365 0.0693892 -0.0958949 -0.3469758 0.2173317 -0.0172753 -0.0877773 -0.0391711 -0.2087521 -0.2060021 -0.0746165 0.7535369 0.7602923 0.8530660 0.6022022 0.7938148 0.4338443 0.7157202 0.4781467 0.5421876 0.5709515 0.5921906 0.5438463 0.4822015 0.2038565 0.2551958 0.1425190 0.2895628 0.4180167 0.2977573 0.4750542 0.5557499 0.5474800 0.2105443 0.4232187 0.5700132 0.6358968 0.1632394 0.3560139 0.1681380 -0.1925329 0.2383103 0.3080923 -0.4817515 -0.2806938 0.0631078 0.4815181 -0.0639362 0.3070161 -0.0201344 0.3157458 -0.5988142 0.2890989 0.1418751 -0.2807755 -0.0230992 0.2790650
0.3587737 0.2449857 0.0000000 0.1158466 0.7699710 0.1964406 0.0054379 0.3543988 0.1107741 0.4184354 0.4018027 0.3199301 0.6598971 0.0340903 0.0663989 0.4816834 0.3906211 0.1908888 0.5144629 0.7285485 0.1692080 0.6383634 0.3657592 -0.1300574 0.5642061 0.4038829 -0.1434318 -0.2077661 -0.1010583 -0.1467845 0.4895177 0.5296343 -0.3240516 -0.1748541 0.3365913 0.1496726 0.4369016 0.4913687 0.4814657 0.1790926 0.5787223 0.1311161 0.4913424 0.2909480 0.0895483 0.3608634 0.4407750 0.4221698 -0.0117711 0.2142908 0.4289354 0.5856631 -0.0361945 0.4761839 0.5691929 0.4308882 0.5281634 0.3803066 0.0192056 0.4281526 0.2822142 0.4127357 0.6247830 0.1077314 0.1215889 0.5724266 0.3381130 0.3214261 0.5481204 0.2734769 0.4127914 0.0595245 0.0887933 0.1070867 0.4119066 0.1726919 0.0249254 0.3009889 0.1713548 0.0360374 0.4266743 -0.1450357 -0.0762149 -0.0422239 0.0326314 -0.0293112 -0.2770172 -0.3431444 -0.0355758 -0.1018735 -0.0399722 -0.2886930 -0.1600096 -0.3769287 -0.2060250 -0.1862912 -0.3195404 -0.1957884 -0.1347636 -0.2627404 0.0068698 -0.0959766 0.0548591 -0.1760720 -0.4023948 -0.4689516 -0.2227322 -0.1401580 -0.1299585 -0.0822249 -0.3185572 -0.0927026 -0.2994373 -0.3462645 -0.3268292 -0.3497788 -0.3415834 -0.3850362 -0.3690733 -0.5144246 -0.5043767 -0.3602504 -0.1088554 -0.3022316 -0.4920465 0.2864047 -0.5756924 0.2297727 0.3624045 -0.5161748 -0.1531080 -0.0133131 -0.5001880 -0.0460481 0.0797429 0.1863440 0.0582675 0.4163319 0.3717460 0.2334873 0.0270124 -0.0297052 -0.1849646 0.4779724 0.2865696 -0.1505447 -0.0065945 -0.1298400 -0.5107276 -0.2487440 0.2062429 0.4389348 -0.1756600 -0.5888831 -0.5913053 0.3648077 -0.0479682 -0.2575692 -0.4267900 -0.0084591 -0.4594098 -0.6102983 0.0219171 0.2182251 -0.5513288 0.0883287 -0.2977419 -0.2666879 -0.0701824 -0.5404224 -0.6371755 -0.4633853 0.3956331 0.1111625 0.0772339 -0.2619592 -0.0457745 -0.0554769 0.2376787 0.0835670 -0.1040062 -0.1260369 -0.0804737 -0.2190347 -0.0653099 0.2913051 0.2805176 0.2213170 0.1610757 0.1550570 0.0003677 -0.1194910 0.0104503 0.1655969 0.2676131 0.3238715 -0.0308068 -0.0139545 0.2819597 0.2820188 0.2430140 0.0786951 -0.0617897 0.0596132 0.2059122 0.3459683 0.0832261 0.2365663 0.1969705 0.2500393 -0.1000369 -0.1535512 0.1174331 0.0655578 0.0754654 0.1272316 0.0431392 -0.1435690
-0.2973551 0.3517988 0.1158466 0.0000000 -0.0679413 0.7491243 0.3054361 0.8130636 0.0524939 0.6484440 0.7455332 0.5554152 0.3628721 0.1459024 0.2563618 0.5805853 0.7684963 -0.0419400 0.3809453 0.0686434 0.4432926 0.4749784 0.6248732 0.0113765 0.3591446 0.4735036 0.2624697 -0.0357939 0.4811037 0.2682493 0.3986792 0.1788732 -0.1592291 0.0564735 0.6335059 0.2923006 0.3364206 0.2984681 0.3743381 0.1104701 0.2820727 0.4034202 0.5553954 -0.0637985 0.7033205 0.1960624 0.3686337 0.1765685 -0.1260958 0.2165328 0.4717337 0.4483917 0.3871885 0.3775782 -0.1688465 0.1478589 0.2515093 0.0694985 0.0026657 0.5026708 0.6667791 0.4772972 -0.3967998 0.5313846 0.7852692 -0.0486163 0.3600199 0.3837328 0.0652830 0.6079576 0.3725986 0.8771924 0.2842313 0.8507514 0.1860914 0.4799032 0.7925687 0.4360153 0.4889230 0.6135737 0.2625602 -0.4646398 -0.5393958 -0.3088990 -0.3650712 -0.2733079 -0.4053323 -0.2532375 -0.4321909 -0.6375965 -0.7804228 -0.6871295 -0.2962621 0.2608180 -0.5128685 -0.3415126 -0.6889939 -0.3822135 -0.5593055 0.3727064 -0.3461498 -0.4812080 -0.4638230 0.4679684 -0.6825783 -0.2775129 -0.3533003 -0.3922231 -0.7568593 -0.4289441 -0.6451498 -0.6774962 0.1319281 0.1034210 -0.1956518 0.0538835 -0.0767808 -0.2378209 -0.0666665 -0.5568789 -0.0081369 -0.0080880 -0.5582702 0.3428492 -0.2681499 -0.7473803 -0.1367824 -0.4510418 -0.6221576 0.2351785 -0.2863668 0.3187879 -0.2385295 0.1963275 -0.0412952 -0.5715811 -0.1755001 -0.5486836 -0.5221599 -0.4552739 0.0870776 -0.3665748 -0.6259202 -0.4990688 -0.1344671 -0.3869535 -0.5491542 -0.3896085 -0.1866516 -0.0290809 -0.6661190 -0.4975076 -0.3564533 -0.3574075 -0.3084165 -0.4843554 -0.5280138 -0.3960018 -0.4417456 -0.8229634 -0.3941899 -0.2559467 -0.5391913 -0.6409501 -0.3552934 -0.2714148 -0.4650263 -0.3196297 -0.5306299 -0.5223970 -0.2620318 -0.3289889 -0.0079166 0.0135029 0.0742771 0.3083090 0.2607405 -0.3973738 -0.1089758 -0.4961012 -0.2772875 -0.3240251 -0.0251568 0.0101032 0.1622206 0.3304762 0.2073803 0.4433379 0.7495147 0.8351075 -0.5706654 0.7058365 0.8337728 -0.1691064 -0.6426279 -0.4685050 0.4089516 0.7890862 0.6448393 -0.5439974 -0.1460568 -0.4527439 -0.2103409 -0.1530893 -0.2087365 -0.5857467 -0.5404905 0.0038242 -0.2935789 0.3877337 -0.3388212 -0.2524461 -0.2637356 0.7834952 -0.5043344 -0.7391923 0.2554590 -0.1942417
0.6752842 0.0934742 0.7699710 -0.0679413 0.0000000 -0.0492101 -0.0978854 0.1603027 0.0083840 0.1903027 0.0395931 0.0468911 0.5029802 0.0934171 0.0631926 0.2280180 0.1240540 0.0099405 0.3361343 0.7819616 -0.0342071 0.5285864 0.2313818 -0.0938243 0.4556736 0.2956014 -0.0502919 -0.0340049 -0.2371712 -0.0300737 0.5401991 0.5984447 -0.1369477 -0.1168482 0.1334073 -0.1076342 0.3949289 0.4857260 0.3195940 0.2948475 0.5348419 -0.1479438 0.2474281 0.2848306 -0.1508289 0.3982246 0.3506267 0.3953866 0.0029036 0.2248040 0.2880346 0.3505206 -0.1454895 0.3766950 0.6209078 0.5430313 0.4611066 0.2759437 -0.0384658 0.2998353 -0.0246376 0.2417448 0.7309734 -0.0629217 0.0705938 0.5528488 0.3032350 0.2003576 0.5762307 0.0197362 0.3841526 -0.1939805 -0.0072809 -0.0348179 0.4252645 0.0564943 -0.1924660 0.2633594 0.1034482 0.0237778 0.3056500 -0.0019765 0.0730454 0.0455283 -0.0268466 0.0467980 0.0566105 -0.1554578 0.2385807 -0.0071447 0.0854472 0.0233820 -0.1363474 -0.2602625 0.1373264 -0.0327314 -0.0754293 -0.2433936 0.1724408 -0.3674923 0.0487675 -0.2464302 0.0255387 -0.2849145 -0.2656032 -0.1827504 -0.2475100 -0.1518978 -0.1095202 -0.2776278 -0.1237284 -0.0956520 -0.2662572 -0.3258646 -0.4463391 -0.3543687 -0.2894438 -0.5163883 -0.4688943 -0.5328506 -0.4979568 -0.3702259 -0.0035617 -0.5536566 -0.6410871 0.2822445 -0.4387946 0.3929421 0.3071237 -0.4652553 -0.2891076 0.2259184 -0.3304376 -0.0213343 0.0051795 0.3248101 0.0666499 0.3487613 0.3921766 0.1880161 0.0428044 -0.0101704 0.0394428 0.4974121 0.2520191 0.0077126 0.1259319 0.0450275 -0.4695797 -0.1317613 0.2582652 0.4020343 0.0405737 -0.3624553 -0.2367625 0.2741720 0.0512369 -0.0628054 -0.2987694 0.1367885 -0.1955783 -0.3963538 0.1768448 0.3074438 -0.1672950 0.2211687 -0.2151286 -0.2632722 -0.1400489 -0.3604606 -0.3484807 -0.3008161 0.1654704 -0.0187947 -0.1031003 -0.3090503 -0.1539999 -0.0860559 0.0375161 -0.0590015 -0.1726894 -0.2304623 -0.2406427 -0.3663385 -0.1733612 0.4408279 0.2914822 0.2051606 -0.0799189 -0.1450666 -0.1210517 -0.3190965 -0.2182498 -0.0744214 0.1524590 0.1756104 -0.1556948 -0.1906926 0.2455940 0.2944427 0.2733084 0.1078768 0.0822581 0.0750572 0.2610891 0.3506440 -0.0536777 0.0111370 0.2735426 0.2776782 0.1360864 -0.0858110 0.2771952 -0.0708341 0.1427736 0.4134062 0.2059293 0.1724912
-0.1924047 0.8177397 0.1964406 0.7491243 -0.0492101 0.0000000 0.6456259 0.5726377 0.4090507 0.4571421 0.5832553 0.7166922 0.2302312 0.0455442 0.4187426 0.3582328 0.5170123 0.3388828 0.2840223 0.2495235 0.7041017 0.2584637 0.3583500 0.2667058 0.1828065 0.3104997 -0.1865755 0.0136516 0.6402313 -0.2755973 0.1204733 -0.0981876 0.1479598 0.2703645 0.4957263 0.6151062 0.1092566 -0.0031456 0.1007028 0.0743542 -0.0982218 0.7051812 0.4813423 0.0198845 0.7527111 0.0317577 0.1822608 -0.2745502 0.1924528 -0.1429816 0.2999125 0.3502188 0.4980680 0.1988907 -0.4425738 -0.1477139 0.0280962 0.1166786 0.3886481 0.2772685 0.8338212 0.2773056 -0.3449793 0.5792799 0.6950224 -0.3460839 0.1382947 0.1661045 -0.1472647 0.4764570 0.1228035 0.7310853 0.0399711 0.6538823 -0.0118847 0.3016801 0.6721248 0.1878592 0.2871011 0.5485814 0.1145781 -0.5336906 -0.3509345 -0.0402435 -0.0622110 -0.2703452 -0.6522781 -0.3150880 -0.4749889 -0.3905296 -0.5976464 -0.6135733 0.0370548 0.2372413 -0.4670777 -0.4257704 -0.5520920 0.0645233 -0.5063884 0.5997309 0.0541052 -0.0526470 -0.1456491 0.7033421 -0.6032298 -0.3720155 -0.0550288 -0.1065570 -0.5395378 0.0253119 -0.5332862 -0.2064757 0.1972633 0.0425301 -0.0582397 0.0817635 -0.0544657 -0.0737376 0.1711695 -0.2578261 -0.0732467 0.1237896 -0.4063215 0.3732023 -0.2183798 -0.3324589 -0.2034872 -0.1714162 -0.3625526 0.3969969 -0.0719424 0.4514485 -0.0453797 0.6159232 0.3327794 -0.1823201 0.3019467 -0.2782681 -0.2380998 -0.0581009 0.4280867 -0.0226629 -0.7690524 -0.1412017 0.2944740 -0.1557741 -0.1885829 -0.0711338 -0.1449137 0.0102250 -0.4266864 -0.1731178 -0.3197283 -0.3156374 -0.2337259 -0.1709171 -0.2742746 -0.2403849 -0.2880206 -0.6562702 -0.5468535 -0.2723266 -0.2439270 -0.4548849 -0.4680516 0.0487584 -0.1939426 -0.1676826 -0.3209080 -0.4034495 -0.2305409 -0.1830429 0.4912270 0.5391634 0.6099594 0.5746222 0.6939711 0.1714843 0.4036177 0.0263873 0.2512588 0.2713350 0.4639298 0.4704605 0.5343356 0.3308721 0.3960847 0.4886892 0.6964038 0.7939100 -0.0671102 0.7961071 0.8604319 0.3327403 -0.1684064 0.0695551 0.7170835 0.9046455 0.5443037 -0.0602726 0.1212086 -0.3054397 0.1073977 0.2140942 -0.5526691 -0.5009892 -0.1977925 0.2549551 -0.1672163 0.4797144 -0.1812626 0.1299127 -0.5725764 0.5958720 -0.2941368 -0.6526162 0.1958572 0.0458694
0.0265286 0.6474642 0.0054379 0.3054361 -0.0978854 0.6456259 0.0000000 0.2007823 0.3721566 0.0687847 0.2338914 0.5884144 -0.0492071 -0.1551606 0.2202311 0.0602621 0.2496777 0.1874693 0.0043902 0.2138326 0.6457822 -0.0871685 0.1381648 0.0900111 -0.1507942 -0.0015539 -0.3247858 -0.1459072 0.5142106 -0.5310148 0.0318503 -0.4104549 0.1376685 0.1813193 0.2168444 0.5368342 -0.1971817 -0.2540578 -0.1928399 0.0952284 -0.3755689 0.5177012 0.2564744 -0.0964909 0.4710479 -0.2559982 -0.1717249 -0.3975268 0.0480863 -0.3044577 -0.0675811 0.0960591 0.2656260 0.0212901 -0.4097122 -0.3178479 -0.2549708 -0.0694427 0.2926849 -0.0322491 0.4853372 -0.0278834 -0.3962672 0.1502652 0.3780180 -0.5107050 -0.1663511 -0.0235774 -0.3824611 0.1778026 -0.1838047 0.3104877 -0.1224341 0.2680805 -0.2528127 0.0756888 0.3453156 -0.0839433 0.0166721 0.3351849 -0.1480906 -0.3925684 -0.1224564 0.1213129 0.0778146 -0.0734211 -0.4316287 0.1152869 -0.2461996 -0.0485470 -0.1696589 -0.3070112 0.3712798 0.4938701 -0.2728045 -0.2524396 -0.1924168 0.3562450 -0.1616629 0.5583306 0.1353094 0.3963643 0.1673184 0.5418073 -0.2273177 -0.2432427 0.1790116 0.0495027 -0.0879979 0.0878170 -0.2433252 0.0169620 0.1452796 -0.1677664 -0.3020802 -0.0569684 -0.2799834 -0.1157474 0.0123469 -0.0559871 -0.1440030 -0.0073083 -0.0690214 0.3326636 -0.1003724 -0.0558622 -0.1348151 0.0591280 0.0287634 0.4787290 0.2991991 0.5319315 0.2870871 0.5789121 0.5165221 0.0905431 0.5200224 -0.1129391 0.2386428 0.0043959 0.4835998 -0.0395420 -0.5548960 -0.0558566 0.4105345 -0.0655651 0.1230995 0.2548412 0.1880735 -0.1433606 -0.3060471 -0.1429953 -0.2085939 0.0092830 -0.0831359 -0.1811993 -0.2924025 -0.0531521 -0.1183138 -0.4699898 -0.2422682 -0.2890574 -0.1385290 -0.3769676 -0.1871862 -0.0464215 0.0741370 0.0318125 -0.2645630 -0.2563337 0.2248219 0.0788461 0.4360500 0.7224877 0.6265261 0.7736830 0.6947175 0.1345002 0.4028817 0.1399210 0.2609508 0.4080686 0.4423601 0.5164677 0.4145850 -0.0584546 0.1006540 0.1578103 0.3500161 0.4716339 0.1311953 0.7035716 0.6450131 0.2210815 -0.0310971 0.1556731 0.4419802 0.6493275 0.2413376 0.1859061 0.4010104 0.1615434 0.1986097 0.3012750 -0.3641912 -0.4346344 0.1345634 0.4364551 0.2099765 0.4252942 0.0097918 0.2560177 -0.6890105 0.2520908 0.0326097 -0.1886097 0.0927745 0.3596646
-0.3384943 0.1611275 0.3543988 0.8130636 0.1603027 0.5726377 0.2007823 0.0000000 -0.2959812 0.5440673 0.9445302 0.3346185 0.7721143 -0.1479921 -0.1465915 0.8293225 0.8906313 -0.2789636 0.7095163 0.1633260 0.1636803 0.8227542 0.8944638 -0.4012177 0.7022884 0.8174652 0.4407009 -0.3246522 0.1003907 0.3693792 0.7158585 0.5143999 -0.4793420 -0.2922407 0.8978180 -0.0427890 0.6896875 0.6974898 0.6705243 0.3421682 0.5418676 0.0846383 0.8820404 0.0737918 0.3741123 0.5210328 0.7307076 0.4079877 -0.3253724 0.5771802 0.7885238 0.7427671 0.0155019 0.6489350 0.1252048 0.4990444 0.6484243 0.2766317 0.0050294 0.8075991 0.4561152 0.7214575 -0.1633538 0.3234291 0.5984875 0.2916979 0.6568138 0.6645301 0.3498236 0.8301569 0.7031574 0.7765363 0.5991630 0.8282877 0.5043647 0.7724754 0.8411014 0.7010199 0.7341685 0.7046260 0.3660485 -0.1799629 -0.2601848 -0.1450081 -0.1735019 -0.0948027 -0.2732812 -0.0524489 -0.2310928 -0.4964976 -0.5999068 -0.4490349 -0.3430124 0.2056264 -0.3471074 -0.2397566 -0.6432105 -0.4660393 -0.4948626 0.1103048 -0.3964983 -0.5037846 -0.3345983 0.0884580 -0.6768183 -0.3786826 -0.3283618 -0.3471594 -0.7902175 -0.4523295 -0.7268627 -0.7115570 0.0241367 0.0426294 -0.1938588 0.0108880 -0.1005010 -0.2957722 -0.0660832 -0.6446647 -0.0494330 0.1036750 -0.5688977 0.2384476 -0.3848182 -0.5902544 -0.0234513 -0.3176154 -0.4787098 0.1077800 -0.3088801 0.3806427 -0.2126077 0.0317418 -0.1869308 -0.4723273 -0.2681409 -0.4965820 -0.3524800 -0.4407670 0.0041572 -0.4437144 -0.5000905 -0.3192030 -0.2021558 -0.5178363 -0.5280393 -0.3228581 -0.3026764 -0.0541705 -0.5333105 -0.3768031 -0.4009037 -0.4663447 -0.3081593 -0.3225657 -0.5075858 -0.4268652 -0.4272800 -0.6887088 -0.4072121 -0.3952577 -0.4563223 -0.5300650 -0.4636529 -0.2884919 -0.5188525 -0.3574461 -0.5417704 -0.7063272 -0.4141079 -0.5452700 -0.1770095 -0.1230016 -0.0958014 0.0071676 -0.0016912 -0.4370247 -0.3115157 -0.5504633 -0.3378278 -0.3951078 -0.2605778 -0.2690742 0.0062360 0.3861909 0.3954165 0.5780215 0.8729307 0.8584550 -0.4957466 0.5747007 0.6956432 -0.1896538 -0.4889487 -0.4297289 0.2804788 0.5581511 0.7542127 -0.5020245 0.0032129 -0.2017950 -0.0403794 -0.0172983 0.0318188 -0.2546907 -0.4318249 -0.0500224 -0.1891379 0.5212990 -0.2578459 -0.4542643 0.0570206 0.5871540 -0.6479971 -0.5126067 0.1660911 -0.2366677
0.4405375 0.6932771 0.1107741 0.0524939 0.0083840 0.4090507 0.3721566 -0.2959812 0.0000000 0.1483863 -0.2253604 0.5647752 -0.3802625 0.3947031 0.7419763 -0.1902607 -0.2577040 0.8070236 -0.1733869 0.3546614 0.6547839 -0.2855405 -0.3793576 0.7546876 -0.2539688 -0.3354674 -0.7364023 0.4041531 0.5521079 -0.6583334 -0.3909592 -0.3592980 0.6422347 0.6890020 -0.2387974 0.7367382 -0.3584675 -0.4330178 -0.3721474 -0.1751571 -0.3031307 0.6841598 -0.2368956 0.2914357 0.5555607 -0.2848948 -0.3464318 -0.2655071 0.7371123 -0.5166465 -0.2591098 -0.1642425 0.6864802 -0.1073616 -0.4438555 -0.4799327 -0.3999483 0.1539063 0.1523486 -0.2757950 0.4608627 -0.1341501 -0.1887165 0.5616978 0.3157756 -0.4017666 -0.2544470 -0.2018216 -0.3329121 -0.1189877 -0.3242811 0.0944837 -0.4202550 -0.0373219 -0.4190659 -0.3140709 -0.1133492 -0.3891061 -0.2416983 -0.0767558 0.0001330 -0.6376381 -0.3225239 -0.1264392 -0.2295316 -0.3030674 -0.3867780 -0.3605853 -0.4192473 -0.0975249 0.0434187 -0.2324220 0.2612149 -0.0291598 -0.2566374 -0.1625468 -0.0970241 0.4910949 -0.1654881 0.2889964 0.1393823 0.4015536 0.1344509 0.5744402 -0.0701358 -0.0299050 0.1575010 0.2077859 0.2496091 0.3459882 0.0411659 0.4351084 0.0338926 -0.1261792 0.0009688 -0.0932768 -0.2036484 0.0514554 -0.0485432 0.0346418 -0.2568967 -0.1749023 -0.0485394 -0.0973243 0.1280786 0.2485854 -0.2148458 -0.0260183 0.2331566 0.0820966 0.2759523 0.0967848 0.0981702 0.2978421 0.4232237 0.0591482 0.3258147 0.2320339 0.0894345 0.0976632 0.2252277 0.2915114 -0.4128992 -0.0175713 0.3319638 0.1225412 0.1763465 -0.0128401 -0.0414245 -0.1503449 -0.1309298 0.0223907 -0.0053307 -0.1063035 -0.0521509 -0.0783041 -0.0600269 -0.0793204 -0.1346302 -0.1744012 -0.0523577 -0.1262686 -0.0761461 -0.0666044 -0.0350682 0.0251061 -0.0387644 -0.0888387 0.0267427 -0.0098985 -0.0952217 0.0315150 0.7642414 0.5249507 0.7296699 0.5183322 0.6157735 0.3325317 0.6856200 0.5157764 0.4120460 0.5366994 0.5896950 0.6314755 0.2954899 -0.0206419 -0.1451033 -0.2428929 -0.2147275 -0.0734385 0.1703151 0.1729239 0.1372657 0.4507839 0.2175728 0.4289264 0.2956855 0.3127751 -0.1215240 0.4274464 -0.0743519 -0.3941186 -0.1531017 -0.0641625 -0.1458392 -0.2743114 0.1989505 0.2893039 -0.1285784 -0.3159836 -0.2052848 0.2652540 -0.4469102 0.1222837 0.4444538 -0.1344933 0.0176264 0.2170294
-0.0137665 0.1208338 0.4184354 0.6484440 0.1903027 0.4571421 0.0687847 0.5440673 0.1483863 0.0000000 0.5634715 0.5293836 0.2313251 0.4337481 0.1745079 0.4838919 0.5483903 -0.0075002 0.3253730 0.1058587 0.4789112 0.4352624 0.4947147 0.0833678 0.3581173 0.3032261 0.1183353 0.0804181 0.4535074 0.2111579 0.2985941 0.2151293 -0.0944212 0.2163958 0.3197950 0.4133098 0.1921895 0.2286732 0.2321421 0.0615576 0.4643089 0.4278493 0.3262210 -0.0506439 0.6382972 -0.1561252 0.1349074 0.3052324 0.1014565 -0.1107779 0.2613324 0.3164710 0.5156975 0.3643018 -0.0166340 -0.1015363 0.1160730 0.2277373 0.1311203 0.2880340 0.7259204 0.3507786 -0.1960313 0.5852699 0.6351658 0.0140437 0.1651513 0.4402259 0.0732263 0.5130026 0.2956766 0.6654902 0.2373188 0.6967572 0.0855667 0.4405931 0.5886748 0.3578230 0.4438289 0.4090691 0.3876714 -0.5314776 -0.6545437 -0.5246714 -0.4505338 -0.4153042 -0.4421531 -0.3530061 -0.5365186 -0.6780028 -0.5834311 -0.7590147 -0.0832995 0.1700482 -0.7262864 -0.3789611 -0.5854067 -0.1156048 -0.5174193 0.3648297 -0.4415581 -0.4300696 -0.4514993 0.4038079 -0.6101959 -0.4177098 -0.6060155 -0.5089000 -0.4704243 -0.5216236 -0.4946797 -0.5407354 -0.1485826 -0.2298153 -0.4295108 -0.2272823 -0.3625970 -0.4265258 -0.3780405 -0.5791860 -0.2632496 -0.4963891 -0.5093661 -0.0402443 -0.3002126 -0.2887761 -0.3222959 -0.5046459 -0.1686259 -0.1746604 -0.3308363 0.0838901 -0.4270896 0.0216625 0.1131776 -0.5321748 -0.1985630 -0.1048392 -0.2632685 -0.3426204 -0.0254663 -0.3426083 -0.3794851 -0.2138489 -0.0984761 -0.4837366 -0.4146209 -0.5078112 -0.0926503 -0.2256598 -0.4854628 -0.3301757 -0.4405280 -0.3917896 -0.5613055 -0.4152493 -0.3346085 -0.4695958 -0.2620358 -0.6376298 -0.2785401 -0.4170868 -0.5062589 -0.4254602 -0.3322533 -0.3871420 -0.3017099 -0.0314333 -0.1830613 -0.4168501 -0.3276287 -0.1695624 -0.0070053 -0.2081223 -0.0655890 0.1586800 0.1864882 -0.1937179 0.0883202 -0.3317686 -0.1581909 -0.3137372 0.0534898 0.0733089 0.2421134 0.1474259 0.0870808 0.3938101 0.4537897 0.5171585 -0.5086174 0.3853310 0.4449579 0.0093475 -0.3189683 -0.0547442 0.2172393 0.4582310 0.3789252 -0.1856245 -0.3317113 -0.5436848 -0.5430108 -0.4122182 -0.0346830 -0.4403591 -0.3182956 -0.3127195 -0.3464223 -0.0618870 -0.5361290 -0.2490213 -0.0881799 0.6143122 -0.3059937 -0.5449620 0.3166819 -0.0631871
-0.4553095 0.1849798 0.4018027 0.7455332 0.0395931 0.5832553 0.2338914 0.9445302 -0.2253604 0.5634715 0.0000000 0.4390073 0.7294722 -0.1610229 -0.1022713 0.8546115 0.8753501 -0.1886233 0.7036745 0.0812523 0.2562706 0.7600722 0.8563831 -0.3740496 0.6731484 0.7850196 0.3662233 -0.3147354 0.1844198 0.3116695 0.6170527 0.4481792 -0.4803406 -0.2538308 0.8901228 0.0795397 0.6385430 0.6267535 0.6794424 0.3529185 0.5203044 0.2194710 0.8950775 0.1453041 0.4516607 0.4392861 0.6732599 0.3826346 -0.2484654 0.4942368 0.7636379 0.7893776 0.0721715 0.6653839 0.0644165 0.3738061 0.5989839 0.3579857 0.0688371 0.7810365 0.5376065 0.7217498 -0.2173166 0.3752297 0.5513269 0.2446439 0.6038389 0.6776311 0.2699854 0.8573564 0.6223754 0.7613633 0.6166379 0.7785422 0.4009424 0.7635618 0.8392170 0.6199318 0.6992787 0.6276533 0.3404286 -0.1893180 -0.2743930 -0.1434549 -0.1124820 -0.1365976 -0.3653035 -0.1733166 -0.3404797 -0.4826790 -0.5801638 -0.5265912 -0.2972921 0.0887815 -0.4716933 -0.3352299 -0.7058500 -0.3614659 -0.5846654 0.1368940 -0.4083596 -0.3779849 -0.2989043 0.1178105 -0.6979949 -0.4904964 -0.3073690 -0.3278223 -0.7195773 -0.3062465 -0.7237365 -0.6432323 -0.0547465 -0.0119281 -0.1462373 -0.0300770 -0.1535174 -0.1964369 -0.0419497 -0.5569720 -0.0649989 0.0529198 -0.5664437 0.2837909 -0.2349475 -0.4996972 -0.0590011 -0.3737799 -0.4136135 0.0631255 -0.2407962 0.2416348 -0.2594643 -0.0113745 -0.1110994 -0.4831867 -0.2576788 -0.4642940 -0.3246436 -0.3692763 -0.0105691 -0.4588702 -0.5129959 -0.3099586 -0.2286273 -0.5606032 -0.5675232 -0.3669466 -0.2863721 -0.1143921 -0.4866849 -0.3446651 -0.4957918 -0.4741716 -0.3833288 -0.2518723 -0.5174471 -0.4719008 -0.4436905 -0.6557638 -0.4190373 -0.4433739 -0.4944675 -0.5133581 -0.5404316 -0.3510674 -0.5162316 -0.3625359 -0.4777619 -0.7095882 -0.5044770 -0.6073888 -0.0822862 -0.0367611 0.0136799 0.0135377 0.0260106 -0.3273021 -0.1741964 -0.4026471 -0.2425256 -0.2935136 -0.1512964 -0.1633206 0.0420201 0.2564632 0.3699938 0.5197411 0.8828759 0.8858680 -0.3957284 0.5957406 0.6881207 -0.0173607 -0.3611635 -0.2756706 0.3058739 0.5359419 0.6501848 -0.4132052 -0.0199606 -0.1758956 -0.1185636 -0.0699477 0.0453662 -0.2088725 -0.3064088 0.0136413 -0.1583051 0.4002230 -0.3154497 -0.4657339 0.0002347 0.5409560 -0.6363610 -0.5582385 0.1293709 -0.3211460
-0.0645222 0.6533541 0.3199301 0.5554152 0.0468911 0.7166922 0.5884144 0.3346185 0.5647752 0.5293836 0.4390073 0.0000000 0.0226950 0.3320544 0.6807968 0.2162328 0.3179485 0.4913695 0.0504329 0.2718866 0.8494785 0.1014789 0.1390463 0.4547864 -0.0534903 0.0086051 -0.4134505 0.2471744 0.7157573 -0.2762297 -0.0090726 -0.1927449 0.3017217 0.5108933 0.2163360 0.7757294 -0.1047024 -0.1655259 -0.0617434 0.1933243 -0.0032265 0.7386686 0.2562232 0.0982994 0.8279118 -0.1898940 -0.0774708 -0.0551300 0.3719585 -0.3195672 0.0974560 0.2427634 0.7010886 0.2144815 -0.2568295 -0.3051325 -0.1606540 0.0867470 0.0128524 0.1205201 0.7472963 0.1890608 -0.3031152 0.4894591 0.6132443 -0.3472652 -0.0479621 0.1442248 -0.3582568 0.2759157 -0.1267449 0.5054691 -0.0320601 0.4287019 -0.3535310 0.1192359 0.3740487 -0.0768409 0.0919163 0.2443875 0.1041727 -0.5927522 -0.4881601 -0.1754021 -0.2661854 -0.5472736 -0.6345482 -0.3691182 -0.6065932 -0.5008227 -0.5051242 -0.7633611 -0.1056020 0.0757777 -0.6437167 -0.6892173 -0.5581125 -0.0093080 -0.5776356 0.3310846 -0.1480096 -0.0878217 -0.3467123 0.5506234 -0.6013737 -0.4987401 -0.2108697 -0.3098001 -0.2755691 -0.1547256 -0.4695460 -0.2787301 -0.1616260 -0.2324682 -0.3416586 -0.2263427 -0.3861874 -0.0894321 -0.1800858 -0.3800194 -0.3420899 -0.2987043 -0.3348311 0.0812233 -0.2267472 -0.2212129 -0.3706301 -0.2239336 -0.1607439 0.0888900 -0.0511991 0.1384616 -0.1398939 0.2085704 0.2233176 -0.3170468 0.1575786 -0.2299785 -0.0529036 -0.1944625 0.2564742 -0.1832122 -0.7380612 -0.2822831 0.0878492 -0.3093495 -0.2344057 -0.1782247 -0.3077073 -0.2347460 -0.5166289 -0.2966414 -0.2926984 -0.2738546 -0.2153699 -0.3242907 -0.6126060 -0.2876736 -0.5342257 -0.6519060 -0.2308350 -0.4277826 -0.4647143 -0.5440694 -0.2509884 -0.2572233 -0.4082666 -0.2910395 -0.4029243 -0.5426344 -0.3386916 -0.3180567 0.4396351 0.5021151 0.5891617 0.6138878 0.6641625 0.0168758 0.5059520 0.0812505 0.0675273 0.1292316 0.3023854 0.3482126 0.1740549 -0.0438836 -0.0370818 0.1020553 0.4113127 0.5458531 -0.1742870 0.5276567 0.6823203 0.2418592 -0.1922900 0.1181815 0.3864986 0.7286010 0.2926591 0.0641677 -0.0452141 -0.3544354 -0.4124836 -0.3024277 -0.1326122 -0.5803534 -0.2111578 0.3578858 -0.0230611 0.0612604 -0.4883849 -0.0269597 -0.5523236 0.5397353 -0.0789460 -0.6148941 0.2032698 0.0216990
-0.0906202 0.0543760 0.6598971 0.3628721 0.5029802 0.2302312 -0.0492071 0.7721143 -0.3802625 0.2313251 0.7294722 0.0226950 0.0000000 -0.2518740 -0.2880947 0.7635497 0.7247708 -0.1915029 0.7794179 0.4354990 -0.1295165 0.9371192 0.7650715 -0.5120135 0.8103604 0.7977705 0.4072610 -0.4026737 -0.2935030 0.2500708 0.7882158 0.7119183 -0.6108713 -0.5253819 0.7684401 -0.2766648 0.7620391 0.8769274 0.7752860 0.3135596 0.6934217 -0.1879201 0.8483317 0.2202995 -0.0788351 0.7514255 0.8346031 0.5608265 -0.3866545 0.7314221 0.7869547 0.7977459 -0.3369523 0.6745741 0.5164964 0.7812856 0.8416610 0.3983124 0.0169729 0.7847011 0.0962816 0.6470013 0.4109608 0.0374595 0.1993698 0.6719123 0.6799823 0.5343512 0.7099340 0.6265295 0.7643833 0.3478004 0.4426903 0.4168773 0.7270984 0.5695786 0.4219286 0.6688105 0.5423260 0.4054437 0.4499990 0.1634910 0.0971136 0.0971939 0.1270668 0.2081918 -0.0626053 0.0034607 0.1408224 -0.0852639 -0.1606879 -0.0736260 -0.3752445 -0.1070546 0.0266041 0.0404308 -0.4120023 -0.4225829 -0.1434138 -0.2485489 -0.1488133 -0.2613979 0.0443504 -0.3019470 -0.4289538 -0.2885954 -0.0832284 -0.0244008 -0.4771735 -0.1650713 -0.4383475 -0.3399404 -0.0367717 -0.0259208 -0.1398937 -0.0922632 -0.1109442 -0.3947023 -0.1286868 -0.5576870 -0.1913121 0.0754079 -0.2403670 -0.0171412 -0.4174585 -0.1290365 -0.1124159 0.1550334 -0.0535519 -0.1533649 -0.1567819 0.1985054 -0.2267488 -0.0217926 -0.1633574 0.0034228 -0.1062649 -0.0324711 0.0898131 -0.0321560 0.0402961 -0.1775428 -0.1803650 0.1798201 0.0354449 -0.2520646 -0.2124170 -0.0840126 -0.4117107 -0.0255514 -0.0261362 0.1571838 -0.2203218 -0.5094538 -0.3120114 0.1965226 -0.1716494 -0.2448535 -0.4028976 -0.1937513 -0.4032419 -0.4392079 0.0061750 0.0057499 -0.5087701 0.0610661 -0.3442732 -0.3610440 -0.2719780 -0.6211205 -0.4957315 -0.5873688 -0.0436956 -0.1428369 -0.1362655 -0.3479523 -0.2413788 -0.3271895 -0.2445351 -0.2598219 -0.2651648 -0.2562033 -0.3352975 -0.4280206 -0.1374850 0.4621521 0.4981570 0.4636813 0.5696478 0.4794094 -0.1876661 0.1238938 0.2257530 -0.0609607 -0.0351512 -0.1424911 0.0771779 0.1016354 0.6018483 -0.1256236 0.2201492 0.1119553 0.2624940 0.2554851 0.2049688 0.2903263 -0.0422753 0.1551824 0.0323334 0.4980041 0.0953885 -0.3562535 0.3042522 0.2266807 -0.2875054 -0.0272781 -0.0551817 -0.2260220
0.1704606 0.0208342 0.0340903 0.1459024 0.0934171 0.0455442 -0.1551606 -0.1479921 0.3947031 0.4337481 -0.1610229 0.3320544 -0.2518740 0.0000000 0.5381060 -0.3035437 -0.1883951 0.4302092 -0.4263790 0.0122489 0.2457155 -0.0746957 -0.2900958 0.6953945 -0.3310526 -0.4655407 -0.1622310 0.8351704 0.3887821 0.1241831 -0.2304895 -0.2274703 0.5000110 0.6357698 -0.4375155 0.4541099 -0.4564544 -0.1665885 -0.3931776 -0.2755448 0.1746794 0.3812822 -0.4467411 -0.1981002 0.4245050 -0.3711225 -0.4670621 0.2129008 0.4974969 -0.3036554 -0.4444537 -0.4008397 0.7019014 -0.2348312 0.0807117 -0.2658038 -0.4336826 -0.1731784 0.0344745 -0.4233808 0.3632363 -0.3994983 0.0379694 0.3639207 0.2139931 -0.1734080 -0.4833252 -0.3337885 -0.1316748 -0.2772572 -0.3435606 0.1165838 -0.4899798 0.0432891 -0.2851008 -0.3369390 -0.0938620 -0.2257881 -0.2335219 -0.1493435 0.2480599 -0.2643693 -0.6117765 -0.4257449 -0.4677249 -0.2654507 0.1028887 -0.2548632 -0.0807433 -0.2466670 0.0420592 -0.2692752 -0.3488333 -0.0598861 -0.0969031 0.0515333 -0.2353554 -0.0008244 0.0468236 0.0693046 -0.2164482 -0.1176930 -0.3342781 0.3855387 -0.0511113 0.2316886 -0.1241436 -0.1005388 0.1175490 -0.1328730 0.3573712 -0.0485888 0.1279568 0.1752406 -0.0317317 0.0498192 0.0239769 -0.1001168 -0.1616757 -0.0494964 0.0358490 -0.3407292 -0.1801023 -0.0894660 -0.0084466 -0.0049458 -0.0723538 -0.1705350 -0.0095303 0.0305626 0.1061796 -0.0075659 0.0437933 0.0521239 0.1134114 -0.2405313 0.0428817 0.1180485 -0.0653525 -0.1773494 0.1116264 0.2017904 0.0639071 -0.1813421 -0.0114831 -0.0572754 -0.0140299 -0.1193569 -0.1443892 -0.0225048 -0.3335069 -0.2019839 0.0420655 0.0095257 -0.0613269 -0.3788111 -0.2865736 -0.0099381 -0.4369759 -0.2371145 0.0374682 -0.0734032 -0.1188946 -0.1132912 0.1270211 -0.0477153 -0.0827433 -0.2396029 -0.0216974 0.0135254 -0.0683396 0.0572175 0.1475301 -0.2800380 0.1305295 0.2048961 0.1461918 -0.1552095 0.1958101 0.0189388 -0.1724369 0.0316016 0.3073776 0.3532354 0.2250645 -0.1841895 -0.3578009 -0.2672002 -0.2717345 -0.1380850 -0.3025129 -0.0528799 -0.0523182 -0.1494046 -0.1753619 -0.0226428 -0.1046298 0.1213904 -0.0390048 0.0926522 -0.3097795 -0.4098161 -0.4280516 -0.4592911 0.0443296 -0.4769100 -0.0286023 -0.1532120 -0.0180908 -0.4907119 -0.2049591 -0.0267245 -0.3515102 0.1986774 0.3430088 -0.2509012 0.2470890 -0.0950920
0.2398035 0.6094121 0.0663989 0.2563618 0.0631926 0.4187426 0.2202311 -0.1465915 0.7419763 0.1745079 -0.1022713 0.6807968 -0.2880947 0.5381060 0.0000000 -0.1678349 -0.1126459 0.6971271 -0.2815711 0.2176914 0.7020359 -0.1945268 -0.2858993 0.8320510 -0.2832274 -0.3095471 -0.3780024 0.6583231 0.7296758 -0.2089573 -0.2577390 -0.2170366 0.6669348 0.7544465 -0.1939292 0.7041841 -0.3199768 -0.3212104 -0.2604245 0.0789159 -0.1182386 0.6837940 -0.2053647 0.2153840 0.6633997 -0.1692558 -0.3161122 -0.0973864 0.6031717 -0.3927198 -0.2056700 -0.0808903 0.7406558 -0.0548845 -0.3068261 -0.3151007 -0.3642186 0.0471791 0.0324726 -0.1930144 0.4500108 -0.1618695 -0.0928427 0.4991954 0.4269446 -0.3882300 -0.2357647 -0.2722079 -0.3255723 -0.1739679 -0.3829050 0.1019194 -0.4288174 0.0249089 -0.4879415 -0.3501114 -0.0915776 -0.3996021 -0.2932943 -0.1159014 -0.1200365 -0.3527484 -0.3030071 -0.0519030 -0.2083502 -0.3871455 -0.2600710 -0.5392206 -0.3263547 -0.2228212 -0.2411111 -0.4390025 -0.1169163 -0.2279678 -0.2331627 -0.4384972 -0.2729786 0.1196117 -0.2207962 0.1956400 0.0454283 0.0233537 -0.1868923 0.5481885 -0.2941947 -0.0784284 0.0010383 -0.0082869 -0.0422981 0.1382687 0.0149676 0.0889287 -0.0154898 -0.0377051 -0.1066844 -0.1092054 -0.1534796 -0.0085738 -0.0955789 -0.1000135 -0.2274228 -0.2711316 -0.0378492 -0.0880478 0.0585017 -0.0426340 -0.2611166 -0.0024465 -0.1643447 0.0709001 -0.0870141 -0.0543873 -0.0600824 0.2402268 0.2191516 -0.0253615 0.1914892 -0.1164807 -0.1139694 0.0844473 0.2274815 0.0505872 -0.3626605 -0.1585448 0.0889516 0.1535122 -0.0997000 -0.0804172 -0.2084189 -0.0116091 -0.1538108 -0.0743724 -0.0170977 0.0094978 0.0972391 -0.0846521 -0.2251101 -0.0316028 -0.4177646 -0.2081860 0.0367710 0.0008948 -0.0757486 -0.1135481 0.0976519 0.0752657 -0.1634158 -0.3085891 -0.1150609 -0.0506798 -0.1571560 -0.1043326 0.5096143 0.4052074 0.5648077 0.3895741 0.5009557 0.1640331 0.6014530 0.3363494 0.1905782 0.2562964 0.4090756 0.4107476 0.1428199 0.0397312 -0.1198684 -0.1955880 -0.0904496 0.0654028 -0.0638110 0.1595698 0.2339720 0.2936465 -0.0440594 0.1894662 0.2347561 0.3786626 -0.0729437 0.2332573 -0.1624716 -0.4297114 -0.2208771 -0.2481940 -0.1313948 -0.4201975 -0.0792515 0.3198069 -0.0042023 -0.2254326 -0.0798561 0.0921060 -0.4472493 0.2657544 0.2640770 -0.3064615 0.1760667 0.1516767
-0.1712038 0.0508180 0.4816834 0.5805853 0.2280180 0.3582328 0.0602621 0.8293225 -0.1902607 0.4838919 0.8546115 0.2162328 0.7635497 -0.3035437 -0.1678349 0.0000000 0.8442229 -0.2782551 0.9196576 0.2181847 0.1316657 0.8357203 0.9323696 -0.5065450 0.9057636 0.9081596 0.4283836 -0.4461696 0.0130798 0.3045666 0.7690835 0.7116184 -0.5594099 -0.3651168 0.9115519 -0.1585888 0.8324449 0.7685510 0.8931177 0.4136512 0.6659139 0.0142717 0.9149185 0.4936993 0.2711289 0.5932720 0.8173590 0.5195009 -0.2126814 0.5844387 0.9071027 0.9133354 -0.0824017 0.8704616 0.1141363 0.5364720 0.7898932 0.6970179 0.0262198 0.9314835 0.3172169 0.8855644 -0.0815176 0.4434478 0.5741223 0.4867829 0.8502314 0.8662827 0.5539070 0.9179693 0.8581088 0.6374136 0.7504666 0.7352927 0.6260165 0.8453124 0.7168668 0.7707335 0.8293287 0.6594475 0.4705094 -0.2187919 -0.1005405 -0.0901036 -0.0912017 0.0375094 -0.2382202 -0.1682891 -0.2534397 -0.3640079 -0.4722216 -0.3293332 -0.1854289 0.0476271 -0.3518119 -0.1658820 -0.6562193 -0.3378935 -0.4288757 0.0233599 -0.3554031 -0.3693698 -0.0938045 -0.0239313 -0.6632322 -0.3776618 -0.3270066 -0.2278043 -0.6959344 -0.2972039 -0.7160679 -0.5679741 -0.1301797 -0.1460850 -0.2672412 -0.1743133 -0.2934956 -0.3942197 -0.2390035 -0.6976362 -0.2137752 -0.0875411 -0.5146089 0.0474577 -0.1677935 -0.4279096 -0.0642700 -0.3054219 -0.3075189 -0.1304688 -0.3048332 0.2315712 -0.3575598 -0.1170424 -0.0488351 -0.3733655 -0.3595628 -0.3499032 -0.2717587 -0.3263914 -0.0749752 -0.4780717 -0.3533615 -0.2220144 -0.2401984 -0.4824118 -0.5301091 -0.4094233 -0.1932961 -0.0785173 -0.3074514 -0.2237811 -0.4291750 -0.4699327 -0.3777269 -0.1107102 -0.2992615 -0.4556929 -0.2401934 -0.5101992 -0.2403577 -0.3884978 -0.4366872 -0.3449213 -0.4150377 -0.3041836 -0.5182664 -0.3447853 -0.4685459 -0.6511470 -0.4295881 -0.6364524 -0.1039312 -0.1310534 -0.1532780 -0.2200887 -0.2027293 -0.3591432 -0.2923193 -0.4600128 -0.2586950 -0.4075989 -0.3590082 -0.3525165 -0.1655964 0.5207265 0.4962080 0.5792569 0.7282811 0.6400405 -0.4961738 0.3896692 0.3976795 0.0233591 -0.2945269 -0.2685368 0.2554349 0.2578021 0.6328440 -0.3465361 -0.0746993 -0.2452903 -0.0690185 -0.0279217 0.2604854 0.0833598 -0.2541049 -0.0731537 -0.2489100 0.3281946 -0.1813036 -0.4840623 0.3809277 0.4637915 -0.5701078 -0.3048036 0.1659957 -0.1943457
-0.2858956 0.1489405 0.3906211 0.7684963 0.1240540 0.5170123 0.2496777 0.8906313 -0.2577040 0.5483903 0.8753501 0.3179485 0.7247708 -0.1883951 -0.1126459 0.8442229 0.0000000 -0.2829492 0.6588621 0.1790639 0.2713534 0.7304512 0.8831251 -0.4625457 0.6457957 0.7260493 0.4936899 -0.4475971 0.2217432 0.2625863 0.6493080 0.4178899 -0.6105002 -0.3801069 0.8268681 0.0606978 0.5554829 0.5880652 0.7286482 0.3065792 0.4755929 0.1860018 0.8458866 0.0447129 0.4059169 0.3553284 0.5856526 0.3339393 -0.4679735 0.4313152 0.6707359 0.7967364 -0.0320074 0.7080760 0.0759841 0.3792029 0.5291603 0.3299500 0.1252989 0.7095233 0.4770390 0.6779019 -0.1175490 0.3006375 0.6166833 0.2430911 0.5494847 0.6191171 0.3689191 0.7882782 0.5995970 0.7512119 0.4779818 0.7789729 0.4409771 0.6524909 0.7516776 0.6044744 0.5868587 0.5946055 0.3307489 -0.2023821 -0.2308581 -0.1269002 -0.0600585 0.0116033 -0.3405382 -0.1182637 -0.2542590 -0.4079430 -0.6183223 -0.5726861 -0.1872774 0.1944920 -0.4443783 -0.2272742 -0.6795524 -0.3371246 -0.4592382 0.2839837 -0.3689737 -0.3114682 -0.1805029 0.1627988 -0.6977553 -0.4675808 -0.3235729 -0.2921802 -0.7518406 -0.3656916 -0.6699647 -0.6091218 -0.0625461 -0.1555133 -0.3603415 -0.1973091 -0.3062420 -0.4877707 -0.2353383 -0.6107295 -0.1946286 -0.1402638 -0.4835854 0.2064838 -0.2793676 -0.4661383 -0.2241411 -0.2860655 -0.3068022 -0.0062673 -0.2497454 0.2116466 -0.3132960 0.1196191 -0.0255456 -0.3730238 -0.1841770 -0.3178381 -0.2004855 -0.1963968 0.0133679 -0.5191634 -0.4866608 -0.1633485 -0.0927436 -0.4950600 -0.5514290 -0.4027829 -0.1236034 -0.1966526 -0.3483019 -0.2091186 -0.5690364 -0.5055055 -0.5263552 -0.1297605 -0.3357131 -0.5218695 -0.3542171 -0.6028686 -0.4519315 -0.5035670 -0.3752039 -0.3331608 -0.5650975 -0.2570507 -0.3639543 -0.1968464 -0.3816327 -0.6545318 -0.2855729 -0.4328627 -0.0708426 -0.0412951 -0.0692064 0.0184729 -0.0020829 -0.4536683 -0.1490677 -0.4302512 -0.2209534 -0.3260041 -0.1743538 -0.1964384 0.0976396 0.3995176 0.4435018 0.5639381 0.8199707 0.8233758 -0.4038714 0.6039063 0.6522188 -0.0093838 -0.3211506 -0.2779010 0.3374659 0.5039430 0.6645077 -0.3064031 -0.0410424 -0.2076350 -0.0118955 0.0885614 -0.0501188 -0.1511632 -0.2755797 0.1030266 -0.2484135 0.4951843 -0.0727476 -0.3093115 0.0446635 0.6815373 -0.4376321 -0.4009107 0.2080369 -0.0725652
