0.0000000 0.2402437 0.3354875 -0.3467584 0.5364865 -0.1363000 -0.0082798 -0.0495298 -0.3950386 -0.0431206 0.0750692 -0.1436381 0.1431578 -0.1371987 -0.3514420 -0.1387134 -0.1679110 -0.2643828 -0.2678647 0.1824188 0.1024674 0.0470075 0.0235334 -0.2864422 -0.1545057 -0.0373509 -0.1466246 -0.2588599 -0.3882709 0.1003416 0.0064540 -0.1783689 -0.3712288 -0.4171458 0.0666736 0.2974911 -0.1827781 -0.1505976 0.1051125 0.0650539 -0.0382895 0.0720995 0.1473431 -0.2697703 -0.1327474 -0.3928620 -0.2177199 -0.0020801 -0.3204359 -0.3573045 -0.1387019 0.1945574 -0.3779294 0.1449914 -0.0389358 -0.3178077 -0.2798098 0.0018680 0.3760734 -0.1098132 0.0451625 -0.0056973 -0.2187116 -0.1443767 -0.4226898 -0.0837996 -0.2244537 0.0050545 -0.2164700 -0.0042535 -0.2397038 -0.1274555 -0.1481318 0.1283000 -0.0956714 -0.0772170 0.3225975 -0.2427508 -0.1143013 0.3563251 -0.1479278 -0.1362974 -0.2319980 -0.2293880 -0.1946812 -0.1713573 -0.1643018 -0.3480080 -0.0469394 -0.0610373 -0.0821329 0.0642849 0.1553576 0.0180588 -0.1210438 -0.2377127 -0.1868587 0.1932580 0.0245409 0.0727506 0.0285277 0.0886636 -0.1060218 0.0603301 -0.1874820 0.1027279 0.1280460 -0.0939843 0.0067249 -0.1917630 0.0106547 0.1784951 0.1676653 0.2518278 0.0639646 0.0536829 0.3403525 0.0028340 0.2467214 0.1706780 0.1569406 0.3094077 0.1349840 0.0170994 -0.0090260 0.3724123 0.3130693 0.4057945 0.2333094 -0.0646802 -0.0040314 0.2834068 0.3597880 -0.2941426 0.3737844 0.2975008 0.2539568 0.3523756 0.2764864 0.0960569 0.5610062 0.3817660 0.2793235 -0.0617918 -0.0529456 0.2849160 0.4706508 0.5725651 0.3742657 0.2644207 0.1919886 -0.0970809 0.3844057 0.5415067 0.1573785 0.2790815 0.0460737 0.5884617 0.0827025 -0.0992364 0.4783119 0.2464657 0.1749683 -0.1656094 0.4321835 0.4752290 0.2312654 0.2373922 -0.0746117 0.0452605 0.3395780 0.0189065 0.4699870 -0.0027013 0.1264625 0.3491402 0.3035166 0.3585723 0.3324005 0.4236825 0.1753160 0.2007150 0.2219929 0.2398724 0.4315999 -0.1467315 0.3586872 0.4362161 0.5507266 0.4102071 0.2445286 0.3359716 0.1240503 0.2457068 0.3383943 0.2305316 0.1832409 -0.2178603 0.2075206 0.2762234 -0.3001407 -0.1616035 -0.4124241 -0.4642780 0.3456261 0.1204385 0.0241533 -0.2235200 -0.2856468 -0.2305784 -0.3977885 -0.2573472 -0.0271191 0.0355301 -0.1096864 -0.2757606 -0.4178830 -0.1706506
0.2402437 0.0000000 0.3537388 0.0961093 0.3662165 0.3400243 0.4315639 0.2230079 -0.2131701 0.1924685 0.1503386 0.1695303 0.3272219 0.2183829 -0.1322661 0.0099912 0.3106359 -0.1420439 0.0480074 0.2369241 0.2784972 0.3047311 0.1222920 -0.2410496 0.1889573 0.1602227 0.2766185 -0.1664457 -0.1495273 0.2582165 0.2402169 0.1836611 -0.2317916 -0.1799275 0.2433060 0.4563205 0.0432624 0.1432502 0.3864885 0.0790391 0.2675870 0.4861481 0.3785532 -0.1187845 0.2598749 -0.0533058 0.2742804 0.0675111 -0.0610793 -0.0284824 0.3486402 0.4390247 0.1244790 0.2532516 0.0228553 0.0122349 0.1876831 0.2052699 0.7384393 0.3232647 0.7220597 0.4064975 0.2396955 0.4741858 0.3741141 0.4230006 0.2872715 0.2849238 0.2309041 0.4855471 0.2771127 0.3877657 0.3782221 0.5662453 0.3756960 0.5847018 0.6370574 0.3269728 0.5897144 0.5735715 0.5317565 -0.3044077 -0.0013036 0.0467698 -0.0848471 0.0106592 -0.3026210 -0.0506772 0.0113985 0.0409942 -0.4351757 -0.3963630 -0.1398181 0.2372248 -0.3147054 -0.3448818 -0.3996661 -0.2160997 -0.1057600 0.4581452 0.2023366 -0.0578920 -0.0888902 0.2792727 -0.2834445 0.0452471 0.0444382 -0.0263163 0.1894809 -0.1311190 -0.0592614 0.1465625 0.5274988 0.2830852 0.1187323 0.2286194 0.2666986 -0.1042054 0.0907371 -0.0381446 0.1491696 0.3294155 -0.2747010 0.2688925 0.2164285 0.0518351 0.4187337 0.0421589 0.1281651 0.3993424 0.2057763 0.0487085 0.1125931 0.2252506 0.0722108 -0.0561386 0.3111553 0.0994450 -0.0886788 0.3457966 0.2248372 0.4409182 0.3670867 0.1310922 0.2364133 0.1940722 0.1206605 0.2475257 0.2147176 0.1856931 0.2619113 0.3499487 0.1822863 0.2810402 0.2486804 0.0761864 0.0663424 0.4884583 0.0674984 -0.0020820 0.1892394 0.2347261 0.0601301 0.1353703 0.2261710 0.3278242 0.1766701 0.2411966 -0.1559377 0.1216646 0.1256811 -0.0041780 0.2137148 0.2566638 0.4657822 0.4008782 0.3530618 0.5265672 0.4253217 0.3392078 0.4020346 0.4658040 0.6366759 0.5377720 0.6596591 0.4360850 0.6130304 0.3900734 0.6434020 0.5280632 -0.2022876 0.3622203 0.3564697 0.0288152 0.0370348 0.0041156 0.0183849 0.1603409 0.6068542 0.0444596 -0.1279644 -0.1510336 -0.0353255 -0.0385716 -0.1115155 0.4888474 -0.0577526 -0.1033466 -0.2278141 0.0599289 -0.1733121 -0.0721984 0.0148066 0.1824026 0.2190454 -0.0816144 0.1499980 0.2475054
0.3354875 0.3537388 0.0000000 -0.1843368 0.7958045 0.0659869 0.1058701 0.3810491 -0.0775883 0.1070069 -0.0051724 0.3271464 0.5472563 0.0437867 -0.1938799 -0.2078889 0.1024213 -0.3140491 0.0835736 0.5026075 0.6735303 0.3874841 -0.3821733 -0.4294983 0.3865967 -0.0310303 0.0108128 -0.4344447 -0.2425162 -0.2043617 0.1515948 0.3151230 -0.5017666 -0.3875163 -0.0558587 0.5391250 0.5028821 0.3150779 -0.0617655 -0.2231596 0.0661162 0.0563034 -0.1470616 -0.4032604 -0.1571731 0.0287600 -0.0818470 0.2862249 -0.3306903 0.0149554 -0.1377054 -0.0399606 -0.1525118 -0.0184499 0.3366549 -0.0794097 0.1581141 0.0801623 0.4674429 0.0976373 0.2081150 -0.0513430 0.2034275 0.3529281 0.2527027 0.3766789 -0.0047117 -0.1159796 0.0403724 0.0778372 0.0745457 0.1206404 -0.0025581 0.5919411 0.0721622 0.3091093 0.5352997 -0.0632263 0.3035875 0.7048006 0.2484161 0.0157438 0.2622053 0.0495460 0.0346148 0.2586550 -0.0472032 -0.1429530 0.3763711 0.3082197 0.1170590 -0.2550298 0.1498849 0.0583766 0.1741138 -0.0791463 -0.1389955 0.0659783 0.2222259 0.2528354 0.3261102 0.1061579 0.0801459 0.2112152 0.0736875 0.1883779 0.1893862 -0.1027181 0.2325043 0.0368533 0.4627975 0.1631663 -0.0446551 0.1329629 -0.0518354 -0.1723399 0.1387408 -0.0021245 0.0419214 0.1561991 0.1495322 0.2693276 0.1224164 -0.0594864 0.2020441 0.3919164 0.3764840 0.1114975 0.3260340 0.2271426 0.0942198 -0.0527438 0.2731710 0.0263914 0.3812075 0.1139942 0.2235652 0.2540691 0.2796317 0.3468698 0.1976407 0.3689548 0.1717881 0.0376516 0.3036142 0.0365265 0.2047582 0.2902111 0.2537399 0.4584164 0.4738292 0.1476012 0.1898736 0.1930409 0.2631607 -0.1315962 0.0323546 0.3794052 0.0529123 0.1717301 0.2196265 0.2845030 -0.0265162 -0.0368554 0.2642720 0.2600008 0.1880897 -0.0027763 -0.0513718 0.1949339 0.2206521 0.2116732 0.1470461 -0.0843244 0.4686216 0.6243605 0.6547303 0.3240863 0.6709905 0.5196064 0.3655920 0.4309882 0.3248474 0.3617217 0.6077709 0.5404696 0.6463564 0.7958274 0.5670114 0.4689149 0.2305590 0.5847789 0.2708595 0.1331449 0.2559663 0.2661651 0.0921419 0.1030505 0.6637023 0.3469688 -0.1433634 -0.2600362 -0.0708853 -0.1582674 0.0692206 0.2357922 -0.0162738 0.0770093 -0.2438777 -0.1069434 0.0788226 0.3648805 -0.0129407 0.1152531 0.1296759 0.1008927 0.1165533 -0.0767685
-0.3467584 0.0961093 -0.1843368 0.0000000 -0.1671751 0.7988048 0.3645067 0.3767733 0.6246931 0.6509012 0.5985409 0.5944292 -0.0376481 0.6828020 0.5290602 0.4907279 0.5630131 0.5248599 0.4654977 -0.0858902 0.0097645 -0.0558766 0.5139595 0.4875317 0.1899395 0.1368907 0.0322666 0.5916626 0.6660008 0.4269907 0.0841474 0.0862976 0.5942076 0.5176606 0.2747454 0.1361831 0.1530380 0.2105403 0.4414044 0.3389039 -0.0129820 0.4986532 0.4319061 0.4179539 0.2809851 0.6449062 0.4191320 -0.0396022 0.4778028 0.1894642 0.4896035 0.3843316 0.5026147 0.3246610 0.0456973 0.6241131 0.4595989 0.2731388 0.1829117 0.5068213 0.3801437 0.4198728 0.5861646 0.3362812 0.1843713 0.3174089 0.4962840 0.4092957 0.4710863 0.4617309 0.4525193 0.2813294 0.3723654 -0.0454863 0.4381409 0.3125182 0.0573137 0.4407500 0.3473069 -0.0241990 0.1811584 0.2302946 0.2085507 0.2181331 0.3765324 0.2165420 0.0348732 0.5095570 0.2349367 0.2229533 0.0431605 -0.0144215 -0.0994301 0.3196192 0.3611048 0.0824936 0.0494338 -0.1067430 0.4704277 0.2772751 0.2229443 -0.2382806 0.1214115 0.1718536 0.0143521 0.2269898 0.2482258 0.2036616 0.0661617 0.2970521 -0.0946109 0.0477986 -0.0804238 0.1285576 0.1955715 0.1346586 -0.0533320 0.2346253 0.0662851 0.0045168 0.0551565 -0.0369079 0.2321627 0.2593669 0.2524789 0.2528348 0.1813058 0.1151265 0.3351434 0.3739392 0.5318273 0.3742213 0.3101425 0.6703980 0.1314225 -0.0004900 0.4349163 0.4333367 0.4251096 0.3371304 0.1776751 0.2984197 0.2828857 0.6095644 0.5250299 0.1347588 0.3271278 0.2899373 0.2173936 0.3474712 0.2863413 0.6476934 0.1854879 0.1787825 0.2899028 0.2402157 0.1388276 0.2391441 0.1488079 0.3192265 0.3281872 0.2386236 0.0233224 0.2909937 0.2579928 0.0918583 0.2594791 0.3181686 0.0578310 0.1293299 0.1880323 0.1092440 -0.0118158 0.2636812 -0.2676280 -0.1540084 -0.2777288 0.3802014 -0.2734713 -0.2063310 0.2891075 0.1419538 0.4290133 0.2839709 -0.0297819 -0.3038771 -0.2211587 -0.3859734 -0.0724590 0.0259367 -0.0630853 -0.1971519 -0.0631208 0.3079449 0.3526387 0.2522373 0.2283304 0.2729649 0.1608670 0.2292321 0.0215427 0.1813038 0.2744712 0.5454215 0.1187261 0.2627309 0.4430114 -0.2281602 -0.0101582 0.2519106 0.3116657 -0.0851340 0.3311777 0.1855959 -0.1226237 -0.1454332 0.0518073 0.2406466
0.5364865 0.3662165 0.7958045 -0.1671751 0.0000000 0.0282695 0.1110056 0.1205264 -0.2745456 0.0203056 -0.0527786 0.2538127 0.3237770 -0.1096456 -0.3465482 -0.2562858 -0.0434287 -0.3069312 -0.0847177 0.5507079 0.5730670 0.1538208 -0.2135592 -0.5020175 0.1956909 0.0252380 -0.0739492 -0.4234797 -0.3453305 -0.1425567 0.1528879 0.3050447 -0.5161814 -0.4523778 0.1106798 0.3290260 0.4164316 0.1587768 0.0548216 -0.0793378 0.0416957 0.0118525 -0.0030858 -0.3928821 -0.1395103 -0.0820667 0.0544219 0.2274482 -0.4343322 -0.0273088 0.0000550 0.1089723 -0.2982266 0.0585838 0.2876607 -0.0404799 0.1697394 0.0265405 0.5928682 0.1253113 0.2438509 0.0107049 0.2459458 0.2236123 0.1542810 0.3905132 0.0165692 -0.0374865 0.1804623 0.0659490 0.1525733 0.0395352 -0.0314649 0.5582976 0.1866601 0.2624574 0.5870135 -0.0841324 0.1964486 0.7103739 0.1403790 -0.0606436 0.0141642 -0.0878435 -0.0515222 0.1036096 -0.0497358 -0.3140604 0.4416592 0.2339309 0.0948461 -0.0350971 0.0408051 0.0568949 0.2150347 -0.0397139 -0.2239180 -0.0023391 0.2618292 0.2292584 0.2805354 -0.0465727 -0.2009558 0.1318422 0.0278799 0.3629480 0.1614659 -0.3235600 0.2725876 -0.1627908 0.2961463 0.1964224 -0.1486953 0.1815692 0.0060692 -0.2152352 0.2400707 -0.0748610 -0.0542103 0.2317263 0.2230650 0.2601270 -0.0945517 -0.1662911 0.1893642 0.3088190 0.3035883 0.1181597 0.2575906 0.1176822 0.0913460 -0.0231730 0.2339249 -0.1707733 0.4266560 0.0067709 0.2148526 0.3116964 0.2740495 0.0457067 0.2751202 0.2683133 0.1907292 0.0906208 0.1564906 -0.0154204 0.3134799 0.4131207 0.1068865 0.3726044 0.2927100 0.0665138 0.2436964 0.3123083 0.3161817 -0.0882671 -0.1107034 0.4314893 -0.1828043 -0.1173573 0.2598008 0.2431789 -0.0192220 -0.2240012 0.2897226 0.2910679 0.0339526 -0.0979983 -0.2968372 -0.0356523 0.0209358 -0.1068585 0.2792716 -0.0050277 0.2713340 0.6168486 0.5776804 0.4074290 0.6089034 0.4726585 0.2193773 0.3547832 0.3481228 0.3427241 0.6232896 0.4423773 0.7400296 0.8150885 0.7138206 0.6665995 0.2147218 0.5961716 0.4849602 0.0113528 0.2205246 0.0706077 -0.0660248 0.1569021 0.5367971 0.1833717 -0.1479743 -0.2380833 -0.3548603 -0.4666477 0.1689308 0.1938648 0.2821674 0.0861744 -0.1712743 -0.0888188 -0.2045214 -0.1619289 0.1673774 0.1880478 0.2471563 0.1404295 -0.1120930 -0.0943034
-0.1363000 0.3400243 0.0659869 0.7988048 0.0282695 0.0000000 0.6346374 0.3764488 0.6681750 0.7270471 0.6083650 0.7482988 0.1032903 0.6206055 0.6381666 0.4323728 0.7532571 0.5958159 0.3044062 0.2643964 0.0773811 0.0403619 0.5540672 0.4674812 0.1087992 0.0586587 0.4672745 0.5984451 0.6993571 0.6572926 0.2852652 -0.0140618 0.4694388 0.5068848 0.3163931 0.2303599 0.0443986 0.0797946 0.6019484 0.5836173 0.0976646 0.6538584 0.4482296 0.5072833 0.5170530 0.4564416 0.3451922 -0.2001021 0.4939246 0.2389775 0.4400583 0.4573191 0.5973539 0.5037397 -0.0026455 0.5139644 0.3027329 0.5161597 0.2748076 0.4136758 0.5770606 0.4388937 0.5154043 0.6230644 0.4122726 0.2210469 0.4183514 0.5359897 0.4606136 0.6794737 0.3494255 0.4425873 0.4073414 0.2333725 0.4127489 0.5125637 0.2700365 0.4460709 0.5804894 0.1375443 0.5512943 -0.0101271 0.0343245 -0.0116015 0.0985166 0.0428900 -0.2245131 0.1737144 0.1346919 0.0475542 -0.0028745 -0.0784784 0.0336273 0.0308855 0.3390665 0.0095627 0.0746852 -0.0978925 0.3649590 0.0892507 0.0043610 -0.3641231 -0.0688310 -0.0839382 0.0450265 0.1827422 0.0620440 0.0199689 0.0640974 -0.0104879 -0.1225872 0.1117515 -0.0680263 0.1444316 0.1041134 0.0385471 0.0085559 0.1016807 0.0162406 0.0134518 0.0520066 -0.0173869 0.1896736 0.1367087 0.3020742 0.3628770 0.2285565 0.1945887 0.4712589 0.3566884 0.5155918 0.2539101 0.2711398 0.6040689 0.2148289 0.0945752 0.5025624 0.4119646 0.3656234 0.3903986 0.2720129 0.3289252 0.1768921 0.4862436 0.5913053 0.2485677 0.2646759 0.2431354 0.1663068 0.2829503 0.2835458 0.6368856 0.0926770 0.2523146 0.1375270 0.1565774 0.1021241 0.2967716 0.0520222 0.2160295 0.2290382 0.1810251 0.0065921 0.2899584 0.2019461 0.1669367 0.3808414 0.3687508 0.2820176 0.2189094 0.2402614 0.2423692 0.0597509 0.3432852 -0.0476244 -0.0597173 -0.2046981 0.2848077 -0.1947058 -0.0971573 0.1573045 0.0209833 0.3516324 0.1772640 0.1151033 -0.1150036 -0.0953906 -0.2775147 0.1411745 0.1497406 0.0521354 -0.1388056 0.0628183 0.3219193 0.4201414 0.3523313 0.2380399 0.2678653 0.3152671 0.3345960 -0.0184452 0.1808945 0.2295254 0.3095377 -0.0179207 0.4451380 0.4991738 0.0383950 -0.0801366 0.2969329 0.2912505 0.0304100 0.4374144 0.2179242 0.1628027 -0.0247645 0.2279082 0.3668719
-0.0082798 0.4315639 0.1058701 0.3645067 0.1110056 0.6346374 0.0000000 -0.1426618 0.0866001 0.1084650 -0.0287904 0.7115075 -0.2119527 0.0767446 0.1509459 -0.1695802 0.2646602 0.0473394 -0.2999994 0.2076240 0.3094985 -0.2011277 0.2115935 -0.2009744 -0.2597185 -0.1740460 0.4088771 0.0221714 -0.0000406 0.1766910 -0.1321074 -0.2428655 -0.1919508 -0.1726525 0.0076684 0.3096957 -0.1654435 -0.4222788 0.1406714 0.1578065 -0.2504347 0.2275234 -0.0302269 0.0569898 0.1159839 -0.1452735 -0.0807024 -0.5456990 -0.1084268 -0.1359707 0.0854518 0.0123704 -0.0471416 -0.0537280 -0.3922379 -0.0171026 -0.1381457 0.0598772 0.1879142 -0.0399352 0.3443405 0.0146963 0.0813778 0.3159790 0.4042002 -0.1162330 -0.0200338 0.0939841 0.0858567 0.1686280 -0.1311614 0.2622495 -0.0054467 0.3570199 -0.0807574 0.1450748 0.2373745 -0.1427915 0.1267947 0.1865134 0.2673622 -0.5829099 -0.1488688 -0.0658198 -0.1445034 -0.3927668 -0.5556344 0.0121925 -0.1790612 -0.1767547 -0.5176882 -0.6082583 -0.4236178 0.0474846 -0.1235494 -0.5242545 -0.5115956 -0.4724892 -0.0261293 0.1587285 -0.1948844 -0.5500851 -0.6024707 -0.2707072 -0.5163502 -0.1354675 -0.1450621 -0.3919948 -0.2343908 -0.2774662 -0.5120568 -0.0125504 -0.1797079 0.0070214 -0.1160450 -0.2074914 -0.0190584 -0.3487202 -0.2597746 -0.2783752 -0.1318606 0.0024502 -0.3929978 -0.0824948 -0.0751062 0.0290852 -0.1769650 -0.2368903 -0.0509623 0.0306184 0.0273412 -0.0888852 -0.3094397 0.1641738 -0.1179405 -0.2450993 0.1531492 -0.0962410 -0.1497078 0.0575902 0.1065800 -0.0720206 -0.1897392 0.0556824 0.2114667 0.1403285 0.0232853 0.0466656 -0.1257660 0.1420377 0.0349911 0.2623489 -0.1830863 0.0827970 -0.0169559 -0.2298237 -0.3209015 0.1545007 -0.2588806 -0.4222827 0.1199444 -0.3043244 -0.2253642 -0.1792058 -0.0087699 -0.1600525 0.1590684 0.2655167 0.2956842 -0.2792646 -0.0133465 -0.0341039 0.1111584 0.4831741 0.4184969 0.3170987 0.2007109 0.2078481 0.1906240 0.4230299 0.1921703 0.2447985 0.2352721 0.0606186 -0.0093595 0.2921894 0.1127058 0.0586140 0.1788338 0.2988326 -0.2336203 0.1365083 0.2004630 -0.0369913 0.0144180 -0.0509708 -0.0083177 0.1620379 0.3024558 0.0445143 0.0271615 0.1948962 -0.0888564 0.0735821 -0.4575676 0.0821909 0.0148879 0.1889577 -0.1007127 0.4040336 0.1237591 -0.1100369 -0.0738576 -0.0628192 -0.1081190 0.0814759 0.3701945 0.4572857
-0.0495298 0.2230079 0.3810491 0.3767733 0.1205264 0.3764488 -0.1426618 0.0000000 0.4135283 0.7227292 0.7679569 0.1687955 0.8482916 0.6256617 0.2928936 0.6867731 0.6739649 0.2399419 0.8017661 0.3273119 0.0145274 0.6781358 0.3791162 0.2842187 0.7335929 0.5305322 0.2137549 0.2210020 0.3918916 0.3259543 0.5055478 0.3695667 0.2387866 0.3210321 0.4687278 0.4818720 0.4075155 0.7598958 0.4163812 0.1841298 0.4048687 0.6581614 0.5669333 0.1951152 0.4859423 0.6523782 0.4559126 0.5344441 0.3809441 0.4562144 0.4566328 0.5802851 0.5364506 0.5392341 0.5681087 0.5408568 0.5372026 0.4892082 0.3678919 0.6452800 0.5569752 0.6150168 0.5837199 0.5203978 0.3151310 0.5711662 0.5884406 0.5529187 0.4084095 0.6782002 0.6011485 0.3351012 0.6805637 0.1942069 0.5599380 0.7251737 0.3638968 0.7135649 0.6967682 0.1706976 0.4771451 0.3873790 0.4599019 0.2799386 0.3691962 0.5110833 0.2379743 0.3288741 0.3361704 0.4624811 0.2714368 0.0569462 0.3046381 0.2184306 0.1357592 0.1990958 0.1912084 0.2093157 0.2734579 0.2661255 0.4669652 0.2861337 0.5739923 0.3852890 0.3685852 0.3238151 0.3263849 0.4889660 0.4250622 0.4541911 0.4170239 0.0111102 0.2832066 0.2505705 0.1764926 0.2888448 -0.0962264 0.3341873 0.2191687 0.1012949 0.0562784 0.0030979 0.4635928 0.3081859 0.4121045 0.2626909 0.4717049 0.2298338 0.5186800 0.5677011 0.5226690 0.1380341 0.7509943 0.4715181 0.3884442 0.1698001 0.5561305 0.5079651 0.5638894 0.5533404 0.2389825 0.6580841 0.5149780 0.3406744 0.4518076 0.1881204 0.3966465 0.3415057 0.5090220 0.4535890 0.4903316 0.4346510 0.4798675 0.3614758 0.0644209 0.2745226 0.3628037 0.3856029 0.5345513 0.5634163 0.3002892 0.4276387 0.2035242 0.4022947 0.3823880 0.3524627 0.4191326 0.4004516 0.1379683 0.3633816 0.3304317 0.2467097 -0.0074922 -0.0784874 -0.0161556 -0.0376523 -0.0562993 0.2924025 -0.0482351 -0.0770799 0.3368267 0.1845695 0.4931994 0.4313108 0.4308423 0.0373490 0.0748632 -0.0634089 0.1872057 0.0161087 0.0722926 0.0151630 0.0712819 0.2837714 0.2673851 0.4210460 0.1793717 0.2419377 0.3031198 0.3653289 -0.1064579 -0.0671309 0.3642910 0.3104673 0.3758319 0.5495708 0.2246582 -0.1464566 -0.0981875 0.0077369 0.2981507 0.3985775 0.2106014 0.1227502 0.0987545 -0.0956892 0.0061493 0.0014544
-0.3950386 -0.2131701 -0.0775883 0.6246931 -0.2745456 0.6681750 0.0866001 0.4135283 0.0000000 0.6263289 0.5042239 0.5665274 0.0990286 0.6105361 0.8278931 0.5635411 0.6726704 0.8051280 0.4853230 0.1541798 -0.0744696 0.1506464 0.3720572 0.7872705 0.3058924 0.0564789 0.2531711 0.7920878 0.8792628 0.5468485 0.2303949 0.0994326 0.7607587 0.7982610 0.2340354 -0.1138321 0.2115525 0.2188985 0.4255458 0.5175774 0.0473654 0.3533327 0.2919839 0.6820614 0.3983313 0.5984613 0.3475551 -0.1299065 0.7335086 0.3442563 0.3217115 0.2748248 0.7425615 0.3829153 -0.0063683 0.5492836 0.3547414 0.4550176 -0.2041496 0.3636601 0.1595083 0.2669092 0.3102454 0.5022959 0.2903728 0.1393332 0.3666697 0.3645063 0.3809105 0.4946679 0.3238275 0.3259814 0.3329992 0.0158914 0.2848966 0.3392072 -0.0207561 0.4779165 0.4353083 -0.1319278 0.4591950 0.3931935 0.0845128 -0.0762491 0.1036199 0.1769139 0.0667092 0.1423683 0.0631856 -0.0283240 0.3463954 0.1575136 0.2666603 -0.2474737 0.4572532 0.3930845 0.4786857 0.0610350 0.3420562 -0.2834380 -0.0943050 -0.0342674 0.2613859 -0.1527733 0.4546107 0.1818471 -0.0095593 0.1848850 0.1587655 0.0961308 0.1187737 0.1040049 -0.1421205 0.0031435 0.2228117 0.1606857 -0.0105081 0.4233342 0.1176925 0.2523609 0.1989611 0.0797584 0.5342275 0.1630184 0.3917570 0.1804506 0.2942170 0.2299946 0.3507257 0.3064549 0.5064434 0.0432780 0.3544157 0.5826363 0.1662222 0.1240635 0.3528289 0.3058026 0.4667644 0.1611635 -0.0192606 0.2395283 0.0222305 0.3098530 0.4110857 -0.0344807 0.1097511 0.0011786 0.0987954 0.0207034 0.0139050 0.3483931 0.0899807 -0.0204254 0.0537959 0.0320556 0.3004962 -0.0766190 0.1758848 0.4207361 0.0253570 0.2357116 -0.0450324 0.5039563 0.0476663 -0.0218151 0.2235731 0.1583070 0.3915816 0.4618505 0.1665669 0.3984058 0.0513786 0.2836467 -0.2764444 -0.3352098 -0.3392854 -0.1405095 -0.3801292 -0.3413589 -0.0970879 -0.3724633 -0.1851576 -0.2411449 -0.2367532 -0.2364712 -0.3690559 -0.4802233 -0.2281010 -0.1903276 0.2389936 -0.3319502 -0.2241186 0.1571616 0.2626639 0.2441196 0.0506118 0.1085142 -0.0385970 0.1258673 0.3217848 0.4063864 0.6548077 0.5891089 0.0553805 0.3642130 0.4969107 0.2522137 0.2785641 0.3575115 0.6158778 0.3469668 0.4871741 0.1583488 0.1443497 0.2523242 0.3719734 0.3366628
-0.0431206 0.1924685 0.1070069 0.6509012 0.0203056 0.7270471 0.1084650 0.7227292 0.6263289 0.0000000 0.9331334 0.3304730 0.5139471 0.8419713 0.4512207 0.8024468 0.8972855 0.6100188 0.6668511 0.3153487 -0.2146161 0.3767783 0.7226395 0.4778543 0.5206093 0.4906776 0.2693010 0.6159774 0.6839780 0.6966051 0.5341424 0.3619214 0.4418105 0.5178894 0.5955964 0.2414100 0.2322627 0.5514322 0.6984286 0.5988536 0.4809944 0.8106693 0.7060962 0.4598993 0.6588765 0.7130248 0.5720816 0.3109294 0.5421849 0.4015700 0.5940975 0.6987429 0.6741032 0.7857003 0.3159519 0.7268030 0.5776829 0.6872418 0.3571983 0.6587963 0.6509381 0.6510676 0.6762973 0.5518768 0.2762557 0.4919767 0.6467859 0.7139144 0.6138257 0.8087698 0.6249644 0.2729872 0.6196677 0.0478055 0.6447991 0.6244738 0.1565619 0.6689943 0.6638228 0.0667098 0.4866692 0.2749807 0.1484033 0.1188580 0.3201673 0.2251258 -0.0131106 0.2291928 0.2363796 0.2738531 0.2456533 0.1413551 0.2320686 0.0777636 0.3870817 0.2846476 0.3097475 0.0991791 0.5428103 0.0580632 0.2096222 -0.1673507 0.2862470 0.0948218 0.2857258 0.3739814 0.2151108 0.2888427 0.2338192 0.2440574 0.2185828 0.1830378 0.0498117 0.2228230 0.1745486 0.1425829 -0.0256919 0.2001939 -0.0122315 0.0870275 0.0157585 -0.1082827 0.4216970 0.0308600 0.2980678 0.3451259 0.4486423 0.3152160 0.4988381 0.3602130 0.5165343 0.2832803 0.7047199 0.4058564 0.3371479 0.1488011 0.4895910 0.5933423 0.5654019 0.4111770 0.2617020 0.5976851 0.4635843 0.3572393 0.4524348 0.1012354 0.3472107 0.3042336 0.4106457 0.3048562 0.2954466 0.4455089 0.2666043 0.2748355 0.1228432 0.2425887 0.4142407 0.3110726 0.3137247 0.4853857 0.2574992 0.3950253 -0.0460972 0.5773471 0.2870089 0.2922791 0.4429170 0.3824642 0.2018949 0.3858438 0.3594600 0.2703996 0.0403251 0.1779004 -0.3840344 -0.3141979 -0.4039410 0.3227260 -0.3709447 -0.3692551 0.0732476 -0.0580582 0.4454010 0.2831823 0.2784710 -0.3055948 -0.0933073 -0.3176142 0.1124044 -0.0464361 0.1007489 -0.2485537 0.0294183 0.2583457 0.4006168 0.3822763 0.1991554 0.2082969 0.2075201 0.3537909 -0.1369942 0.1681292 0.3281437 0.3031637 0.3260172 0.4243093 0.6074868 -0.2257831 -0.1117003 0.1404161 0.3521911 0.0401392 0.5119335 0.2161948 0.0951176 -0.1690149 0.0217306 0.1841948
0.0750692 0.1503386 -0.0051724 0.5985409 -0.0527786 0.6083650 -0.0287904 0.7679569 0.5042239 0.9331334 0.0000000 0.1605496 0.5664582 0.7813690 0.3920961 0.8592776 0.7994594 0.5456233 0.7016545 0.2267065 -0.3254460 0.3879349 0.7764674 0.5157508 0.4569027 0.5329879 0.2171003 0.6020434 0.6298288 0.7104260 0.5486049 0.2229041 0.4772752 0.5140791 0.6142830 0.2842714 0.0868805 0.5654098 0.6951541 0.5899296 0.4654070 0.8503014 0.7939703 0.4688855 0.6933814 0.6409230 0.5218596 0.3788230 0.5571941 0.3381470 0.5656301 0.7490559 0.6468914 0.7963895 0.3595025 0.6448773 0.4616573 0.6492254 0.3435956 0.6182116 0.6296586 0.6954742 0.5854360 0.4566627 0.1248676 0.3738315 0.5985146 0.7548954 0.4782799 0.8065113 0.5540285 0.2943762 0.6559401 -0.0261733 0.6027928 0.6066875 0.1650292 0.7095166 0.6159910 -0.0274776 0.3998759 0.3312078 0.1436662 0.0703259 0.2621867 0.2406479 0.0459893 0.2197469 0.1710482 0.2377192 0.2319172 0.2565609 0.2618336 0.0999800 0.2605890 0.2469143 0.3161030 0.1722709 0.4231413 0.0684534 0.1990207 -0.0295413 0.3907581 0.1493377 0.2809443 0.3284931 0.2672839 0.3855408 0.2283589 0.2792354 0.1617119 0.1243835 0.1719926 0.2573720 0.2069691 0.2843183 -0.0127600 0.3252651 0.1800693 0.0767561 0.0048534 -0.1138028 0.4495754 0.1758497 0.2813646 0.3164976 0.4217853 0.3181252 0.5025684 0.3576101 0.5082207 0.3567255 0.7571049 0.4165481 0.3207254 0.1801702 0.5265394 0.5904714 0.5802478 0.4238018 0.3113035 0.5967852 0.4994472 0.3874754 0.3731063 0.1742962 0.4191246 0.3705702 0.4718890 0.2906212 0.3117740 0.4129863 0.3804913 0.3730533 0.0026813 0.3651919 0.3730528 0.3516933 0.4065866 0.4812396 0.3426307 0.4017947 0.0935050 0.4564783 0.3819585 0.3307501 0.4461026 0.4564626 0.1439225 0.3563727 0.3693138 0.2188272 0.0372009 0.0587239 -0.4341865 -0.3417818 -0.4467408 0.3220605 -0.4214411 -0.3945952 0.0810990 -0.0857906 0.4555599 0.2976907 0.2900671 -0.4241477 -0.1634218 -0.4041903 0.0909949 -0.0812442 0.0761077 -0.2631169 0.0031048 0.3340657 0.3807197 0.4111629 0.2526418 0.1975435 0.1116309 0.3585334 -0.1906489 0.0941350 0.2650052 0.2666779 0.4264644 0.4049353 0.4858740 -0.3196698 -0.1410380 0.0334365 0.2228436 0.0281568 0.4179443 0.1785403 0.0539955 -0.2856061 -0.1705159 0.0884326
-0.1436381 0.1695303 0.3271464 0.5944292 0.2538127 0.7482988 0.7115075 0.1687955 0.5665274 0.3304730 0.1605496 0.0000000 -0.0175574 0.3757709 0.4684956 0.0547216 0.4440749 0.3964870 0.0805056 0.3599574 0.4759099 -0.0055637 0.1581289 0.1276015 0.0980981 -0.1504493 0.1989760 0.3247180 0.3703557 0.2697128 0.0197632 -0.0000013 0.1493946 0.1775803 0.1115386 0.2976206 0.2482416 -0.0730544 0.2692858 0.2955554 -0.2559237 0.2671547 0.0377414 0.3091416 0.1413934 0.2366774 0.1113833 -0.3423690 0.2112449 0.0344969 0.1562180 0.0649336 0.2350363 0.0479611 -0.1981226 0.2756401 0.1722102 0.2343561 0.1250081 0.1712509 0.2711142 0.0298633 0.2773828 0.5377244 0.4302795 0.0983199 0.1211300 0.1467416 0.2786387 0.2995150 0.0694904 0.3749672 0.1017276 0.4846016 0.0849177 0.3024870 0.3502243 0.0815024 0.3029078 0.2873565 0.3693998 -0.1548220 -0.0674488 -0.2021932 -0.1162641 -0.1546300 -0.3655555 -0.0334793 0.0066918 -0.1361451 -0.1033261 -0.3773347 -0.1749260 -0.1457316 0.2261618 -0.1569228 -0.1582326 -0.3358445 0.2292417 -0.0196647 -0.1387440 -0.3507676 -0.3235122 -0.2501430 -0.0751494 0.0936803 0.0015773 -0.3294065 0.0278034 -0.1329623 -0.1794792 0.1189012 -0.3433671 0.0498568 0.1349254 -0.0362985 0.1287969 0.1274855 -0.0114924 0.0947566 0.1823744 0.2519348 0.0010499 0.0749951 0.2839063 0.1626495 0.1222244 -0.0900994 0.1780269 0.2279786 0.3411671 -0.1280820 0.0114334 0.4686718 0.0783831 -0.1867639 0.3755111 0.1647128 0.2933935 0.0805132 0.0421262 0.1082406 -0.1605203 0.2867455 0.4287109 -0.0662397 0.1885647 0.1619659 -0.0106197 0.1968110 0.0802790 0.3852674 0.0568708 0.0775813 0.1435000 -0.2716184 -0.0910742 0.1262515 -0.0926853 -0.0859308 0.2221646 -0.0072449 -0.1992310 0.0544924 0.1718599 -0.1096143 0.2248833 0.2386574 0.3259736 0.0936549 0.0889722 0.2360230 0.2306048 0.4951266 0.2142754 0.3315760 0.2526612 0.1691039 0.1986888 0.3373989 0.1756151 0.0676679 0.0896871 -0.0697152 0.0064910 0.2336516 0.1025015 0.0763462 0.1697371 0.3466991 0.0668719 0.2007556 0.0905248 0.0171489 0.1597377 0.0632108 -0.0418982 0.1787679 0.3075422 0.0883382 0.2729673 0.3424863 0.2528372 0.3648108 -0.3578158 0.1762755 0.3253757 0.3238564 0.1271523 0.4881758 0.4433486 0.1637816 0.1241491 -0.0256590 -0.0599254 0.3292497 0.4144884 0.4334389
0.1431578 0.3272219 0.5472563 -0.0376481 0.3237770 0.1032903 -0.2119527 0.8482916 0.0990286 0.5139471 0.5664582 -0.0175574 0.0000000 0.4099419 0.0008404 0.4845235 0.5563672 0.0504920 0.5623176 0.6021391 0.0067420 0.7378832 0.2807107 -0.0278955 0.6477946 0.5312825 0.2338343 -0.0244270 0.1007755 0.2470212 0.6067064 0.3955461 -0.1165075 0.0668747 0.4847881 0.5195546 0.3575155 0.7060117 0.4199928 0.1934887 0.5182895 0.6137292 0.5015560 0.0847127 0.4419510 0.3501096 0.3512328 0.6038936 0.2126365 0.3165411 0.3265284 0.5289752 0.3845791 0.5080013 0.5676702 0.3021698 0.3856613 0.5370880 0.4111520 0.4750004 0.5419303 0.4606876 0.3706735 0.5353143 0.3637853 0.4747521 0.4008108 0.4832129 0.2694028 0.6093797 0.4086901 0.2731350 0.5454943 0.3676970 0.3603219 0.7050054 0.4216473 0.5371461 0.6368095 0.2565774 0.4749491 0.1773985 0.2936413 0.0802302 0.0985629 0.3164788 0.0263798 -0.0051278 0.1832833 0.2867917 0.2091280 0.0238016 0.2956779 -0.0199900 -0.0833855 0.1847691 0.1811347 0.1886531 0.0095617 0.0940080 0.3008648 0.3305911 0.4478792 0.2203153 0.3726043 0.2533290 0.2370181 0.3461669 0.4247636 0.2688300 0.4086325 0.1082364 0.3467752 0.3200251 0.1895527 0.2703731 0.0142616 0.2877845 0.2146620 0.1609377 0.1025151 0.0822679 0.2653876 0.2202717 0.3749658 0.1146321 0.4148562 0.1241328 0.3098932 0.4555513 0.3259010 -0.0846541 0.5520544 0.2142976 0.3253503 0.0997895 0.4243345 0.3124641 0.3304925 0.3135652 0.0995076 0.5368843 0.3164096 0.0907947 0.2539080 0.0828639 0.2250130 0.1809864 0.3461053 0.2214825 0.2748484 0.1987223 0.4298610 0.2670210 -0.0932333 0.0353848 0.2843876 0.2389179 0.4229094 0.3049338 0.1607416 0.3301419 0.1472593 0.3020636 0.2764609 0.2574862 0.3182195 0.3176613 0.1199300 0.3278351 0.2022313 0.1784794 -0.0865408 -0.1485394 0.0801481 0.0727582 0.0691306 0.1362168 0.0735961 -0.0321986 0.0705576 0.0584641 0.3733479 0.2728800 0.5414809 0.2551339 0.2549428 0.1621761 0.2916767 0.1043634 0.1147019 0.1409585 0.2096848 0.0511756 0.0475160 0.2357084 -0.0068709 0.1682718 0.2508069 0.2288245 -0.1023379 -0.0329655 0.2609869 0.0593200 0.2669034 0.4396213 0.0773625 0.0067484 -0.0791961 -0.0193142 0.2506969 0.3557919 0.0593656 0.0020972 0.1482619 0.0472582 -0.0219807 -0.0842464
-0.1371987 0.2183829 0.0437867 0.6828020 -0.1096456 0.6206055 0.0767446 0.6256617 0.6105361 0.8419713 0.7813690 0.3757709 0.4099419 0.0000000 0.4417788 0.6335645 0.8086243 0.6866475 0.5373200 0.1353276 -0.1647749 0.2258139 0.5679969 0.4951490 0.4274526 0.2617592 -0.0248361 0.6887077 0.6489716 0.6724907 0.2612997 0.2662960 0.4726311 0.4688366 0.3988283 0.2268423 0.1427295 0.4561716 0.6009585 0.4943668 0.2220688 0.7538612 0.5542661 0.4140158 0.4707716 0.5739651 0.3840347 0.1618824 0.5247441 0.1568187 0.3893416 0.5061962 0.5493368 0.5516776 0.0747946 0.5549420 0.4260198 0.5308313 0.3506200 0.4570285 0.5067260 0.4001954 0.4650220 0.5357597 0.1702608 0.3705356 0.4215156 0.5132654 0.3831817 0.6895634 0.4070081 0.3171685 0.4261658 0.1018513 0.4289185 0.5250388 0.1759428 0.5323577 0.6085915 0.1176587 0.3737783 0.3172356 0.1343546 0.0906135 0.2926422 0.1809496 -0.0910902 0.2680621 0.0177127 0.1271193 0.1727468 -0.0000971 0.2043533 0.0771904 0.2054279 0.2085831 0.2900905 0.0307764 0.4499772 0.0421620 0.1433048 0.0241186 0.2967216 0.1587088 0.2239076 0.3595020 0.3408076 0.3290554 0.3204201 0.3843368 0.1778370 0.3484542 0.1839345 0.3861255 0.4697467 0.4727158 0.2413398 0.4683418 0.2997693 0.2359467 0.2645850 0.2381208 0.3636410 0.3091646 0.3953140 0.2909501 0.5981604 0.3274579 0.2858683 0.4585875 0.5329768 0.2219251 0.6071786 0.5841328 0.1878041 0.1241582 0.5088169 0.4265065 0.5103977 0.3573167 0.2067930 0.6494250 0.4527836 0.3215165 0.3871894 -0.0173325 0.3910509 0.3751001 0.5424041 0.1958348 0.1874304 0.4070046 0.4309108 0.2751175 0.2749864 0.1383275 0.5784042 0.3194185 0.5131626 0.5474426 0.4264382 0.5120090 -0.0721265 0.7287736 0.4745230 0.3011146 0.5397873 0.5422002 0.2289250 0.5746111 0.5137771 0.4739126 -0.0008404 0.2517989 -0.4157303 -0.2594686 -0.2971653 0.3089712 -0.3030126 -0.3204113 0.0889327 -0.0430558 0.4019761 0.2216505 0.2489467 -0.3005108 -0.0499294 -0.2889240 0.1160584 0.0505678 0.1586430 -0.1604597 -0.1179662 0.2141620 0.3480414 0.2673916 0.1337122 0.1476615 0.1536050 0.1740430 -0.0502014 0.2243396 0.3830993 0.5246077 0.0702690 0.2825866 0.4706794 -0.3806374 -0.0843794 0.1479507 0.3762379 0.0868898 0.3391086 0.1066444 -0.1707087 -0.1778331 0.0248252 0.1844091
-0.3514420 -0.1322661 -0.1938799 0.5290602 -0.3465482 0.6381666 0.1509459 0.2928936 0.8278931 0.4512207 0.3920961 0.4684956 0.0008404 0.4417788 0.0000000 0.4660883 0.4842091 0.7838622 0.3822510 0.0335738 -0.3101073 0.1133866 0.3383108 0.8358618 0.1145807 -0.1363401 0.2847582 0.7489863 0.8597393 0.5085569 0.2033313 -0.0714528 0.8156038 0.8545317 0.0755980 -0.2804685 -0.0186085 0.1346244 0.4079095 0.5469290 0.0434498 0.2942403 0.2610917 0.6636328 0.4296405 0.4887490 0.2189592 -0.1702415 0.7353009 0.4769584 0.2869604 0.2609600 0.7010533 0.3858560 0.0917042 0.5093817 0.1581842 0.4777757 -0.3667528 0.2268059 0.0694393 0.2974304 0.2927509 0.2864185 0.1077919 -0.0172337 0.3131746 0.4844944 0.3116306 0.4773844 0.2412228 0.1147075 0.3854823 -0.1629500 0.2099678 0.3272890 -0.1541771 0.4607205 0.4020343 -0.3938725 0.4178531 0.2303637 0.1333084 -0.0539865 0.0769887 0.2181672 0.0998924 0.1662407 0.0489329 -0.0238646 0.3889441 0.2353643 0.4513130 -0.1952811 0.3822273 0.3267586 0.4462674 0.3134757 0.2049989 -0.1734523 -0.0527554 0.1508681 0.3006281 -0.0563309 0.4398094 0.1546086 0.1867075 0.3372602 0.2675860 0.2272895 0.1315388 0.1558824 0.1413815 0.2255874 0.3268369 0.3523557 0.0680672 0.4079798 0.2229330 0.2465279 0.1852087 0.0618818 0.3781542 0.1797767 0.4688817 0.2443839 0.0705687 0.2885717 0.5029233 0.3527457 0.6035197 0.1286777 0.2011294 0.6438115 0.0116489 0.3099681 0.5182612 0.3412980 0.4010304 0.2129751 0.0866824 0.1744720 -0.1117415 0.2441589 0.5831690 0.2378596 0.1653390 0.0166091 -0.0245496 -0.0343199 0.0057072 0.5027124 0.1800401 0.0626899 -0.0488135 0.2103094 0.1339734 -0.0177987 0.1097831 0.4024788 -0.0797306 0.1193553 0.2687105 0.3209905 0.0277511 0.1097269 0.3309448 0.1812185 0.3139048 0.3773281 0.1203655 0.3100182 -0.0813899 -0.0295044 -0.2682660 -0.4966501 -0.5144343 -0.3460808 -0.5391622 -0.2897785 -0.0719671 -0.3182362 -0.2267886 -0.2310543 -0.3744815 -0.2911759 -0.5689066 -0.6083877 -0.3764912 -0.3844388 0.3120256 -0.5829930 -0.4984412 0.3530033 0.3237826 0.4238278 0.1097067 -0.1968698 -0.2598642 0.2081014 0.0713263 0.2109976 0.3340121 0.2740621 -0.0544410 0.3610408 0.4228759 0.2142986 0.0624612 0.1014857 0.2233489 0.1626587 0.2749718 -0.1318945 0.1183813 0.0374759 0.0938892 0.1271535
-0.1387134 0.0099912 -0.2078889 0.4907279 -0.2562858 0.4323728 -0.1695802 0.6867731 0.5635411 0.8024468 0.8592776 0.0547216 0.4845235 0.6335645 0.4660883 0.0000000 0.7267571 0.5777319 0.8437927 0.1918846 -0.4921954 0.5635066 0.7822643 0.5608988 0.6403298 0.7392465 0.2068548 0.6142547 0.6163065 0.5780270 0.6372844 0.4469081 0.5640459 0.6384542 0.7527844 0.0539657 0.2476636 0.6801868 0.6400751 0.5527587 0.6172331 0.6897232 0.8020235 0.6014978 0.7382236 0.7695652 0.7475488 0.4764128 0.6785722 0.5758769 0.7478307 0.7508292 0.7544478 0.7212853 0.3900158 0.7979743 0.6147350 0.6070055 0.0784950 0.7225105 0.5693010 0.7575915 0.6073062 0.3486283 0.1936268 0.4347905 0.7360200 0.7707518 0.6508408 0.7276302 0.6914569 0.2104994 0.8067511 -0.0966262 0.6928047 0.6071289 0.0134616 0.8457162 0.5483554 -0.2745416 0.4199686 0.3381365 0.0767609 0.0240731 0.1845398 0.1628605 0.1475360 0.1639204 0.0854944 0.1162439 0.2525199 0.2628318 0.2379767 -0.0372405 0.2108812 0.3946105 0.3512118 0.1225099 0.2919534 -0.0521947 0.1037971 0.0404728 0.3977018 0.0811735 0.3878954 0.3010336 0.1852049 0.3422482 0.2953480 0.2311828 0.1845502 0.1303180 0.2109432 0.1878239 0.2737325 0.3565651 0.0055021 0.3159175 -0.0212944 0.1371019 0.0488814 -0.0857337 0.3824196 0.0823121 0.3471099 -0.0781428 0.3003241 0.0984185 0.3325414 0.3423082 0.5246670 0.1244993 0.6497886 0.3346859 0.1255118 -0.0415929 0.4516330 0.4619833 0.5137968 0.1449167 0.0427784 0.4546397 0.3171884 0.1362985 0.2467339 -0.0585519 0.2433082 0.1047709 0.2234807 0.0450099 -0.0193013 0.2381450 0.2852579 0.1285847 -0.1151471 0.1894511 0.3029801 0.0544169 0.2951813 0.3514611 0.0646360 0.2559542 0.0283897 0.4603909 0.1493189 0.0640941 0.2640498 0.2517891 0.1450337 0.3129774 0.0839046 0.0907989 0.1533322 0.1641502 -0.4581127 -0.5216020 -0.5545786 0.0371797 -0.5395877 -0.4118473 -0.0317019 -0.2509312 0.1857054 0.0455682 0.0590563 -0.3237191 -0.2928426 -0.5503389 -0.1519788 -0.3183965 0.0007935 -0.4331708 -0.0839549 0.0310009 0.0346280 0.1301261 -0.0881925 0.0219693 -0.1741456 0.0181802 0.1372990 0.3722216 0.5137885 0.3700554 0.3319473 0.3193334 0.4620577 -0.0393419 0.1994906 0.2638283 0.3638510 0.0386150 0.3200497 -0.0194752 0.0721923 -0.0148237 0.0294415 0.2696680
-0.1679110 0.3106359 0.1024213 0.5630131 -0.0434287 0.7532571 0.2646602 0.6739649 0.6726704 0.8972855 0.7994594 0.4440749 0.5563672 0.8086243 0.4842091 0.7267571 0.0000000 0.6690248 0.5339355 0.5165029 -0.1499757 0.3801461 0.7236811 0.4478146 0.4558645 0.4712624 0.5018452 0.6324049 0.6752140 0.7573990 0.5587806 0.2826111 0.3855860 0.5194169 0.6325727 0.2832878 0.1948504 0.4247882 0.7275234 0.6563034 0.4328283 0.8644951 0.6523195 0.5833650 0.7288514 0.5643317 0.5487186 0.1232653 0.6044880 0.3708046 0.5524893 0.6426131 0.7459970 0.6872853 0.1572679 0.6132185 0.4739889 0.7046169 0.3469606 0.5562889 0.7353308 0.5401891 0.5204624 0.7989379 0.5779448 0.3918407 0.5278302 0.6628115 0.5373102 0.8653765 0.4962095 0.5226930 0.5830842 0.3076323 0.5180920 0.7350812 0.3131095 0.6741433 0.7717391 0.1243787 0.6977211 0.1473336 0.0454231 -0.0058144 0.1126940 0.0521480 -0.1793741 0.0818623 0.0251410 0.0396246 0.1251681 -0.0002770 0.1712610 -0.1397258 0.1771090 0.2629258 0.3105198 -0.0617552 0.2631396 -0.1224856 -0.0178959 -0.1490227 0.1206600 -0.1042314 0.3217357 0.3153701 0.0525067 0.1598658 0.2836157 0.0828038 0.0773383 0.2266565 0.0839254 0.2482127 0.2709873 0.2324638 0.0569868 0.2571286 0.0302318 0.1625254 0.1538406 0.0371886 0.3024390 0.1778647 0.4168425 0.1247314 0.4525780 0.1861118 0.2990614 0.4647810 0.5154321 0.0259835 0.4930037 0.4927766 0.2722527 0.0144510 0.4773451 0.3385056 0.3891322 0.2542528 0.1264320 0.5123035 0.3016369 0.2461875 0.3694147 0.0173431 0.2151067 0.1442377 0.3075507 0.1133677 0.0892792 0.3705877 0.2345124 0.2235420 0.0206216 -0.0017490 0.4152941 0.1618867 0.3368768 0.2928718 0.1907118 0.3224314 -0.1002931 0.6296191 0.2325185 0.1270683 0.4430577 0.4704945 0.4239146 0.4466274 0.2819080 0.3559617 -0.0117292 0.3806319 -0.1993250 -0.2366738 -0.3115985 0.1436406 -0.3200874 -0.3263878 -0.0994701 -0.2157725 0.3058843 0.0650722 0.2678924 -0.0350829 -0.0272576 -0.3164611 0.1587295 0.0657923 0.0980846 -0.1611501 0.1818145 0.0405733 0.1780620 0.1680275 -0.0169164 0.3281532 0.1835217 0.1211043 0.1353845 0.3810295 0.5253780 0.4219434 0.0699131 0.4633716 0.5151048 0.0709138 0.1252350 0.4125120 0.5464757 0.1927279 0.4818859 0.1871230 0.1879088 0.1477857 0.3291857 0.4033364
