0.0000000 0.7561339 0.4985946 0.3321141 0.4159980 0.4206583 0.1577827 0.3793145 0.2363966 0.2410913 0.3266912 0.5392076 0.3773692 0.1721731 0.3060325 0.3100988 0.1657203 0.0642902 0.3470924 0.4042424 0.4241936 0.2440636 0.2427996 0.4045694 0.3747840 0.2902464 0.1258270 0.0993837 0.3904122 -0.0129221 0.0546699 0.0258700 0.3982591 0.4487623 0.1578979 0.0765265 -0.0027103 0.0941047 0.0180969 -0.1842822 -0.0711995 0.0245213 0.1331286 0.2748223 0.5748598 -0.0860439 0.0069748 -0.0176227 0.4354752 0.2931728 0.1062123 -0.2005904 0.4041181 -0.0189031 -0.1380364 -0.1199290 -0.1041401 0.3354288 0.2677367 -0.0127385 0.5762391 -0.2975022 0.0037599 0.1982205 0.4365518 -0.1235422 -0.3683742 -0.0841602 0.0310662 0.2128007 -0.1985644 0.3541048 -0.3428019 0.4390523 0.1183435 0.1196826 0.2944979 0.0065637 0.0891910 0.3760744 0.3272228 0.2627530 0.3212789 0.2237357 0.1977134 -0.2568893 -0.4386816 0.2646825 -0.1919819 -0.0613664 -0.2576775 -0.5412789 -0.5319295 0.2160163 -0.3268036 -0.5064263 -0.4825868 -0.5903308 -0.2912646 -0.0098414 -0.1311261 -0.5970736 -0.5973767 0.1549279 -0.4910497 -0.4267973 -0.1461235 -0.2800027 -0.1941257 -0.2607328 -0.3734383 -0.0793571 -0.4656370 -0.4016237 -0.2379573 -0.4338585 -0.3527660 -0.1245286 -0.2698127 -0.1717548 -0.3704008 -0.3386217 -0.4478912 -0.0438622 -0.1861541 0.1501862 -0.5619764 -0.5472337 0.0974415 -0.5647474 -0.6877753 -0.4202628 -0.8130011 -0.4996173 -0.2294208 -0.4776487 -0.7812126 -0.1879454 -0.7047819 0.0611691 -0.1479691 -0.1222198 -0.2626508 -0.0149423 -0.6427263 -0.2309762 -0.5575991 -0.4805314 -0.1531903 -0.1576841 0.0462487 -0.1578059 -0.4633695 -0.1670447 -0.4400434 -0.0061709 -0.0497560 -0.3601387 -0.2205626 0.1514881 -0.3558429 -0.3016978 -0.4164905 0.1599034 -0.4334454 -0.2268497 -0.1368480 -0.1631025 -0.1399036 -0.2163108 -0.2796480 -0.2411915 0.2811479 0.4083103 0.3650944 0.4832020 0.4506327 0.4435635 0.5014229 0.2505207 0.1272420 -0.1104060 -0.0501378 -0.1039474 0.3579124 0.5533527 0.3589355 0.2992133 0.4757603 0.3941134 0.1759644 0.3593845 0.2313171 0.1195343 0.0732064 0.2024592 0.3190761 0.2453171 0.3886689 0.3757228 -0.5298187 -0.4582559 -0.5304971 -0.2460019 0.2773238 0.3997884 -0.0323960 0.1655083 -0.5983159 -0.3254910 -0.3763193 -0.0567695 0.3620440 0.5597530 0.2666317 0.0740751 0.4848624 0.3716113
0.7561339 0.0000000 0.6591104 0.7339695 0.5230283 0.7031342 0.1753531 0.7497892 0.3664735 0.5357481 0.6335077 0.7665106 0.7036515 0.3650441 0.4096214 0.6807199 0.3017560 0.1696660 0.7339502 0.1629088 0.5973973 0.5714759 0.5702867 0.4181185 0.6787121 0.6794049 0.3178819 0.1312996 0.5357829 0.1206579 0.2406460 0.4783907 0.4353357 0.6102238 0.6042703 -0.0094717 0.4660154 0.4775025 0.1566454 -0.1173327 0.2140722 -0.0400380 0.4188155 0.1778708 0.5548530 0.2565643 0.4997682 0.3189104 0.5629656 0.6263514 0.5140176 0.0010078 0.6864888 -0.0119937 0.0851042 0.1256050 0.3162212 0.4704662 0.1803781 0.3232703 0.5908169 -0.0812409 0.2956089 0.5233769 0.6556971 0.2306069 0.0022077 0.1900575 0.2981780 0.6380263 0.2079614 0.6325052 0.1204438 0.7778615 0.4846040 0.5541553 0.6892450 0.4095840 0.5644537 0.7394121 0.5714058 -0.1973044 0.1011110 -0.0539377 -0.0796900 -0.4487722 -0.6166863 0.0146252 -0.2860998 -0.2757249 -0.4163793 -0.5690684 -0.6267727 0.0259069 -0.2277742 -0.4601592 -0.5697734 -0.5755420 -0.1736954 -0.2950703 -0.1950496 -0.6044598 -0.7086598 -0.0684518 -0.5706184 -0.2608396 -0.1296928 -0.3717697 -0.2779098 -0.2187506 -0.3718603 0.0475653 -0.5701837 -0.4623434 -0.2256380 -0.4774706 -0.3959344 -0.0587555 -0.3213386 0.1296757 -0.3004106 -0.3533648 -0.6024696 0.0043819 0.1713064 0.4205310 -0.3929478 -0.5593491 0.3834478 -0.2730455 -0.4104715 -0.3580458 -0.6230200 -0.2500868 -0.2938879 -0.5630419 -0.5476004 0.0828962 -0.5611351 0.3096400 -0.3544030 0.1409848 -0.2693707 0.1626612 -0.4626889 -0.4625025 -0.4020325 -0.3387241 -0.3358277 0.0519666 0.2571624 0.0653067 -0.2914413 -0.3918100 -0.2679303 0.1218947 -0.0422760 -0.1589888 -0.2371191 0.3496346 -0.2374335 -0.1329795 -0.4596346 0.2734279 -0.3171291 -0.1218822 -0.1918712 -0.1922625 0.0218798 -0.0635245 -0.2639753 -0.2215922 -0.0246948 0.2842146 0.2025275 0.4855054 0.5912359 0.4202964 0.6484074 0.2977759 0.1828654 -0.1469797 -0.1787287 -0.2522806 0.2682070 0.7855991 0.3694877 0.4628355 0.7564575 0.6424429 0.5498609 0.6383188 0.4324411 0.4846195 0.3924741 0.4834800 0.5044482 0.5274872 0.6494957 0.6277859 -0.6176915 -0.4390996 -0.4946055 -0.2506575 0.3766537 0.3926108 -0.0726602 -0.0194105 -0.7721801 -0.1442531 -0.5074165 0.0818493 0.3667666 0.4948985 0.4082221 -0.2546895 0.0782168 0.4193879
0.4985946 0.6591104 0.0000000 0.8972846 0.6448614 0.2789016 -0.4828885 0.7370631 0.6274352 0.8368869 0.8427626 0.6338455 0.7523626 0.5386809 0.7589263 0.4616500 0.6108540 0.5533877 0.4428964 -0.0385643 0.7421675 0.4843192 0.4879807 0.5644227 0.6663333 0.4095677 0.5800861 0.3324816 0.6362208 0.3855638 0.2218757 0.4505038 0.3811856 0.5611492 0.5121481 0.1549671 0.3873716 0.4117651 0.5108456 0.1942141 0.3760051 -0.1297811 0.6584566 0.1510817 0.5104328 0.2536799 0.3455843 0.5218033 0.6227669 0.3395992 0.4742708 0.3259940 0.7301289 0.3488729 0.2535599 0.1501206 0.1812330 0.7199824 0.0018627 0.4729509 0.5310264 0.2251673 0.3519362 0.8500896 0.8437426 0.1305415 0.1021967 0.6341994 0.1831832 0.6602259 0.2672710 0.8882373 0.2063811 0.8539266 0.2251928 0.3063069 0.6763840 0.2560314 0.3478862 0.5663930 0.2952814 -0.1096295 -0.0665853 -0.2331836 -0.2673878 -0.2731166 -0.4635659 -0.2302212 -0.1928295 -0.1995771 -0.2947226 -0.1962095 -0.1995274 -0.4911809 0.0079052 -0.1809847 -0.1912455 -0.1589848 -0.0765346 -0.5800674 -0.1051174 -0.2308342 -0.4953346 -0.3213680 -0.2324085 0.0048471 -0.0497563 -0.4354891 -0.0705445 -0.2863771 -0.1235814 0.3052123 -0.5194699 -0.3893330 -0.1957700 -0.3453155 -0.3261283 -0.2067895 -0.3443506 0.0822445 -0.2526954 -0.2908259 -0.2427501 0.0077216 -0.0159684 0.6802360 -0.1675436 -0.2101618 0.4574546 0.0066907 -0.1177753 -0.0336428 -0.2783343 0.1324837 -0.0280453 -0.1740782 -0.1000976 0.3385764 -0.1459053 0.5665254 -0.0521091 0.4818270 0.1164047 0.6366229 -0.0258179 -0.0793511 0.0251079 0.0776820 -0.0706918 0.3490847 0.5736681 0.4930693 0.0651952 -0.0473255 -0.0047790 0.5908129 0.2348770 0.2282233 0.0794983 0.5684440 0.1815516 0.2043092 -0.0205370 0.4230328 0.1017796 0.3479273 0.0434197 0.0115931 0.3652898 0.3347697 0.1605633 0.1854276 -0.4910236 -0.3184959 -0.3341082 0.1242063 0.5540617 0.2206097 0.7483941 0.2931480 -0.1465519 -0.1634143 -0.2445406 -0.2487194 -0.1048651 0.7521223 -0.0096395 0.0253710 0.8225748 0.8645842 0.5635327 0.8134842 0.7258926 0.5702837 0.6369083 0.6334015 0.8047089 0.7354216 0.6011177 0.8459641 -0.2550810 -0.2687063 -0.1259765 0.1056583 0.3944677 0.1695086 0.2563990 0.0262836 -0.4361511 0.0320040 -0.0116017 0.3475569 0.0986696 0.5617617 0.6950827 -0.6188991 -0.1119522 0.1568826
0.3321141 0.7339695 0.8972846 0.0000000 0.6298034 0.4880807 -0.3250801 0.8640786 0.6124377 0.8559902 0.8739990 0.7160529 0.8283918 0.5212811 0.6905043 0.6219349 0.5238720 0.5402029 0.5918399 -0.1989844 0.7573160 0.5815058 0.6180813 0.4784927 0.7227565 0.5855865 0.5631144 0.2570148 0.6563067 0.3601533 0.2506303 0.6412658 0.3595676 0.6077111 0.7108895 0.1124511 0.6198628 0.5692126 0.4923586 0.1815056 0.4353562 -0.1181645 0.7106685 0.1000169 0.4785152 0.3896408 0.6073175 0.6291743 0.6161890 0.4958582 0.6778190 0.3684447 0.8062254 0.2766559 0.2890585 0.2352552 0.4228762 0.6584875 0.0092517 0.6145372 0.5160430 0.2930717 0.4572896 0.8680094 0.8503615 0.3163417 0.2891450 0.6072772 0.2963123 0.7788307 0.4232329 0.9092119 0.3832443 0.9268466 0.4088361 0.5012510 0.8167860 0.4107276 0.5346412 0.6686689 0.3872855 -0.3528343 -0.1302782 -0.3326970 -0.3890679 -0.4369079 -0.5603982 -0.3587639 -0.3183123 -0.3625657 -0.4334354 -0.3263148 -0.3430524 -0.4614683 -0.1010124 -0.2649339 -0.3075258 -0.2564070 -0.0950301 -0.6416869 -0.1665065 -0.3329754 -0.5665234 -0.3574272 -0.3647637 -0.0037235 -0.1012283 -0.4605703 -0.2154510 -0.2742611 -0.2028769 0.2474616 -0.5920200 -0.4434104 -0.1990400 -0.4116294 -0.3888133 -0.1826088 -0.3829443 0.1246747 -0.3079649 -0.3686988 -0.4336996 -0.0509527 0.1067731 0.7065705 -0.2120269 -0.3458070 0.5328816 0.0041657 -0.0931794 -0.1410467 -0.2716574 0.1465456 -0.1677951 -0.3659523 -0.0724340 0.3281740 -0.1635003 0.5269030 -0.2684564 0.4355355 0.0092263 0.5664318 -0.0331674 -0.3013739 -0.0286266 0.0110974 -0.2476102 0.2840636 0.5374823 0.4334403 0.0169852 -0.2513782 -0.0320257 0.4715206 0.1449225 0.1626515 -0.0200481 0.5487558 0.0804968 0.1484548 -0.1752001 0.3904798 0.0176266 0.2210001 -0.0669734 -0.0760528 0.3137728 0.2535985 0.0469882 0.0762860 -0.5196053 -0.1892103 -0.2568977 0.2330859 0.6001087 0.2699321 0.7618175 0.3094020 -0.0071670 -0.1452624 -0.2623970 -0.2863893 -0.0437244 0.8127151 0.1160769 0.2069834 0.8886345 0.8686466 0.7006155 0.8172704 0.6862249 0.6595712 0.6877547 0.6980740 0.7421282 0.7565541 0.6603078 0.8493989 -0.3802464 -0.3210185 -0.2066948 0.0132287 0.4240239 0.2056110 0.0901765 -0.0237061 -0.5602459 0.0741669 -0.2135966 0.2972592 0.1706368 0.5071895 0.6638698 -0.6020022 -0.2984840 0.2337312
0.4159980 0.5230283 0.6448614 0.6298034 0.0000000 0.3324235 -0.0740801 0.4667508 0.1380724 0.6783182 0.5969774 0.3961705 0.6619338 0.5895338 0.1883006 0.3332644 0.6120918 0.1074535 0.1477990 0.2022345 0.3699464 0.5723570 0.4005102 0.4751948 0.3244011 0.3500982 0.5972539 0.4671760 0.2359914 0.4174826 0.3996875 0.3306292 0.3590914 0.4803881 0.3829948 -0.1049985 0.2894126 0.2235896 0.3389556 0.0836512 0.3955741 -0.2520086 0.4822224 0.3006617 0.4695982 0.0612930 0.1653173 0.4061514 0.5045231 0.4156864 0.2778305 0.1798140 0.5428864 0.1652375 0.2839874 0.0754719 0.1027294 0.4347895 0.0245645 0.2706556 0.5091787 0.0359926 0.3992619 0.4310278 0.5758607 0.1011622 -0.0982792 0.2079161 0.1382750 0.3067310 0.0544298 0.5497310 0.0492265 0.6496628 0.1166251 0.1268181 0.5159127 0.1224191 0.2676097 0.3993632 0.3071163 -0.0193096 -0.0058523 -0.2072595 -0.0812941 -0.2971938 -0.5616003 -0.2702396 -0.1902401 -0.0690104 -0.5701227 -0.1756331 -0.1448906 -0.2193090 -0.1875209 -0.0337706 0.0298259 -0.1668551 -0.0029704 -0.3995742 0.2127319 -0.3044230 -0.4123366 -0.2511010 -0.2671258 -0.1181275 0.1360048 -0.3331072 -0.5835893 0.0475480 -0.2643566 0.1002105 -0.4492122 -0.0536655 0.2064477 -0.0116961 0.0557855 0.1058655 0.0852121 0.0328155 -0.0236060 0.0249567 -0.2398810 0.3105286 -0.0235302 0.4392260 -0.0755426 -0.5463625 0.0706735 -0.0040722 -0.2725265 -0.1063765 -0.4344343 0.2049988 0.0735522 -0.3260429 -0.3015853 -0.1332160 -0.4530267 0.1494374 0.1006582 -0.0146396 0.2502749 0.2410500 -0.2414991 0.0294608 -0.1669957 -0.1675395 0.2329059 -0.0086311 0.3434924 0.0326069 -0.0229658 0.2107607 0.0986804 0.1178228 0.3761140 -0.0776223 0.3592697 0.4472820 0.2403317 -0.0338076 -0.2383857 0.3942750 0.0787407 -0.0506156 0.3198190 0.4225242 0.3522203 0.1455365 0.2701518 0.3748230 -0.2374810 -0.0788929 0.0194355 0.2329868 0.4381655 0.3973701 0.4092971 -0.0091910 0.0800329 -0.3559037 -0.3446242 -0.3375667 -0.0455696 0.7709931 0.3055324 0.4136478 0.6183531 0.5274188 0.2493210 0.4402281 0.2860901 0.2130213 0.2797520 0.5217419 0.3659456 0.4863080 0.4644295 0.5159278 -0.4637544 -0.4718098 -0.2060501 -0.1654403 0.7092537 0.4338289 -0.3137912 -0.0270983 -0.4890765 -0.3035766 -0.1491222 -0.0353613 0.4908945 0.5182751 0.3820879 -0.3275173 -0.0558103 0.0871174
0.4206583 0.7031342 0.2789016 0.4880807 0.3324235 0.0000000 0.2628403 0.5426793 0.3397182 0.3936851 0.3504782 0.5944668 0.5267607 0.3348139 0.1272822 0.5691579 0.1486111 -0.0572099 0.5643792 -0.0987672 0.4277505 0.4953292 0.6140795 0.1919486 0.5256993 0.6888144 0.2620977 0.0851093 0.3059620 0.1356883 0.2261781 0.5758766 0.2831055 0.4069604 0.6203454 -0.1007749 0.5959269 0.4164780 0.0905524 -0.0192766 0.1221924 -0.1791556 0.3556838 0.1550745 0.2175537 0.3494124 0.5605805 0.2215606 0.3838250 0.5139146 0.5258263 0.0771171 0.4909892 -0.0683643 0.0546828 0.1751021 0.4548953 0.2043864 0.0776390 0.3504730 0.2841311 0.1272889 0.3349155 0.3023025 0.3624894 0.3412421 0.2565964 0.1187467 0.3213260 0.4264726 0.2742801 0.3592809 0.2693813 0.5548788 0.4548567 0.4891266 0.5015891 0.3907221 0.5105666 0.5478665 0.4423302 -0.5901225 -0.1705875 -0.3390147 -0.2810978 -0.6585756 -0.7165515 -0.2018489 -0.4903423 -0.5218944 -0.6162817 -0.6627742 -0.7680430 -0.0829165 -0.5044533 -0.4954822 -0.6172812 -0.7164413 -0.3485979 -0.4652931 -0.3657520 -0.7588323 -0.8164021 -0.1849288 -0.6814327 -0.3632150 -0.4470934 -0.6096649 -0.3507519 -0.3934467 -0.4422718 -0.2118638 -0.7546388 -0.5555091 -0.2860580 -0.5040150 -0.4185081 -0.1399312 -0.3634443 0.0583047 -0.3799325 -0.4366638 -0.5703091 -0.3034322 0.2612662 0.3792406 -0.3964593 -0.6010891 0.4636239 -0.3460387 -0.3249833 -0.4771171 -0.5285843 -0.4183076 -0.3419556 -0.6855454 -0.4196627 0.1107890 -0.3996375 0.1935912 -0.5466736 0.0485930 -0.2427058 -0.0196920 -0.2366343 -0.5972824 -0.2509498 -0.1909803 -0.3987429 -0.0032017 0.1453935 0.0033842 -0.2206051 -0.4776832 -0.1096431 -0.0236785 -0.1470074 -0.0951165 -0.2648425 0.1770849 -0.2661809 -0.1434706 -0.5052924 0.1113447 -0.3215823 -0.2100577 -0.3128120 -0.2305621 -0.0252305 -0.1433139 -0.3445916 -0.3337121 0.0221662 0.4322659 0.2274334 0.5286462 0.4731857 0.5497048 0.5016687 0.2026340 0.4434330 -0.2583525 -0.2689429 -0.3591031 0.2384642 0.5928701 0.5627903 0.5725601 0.4724283 0.3204113 0.5618665 0.3424977 0.2014506 0.4521289 0.3233987 0.4064374 0.3144101 0.3537508 0.3766461 0.5282702 -0.7366375 -0.5880767 -0.5482340 -0.3880067 0.4099898 0.3968793 -0.1865097 0.0474363 -0.8333841 -0.4750001 -0.7197317 0.0396458 0.3825063 0.1925417 0.2162823 0.0355916 0.0751948 0.2628512
0.1577827 0.1753531 -0.4828885 -0.3250801 -0.0740801 0.2628403 0.0000000 -0.2508209 -0.6022308 -0.4467716 -0.4257470 0.1334367 -0.2720045 -0.2078036 -0.5107991 -0.0583800 -0.3547917 -0.5025994 -0.0618763 0.4753647 -0.2609920 -0.1060838 -0.1299463 -0.0194783 -0.4237780 -0.0101201 -0.2556197 -0.1870656 -0.1831807 -0.4231308 -0.1413297 -0.3222617 0.0969843 0.0762448 -0.1515293 -0.2329496 -0.2478686 -0.3137161 -0.5293137 -0.5048269 -0.3860975 0.0157200 -0.4562909 0.0359736 -0.2140113 -0.3928188 -0.1392337 -0.5013286 -0.1047577 0.0977223 -0.2778320 -0.5687303 -0.1692488 -0.4828472 -0.4204539 -0.3228028 -0.1718124 -0.3276939 -0.0402351 -0.4687397 -0.2214785 -0.5855976 -0.2495438 -0.4776085 -0.3320072 -0.1831987 -0.3456314 -0.6644776 -0.1689421 -0.2981477 -0.3434630 -0.4401742 -0.2195906 -0.2025333 -0.0652634 0.0295188 -0.1891391 -0.1554611 0.0335091 0.0763507 0.0352035 -0.0126112 0.2983212 0.3763421 0.4058550 -0.0928655 -0.0661619 0.4082437 0.0177266 0.0276083 -0.0754300 -0.1530894 -0.3201082 0.7508702 -0.1575989 -0.1212545 -0.2036264 -0.3152541 -0.0264774 0.4067024 -0.0032920 -0.2838735 -0.0765644 0.1531384 -0.2005542 -0.3202525 0.0671773 0.2746508 -0.3391063 0.3263366 -0.3674186 -0.2750999 0.1206440 0.1745238 0.2141739 0.1059201 0.1882893 0.3865963 0.2940809 0.2036705 0.2052322 0.1929591 -0.1746859 0.2625810 0.2673546 -0.3574571 -0.0847781 -0.2965798 -0.2901353 -0.1372542 -0.2303048 -0.2610058 -0.2742849 -0.2961527 -0.2042232 -0.3108171 -0.3954223 -0.3515903 -0.4247076 -0.3427170 -0.1941920 -0.4751053 -0.3926254 -0.5477930 -0.4352021 -0.2398451 -0.4205157 -0.4007958 -0.1452519 -0.4161771 -0.3874586 -0.4733347 -0.3836034 -0.1605573 -0.2700772 -0.5315040 -0.2168562 -0.4379954 -0.2357849 -0.2446999 -0.4114624 -0.4006163 -0.3970716 -0.1403891 -0.4100434 -0.5360564 -0.0129511 0.0405393 -0.3032186 -0.4080775 -0.3627916 -0.2627890 0.3144706 0.6420855 0.6580857 0.4304166 0.0304176 0.1806755 -0.2572098 -0.1726581 0.2337799 -0.0599713 -0.0459755 -0.0785482 0.1960953 -0.1386626 0.4262804 0.4707536 -0.2364406 -0.3669885 -0.0901225 -0.3415124 -0.4364531 -0.1498978 -0.3050480 -0.1618423 -0.4095977 -0.4491266 -0.1051338 -0.3526756 -0.3276792 -0.0729675 -0.2815443 -0.3945145 -0.0290107 0.0574793 -0.5644303 -0.3013822 -0.2414172 -0.2255881 -0.4372871 -0.3945022 0.3518891 -0.2577300 -0.4129060 0.2505090 0.1684976 0.3911934
0.3793145 0.7497892 0.7370631 0.8640786 0.4667508 0.5426793 -0.2508209 0.0000000 0.5553547 0.7588816 0.9006565 0.4754844 0.9061517 0.2125071 0.5796674 0.8321007 0.3437195 0.5789177 0.8160882 -0.2525677 0.5164260 0.7696132 0.7553733 0.2673987 0.8111595 0.7730086 0.3546085 -0.0009628 0.6003242 0.1225215 0.4910594 0.7501918 0.0933083 0.3489938 0.8132173 0.1889502 0.7542024 0.7994158 0.2741826 0.0891221 0.5832667 0.1612248 0.6653552 -0.0698262 0.7144145 0.6207883 0.7177943 0.7477846 0.3059554 0.7037862 0.7599471 0.3089232 0.5532958 0.1320985 0.4589326 0.4910530 0.6099014 0.3908647 0.3990127 0.6790370 0.7438473 0.2665709 0.5562818 0.6142864 0.6087985 0.5069367 0.3550534 0.4862318 0.5930356 0.8282436 0.5279587 0.7198254 0.3883561 0.7530836 0.7245862 0.7023413 0.8428171 0.6268019 0.6367899 0.5603288 0.5986395 -0.2273354 -0.1942163 -0.4277217 -0.5400752 -0.5395931 -0.4078672 -0.4999892 -0.4728868 -0.4617092 -0.2809703 -0.3676110 -0.4136350 -0.3415450 -0.1307750 -0.2467205 -0.3102185 -0.3431136 -0.0649312 -0.3999388 -0.0175730 -0.3357052 -0.5445958 -0.0107401 -0.2874255 0.1060586 -0.2504258 -0.4959483 -0.0480238 -0.4183689 -0.0610859 0.0543366 -0.4836366 -0.4578326 -0.3683466 -0.4560009 -0.4211970 -0.3582454 -0.4288400 -0.1152266 -0.4340210 -0.4013321 -0.3771013 -0.1950655 0.0545847 0.3826810 -0.2234447 -0.2446376 0.5923637 -0.0932679 -0.0908755 -0.0209490 -0.2916846 -0.0421349 -0.1252511 -0.3244404 -0.1684106 0.3077253 -0.1963060 0.2664149 -0.2576155 0.3144891 -0.1026121 0.4796727 -0.1528671 -0.2685288 -0.1303114 -0.0968467 -0.3018128 0.1789098 0.3011704 0.2849537 -0.1497535 -0.2945458 -0.0300557 0.3061651 -0.0309510 0.0293007 -0.1706619 0.2458161 -0.0000837 0.0138202 -0.1975207 0.1231208 -0.1038508 0.1430236 -0.0394508 -0.1631723 0.0530860 0.0666313 -0.0835891 -0.1425464 -0.1682918 -0.0318338 -0.0783065 0.1168986 0.2825202 0.0091458 0.5196199 0.3949997 0.0556061 0.0197758 0.0346821 -0.0220358 0.3475359 0.6813721 0.1395437 0.2085594 0.7654387 0.6549325 0.5053417 0.5865212 0.4047167 0.4313571 0.3824327 0.3644253 0.4442138 0.6166671 0.6308612 0.5901068 -0.3332019 -0.3684224 -0.3600180 -0.1446239 0.2566704 0.2402251 0.0811008 -0.0649381 -0.5208874 -0.0207999 -0.3864877 0.0088445 0.2013279 0.4574482 0.3319080 -0.2607948 -0.3477912 0.2391026
0.2363966 0.3664735 0.6274352 0.6124377 0.1380724 0.3397182 -0.6022308 0.5553547 0.0000000 0.5804366 0.5064230 0.4680115 0.3919013 0.4460659 0.8149478 0.2076381 0.4214657 0.5688937 0.3966953 -0.1835508 0.6074735 0.1725596 0.2624116 0.4700544 0.7252753 0.2886105 0.3100833 0.2228406 0.5437795 0.4019081 -0.0261593 0.4797923 0.3898044 0.5018931 0.3318274 0.2245297 0.4417470 0.3643162 0.5709164 0.4518160 0.1901958 -0.0667221 0.4458515 0.1990676 0.4071445 0.2795534 0.4194477 0.4334638 0.5901265 -0.0694468 0.4726787 0.4431646 0.6615604 0.5765002 0.1215350 0.1783405 0.4208561 0.7142207 -0.0365238 0.5233786 0.3502254 0.5202064 0.1172944 0.7379213 0.7425264 0.3485577 0.3930964 0.6681942 0.1838064 0.5756927 0.3911703 0.7221711 0.2400034 0.5623377 0.2263319 0.1903907 0.4260509 0.3141183 0.2348770 0.2489715 0.1742011 -0.2445749 -0.0914124 -0.1995337 -0.3169535 -0.1705162 -0.3353160 -0.1504050 -0.1228272 -0.1836212 -0.0078494 -0.2374503 -0.1650895 -0.5517465 -0.0100631 -0.2767899 -0.2415561 -0.1708775 -0.1815839 -0.5257621 -0.2762143 -0.2354976 -0.4251899 -0.1840895 -0.2397840 -0.0434661 -0.2685372 -0.4443646 0.1172302 -0.4583246 0.0955123 0.0428339 -0.4582684 -0.3727572 -0.1750634 -0.3508378 -0.3692113 -0.1792882 -0.3690597 0.0075645 -0.3429464 -0.3812706 -0.4623138 -0.2025110 -0.0953095 0.6979414 -0.2643058 -0.1754319 0.3864193 -0.1929627 -0.1645736 -0.3029975 -0.2114577 0.0005503 -0.3776186 -0.2880123 -0.0621994 0.1856761 -0.0381882 0.3609478 -0.3994960 0.3117906 -0.1201740 0.3901957 -0.0083433 -0.4066733 -0.0600667 -0.0220513 -0.3344741 0.1161377 0.2746032 0.2943329 -0.0858967 -0.3400406 -0.2469443 0.2905082 -0.0320756 0.0863002 -0.1408824 0.2751386 -0.1522785 0.0014617 -0.1775324 0.2212719 -0.1348689 0.0869739 -0.3899043 -0.2930417 0.1872035 0.1086169 -0.1472964 -0.1184839 -0.3177155 -0.1754608 -0.4557031 0.1102924 0.5306754 0.2767252 0.7024072 0.2573384 -0.2172049 -0.0092790 -0.0647295 -0.0855884 -0.1612181 0.5203912 -0.2166723 -0.2917768 0.6501846 0.6862860 0.5905188 0.6971743 0.7912596 0.4906041 0.6312865 0.4421234 0.5784679 0.7150108 0.5215135 0.6588963 -0.1421936 -0.3871061 -0.3571283 -0.0473891 0.1314152 -0.0872560 0.3102740 0.4712156 -0.2985416 -0.0180149 -0.2340664 0.5747291 -0.0999431 0.4499419 0.7527342 -0.2555266 0.0220346 -0.0417238
0.2410913 0.5357481 0.8368869 0.8559902 0.6783182 0.3936851 -0.4467716 0.7588816 0.5804366 0.0000000 0.9002740 0.4324055 0.8526417 0.6530383 0.5821572 0.5362255 0.7886360 0.5215723 0.4300000 -0.1946519 0.5089337 0.6865049 0.6451835 0.5475586 0.6785253 0.5438721 0.6749263 0.5087508 0.3792222 0.6145339 0.4473215 0.6623833 0.3123595 0.4673482 0.6780802 -0.0412832 0.6394809 0.5544784 0.7255021 0.4988693 0.5549056 -0.2876405 0.8981939 0.2450036 0.4935421 0.5070911 0.4950706 0.6779798 0.5203693 0.4664664 0.6507136 0.6784014 0.6660755 0.5329790 0.4785917 0.4480769 0.4133607 0.6327346 0.0098887 0.7346512 0.5441156 0.4949222 0.5841232 0.7207096 0.7559016 0.3775247 0.3390155 0.6234179 0.4447680 0.5926413 0.4078359 0.8040321 0.3035290 0.7532042 0.3949467 0.3454134 0.6617931 0.3921977 0.4776434 0.5136893 0.3858382 -0.2364205 -0.2795172 -0.4826419 -0.4912538 -0.3608461 -0.4872903 -0.4979736 -0.3010437 -0.2879961 -0.3474347 -0.0750158 -0.0765668 -0.6238408 0.0631320 0.0976684 0.0806905 -0.0035990 0.0717406 -0.7222397 0.0756219 -0.0984305 -0.3955902 -0.3421753 -0.0326280 0.2862108 -0.0271265 -0.4552395 -0.0725819 -0.1799568 0.0702452 0.3755251 -0.5019106 -0.3064059 -0.1119338 -0.2142918 -0.2146874 -0.2045341 -0.2573636 0.0602497 -0.1890484 -0.2406764 -0.1574758 0.0233271 0.0509258 0.6547666 -0.0103397 -0.2135899 0.4419308 0.1922652 0.0546916 0.1507882 -0.1886185 0.3758979 0.1560801 -0.1282386 0.0769543 0.3505249 -0.0386738 0.5452747 0.0794807 0.5423756 0.3320515 0.7208508 0.1144606 0.0312425 0.2118155 0.2066522 0.1556152 0.4488607 0.6220798 0.5294744 0.2727747 0.1375834 0.2790881 0.5373666 0.3902777 0.3269932 0.3257820 0.5829507 0.4186593 0.3587978 0.0933912 0.4495589 0.3394438 0.3919521 0.2752852 0.2978870 0.5626766 0.4892550 0.3968504 0.4136470 -0.5291792 -0.4163334 -0.4334803 0.0094095 0.4462609 0.0636829 0.5634125 0.1267196 -0.0927363 -0.2708068 -0.3692040 -0.3535240 -0.1061395 0.7219231 -0.0487195 0.0227901 0.7452496 0.7500795 0.5190862 0.6336907 0.5656992 0.5553289 0.5895461 0.7223886 0.7101973 0.7757835 0.6041303 0.7869537 -0.1636302 -0.2348597 -0.0264376 0.0937455 0.4907388 0.1898274 0.2717794 0.1594138 -0.3289580 0.0090028 -0.0432096 0.3481357 0.2804358 0.5063305 0.5975150 -0.4581009 -0.2947056 0.1443878
0.3266912 0.6335077 0.8427626 0.8739990 0.5969774 0.3504782 -0.4257470 0.9006565 0.5064230 0.9002740 0.0000000 0.4080166 0.9297108 0.3614316 0.6200087 0.7466164 0.6076616 0.6310192 0.6426363 -0.2612852 0.5523262 0.7790148 0.6932177 0.3209372 0.7647777 0.6220719 0.5542436 0.1762047 0.5527213 0.3410110 0.5832376 0.6963846 0.0410026 0.2787169 0.7356791 0.2120263 0.6678476 0.7452685 0.4591888 0.2037285 0.6980969 0.0643788 0.8203654 -0.0722860 0.6757873 0.6234781 0.5487521 0.7990028 0.2949145 0.6752013 0.6703942 0.4681208 0.5270768 0.2324500 0.5776485 0.5586065 0.4627287 0.4248725 0.3039426 0.7026351 0.7227344 0.2780605 0.6264949 0.6764718 0.6525082 0.4293716 0.2666965 0.5131970 0.5922379 0.7384144 0.4667806 0.7917871 0.3110842 0.7635687 0.5951381 0.5558734 0.8220809 0.5072978 0.5531570 0.5878891 0.5166988 -0.1629697 -0.3086861 -0.5265618 -0.5821252 -0.4197292 -0.4155242 -0.5877621 -0.4012018 -0.3637446 -0.3294539 -0.1684727 -0.1330213 -0.5719757 -0.0309954 -0.0216340 -0.0354911 -0.0435745 -0.0067582 -0.5385856 0.1007857 -0.0888955 -0.3825395 -0.1845738 -0.0693481 0.2602565 -0.0676236 -0.4526536 0.0289558 -0.2468549 0.0244390 0.3158406 -0.4238445 -0.3225980 -0.2310732 -0.2729626 -0.2598187 -0.3068737 -0.2971964 -0.0549576 -0.2894741 -0.2623129 -0.1571792 -0.0908785 0.0243932 0.4666350 -0.0511578 -0.1301183 0.5612977 0.1263901 0.0789631 0.2283491 -0.1930642 0.2312211 0.1880721 -0.0849327 0.0185689 0.4143933 -0.0576255 0.4604583 0.0393765 0.5226705 0.2126259 0.7140256 0.0304225 0.0203552 0.1057227 0.1121655 -0.0006188 0.4315073 0.5563187 0.5108429 0.1560565 -0.0092487 0.2289459 0.5582290 0.2554742 0.2516114 0.1385096 0.4749765 0.3384488 0.3013993 0.0854805 0.3270323 0.2306476 0.3950185 0.2099670 0.0931957 0.3451102 0.3712962 0.2674836 0.2151913 -0.2895211 -0.3637899 -0.2412590 -0.0782335 0.2560730 -0.0884738 0.5436215 0.4007985 0.0037136 0.0198289 -0.0434073 -0.0490644 0.1669813 0.6701203 -0.0525498 0.0849011 0.7504810 0.7315113 0.4579873 0.6364163 0.4653294 0.4768524 0.4499464 0.5302192 0.6148104 0.7217755 0.6165563 0.6795441 -0.1483885 -0.1571304 -0.0755766 0.1325192 0.3633362 0.2585968 0.2893516 0.0450445 -0.3435243 0.1396150 -0.0670354 0.1124278 0.1912467 0.5541060 0.4379863 -0.3967248 -0.3661915 0.2481936
0.5392076 0.7665106 0.6338455 0.7160529 0.3961705 0.5944668 0.1334367 0.4754844 0.4680115 0.4324055 0.4080166 0.0000000 0.3916303 0.4674973 0.5635451 0.3115948 0.2456488 0.2403202 0.3816470 0.1761117 0.8297833 0.1561110 0.3018261 0.5688900 0.4507912 0.3343534 0.4268825 0.1630887 0.6344351 0.1591039 -0.1809211 0.2661319 0.5960995 0.7825107 0.3807571 0.0420355 0.2573487 0.1324555 0.2360530 -0.1354872 -0.0548040 -0.2389253 0.2846649 0.1665987 0.1282672 -0.0790349 0.3591977 0.1125273 0.7616696 0.1729835 0.3610221 -0.0667853 0.8315005 0.0728751 -0.2497104 -0.2218200 0.1248120 0.6384474 -0.3053916 0.1962582 0.1263536 -0.0620008 0.0639243 0.7235395 0.7830005 0.0248038 0.0173033 0.2696334 -0.0928575 0.5169769 0.1060277 0.7427571 0.1447689 0.8147036 0.0613231 0.3114533 0.5728089 0.0924697 0.3444613 0.7411899 0.1771289 -0.3780765 0.2152628 0.1071292 0.0906584 -0.3150478 -0.6411529 0.2075837 -0.1333476 -0.2082786 -0.4141041 -0.4684210 -0.5535493 -0.0530554 -0.2439678 -0.5311218 -0.5897847 -0.4918195 -0.2532374 -0.5000973 -0.4282034 -0.5687353 -0.6886723 -0.4178424 -0.5952062 -0.4019727 -0.0574960 -0.2998111 -0.2742022 -0.1458205 -0.4754546 0.1724281 -0.6350637 -0.4555439 -0.0998270 -0.4456215 -0.3951002 0.0639465 -0.3021408 0.3014055 -0.2564202 -0.3581583 -0.6494242 -0.0262700 0.2569061 0.7030052 -0.4282705 -0.5449057 0.4061859 -0.2467172 -0.3424797 -0.5660868 -0.5192408 -0.1959635 -0.4416468 -0.6129158 -0.3527711 0.1731034 -0.3853481 0.5142740 -0.5163234 0.2283123 -0.2672268 0.1629584 -0.2374879 -0.5906219 -0.2972694 -0.2093937 -0.4408394 0.0757640 0.4062232 0.2315963 -0.2096514 -0.4686196 -0.4053622 0.2546567 0.0140244 -0.0437165 -0.2352881 0.5339192 -0.3325555 -0.0568666 -0.4316534 0.4503872 -0.3108946 -0.0749738 -0.3513977 -0.2677325 0.1855938 0.0579679 -0.2685429 -0.1517827 -0.3765154 0.2040943 -0.0064766 0.5877491 0.8664068 0.6673814 0.8576110 0.2470252 0.0347997 -0.2064096 -0.3836769 -0.4202325 -0.1764899 0.6796028 0.2894303 0.3375030 0.7670767 0.7816986 0.7774374 0.7992117 0.6965415 0.6524730 0.7166813 0.6918654 0.7100955 0.5457630 0.5680921 0.7999361 -0.6421712 -0.4053542 -0.4153251 -0.1598984 0.3696142 0.1545021 -0.0898399 0.0175634 -0.7620568 -0.0252316 -0.4127371 0.3301532 0.2435444 0.4226881 0.7087369 -0.5038087 0.1475288 0.5157709
0.3773692 0.7036515 0.7523626 0.8283918 0.6619338 0.5267607 -0.2720045 0.9061517 0.3919013 0.8526417 0.9297108 0.3916303 0.0000000 0.3956055 0.4351282 0.8119936 0.5493600 0.4520672 0.6933695 -0.2114261 0.4384558 0.8938817 0.8157455 0.2845346 0.7572927 0.7772020 0.5872931 0.2216589 0.4215447 0.3659149 0.6632780 0.7753523 0.0954263 0.3100441 0.8224953 0.0330275 0.7510455 0.8033520 0.3872604 0.1750890 0.7163740 -0.0338429 0.7843694 0.0239231 0.6384063 0.6768845 0.6233100 0.7974458 0.3069513 0.8017344 0.7230505 0.4198465 0.5287594 0.1524895 0.6506890 0.6018763 0.5180968 0.3672117 0.3574481 0.6885348 0.7284786 0.2923701 0.7735162 0.5556064 0.5775812 0.4706293 0.3030371 0.4485519 0.6691986 0.7147395 0.4837733 0.6924013 0.3822373 0.7705524 0.6968034 0.6594131 0.8351468 0.6222710 0.6905247 0.6380675 0.7027238 -0.1575449 -0.1911093 -0.4787319 -0.4955985 -0.4390122 -0.4108281 -0.5433478 -0.3746769 -0.3270038 -0.4061868 -0.2424774 -0.2711322 -0.4127721 -0.0878326 -0.0522359 -0.1179766 -0.2042049 0.0750238 -0.4748163 0.1825190 -0.2218672 -0.4626314 -0.0766019 -0.1866450 0.2353493 -0.0445979 -0.4334125 -0.0790182 -0.2206011 0.0119749 0.2663389 -0.4835118 -0.3792072 -0.2629094 -0.3115750 -0.2873820 -0.2970315 -0.3202762 -0.0672187 -0.3053701 -0.2936590 -0.2179211 -0.1356265 0.1462280 0.3982392 -0.0854889 -0.2653941 0.5588794 0.0560132 0.0090113 0.1227165 -0.2576975 0.1054859 0.1422647 -0.2141004 -0.0771488 0.3473967 -0.1539007 0.3898617 -0.0077796 0.4261219 0.2170174 0.5694551 -0.0132676 -0.0424671 0.0737411 0.0900654 0.0091291 0.3682054 0.5159752 0.4060330 0.1144636 -0.0309758 0.2505905 0.4261273 0.2681214 0.2186763 0.1566216 0.4587621 0.3018519 0.2356839 -0.0085988 0.3352058 0.1694713 0.3061487 0.2346426 0.1304874 0.3187035 0.3132585 0.2060281 0.1512934 -0.1760986 -0.1246651 -0.1197851 0.0783154 0.2601107 0.0210327 0.4504289 0.3048947 0.1264746 -0.1325762 -0.1400531 -0.1639259 0.3161077 0.7589227 0.2397225 0.3633036 0.7500078 0.6402886 0.4219507 0.5458860 0.3439720 0.3852666 0.3588282 0.4431565 0.5121089 0.6609251 0.6601261 0.6267772 -0.3029871 -0.3592928 -0.2166392 -0.0394833 0.5356462 0.4837871 0.1034236 -0.0422256 -0.4802078 -0.0514976 -0.2565260 0.0198956 0.4238325 0.5452580 0.3248477 -0.2465658 -0.2779920 0.2569371
0.1721731 0.3650441 0.5386809 0.5212811 0.5895338 0.3348139 -0.2078036 0.2125071 0.4460659 0.6530383 0.3614316 0.4674973 0.3956055 0.0000000 0.3682698 -0.0135132 0.8281049 -0.0007820 0.0432125 0.2057048 0.4055608 0.2463669 0.2017348 0.7201695 0.4122765 0.2201746 0.6991710 0.8097063 0.1291594 0.8493314 0.0498291 0.3518521 0.7135163 0.7053934 0.2336906 -0.2872443 0.2772550 0.1026954 0.7337083 0.5573351 0.1517085 -0.6072923 0.4949618 0.6207352 0.0286722 0.0328827 0.1629877 0.2203242 0.8051907 0.0098951 0.2452715 0.5064663 0.7265966 0.5975239 0.1668147 0.0200216 0.1179396 0.7914357 -0.3851438 0.3097281 0.1047641 0.4078301 0.2454509 0.6173802 0.7065313 0.1171755 0.1797339 0.4864591 -0.0034948 0.2593655 0.1459678 0.5831543 0.2336941 0.5960940 -0.0464770 0.0067077 0.2903358 0.1880861 0.3457093 0.4527293 0.2742013 -0.2052223 0.0919197 -0.0089101 0.0875465 0.1119138 -0.3842248 0.0701870 0.2561182 0.2211774 -0.2795529 0.0530450 0.0912077 -0.3718385 0.1874935 0.1413564 0.1229372 0.0800697 0.1302972 -0.5868174 0.0305703 -0.0870444 -0.2344077 -0.4337351 -0.1206884 0.0545949 0.2690392 -0.0659473 -0.2439499 0.2371261 0.0478853 0.3982797 -0.3663170 -0.0649985 0.2860452 0.0280274 0.0138368 0.2973642 0.0240098 0.4388942 0.1638589 -0.0265617 -0.2685328 0.2914070 0.3078652 0.8082427 0.0450780 -0.3754274 0.0489232 0.1941995 -0.0354285 -0.1801443 -0.1082275 0.4604394 -0.0439823 -0.2044097 0.0890375 0.0390491 -0.0652856 0.5512523 -0.0003801 0.3270789 0.3618958 0.4138840 0.1533568 -0.1019522 0.2352676 0.2443941 0.2480853 0.2982441 0.5998079 0.3431318 0.3572695 0.1621328 0.1416018 0.2964553 0.5495681 0.2925401 0.5151304 0.7307698 0.2979868 0.2910866 -0.0257084 0.6931841 0.3030728 0.1284326 0.1411686 0.4538809 0.7416962 0.5035340 0.3406567 0.5315660 -0.5117322 -0.2192856 -0.4052400 0.2308249 0.6747876 0.4466490 0.5258785 -0.1697892 -0.1590809 -0.4423547 -0.5982499 -0.5570233 -0.4167848 0.6804454 0.0961820 0.1178230 0.5904340 0.6067641 0.5263888 0.6104100 0.6856084 0.5130630 0.6688650 0.7628863 0.6445279 0.7441016 0.5931212 0.6923958 -0.1495440 -0.3162008 -0.0830628 0.0118241 0.6865927 0.1998135 0.0201541 0.2951465 -0.2885356 -0.0794279 -0.0853885 0.6655068 0.3836387 0.3905981 0.7505712 -0.4862829 0.0308188 0.0095942
0.3060325 0.4096214 0.7589263 0.6905043 0.1883006 0.1272822 -0.5107991 0.5796674 0.8149478 0.5821572 0.6200087 0.5635451 0.4351282 0.3682698 0.0000000 0.2076050 0.4554875 0.7682819 0.3543202 -0.0545770 0.7752442 0.1234135 0.2185631 0.5409411 0.6066900 0.1625343 0.3826614 0.1317144 0.8244043 0.2566960 -0.0661785 0.3188469 0.2980271 0.4938808 0.2639730 0.4947607 0.2526167 0.3393046 0.4240372 0.2031467 0.2204231 0.1704699 0.4024997 0.0383067 0.4252939 0.1523411 0.2677060 0.4384862 0.5139429 0.0125882 0.3302851 0.2353745 0.5898919 0.3767912 0.1478303 0.1207666 0.2283929 0.6840132 0.0597426 0.3656185 0.4039986 0.2057721 0.1170799 0.8064826 0.7389926 0.1864598 0.1911110 0.5658192 0.1289188 0.6110077 0.2996547 0.7769442 0.2225864 0.6551242 0.1792885 0.2465238 0.5217661 0.2540079 0.2566642 0.3740065 0.1892045 -0.0437664 0.0444729 -0.0633549 -0.2627713 -0.0731384 -0.1795383 -0.1080043 -0.0564560 -0.1072323 0.0308408 -0.1323593 -0.0169292 -0.5212506 0.0112959 -0.2672105 -0.1696969 -0.0064863 -0.2219470 -0.4172791 -0.2004192 -0.0672186 -0.2440568 -0.2520807 -0.1519271 -0.0434170 -0.0854940 -0.2010198 0.1784984 -0.2681001 -0.0077092 0.2114190 -0.2822417 -0.2517754 -0.0934008 -0.2762597 -0.2989076 -0.0969569 -0.2961683 0.1071464 -0.2782150 -0.3081831 -0.3655153 -0.1492115 -0.0398955 0.6825839 -0.2272023 -0.0882368 0.3909073 -0.0921307 -0.0535303 -0.1441524 -0.1075646 0.1074739 -0.2664368 -0.1725330 0.0660916 0.2407843 0.0034026 0.4575609 -0.3361785 0.4119359 -0.1276990 0.6553805 0.0169312 -0.2857293 -0.0146855 0.0503506 -0.3585140 0.1955046 0.4194367 0.4765525 -0.0672024 -0.3208748 -0.2699716 0.5169904 0.0562056 0.1141751 -0.1415052 0.4200727 -0.1109748 0.0650915 -0.0320239 0.3337882 -0.1025144 0.2041193 -0.2554571 -0.2418648 0.2352968 0.2123567 -0.1114676 -0.0383006 -0.3599893 -0.2260886 -0.2835035 0.0897429 0.4823472 0.1092450 0.7775078 0.4850837 -0.2732267 0.2462313 0.1021011 0.1219852 -0.0825647 0.4983925 -0.1933398 -0.2213344 0.6963779 0.7719105 0.6686584 0.7751074 0.8266249 0.5961560 0.7008170 0.4723562 0.6970221 0.7212228 0.5797749 0.6854322 0.0448069 -0.1691883 -0.2677788 0.1806658 0.1933629 -0.0597243 0.3276478 0.3019187 -0.1913190 0.2757414 -0.1066058 0.4676457 -0.0678932 0.5415060 0.7679336 -0.4534969 -0.1068513 0.2410414
0.3100988 0.6807199 0.4616500 0.6219349 0.3332644 0.5691579 -0.0583800 0.8321007 0.2076381 0.5362255 0.7466164 0.3115948 0.8119936 -0.0135132 0.2076050 0.0000000 0.1094018 0.3506382 0.9027110 -0.2823407 0.3265483 0.8456765 0.8849752 -0.0756695 0.7186282 0.8928331 0.2069838 -0.1370182 0.3619038 -0.0414612 0.6352127 0.7961770 -0.1671157 0.0217691 0.9052183 0.0609408 0.8001934 0.8544148 0.0300508 -0.1166050 0.6555614 0.1940188 0.6209848 -0.2702329 0.5239519 0.7945022 0.7867921 0.7061645 -0.0118439 0.9102949 0.7908455 0.1962498 0.2581671 -0.1525802 0.5433546 0.6526347 0.6831161 0.0078788 0.3809470 0.6527069 0.5931041 0.1814889 0.6688484 0.3315052 0.2737116 0.6392577 0.4137394 0.2913188 0.7484501 0.7573655 0.6421795 0.4651208 0.4680149 0.5474244 0.8747187 0.8531510 0.7771203 0.7180364 0.7288131 0.6052277 0.5845549 -0.3046099 -0.3383915 -0.5487188 -0.5286707 -0.6211926 -0.4134486 -0.4926860 -0.5774130 -0.5418573 -0.3320244 -0.4015836 -0.4427371 -0.2635445 -0.2250856 -0.2070009 -0.3305560 -0.3244728 -0.0413239 -0.3727688 -0.0290000 -0.2928535 -0.4630931 -0.1027227 -0.2460407 0.1395201 -0.2248660 -0.4978879 0.0242636 -0.3835865 -0.1076824 0.0901860 -0.4094381 -0.4014937 -0.3874209 -0.4112246 -0.3497291 -0.3751884 -0.3628106 -0.0740145 -0.3685352 -0.2961942 -0.2523087 -0.2914946 0.2190000 0.1608151 -0.1072262 -0.1916096 0.7026386 0.0013942 0.0550082 0.1189662 -0.2364355 -0.1284564 0.1016116 -0.2635366 -0.1525942 0.4019959 -0.1773019 0.2454720 -0.1614223 0.3376883 -0.0537479 0.2878984 -0.1400678 -0.2456909 -0.1077548 -0.1077357 -0.2252735 0.2735794 0.2345331 0.1953021 -0.0599207 -0.2995455 0.1701748 0.2077096 -0.0915880 0.0385475 -0.1846576 0.1372246 0.0891584 0.0823166 -0.1803407 0.0011626 -0.0408378 0.1421281 -0.0414374 -0.1810033 -0.0362731 0.0443658 -0.0709677 -0.1787995 0.0734097 0.0053117 0.0944627 -0.0469574 0.0334437 -0.0571266 0.2850717 0.3501489 0.2726089 0.0109798 0.0442178 -0.0297786 0.3977852 0.4628184 0.1994959 0.4000995 0.4759776 0.3723615 0.3933542 0.3323075 0.0457111 0.3683091 0.2176587 0.2495840 0.2657839 0.3586921 0.3666785 0.4092166 -0.3968669 -0.1930200 -0.2177194 -0.1592307 0.2191545 0.3516914 0.1125532 -0.1599321 -0.5146240 0.0083735 -0.3337802 -0.2559850 0.1899898 0.2244445 0.0187648 -0.0380248 -0.2867797 0.3287929
0.1657203 0.3017560 0.6108540 0.5238720 0.6120918 0.1486111 -0.3547917 0.3437195 0.4214657 0.7886360 0.6076616 0.2456488 0.5493600 0.8281049 0.4554875 0.1094018 0.0000000 0.2310022 0.0791247 0.0748750 0.3381235 0.4508473 0.2118984 0.5860159 0.4456743 0.1573750 0.7732728 0.6596634 0.1871450 0.8213046 0.4003209 0.3416712 0.3537722 0.4125880 0.2185782 -0.0384986 0.2597924 0.2638781 0.7297034 0.5387082 0.4327351 -0.3288456 0.6335926 0.3487345 0.3196130 0.2133044 0.0382759 0.4230221 0.5082232 0.1831537 0.1795638 0.5923868 0.5214646 0.5383966 0.4547085 0.3321962 0.0760967 0.6213630 -0.0694152 0.3542108 0.3594129 0.2796994 0.3996175 0.5456501 0.6222046 0.1430498 0.0232173 0.3989579 0.2916473 0.2717743 0.1013654 0.5756503 0.0729677 0.5497254 0.1100727 0.0378468 0.3748292 0.2038159 0.3277820 0.4022430 0.3825946 -0.0290878 -0.1408682 -0.2420132 -0.1943131 0.1139711 -0.2782450 -0.2324307 0.1716907 0.1848547 -0.1946643 0.2139936 0.3303238 -0.5732949 0.2934092 0.3702305 0.3954634 0.3530272 0.1966051 -0.4805666 0.3093495 0.2015144 -0.0627988 -0.2957272 0.1813593 0.3145867 0.3151289 -0.0900813 -0.0357717 0.2714185 0.2347623 0.4841788 -0.1864327 0.1195871 0.3238053 0.2344991 0.2238914 0.2421608 0.1844773 0.3174806 0.2508885 0.1467784 0.0222028 0.3351753 0.1263238 0.6036837 0.2383956 -0.0971332 0.0569389 0.3661625 0.1585895 0.2463094 -0.0539437 0.5830882 0.3151059 0.1366836 0.1730196 0.1662666 0.0349746 0.5428883 0.3003229 0.4768779 0.5231806 0.6510654 0.1887259 0.2476510 0.3517142 0.3327736 0.4462047 0.4721885 0.6590584 0.5137182 0.4860333 0.3739180 0.4046623 0.5062514 0.6622566 0.4146637 0.6388523 0.7028085 0.5686360 0.4509146 0.2908276 0.6802925 0.5123711 0.3721952 0.4208137 0.5835739 0.7824857 0.6293634 0.5672773 0.6727516 -0.3838801 -0.5010810 -0.4105702 -0.0680680 0.3825614 0.0622575 0.4294787 0.0761035 -0.1173194 -0.1421150 -0.3047826 -0.2291800 -0.2584300 0.6128096 -0.2102181 -0.0679605 0.5570849 0.5958017 0.3192324 0.5560434 0.5917649 0.3974907 0.4703069 0.6518744 0.6193589 0.7632971 0.6085770 0.5826744 0.1263445 -0.0829248 0.0743570 0.2523646 0.5662726 0.2231433 0.2845298 0.3911028 -0.0201414 0.0602790 0.1266908 0.5591804 0.3274247 0.5462301 0.6220252 -0.3991915 -0.0498892 0.0749025
