0.0000000 0.2940368 0.3913007 0.4800316 -0.1261829 0.4263122 0.4003050 0.5912637 0.3909917 0.3082733 0.4722587 0.2465451 0.5620386 0.2030471 0.2303494 0.3627601 0.1080580 0.0467306 0.5196487 0.5347140 -0.5322255 0.7118205 0.1146374 0.1995228 0.6107689 0.4970038 -0.0659638 0.5311865 0.4418165 0.5737869 0.5334173 0.2231793 0.3480086 0.4511306 0.0810199 -0.1059191 0.3277871 0.6166245 -0.0856642 0.3712156 0.7651161 0.4256730 -0.2276868 0.7824054 0.6138662 0.0950940 -0.1813338 0.7913500 0.5908259 0.1271811 -0.1060059 -0.2106644 0.4195103 0.4282147 0.4434744 0.2814400 0.3896475 0.5591120 0.3383624 0.1486950 0.6345958 0.3863832 0.4589876 0.2203641 0.3607710 0.6703534 0.4872105 0.5754297 0.4970127 0.3873546 0.6155979 0.3159288 0.5571440 -0.0482129 0.5020843 0.4115237 0.3637872 0.4955097 0.5864161 -0.2980496 -0.2389370 0.0096185 0.2908869 -0.1807741 -0.2558313 -0.2241048 -0.2688884 -0.2040899 -0.2821175 -0.1665325 0.0460633 -0.0250312 -0.0620084 0.2289924 0.2989679 -0.1968768 -0.1571403 -0.0857728 0.5013363 0.2737698 0.2867812 -0.3750715 0.0301276 0.5638094 0.1726469 0.2853524 -0.2612176 -0.2085715 0.0031795 -0.4853870 0.3000356 -0.2228623 -0.2135184 -0.2216833 -0.4213530 -0.1065700 -0.2525333 -0.3589769 -0.3087343 -0.3387799 -0.1485294 -0.2411022 -0.0494297 -0.1707501 -0.1062118 0.2553264 0.1702927 0.4200037 0.0584894 -0.0519847 0.1916570 0.3288382 0.3441519 -0.4462257 -0.1075011 0.1008748 0.1227761 0.2299213 0.2692025 -0.2740455 0.0057643 0.1427407 -0.2981214 -0.1177829 0.3560869 -0.3459611 0.1787850 0.0113728 -0.1741238 -0.1955216 -0.2297505 0.2190212 0.0300403 0.0710867 0.0281106 -0.3703784 -0.1614690 0.1482466 -0.1984839 -0.3001611 -0.1806590 0.0322996 -0.1793025 -0.2782886 -0.1738136 0.0276641 0.3494940 0.0443119 0.2546041 0.3704970 -0.0835641 0.1392763 -0.3812391 -0.0941668 -0.0529805 -0.4417181 -0.5085805 -0.5556794 -0.6696646 -0.4005185 -0.4944593 -0.2838211 0.1243142 -0.0146002 0.2068739 0.5086258 0.6070606 0.4713539 -0.5000573 -0.6432640 -0.3529910 -0.6354792 -0.6462606 -0.5022792 -0.1902661 -0.3308984 -0.6207056 -0.6013021 -0.5410374 -0.0828415 -0.2950768 -0.5426943 -0.6657244 -0.4752504 0.4835456 -0.2011820 -0.1771336 0.0947451 -0.0455403 -0.7122860 -0.4207345 -0.8112525 0.4163086 -0.4057776 -0.6873185 0.4024946 0.3114237 -0.0850932
0.2940368 0.0000000 0.7967183 0.6072828 0.5162544 0.5650214 0.3388720 0.6382865 0.3670695 0.3331821 0.2940685 0.1519884 0.6041870 -0.0136612 0.1873291 0.1080193 0.3036835 -0.0362903 0.0769626 0.5207053 0.0215518 0.2104171 -0.0583834 0.1162324 0.3846422 0.2656194 -0.3836175 -0.1243973 0.3554526 -0.0617486 0.5948755 0.1303608 -0.0401227 0.3633895 -0.2314559 0.3604052 0.2573057 0.4586445 -0.6268693 -0.4210245 0.4735149 0.2157760 -0.4157408 0.0120848 0.4151369 0.0089170 -0.2165299 0.4709575 0.1376932 0.3372031 -0.2468971 -0.3251832 0.3957993 0.0291421 0.1713852 0.1857662 0.3523492 0.1995458 -0.0255432 -0.1236858 0.3371617 0.0234145 0.3110207 0.2312681 0.3802971 0.4830978 0.1964201 0.2059667 0.3546820 0.2063124 0.3241828 0.2370729 0.2581905 0.0522489 0.4535937 0.3248309 0.5164486 0.4771867 0.4628090 -0.0925450 0.4046454 -0.2671278 0.1480904 -0.2691512 -0.3057332 -0.2838566 -0.1407123 -0.3964688 -0.4556776 -0.3372792 0.0312990 -0.3016887 -0.2011841 -0.0845685 -0.1764203 -0.4962191 -0.3830105 -0.2163994 0.2565674 -0.1457689 0.0050564 -0.0830251 -0.0011945 0.4673462 -0.2567044 -0.0846030 -0.2296154 -0.2227001 -0.0048106 -0.3271635 0.2083479 0.0442073 -0.1530417 -0.3186604 -0.2120547 -0.1883758 -0.2860928 -0.1513769 -0.2121178 0.1963740 -0.2082247 -0.4143860 -0.2741381 -0.6476849 0.3922120 0.4842821 -0.1889611 -0.0334106 0.3156803 -0.2319259 0.1080405 -0.0873141 -0.0454667 0.0138755 -0.3242373 -0.0766974 0.1540741 0.2540665 0.2575936 0.2409341 -0.2050788 0.2777499 -0.0891638 0.0584268 0.2716227 -0.3861113 0.0291239 -0.0335059 -0.2755080 -0.0818957 0.1673857 0.2385309 0.0637902 -0.2723819 -0.5521760 -0.1862542 -0.4890164 0.0060021 -0.2310534 -0.1095157 -0.5505952 -0.1383487 0.0374790 -0.2815415 -0.5035261 0.1934574 -0.0436039 -0.3077676 -0.3199641 -0.2512086 -0.4295229 -0.4342552 -0.4601448 -0.1530558 0.2567675 -0.1424520 -0.1997413 -0.5239372 -0.1275587 -0.1036201 -0.2211437 0.0417974 0.1433593 0.1673404 0.2248083 0.2666902 0.2746987 0.0649536 -0.1154571 -0.1734637 0.2837728 0.0447125 -0.1144388 -0.1041912 0.3056564 0.0855491 0.1224361 -0.0623105 -0.1978566 0.3661444 0.2587860 -0.0246070 -0.2503565 0.2226299 0.6057487 0.6112415 0.4861654 0.5256090 0.3370411 -0.1774908 -0.0506744 -0.3451108 0.5299875 0.0337670 -0.3730889 0.4023549 0.0249130 -0.1999167
0.3913007 0.7967183 0.0000000 0.5087078 0.5676365 0.5119163 0.2259770 0.5389916 0.2915779 0.2602599 0.2190689 0.0180860 0.7878959 -0.0350439 0.0916041 0.1750804 0.2363142 0.0219558 0.2477045 0.7190637 -0.0886467 0.3067162 0.0497480 0.2266021 0.4266103 0.4186019 -0.1433926 0.0152670 0.5812388 0.1514994 0.6407749 0.2196101 0.1720639 0.5590977 -0.1065536 0.2840443 0.2685459 0.4997415 -0.4001453 -0.2314532 0.6039083 0.1703869 -0.3092315 0.2332595 0.3536409 -0.0357126 -0.2628990 0.5663051 0.2783256 0.2928130 -0.2308439 -0.1397070 0.4642097 0.1792346 0.3803902 0.2214750 0.2843276 0.3559353 0.1530288 -0.1538431 0.3036338 0.1098323 0.3752536 0.1065145 0.1754913 0.5104071 0.1339258 0.3006899 0.3984836 0.1686151 0.3542520 0.0532310 0.2710653 -0.2116699 0.5273729 0.1997337 0.5063606 0.4258273 0.4144487 -0.1206328 0.1646351 -0.0216851 0.2725563 -0.1493949 -0.3180362 -0.1410048 -0.0709891 -0.3265333 -0.3136783 -0.2182282 0.0961978 -0.1339290 -0.2734141 -0.1385648 -0.0211510 -0.3128969 -0.2680654 -0.2753365 0.2835214 0.0148283 0.0922242 -0.2623696 0.0585220 0.4522831 -0.1285914 0.0701075 -0.1902580 -0.1131597 -0.1041670 -0.3091075 0.0997641 -0.0699980 -0.0662171 -0.1903878 -0.1532694 -0.1607272 -0.2701922 -0.0844430 -0.2421380 0.0962075 -0.1554326 -0.3414203 -0.0814103 -0.4437750 0.3209364 0.2598986 -0.1195038 0.0947954 0.0471221 -0.1191182 0.1521719 0.1155942 0.0466475 0.0539140 -0.2911410 -0.1503184 0.2373811 0.1365588 0.2190168 0.1158624 -0.1954680 0.2656371 -0.0128999 -0.0194623 0.2707515 -0.2665779 0.1149516 0.0874001 -0.1848465 -0.0841738 0.0698588 0.2656199 0.1602271 -0.2290975 -0.2583996 -0.0802668 -0.3006367 0.1057474 -0.0731222 0.0012606 -0.3464734 -0.0869079 0.2510101 -0.1996441 -0.3122282 0.3379318 0.0567123 -0.2351545 -0.2840861 -0.1369755 -0.2825907 -0.3444316 -0.4583253 -0.5166116 -0.0714677 -0.4656651 -0.5104391 -0.7431638 -0.3827671 -0.2961714 -0.4294095 -0.1604726 0.0323750 -0.0291585 0.2782840 0.1164049 0.4509796 0.0848138 -0.2002297 -0.3865491 0.0927041 -0.1634384 -0.4126078 -0.2861103 -0.0272199 -0.2160180 -0.1258669 -0.3405179 -0.3539498 0.1278843 0.0259093 0.0907065 -0.4283218 0.0963356 0.6629877 0.3866802 0.2466004 0.2279441 0.0610179 -0.2424419 -0.2303746 -0.5353901 0.5769953 -0.2596417 -0.5865906 0.4443883 -0.0035254 -0.0877256
0.4800316 0.6072828 0.5087078 0.0000000 0.5261511 0.9670144 0.7688477 0.9110639 0.8657754 0.8178485 0.8488053 0.7204968 0.5461674 0.4844523 0.7327695 0.5197044 0.6598723 0.3377821 0.0802352 0.3860381 0.1512661 0.1809165 0.2656748 0.5741470 0.2786075 0.2729133 0.0131127 0.4388104 0.4817587 0.5060152 0.4197211 -0.0984698 0.4705577 0.6595443 -0.0746573 0.5850609 0.0746443 0.2024339 -0.1971054 0.1179275 0.3051506 0.5841777 -0.2543093 0.4134814 0.5719772 -0.1730270 -0.1674039 0.3328503 0.6292887 -0.0963768 -0.1564614 -0.1807388 0.7008966 0.3738081 0.0969938 0.0794060 0.2347662 0.6380435 0.3773046 -0.0064430 0.7163713 0.3347585 0.3992268 0.6331811 0.6772269 0.3603664 0.2464318 0.6402262 0.2663320 0.6273112 0.2606920 0.6552415 0.5215267 0.4560433 0.2171548 0.6907856 0.6973570 0.3331324 0.7740705 0.1115762 0.1860158 -0.2398863 0.1390705 -0.3775492 -0.4146164 -0.4971228 -0.3545295 -0.5991577 -0.6369332 -0.5898600 0.0930723 -0.3377990 -0.1075900 -0.2502642 -0.3972544 -0.5918319 -0.5484225 -0.1416770 -0.0061989 -0.1144717 -0.1094737 -0.2624411 0.0392035 0.0883623 -0.3004916 -0.0142885 -0.2579172 -0.1501270 -0.1911980 -0.3234726 0.1795107 0.0258003 -0.1329838 -0.2243961 -0.3525194 -0.0416215 -0.2013429 -0.2624985 -0.1161945 0.0489004 -0.1553307 -0.1565206 -0.2043961 -0.5741303 0.2267240 0.4891482 0.0369535 0.1226803 0.2679469 -0.1104056 0.0748597 -0.0221689 0.0914166 -0.2918432 -0.3664670 -0.1843559 0.0460031 0.2709549 0.1241491 0.1392631 -0.3593385 0.2612268 -0.2811328 -0.2022092 0.2046928 -0.4951621 0.0294706 -0.2747490 -0.2784369 -0.0732748 -0.1005637 0.0746802 -0.0229033 -0.2948878 -0.4522578 -0.5825362 -0.1996624 -0.1843870 -0.1463540 -0.3074694 -0.6012006 -0.0488982 -0.4721856 -0.2787252 -0.4416959 -0.0829238 -0.3018030 -0.2322075 -0.3363756 -0.2333540 -0.4443511 -0.4008710 -0.3288619 -0.1614999 0.2971312 0.0597613 -0.0437656 -0.4273609 -0.0560466 -0.0409607 -0.2466428 0.2129450 0.3679680 0.2083993 0.4505569 0.7175843 0.7007207 0.4880063 -0.1139576 -0.2148441 0.2808277 -0.0558820 -0.2642635 -0.0465178 0.3515055 0.1476708 -0.1707920 -0.3246568 -0.2486373 0.2251603 -0.0627122 -0.3761281 -0.5477099 0.0517277 0.5434139 0.2198140 0.2767173 0.3098523 0.0665013 -0.3354108 -0.2178001 -0.4939617 0.5646679 -0.2679058 -0.6263504 0.1374465 0.1039892 -0.1551706
-0.1261829 0.5162544 0.5676365 0.5261511 0.0000000 0.5262036 0.4420850 0.5663893 0.3396620 0.2565250 0.2477632 0.2615666 0.5923427 -0.0691233 0.3178065 0.2780325 0.3526358 0.0219693 0.1185097 0.4570879 0.2381854 -0.0332865 0.2141808 0.1324042 0.1687723 0.2847130 -0.0068595 -0.2402640 0.2941512 -0.1049848 0.5003922 0.1717536 -0.0525261 0.2510834 0.1100709 0.4450150 0.1697585 0.2172740 -0.1179268 -0.2816600 0.1476053 0.1139696 -0.0012371 -0.1978219 -0.0431452 0.0157221 0.0060636 0.1222626 -0.0593033 0.2106821 -0.0103858 0.0599575 0.1774776 0.0263225 0.3314365 0.2546772 0.1440869 0.0990687 0.3935551 -0.0639471 0.1888151 -0.0189882 0.3966323 0.1100294 0.1805391 0.2224150 -0.0600821 0.1677150 0.1157874 0.0505232 0.0589990 0.0344671 0.1133622 0.1241465 0.1587596 0.1582694 0.2494911 0.2302951 0.2735219 0.1439914 0.3289273 -0.1974543 0.2869502 -0.1400028 -0.2458710 -0.0764958 0.0639917 -0.5641830 -0.2655250 -0.4073961 0.1076063 -0.1542457 -0.1715933 -0.5154184 -0.3594934 -0.3141912 -0.2604799 -0.0962489 -0.1153954 -0.0513893 -0.1077388 -0.0942853 0.0972815 0.1018278 -0.1740238 -0.0151376 -0.0211977 -0.0717749 -0.0792798 -0.1648633 -0.0435107 0.0878613 0.0844127 -0.1545928 -0.0976571 -0.0483697 -0.0933662 0.0215355 0.0465618 0.3852343 -0.0142899 -0.1496593 -0.1066845 -0.3047238 0.4542998 0.4271492 -0.1431080 -0.0253955 0.1914667 -0.0903096 -0.0018873 0.0457592 -0.1711185 0.1833255 -0.2750089 -0.2426020 0.0828402 0.1386765 0.0028693 0.4172721 -0.3675146 0.2966109 0.1119892 -0.0803566 0.1128531 -0.3625227 0.0405666 -0.0832268 -0.1954972 0.1718925 0.2320011 0.2541573 0.2600946 -0.3861805 -0.4637008 0.0049333 -0.0988008 -0.0307684 0.0455658 0.1589197 -0.4326876 -0.0127640 0.1258274 0.1085611 -0.2661695 0.3109389 -0.2660286 -0.3456159 -0.4935977 -0.3474781 -0.3355026 -0.5132628 -0.3444592 -0.3356873 0.2790052 -0.0032172 -0.0632990 -0.2958230 0.1350178 0.0522618 -0.0340530 0.1280088 0.2557487 0.1587434 0.5138316 0.2482229 0.5009711 0.2632564 0.0487419 -0.0474429 0.4587756 0.2161216 -0.0673089 0.1303797 0.3522602 0.2688789 0.2191685 -0.0911472 -0.1047013 0.3892340 0.1968352 0.1853344 -0.1306718 0.2425054 0.2770055 0.3236835 0.3580807 0.2881745 0.1828324 0.1809207 0.0591771 -0.2405453 0.3501409 -0.1118527 -0.3618398 0.2008852 -0.1214732 -0.1641160
0.4263122 0.5650214 0.5119163 0.9670144 0.5262036 0.0000000 0.7601847 0.8756427 0.8921042 0.8770515 0.8886258 0.7574207 0.5461217 0.5433385 0.7606471 0.5776170 0.7414728 0.3949651 0.0748527 0.3977605 0.2292166 0.0819544 0.3267482 0.6176281 0.2486427 0.2712254 0.0719995 0.4389510 0.5376975 0.5145365 0.3417479 -0.1130933 0.5167974 0.7536819 -0.0967673 0.6677515 -0.0113208 0.0960169 -0.1723617 0.1260489 0.2330226 0.6590205 -0.2498217 0.4281191 0.5780916 -0.2177563 -0.2481869 0.2569493 0.6659366 -0.1232938 -0.2479343 -0.1952848 0.7665086 0.3893694 0.0549555 0.0092289 0.1678871 0.7070428 0.3866481 -0.1084332 0.7508042 0.3339439 0.3508169 0.6894633 0.6954284 0.3056797 0.2090211 0.6869209 0.2402912 0.6883411 0.1879162 0.6570006 0.5044978 0.4768609 0.1746225 0.7121438 0.7455428 0.2486945 0.7876310 0.1446180 0.0849611 -0.2381695 0.1016943 -0.3190321 -0.3941814 -0.4461746 -0.3950999 -0.5242886 -0.5765329 -0.5287163 0.0954047 -0.3300917 -0.1757653 -0.2325412 -0.3563613 -0.6188861 -0.6164161 -0.1518417 -0.0009024 -0.1031966 -0.0646084 -0.2361236 0.0375779 0.0309999 -0.3471441 0.0710135 -0.2075261 -0.1065810 -0.2161325 -0.2894423 0.2138518 0.0083976 -0.0655189 -0.1610150 -0.3159623 -0.0019303 -0.1572498 -0.2254270 -0.0922434 0.0838059 -0.0968670 -0.1060342 -0.1958021 -0.5325392 0.2025787 0.4128074 0.0088322 0.0435078 0.1795461 -0.0694886 0.0631989 -0.0390687 0.0801568 -0.2065763 -0.4101965 -0.3007317 0.0409743 0.2369850 0.0910627 0.1855863 -0.3910564 0.2890029 -0.2683577 -0.2237943 0.1582456 -0.5274316 0.0186164 -0.3002015 -0.2799977 -0.0240946 -0.0946923 0.0767253 0.0194321 -0.3141685 -0.4232293 -0.5646330 -0.1371877 -0.1953752 -0.1317798 -0.2373224 -0.5691710 -0.0141175 -0.4617840 -0.1866884 -0.4024825 -0.0941383 -0.3032613 -0.1889440 -0.3271136 -0.2962268 -0.4331863 -0.4239249 -0.2335646 -0.1843377 0.2527095 0.0522273 -0.0481486 -0.4441410 -0.0257623 -0.0135301 -0.2458838 0.2438147 0.3915217 0.1960250 0.4397543 0.6913681 0.6914275 0.4643725 -0.0968505 -0.2228614 0.3104444 -0.0771678 -0.3069757 -0.0181715 0.3128368 0.1086616 -0.1412587 -0.3744326 -0.2819444 0.1632110 -0.1160632 -0.3576594 -0.5366047 0.1229258 0.5153900 0.1407402 0.2140178 0.1999720 -0.0138306 -0.3431111 -0.1965906 -0.4826325 0.5680120 -0.3585020 -0.6099544 0.1028709 0.0761088 -0.1705742
0.4003050 0.3388720 0.2259770 0.7688477 0.4420850 0.7601847 0.0000000 0.7611157 0.7512550 0.6539986 0.6747501 0.9120155 0.3756249 0.4970839 0.7431633 0.5414978 0.5434957 0.3471092 0.1916641 0.1631821 0.1935836 0.1112053 0.4378463 0.3972499 0.1405026 0.2287146 0.1428485 0.4560620 0.4503046 0.4598365 0.2591438 -0.0292218 0.2762438 0.3588804 0.1429291 0.5016124 0.0814469 0.2314537 0.1668851 0.2741473 0.2576616 0.6072010 0.0239261 0.3706943 0.4223413 0.1083781 0.0215022 0.2445548 0.3717491 -0.0460579 -0.0440721 0.0262404 0.2950671 0.2870064 0.1523337 0.1442953 0.1867810 0.4389411 0.5996629 0.1455877 0.6589599 0.2418680 0.1636726 0.3808988 0.4457237 0.2286342 0.2580804 0.4745461 -0.0484283 0.4107635 0.2003030 0.4309045 0.3480014 0.4102319 0.1110716 0.5875708 0.3847128 0.1418098 0.5642583 0.2363611 -0.1560399 -0.3008962 0.1281093 -0.3522104 -0.4761028 -0.2883260 -0.3582006 -0.5189412 -0.4236200 -0.5004180 -0.0739387 -0.4021921 -0.1358740 -0.0501430 -0.3171388 -0.5888892 -0.5498745 -0.1677673 -0.1004996 -0.0878532 -0.1428183 -0.4064069 -0.0260342 0.0037077 -0.2937700 -0.0700128 -0.2914655 -0.2368055 -0.0421491 -0.3908936 0.0114538 -0.0542716 0.0201716 -0.2178866 -0.3613710 0.0835167 -0.0402507 -0.1668677 0.0843498 0.1196495 -0.0879701 -0.0381503 -0.1782764 -0.4077402 0.1896661 0.4751696 0.0925431 0.1728784 0.4481455 0.0376619 0.1997048 0.1432829 0.1269274 -0.0849743 -0.2280184 -0.1352721 0.1607142 0.5547833 0.2543259 0.4159621 -0.3369236 0.4947638 -0.3315731 0.1648301 0.3680436 -0.4330274 0.1760619 -0.1046481 -0.2563224 0.2093239 0.2278406 0.3280944 0.1686401 -0.2915994 -0.3329926 -0.2966809 0.0229104 -0.0144608 0.0179944 -0.0301686 -0.3746422 0.2312105 -0.4798508 0.0229629 -0.2219594 -0.0866864 -0.3571328 -0.0642267 -0.2184670 -0.1689372 -0.2391051 -0.2177310 -0.2853343 -0.0896349 0.3157259 0.1594136 0.0831728 -0.2513752 0.0722958 0.0805964 -0.0286257 0.2659995 0.4313026 0.2794259 0.4192617 0.6035274 0.6233245 0.4673092 0.1039916 0.0144103 0.2706875 0.1235892 -0.0637458 -0.0299332 0.3807035 0.2843838 -0.0213233 -0.1761148 -0.2072425 0.3934533 -0.1985239 -0.5462731 -0.4156209 -0.3157135 0.2124820 -0.0889617 0.2226055 0.0477212 0.0022330 -0.3376293 -0.2403167 -0.4169942 0.3641977 -0.2400056 -0.4757007 0.1056816 0.3471662 -0.0436291
0.5912637 0.6382865 0.5389916 0.9110639 0.5663893 0.8756427 0.7611157 0.0000000 0.7119938 0.6081115 0.7485010 0.6021865 0.7107278 0.2600868 0.5866650 0.5822627 0.4811531 0.1346542 0.3721629 0.5698348 -0.0625965 0.3655328 0.2818630 0.3022055 0.5206711 0.5035938 -0.1545023 0.2619096 0.4106838 0.3251560 0.6423568 0.1464160 0.2133139 0.5024241 0.0816273 0.4708154 0.2956146 0.4528525 -0.2523090 0.0318210 0.4702434 0.5731454 -0.2020829 0.3707497 0.5011433 0.0381754 -0.1113266 0.5254799 0.4338725 0.1462946 -0.1159404 -0.2671413 0.5019348 0.3215087 0.3463485 0.3035611 0.4259721 0.5291253 0.5042203 0.0517976 0.7280388 0.3265783 0.5710698 0.4670204 0.5907841 0.5759314 0.3670692 0.6470367 0.3861122 0.5142566 0.4419134 0.5075336 0.5534575 0.2952100 0.3400995 0.5968369 0.4995412 0.4807049 0.7216631 -0.1120241 0.1900288 -0.2745648 0.2543993 -0.3336307 -0.3437105 -0.3852715 -0.2492243 -0.6046486 -0.5279537 -0.5136982 0.1155511 -0.1977251 -0.0555141 -0.2225421 -0.1883285 -0.5092331 -0.4664147 -0.0290724 0.1947719 0.0969948 0.0414084 -0.2697077 0.1099071 0.3309834 -0.1142683 0.1186963 -0.1832589 -0.1832610 -0.0022390 -0.3952634 0.2614518 0.0743320 -0.0863270 -0.2695655 -0.4030427 -0.0745815 -0.2230502 -0.3107498 -0.1415110 0.1832438 -0.0895000 -0.2536460 -0.1894542 -0.5046619 0.3782614 0.6843849 0.0106055 0.1993802 0.3856727 -0.1257754 0.1489291 0.1540291 0.1419543 -0.2895647 -0.3043003 -0.0246157 0.1359612 0.3918035 0.2908395 0.1904330 -0.3446118 0.3915116 -0.1375055 -0.1460187 0.4018795 -0.6624928 0.2188781 -0.0894986 -0.3176005 0.0403022 0.0633543 0.3317885 0.1991618 -0.3321630 -0.4495787 -0.4310423 -0.2568465 0.0269077 -0.2214825 -0.1954057 -0.6104999 0.0218068 -0.3134127 -0.1922359 -0.4373833 0.1300790 -0.1381897 -0.2916385 -0.2826661 -0.1016907 -0.4511585 -0.3954695 -0.4336391 -0.1049513 0.3950464 -0.0684195 -0.1978392 -0.5126343 -0.1611204 -0.0282896 -0.1932556 0.1863798 0.4997381 0.3465953 0.5945913 0.7189594 0.7733637 0.4984682 -0.3028115 -0.4087760 0.3305290 -0.2597796 -0.4042915 -0.0865268 0.4239746 0.1919866 -0.1403310 -0.4192766 -0.4355373 0.3950850 0.0441928 -0.3605288 -0.4962953 -0.0079249 0.5298904 0.1446275 0.3219195 0.3929215 0.2528635 -0.4219032 -0.1297540 -0.6879004 0.5541685 -0.3663307 -0.7173080 0.3340638 0.0773778 -0.3084639
0.3909917 0.3670695 0.2915779 0.8657754 0.3396620 0.8921042 0.7512550 0.7119938 0.0000000 0.9010158 0.8736055 0.8197495 0.3412099 0.6083867 0.9035032 0.5417627 0.8284784 0.4013020 0.0091057 0.1910585 0.1666720 -0.0209416 0.3886663 0.6061052 0.1072845 0.1549846 0.3557540 0.5605887 0.3880532 0.7365231 0.1681538 -0.2328718 0.5201983 0.6411475 -0.0031825 0.4897979 -0.0579723 0.0494926 0.0936895 0.3422948 0.1518268 0.5434740 -0.0640553 0.5359823 0.5505627 -0.2091236 -0.1431335 0.1852295 0.6998269 -0.1707228 -0.0544493 0.0642811 0.7104950 0.4048395 0.0413349 -0.0068196 0.1170887 0.6984973 0.4028681 0.0700149 0.6784135 0.4145901 0.3063872 0.6679125 0.6309885 0.2058957 0.1243062 0.6409336 0.1599853 0.6408798 0.1071345 0.6375973 0.4567807 0.5325337 0.1577669 0.6763134 0.7059699 0.1798397 0.6963263 0.2630997 0.0052962 -0.2498741 -0.1302027 -0.3734596 -0.4007696 -0.5422975 -0.4715644 -0.4837628 -0.6054809 -0.5412809 0.1219848 -0.3274752 -0.1258938 -0.2392100 -0.4613948 -0.5837561 -0.6074539 -0.2800683 -0.1125421 -0.1997704 -0.1299767 -0.2744437 -0.1841167 -0.0278673 -0.3306535 -0.0197712 -0.3001930 -0.1573115 -0.2287910 -0.3065359 0.1232512 -0.0402433 -0.1432533 -0.2227782 -0.4152837 -0.0394597 -0.1580512 -0.2345927 -0.1033355 -0.0595613 -0.1078411 -0.0546559 -0.1186810 -0.3571812 0.0179311 0.3284075 0.0094945 0.0955267 0.1785227 0.0298572 0.0772245 -0.0545803 0.0941517 -0.0705740 -0.4623244 -0.3525098 0.0853514 0.2577072 0.1102730 0.2766375 -0.3981607 0.2889535 -0.4405458 -0.0709924 0.1357082 -0.3168463 -0.0244885 -0.3493862 -0.3379842 -0.0240602 -0.0822155 0.0527736 -0.0492485 -0.3051764 -0.3917902 -0.5072406 -0.1522965 -0.2221946 -0.1500770 -0.2283545 -0.4672173 0.0448338 -0.4640882 -0.1548327 -0.3252631 -0.1188611 -0.3806551 -0.1212049 -0.2976898 -0.2956615 -0.3879332 -0.3510096 -0.1057114 -0.0923647 0.1557772 0.1176859 0.0562821 -0.3257156 -0.0165628 -0.0093592 -0.2647383 0.1916617 0.2747690 0.1033459 0.3177592 0.6575298 0.5454855 0.4275700 0.0148073 -0.1455560 0.1185206 0.0628118 -0.1489358 -0.0514111 0.1772356 0.1084674 -0.0700389 -0.1964782 -0.1716288 0.1622660 -0.1778256 -0.5451145 -0.6474950 -0.0574516 0.3364575 0.0398726 0.2344778 0.1029906 -0.1307645 -0.2960531 -0.3635174 -0.2690273 0.4540181 -0.2235055 -0.4835845 0.0589994 0.3001323 0.0282098
0.3082733 0.3331821 0.2602599 0.8178485 0.2565250 0.8770515 0.6539986 0.6081115 0.9010158 0.0000000 0.8674778 0.8011203 0.2088896 0.8355404 0.7703194 0.4363814 0.8804284 0.6593898 -0.2427525 0.1106948 0.2929145 -0.0714078 0.3145074 0.7971091 -0.0011652 -0.0614766 0.3236152 0.6462965 0.4146461 0.6616909 0.0215906 -0.3309464 0.7130968 0.7521405 -0.2649934 0.5176427 -0.2444388 -0.1859840 -0.0048021 0.3108012 0.0136678 0.5436908 -0.2444456 0.4654553 0.5568888 -0.3749863 -0.3117691 0.0302102 0.7971392 -0.2992946 -0.3076550 -0.0423289 0.8384087 0.3992412 -0.2053451 -0.1979274 -0.0381678 0.7233782 0.1182665 -0.1527180 0.6565623 0.2806872 0.1253841 0.8112542 0.7597202 0.0907614 0.0658268 0.5783022 0.1577444 0.7238525 0.0223447 0.7644673 0.3906771 0.6291516 0.0897090 0.7058113 0.7893935 0.0819149 0.7125965 0.4080179 -0.0843716 -0.2710717 -0.0518362 -0.2627450 -0.3476378 -0.4543610 -0.5112485 -0.3163927 -0.5268391 -0.4526825 0.1218656 -0.2946301 -0.0893046 -0.0029170 -0.4343137 -0.5710142 -0.5316344 -0.1039065 -0.1097483 -0.3221190 -0.0596025 -0.1401838 -0.0530600 -0.1560301 -0.3779304 0.0597234 -0.1704576 -0.0831191 -0.2919114 -0.1580018 0.2318183 -0.0329541 -0.1101994 -0.0407665 -0.1896856 0.0475586 -0.0604829 -0.0873275 -0.0596974 -0.0841703 -0.0923646 0.0525939 -0.2475829 -0.4174709 -0.1017476 0.1012557 0.0151796 -0.0925465 0.0231757 -0.0408196 -0.0341881 -0.2441312 0.0057183 -0.1679355 -0.4562639 -0.5128527 -0.1185811 0.1208420 -0.0692847 0.0854903 -0.3191117 0.1449176 -0.5118006 -0.2377388 -0.1128866 -0.3004340 -0.2083008 -0.4666313 -0.2616499 -0.0498757 -0.2051738 -0.2309237 -0.2475381 -0.1425842 -0.3147282 -0.6708852 0.0056875 -0.3828869 -0.0973244 -0.2877704 -0.4058211 0.0395360 -0.6108654 -0.1709170 -0.2789097 -0.4211645 -0.3504980 -0.0189040 -0.2050442 -0.2823243 -0.3138491 -0.2689937 -0.0774275 -0.1229617 0.0931786 0.1764734 0.1189909 -0.2756049 -0.0195071 -0.1290976 -0.3577846 0.1400034 0.0982743 -0.0294773 0.0566725 0.6656227 0.4810746 0.5017771 0.1056984 -0.0257262 0.1018185 0.0884020 -0.1581949 -0.0614190 0.1149476 -0.0435901 -0.2031890 -0.2376020 0.0249889 -0.0776372 -0.2473942 -0.4747942 -0.6082459 -0.0039258 0.3825867 0.0347111 0.0490883 0.0271353 -0.2184880 -0.2206338 -0.3866009 -0.1832383 0.5113779 -0.1805730 -0.3633965 -0.0912862 0.2500965 0.0684064
0.4722587 0.2940685 0.2190689 0.8488053 0.2477632 0.8886258 0.6747501 0.7485010 0.8736055 0.8674778 0.0000000 0.7687817 0.3040664 0.6132529 0.7811515 0.7302011 0.7214396 0.3004172 0.1492059 0.2418175 0.2476380 0.0233175 0.4456149 0.5189849 0.1764909 0.2796459 0.1504053 0.5032733 0.4127111 0.6155505 0.1279677 -0.2124771 0.5588024 0.6692451 0.0530273 0.5777552 -0.0111823 -0.0363304 0.0757904 0.4001008 0.0533367 0.6656589 -0.0375648 0.5670446 0.4702665 -0.1336043 -0.0628335 0.0987718 0.7573663 -0.2377920 -0.0479498 -0.0528574 0.7539397 0.5669760 -0.0675018 -0.0123911 0.1691566 0.8057137 0.3716501 0.0962166 0.7218596 0.5217894 0.2001215 0.8575860 0.8163805 0.1274384 0.2659211 0.8002252 0.0905719 0.8533189 0.0687806 0.7742605 0.5964610 0.6833549 -0.0510646 0.8032276 0.7279681 0.0329119 0.7573674 0.0814862 -0.1265533 -0.1065645 0.0768099 -0.2981479 -0.2821528 -0.4725868 -0.4387096 -0.3281593 -0.5277711 -0.4671550 0.1093042 -0.3140315 -0.1518052 -0.0764099 -0.3306935 -0.5586075 -0.5702595 -0.1824251 -0.0384560 0.0355539 -0.0558379 -0.2463616 -0.0323370 -0.0050582 -0.3080368 0.0938397 -0.2134828 -0.0123033 -0.2318722 -0.2124322 0.2213467 -0.0130315 -0.1354696 -0.1933112 -0.4651960 -0.0470700 -0.2189720 -0.4248689 -0.1581162 -0.1393591 -0.2197217 -0.1291481 -0.0767947 -0.4134706 -0.1169624 0.2031624 -0.0286186 0.0164924 0.0658218 -0.0731802 -0.1036014 -0.0409900 0.0301905 -0.2466498 -0.3995208 -0.3447084 -0.1396291 0.0723628 -0.0822587 0.0342674 -0.4496893 0.1671770 -0.3851787 -0.3579384 -0.0364833 -0.4767563 -0.0979146 -0.3923434 -0.3061925 -0.0194748 -0.2541464 -0.0990002 -0.1113814 -0.2768230 -0.2806354 -0.6334298 -0.1312209 -0.3649190 -0.2883435 -0.2951066 -0.5054417 -0.0668151 -0.4822603 -0.1359275 -0.4087377 -0.2828968 -0.2530657 -0.1524568 -0.2057030 -0.2315285 -0.4158994 -0.3393021 0.0505675 0.0794428 0.2862555 0.2225684 0.1396592 -0.1565857 0.0676861 0.1076622 -0.1142618 0.2907486 0.3991556 0.1585189 0.4186793 0.8517247 0.6433725 0.5672990 -0.0545635 -0.1787856 0.2482527 -0.1383387 -0.2547601 0.1297109 0.2721185 0.1354182 -0.2061714 -0.3876627 -0.3249233 -0.0689280 -0.1638431 -0.3720600 -0.5705890 0.0080542 0.3219265 -0.1298018 -0.0436445 0.0656476 -0.0836434 -0.3259667 -0.2299425 -0.3853302 0.2968713 -0.4504288 -0.4686491 -0.0731279 0.0127554 -0.1716945
0.2465451 0.1519884 0.0180860 0.7204968 0.2615666 0.7574207 0.9120155 0.6021865 0.8197495 0.8011203 0.7687817 0.0000000 0.0860273 0.7127656 0.8451488 0.5550814 0.7013933 0.4866675 -0.0473649 -0.0364151 0.3790260 -0.1410920 0.5046016 0.5589003 -0.0630397 0.0295882 0.3383783 0.5701044 0.3866618 0.5604635 -0.0791777 -0.2104774 0.4411952 0.4279554 0.0697639 0.5754753 -0.1245173 -0.1128251 0.2728628 0.3912286 -0.0490941 0.6171830 0.0766843 0.3518524 0.3709097 -0.0480282 0.0010504 -0.0442564 0.4788323 -0.3052561 -0.0527084 0.0778176 0.4172747 0.3092609 -0.1143677 -0.0666183 0.0281824 0.5156741 0.4547272 0.0967310 0.5912309 0.2752882 -0.0497373 0.5791223 0.5501532 -0.0523632 0.1636041 0.4906711 -0.2008254 0.5511737 -0.0110303 0.5679238 0.2998585 0.5921720 -0.1352053 0.6496901 0.4544111 -0.1020260 0.5213941 0.3802807 -0.2562943 -0.2648270 -0.0443777 -0.3214236 -0.3863030 -0.3371643 -0.4283745 -0.3425883 -0.4025591 -0.4404669 -0.0529440 -0.4016610 -0.0948285 0.0186787 -0.3950042 -0.5693567 -0.5971371 -0.1416542 -0.2286077 -0.1615902 -0.1666382 -0.3132627 -0.0898979 -0.2296721 -0.3974153 -0.0958083 -0.2434897 -0.0993274 -0.1454912 -0.1938344 0.0164674 -0.0054588 0.0249694 -0.1008929 -0.2808886 0.1185230 0.0184374 -0.1321273 0.1128509 0.0393464 -0.0715052 0.0850130 -0.1642156 -0.3376802 -0.0173527 0.2534955 0.0678053 0.0277576 0.2987600 0.0560863 0.0734495 -0.0355121 0.0673312 -0.0557282 -0.2795327 -0.2998459 0.0045943 0.4121080 0.0922795 0.3210873 -0.3939923 0.3405293 -0.4424210 0.0657611 0.1523538 -0.3699646 0.0260089 -0.2900520 -0.2395497 0.1607650 0.0742632 0.0968152 0.0086504 -0.2745642 -0.2715030 -0.4242402 0.1021919 -0.1960128 0.0156663 -0.0719537 -0.3208266 0.2035599 -0.6124348 0.0398762 -0.1791231 -0.3109333 -0.4692098 0.0095940 -0.2124818 -0.2745102 -0.2207478 -0.2052319 -0.0126220 0.0133231 0.2395886 0.3446622 0.2793003 -0.0747378 0.2253838 0.1928564 0.0417418 0.3806245 0.3660846 0.2145667 0.2865559 0.6005404 0.5124286 0.4245220 0.2668813 0.1779871 0.2779282 0.2314408 0.0440893 0.1076258 0.3547923 0.2894095 0.0299016 -0.1004343 -0.0657874 0.2076963 -0.2749393 -0.5317553 -0.3942571 -0.2337455 0.0512766 -0.1978844 0.1358079 -0.1117157 -0.1639359 -0.2410426 -0.2758916 -0.1883388 0.2366705 -0.2319247 -0.2911918 -0.1351378 0.3191419 0.0699209
0.5620386 0.6041870 0.7878959 0.5461674 0.5923427 0.5461217 0.3756249 0.7107278 0.3412099 0.2088896 0.3040664 0.0860273 0.0000000 -0.1689237 0.1000613 0.2299516 0.1195930 -0.0448123 0.5125948 0.7232095 -0.2975709 0.4676375 -0.0789656 0.1163310 0.5543986 0.5467357 -0.2734464 -0.0024897 0.4413366 0.1817847 0.8470794 0.2159239 0.0690626 0.4974656 -0.0358136 0.1438183 0.2146484 0.5956067 -0.3945092 -0.2316450 0.6965284 0.2932851 -0.3695786 0.3356799 0.4179008 -0.0787223 -0.3628772 0.6905583 0.2932373 0.3735416 -0.2921641 -0.3006893 0.3796583 0.0997515 0.5313621 0.2294479 0.2115529 0.2961387 0.4247003 -0.2252651 0.5166597 0.0523777 0.7311871 0.0477362 0.1876595 0.7640688 0.0885103 0.3546022 0.6274033 0.0891922 0.3944696 0.1152200 0.2637005 -0.1732629 0.6586048 0.1203350 0.4098125 0.5709740 0.4740844 -0.1809817 0.2038556 -0.2177691 0.2859642 -0.2376875 -0.4160019 -0.2270340 -0.2175074 -0.6061738 -0.3954650 -0.4117051 -0.0321766 -0.0950205 -0.3049392 -0.2421150 0.0142935 -0.3555214 -0.2886090 -0.1807059 0.2869147 0.0859403 0.0302407 -0.3482458 0.0462304 0.4609919 -0.0249328 0.2661554 -0.2411764 -0.3577921 -0.1436089 -0.6065633 0.1079708 -0.2827576 -0.1755080 -0.3105804 -0.3469851 -0.2081801 -0.2821534 -0.1928759 -0.2785989 0.0836363 -0.0404941 -0.2924448 -0.1999146 -0.2298575 0.4586814 0.5155558 -0.0368970 0.1736530 0.0566348 -0.1502631 0.1355718 0.2101176 0.0831650 -0.1942980 -0.2669559 -0.0498302 0.1990240 0.1543215 0.2137036 0.1771067 -0.1019397 0.2534210 0.1064539 -0.1418894 0.3462889 -0.4922787 0.1735749 0.0690780 -0.1826444 -0.1318699 0.0382675 0.3917747 0.2279072 -0.2126819 -0.2629566 -0.1457484 -0.2606931 0.1535297 -0.0493089 -0.1563762 -0.3963960 -0.1043394 0.0925752 -0.2162144 -0.3107331 0.3997514 0.1118654 -0.2558347 -0.1679729 -0.0335896 -0.3264888 -0.3068254 -0.6553963 -0.4851049 0.1904593 -0.5035236 -0.5779660 -0.7148310 -0.4749942 -0.4013583 -0.4347772 -0.3071159 0.1870510 -0.0023710 0.4477195 0.2721967 0.6312763 0.3160778 -0.4499386 -0.5923852 0.0025921 -0.4449477 -0.5956840 -0.3807272 0.0131567 -0.1764145 -0.2254358 -0.4926551 -0.4459105 0.2673105 0.0830572 -0.1472727 -0.4626471 0.0624040 0.6907840 0.3041945 0.1679871 0.4379264 0.2350896 -0.3290629 -0.0581474 -0.7605384 0.6712268 -0.2816691 -0.6794858 0.6840473 0.0900442 -0.2070954
0.2030471 -0.0136612 -0.0350439 0.4844523 -0.0691233 0.5433385 0.4970839 0.2600868 0.6083867 0.8355404 0.6132529 0.7127656 -0.1689237 0.0000000 0.5628594 0.2951139 0.7391230 0.8296380 -0.3853717 -0.1355776 0.2156475 -0.0525817 0.3667596 0.8052385 -0.1621720 -0.2921145 0.4656806 0.8106594 0.2758658 0.6098592 -0.2473998 -0.3143521 0.7712849 0.5308748 -0.2893601 0.2711439 -0.2796373 -0.3301139 0.2183853 0.4880921 -0.1318665 0.3797526 -0.1162732 0.4093137 0.3982110 -0.2773084 -0.2028413 -0.1275364 0.6867301 -0.4114409 -0.2857859 0.1012673 0.6000953 0.3947272 -0.3282513 -0.2211152 -0.0949800 0.5979888 -0.0854827 -0.0984145 0.4559528 0.2203142 -0.1702955 0.6768974 0.5982127 -0.1152070 0.0737052 0.3955173 -0.0202039 0.6073560 0.0031927 0.6010818 0.2586503 0.5612744 -0.0417638 0.5871882 0.4975820 -0.0763486 0.4745366 0.5228212 -0.3263767 -0.1380397 -0.0221844 -0.0293652 -0.1323223 -0.1850648 -0.3753479 0.0532844 -0.1919425 -0.1297462 0.2104849 -0.0699706 0.1702162 0.2834251 -0.2402491 -0.2881341 -0.2127960 0.1524531 -0.0943358 -0.3446055 0.0863188 -0.0202037 0.0589864 -0.2588215 -0.1702729 0.0996632 0.0432399 0.0861616 -0.0983496 0.1143385 0.2800433 0.0787462 0.0461778 0.2386153 0.1033787 0.2250844 0.1627913 0.1246268 0.0986108 -0.1339712 -0.0017490 0.2592107 -0.1716389 -0.2450333 -0.3169162 -0.1964865 0.1300215 -0.0928489 0.0190818 0.0869707 0.0294567 -0.2207614 0.0510008 -0.1063180 -0.2385126 -0.4504551 -0.1550526 0.1784686 -0.0647936 -0.0994246 -0.1535430 0.1141335 -0.5588842 -0.1358166 -0.1893029 -0.0327256 -0.1911924 -0.3547190 -0.1247328 0.1247271 -0.1484310 -0.3764499 -0.3178996 0.0997433 0.0248669 -0.5655832 0.2649832 -0.3117303 0.0148580 -0.1794742 -0.0468284 0.2548940 -0.6514092 -0.0853457 0.0320096 -0.6375219 -0.3016507 0.2015263 -0.0205652 -0.0585606 -0.0038452 0.0477984 0.0713165 -0.0609467 -0.1130964 0.2346034 0.1983091 -0.1000056 -0.0665410 -0.1785673 -0.3439058 0.1018502 -0.1018393 -0.0908056 -0.3001525 0.5214198 0.2366241 0.4780244 0.2478448 0.1350318 -0.0738583 0.1778979 -0.0360870 -0.0987911 -0.0553301 -0.1572233 -0.3299991 -0.1171894 0.2463577 -0.2424823 -0.4157545 -0.4760993 -0.5070762 -0.3064477 0.0963802 -0.2586874 -0.1493371 -0.3125511 -0.4015645 -0.1617785 -0.5557794 0.0208271 0.2831974 -0.1489059 -0.1751075 -0.3289713 0.3325123 0.2196037
0.2303494 0.1873291 0.0916041 0.7327695 0.3178065 0.7606471 0.7431633 0.5866650 0.9035032 0.7703194 0.7811515 0.8451488 0.1000613 0.5628594 0.0000000 0.6506782 0.7872096 0.2864978 0.0254396 0.1318367 0.2387345 -0.0773694 0.6343489 0.4637519 0.0731989 0.1868734 0.4929996 0.5006949 0.3702122 0.6260002 -0.0300017 -0.0449034 0.4026223 0.4389237 0.2540722 0.5615399 0.0727633 0.0211836 0.3332653 0.4908673 0.0438989 0.5723598 0.2137533 0.4289951 0.4034058 0.0199794 0.1093578 0.0810366 0.4794015 -0.2281279 0.1699148 0.2007763 0.4721899 0.4662919 0.1267216 0.1490834 0.2328467 0.6589211 0.5467975 0.2941975 0.5741222 0.5264614 0.1297054 0.5218219 0.4596222 -0.0071933 0.3185876 0.6593378 -0.1213324 0.6412156 0.1569265 0.4281800 0.5388546 0.4724304 -0.0971819 0.7297945 0.4486825 0.0775418 0.6160016 0.1739864 -0.0922669 -0.0280541 -0.0527357 -0.1676531 -0.1563424 -0.2743795 -0.1668836 -0.2799952 -0.3164375 -0.2871504 0.2481406 -0.2343293 0.0154069 -0.3471384 -0.3121196 -0.3651832 -0.4839498 -0.1809057 -0.0843843 0.0187125 0.0252197 -0.1174127 -0.0573514 -0.0819738 -0.1881861 -0.0414824 -0.0915310 0.1138542 -0.0038572 -0.0284741 0.1437155 0.2195897 0.1521710 -0.0380715 -0.2631659 0.1854650 0.0416444 -0.1448339 0.1503004 0.0673522 0.0312301 0.0800427 0.1491463 -0.2680003 -0.0434886 0.2906779 0.1381592 0.2582858 0.2797058 0.2380996 0.2059763 0.1501176 0.2444075 0.0683528 -0.2461165 -0.1967901 0.2215756 0.3596190 0.1907271 0.2678613 -0.3929676 0.3909017 -0.3522552 0.0560364 0.2393051 -0.2006766 0.1552777 -0.2258200 -0.2347930 0.1922769 -0.0009292 0.1675993 0.1860923 -0.2621180 -0.3173200 -0.3010434 0.0351264 -0.0439457 -0.0747104 0.0312918 -0.3025119 0.2439480 -0.3905399 0.1071914 -0.1179365 -0.0159820 -0.3087655 0.0130078 -0.2145767 -0.1838895 -0.1807055 -0.2132612 0.1675624 0.1154347 0.0334241 0.2132001 0.1593750 -0.1702145 0.1659474 0.2872367 -0.0454842 0.4675538 0.4622607 0.3302902 0.4276088 0.5829670 0.4904276 0.3187960 0.0457512 -0.0770795 0.2388121 0.1521309 -0.0299202 0.1322899 0.2488349 0.2777159 0.0102635 -0.1476715 -0.2695730 0.1779415 -0.3136585 -0.4906192 -0.4215167 -0.1062402 0.0481897 -0.2069285 0.2206904 -0.1732966 -0.2715799 -0.3406887 -0.2999601 -0.1890247 0.1755077 -0.3130223 -0.4534133 -0.2363575 0.1672896 -0.0719654
0.3627601 0.1080193 0.1750804 0.5197044 0.2780325 0.5776170 0.5414978 0.5822627 0.5417627 0.4363814 0.7302011 0.5550814 0.2299516 0.2951139 0.6506782 0.0000000 0.5009614 -0.0873239 0.6000019 0.4290745 0.1258651 0.1527733 0.8468917 0.0859849 0.3658307 0.6431052 0.1648388 0.2607367 0.4022840 0.3575382 0.1549051 0.2196737 0.2454535 0.3378423 0.5633828 0.5396126 0.3974099 0.1736908 0.3883387 0.5503205 0.0759841 0.6249752 0.4395898 0.4925607 0.1342855 0.3469745 0.3658251 0.1446620 0.3358901 -0.1184482 0.3405362 0.1721907 0.2862483 0.7558752 0.2730748 0.3768812 0.4588284 0.7472962 0.6746460 0.4523935 0.4949311 0.8168360 0.0903780 0.5098669 0.4297944 -0.0101825 0.5669918 0.8874018 -0.2044595 0.7653601 0.1965355 0.2157778 0.7453247 0.4333959 -0.2313489 0.7638116 0.2828526 -0.0312164 0.5603740 -0.1844639 -0.2408338 0.3366353 0.3596146 0.0844878 0.1477642 0.0271751 0.0904597 0.0535650 -0.0132694 -0.0116030 0.3787268 -0.0344340 0.0608227 -0.1801142 0.0676469 -0.1789823 -0.2655962 -0.0387535 0.2168476 0.5573116 0.2608354 -0.1031656 0.2295893 0.2347285 0.0972508 0.2585462 0.1295336 0.4159056 0.2390674 0.1221259 0.3042457 0.3326415 0.3102147 0.0335836 -0.3250807 0.1823396 -0.0113981 -0.3448642 0.1113269 0.1199183 -0.0350116 -0.0768202 0.4468481 -0.1527760 -0.0409043 0.2077388 0.1011451 0.3232735 0.3042159 0.3023389 0.1841397 0.4823118 0.2613461 0.1393454 -0.0670681 -0.0438717 0.1891135 0.3106615 0.1868905 0.0723116 -0.4721256 0.5091717 -0.0576906 -0.2013095 0.2479635 -0.3516230 0.3420988 0.0615752 -0.1834331 0.4704840 0.0122685 0.2440672 0.4108670 -0.2920439 0.0323056 -0.0872700 0.0065566 0.0637037 -0.2223181 0.1628785 -0.1615549 0.2886310 -0.0274679 0.1918938 -0.0857565 0.1180178 -0.0653873 -0.0926767 -0.1659491 0.0332108 -0.1276040 -0.2002789 0.3548224 0.2082162 0.2035339 0.2276242 0.1414114 -0.0444152 0.1784704 0.4710217 0.1969824 0.5651702 0.7122425 0.5174391 0.6701796 0.6995740 0.5499995 0.4427613 -0.0908093 -0.2671888 0.4297525 -0.1515540 -0.1695006 0.4087982 0.3734107 0.3860191 -0.0695674 -0.3305640 -0.6395499 0.0522596 -0.2751054 -0.1526682 -0.3588357 -0.1593719 -0.0359204 -0.5286342 -0.0311109 -0.3071466 -0.2146030 -0.3828784 -0.2294360 -0.4319095 -0.1102969 -0.7611316 -0.5186213 -0.2514701 -0.2330486 -0.3625248
0.1080580 0.3036835 0.2363142 0.6598723 0.3526358 0.7414728 0.5434957 0.4811531 0.8284784 0.8804284 0.7214396 0.7013933 0.1195930 0.7391230 0.7872096 0.5009614 0.0000000 0.5174755 -0.1869452 0.1831496 0.2337335 -0.1024349 0.5121675 0.6759360 0.0235458 -0.0385228 0.4585275 0.4875106 0.2917390 0.5468260 0.0020075 -0.2017211 0.5581031 0.6046623 -0.1491717 0.4485098 -0.1639390 -0.1878262 0.1058153 0.3133157 -0.0789055 0.4460956 -0.0636177 0.3184097 0.3955536 -0.3078566 -0.2134386 -0.0150436 0.5584189 -0.3180613 -0.1733041 0.0827568 0.6662448 0.4157034 -0.0914464 -0.1016675 0.0033237 0.6758791 0.1700057 -0.0808080 0.4917503 0.3986168 0.1275274 0.6916808 0.6168293 -0.0238529 0.0954167 0.5672308 0.0823348 0.6711819 0.0062801 0.4629673 0.4083736 0.6146646 0.0660176 0.6907398 0.6655075 0.1187973 0.6266253 0.5114646 0.0293191 -0.1081536 0.0088324 0.0005277 -0.0412333 -0.2248094 -0.2397993 -0.0971807 -0.2817205 -0.2294254 0.3977045 -0.0838416 0.1308768 -0.1154304 -0.3259975 -0.3620728 -0.3331110 0.0240622 0.0395105 -0.2190446 0.1397042 0.1208361 0.0319222 -0.0233582 -0.1559482 0.2337789 0.0817018 0.1810795 -0.0582921 0.0939985 0.4008348 0.1931730 0.1093087 0.1498061 -0.0209203 0.1863540 0.1441401 0.1044823 0.1442288 0.0708463 0.1304746 0.1985449 -0.0073952 -0.1565486 -0.0762983 0.0948096 0.0894438 0.0108627 0.1549793 0.2218349 0.1206978 -0.1103799 0.0820066 0.1782102 -0.3610161 -0.5273085 0.0247809 0.2507187 0.0436471 0.1345872 -0.3095652 0.2931363 -0.3767999 -0.2146806 -0.0674848 -0.1822642 -0.0832307 -0.3595137 -0.1840664 0.2144691 -0.1140448 -0.1753670 -0.0476634 -0.1061187 -0.1976225 -0.4399417 0.0581903 -0.2330867 0.0116823 -0.1251895 -0.1840300 0.2844130 -0.4097751 -0.0947302 -0.0506890 -0.2650376 -0.3329280 0.0649083 -0.2267331 -0.2260332 -0.1484032 -0.2160105 0.1104142 -0.0342452 0.0902342 0.2955899 0.2398324 -0.2016179 0.0667587 0.0113666 -0.2931638 0.2552648 0.1517061 0.1153586 0.0424489 0.5827877 0.3178014 0.4804524 0.1964881 0.0121142 0.1375120 0.2956085 0.0459858 0.1361072 0.1671922 0.1385290 0.0026512 0.0068961 0.0767319 0.0439129 -0.2920632 -0.4366461 -0.5910332 -0.0305003 0.1794494 -0.0397912 0.2055064 -0.0923028 -0.3670437 -0.0998401 -0.5223743 -0.0194570 0.3722964 -0.1351575 -0.2680567 -0.2015337 0.2222156 0.0868209
