0.0000000 0.4410492 -0.0033589 0.0605958 0.0140996 0.1269155 0.1908883 0.0464903 0.2105096 0.1197226 -0.1264593 0.3837435 -0.1140482 -0.0800533 0.2282370 -0.0650537 -0.3380148 0.3144537 0.0477676 -0.0493268 0.5984894 -0.0867180 -0.1566297 0.2045466 -0.0011759 0.0478144 0.2512454 0.3114228 0.4639130 0.3347954 -0.1664841 -0.1930793 0.2359495 0.3394892 0.0564441 0.5219923 0.0801161 0.0792931 0.2794054 0.2305460 -0.3385948 0.5505806 -0.0743212 0.0799495 0.4686361 0.1373725 0.0527067 -0.4138831 0.1527098 0.0455377 0.0446869 -0.1186716 0.2701624 0.0736189 -0.4094314 -0.1483502 -0.1199991 0.0588686 0.3374407 -0.1128859 0.5515476 -0.0727054 -0.3697299 -0.0344997 0.0390644 -0.3156003 -0.0084979 -0.1427277 -0.3202335 0.0662299 0.0400759 0.1199049 -0.0599200 -0.0137278 -0.0427177 0.0200053 0.0946702 -0.0032604 -0.0117197 -0.0102589 -0.2066910 0.1827028 0.0708228 0.2481775 0.1363631 0.1222791 0.0855947 -0.4807896 -0.1161139 -0.0193165 0.2394728 -0.1785216 0.1772982 -0.1504094 0.2887628 -0.0966989 -0.1537431 0.0206002 0.3468231 0.2704053 0.1450668 0.1626127 0.1715162 0.3563335 0.0475678 0.1812615 0.3614287 0.2397869 0.2728298 0.5338297 0.4359838 0.5998320 -0.1216881 -0.1614410 0.1065045 -0.1133854 -0.0992434 0.2754779 -0.0533298 0.2258281 0.0239623 -0.1225787 0.4794850 0.0217065 0.1969484 0.7217559 -0.0153307 0.3383278 0.3677806 0.1959261 0.2370310 -0.1718011 0.2825102 0.5073959 0.0142862 0.5092664 0.2741728 0.1519745 0.2189620 0.5745278 -0.0955373 0.2391486 -0.2994076 0.5904666 0.1908125 0.2575140 0.2016945 0.1155941 -0.1839154 0.3774809 0.5126721 0.3929799 0.3109974 0.0711761 -0.0037091 0.3886908 0.0329658 0.2434823 -0.0810988 0.5188494 -0.1495654 0.4743075 0.1862876 0.4039403 0.1506134 0.2230705 0.1708888 0.0577211 0.0964340 0.0642237 0.0866342 0.0243270 0.3887850 0.3144418 0.3627998 0.3722157 0.4593882 0.5352738 0.5675798 0.7478142 0.6104898 0.5780188 0.6312333 0.6108061 0.2320529 0.0493701 -0.0035315 -0.0805683 0.1697371 0.2909906 0.4084645 0.3714981 0.5512423 0.5358044 0.7674135 0.7055793 0.7120399 0.3335685 -0.2803702 0.7567402 0.0973783 0.0885354 0.3387996 0.1846269 -0.0548697 -0.0034228 0.5821410 0.0884495 -0.0015071 -0.0909953 0.1607926 0.2354624 0.0499433 0.1295792 0.4466370 0.0796272 -0.1995796 0.1505654
0.4410492 0.0000000 0.4525990 0.6622627 0.2201596 0.6562146 0.2640821 0.4636052 0.4373898 0.5723629 0.4861489 0.6707425 0.3230891 0.1881973 0.5990465 0.4329091 0.1376020 0.1769273 0.4629211 0.2952148 0.3384570 0.4095191 0.0072440 0.4347162 0.4747069 0.4086145 0.3001226 0.3739919 0.4813828 0.3999065 0.1890064 0.4092697 0.4249672 0.7202754 0.4364731 0.1432848 0.6086826 0.4932504 0.4704789 0.2751246 -0.0309135 0.2689386 0.3355800 0.1831987 0.1002166 0.6706766 0.4385814 0.0971964 0.4598374 0.4256040 0.3546563 0.3355228 0.6643894 0.4200121 0.0017463 0.5430410 0.4648593 0.5072783 0.6579252 0.2813170 0.4924918 0.4128268 0.0794954 0.5688145 0.5003587 0.3594252 0.3704040 0.5310039 0.2745414 0.6400288 0.5011730 0.5930663 0.5039871 0.5700546 0.3810403 0.5999678 0.6385526 0.3883712 0.5102872 0.3689695 0.3185448 0.0477045 -0.2610742 -0.0375481 0.0833165 -0.2391891 -0.4936667 -0.5102051 -0.4429840 -0.2330257 -0.3113773 -0.1537985 0.0659782 -0.3372547 -0.1999006 -0.0510511 -0.1795829 -0.1722183 -0.3227329 0.2016429 -0.2978184 0.0561288 -0.1245281 -0.0527305 -0.1874067 -0.0981789 0.2066013 0.0761681 0.1694638 0.0983999 0.0328550 0.1574787 -0.1051410 -0.1846789 -0.1215514 -0.1213928 -0.1327280 0.2836319 0.0494034 0.3870400 0.1813160 -0.1573817 0.4765494 0.3646122 0.3727960 0.4636521 0.1336268 0.6463013 0.5094865 0.3036806 0.3987574 0.2528955 0.4175639 0.4842492 0.3486964 0.5253607 0.3809647 0.4733639 0.3983739 0.7583008 0.2162785 0.5511937 0.3489524 0.4263351 0.4333281 0.3096068 0.4503325 0.3466743 0.2311792 0.6682913 0.6614783 0.4206737 0.5988751 0.2305293 0.5220909 0.1630191 0.4996908 0.4842533 0.6311641 0.6938811 0.0903464 0.8054948 0.0539743 0.6435795 0.3400427 0.2451700 0.3819782 0.1353813 0.4694967 0.2565115 0.3895328 0.0410675 0.2311962 0.2191344 0.6140190 0.2644767 0.2624218 0.3640293 0.2160250 0.4110501 0.4759503 0.6171753 0.7165100 0.5353544 0.5827004 0.3629387 0.3647308 0.3448923 0.7131204 0.7018211 0.3681859 0.6000645 0.5075341 0.2242107 0.5246849 0.3865155 0.3686076 0.3020715 0.0194031 0.5162042 0.5272447 -0.2289352 0.2640498 0.3143841 -0.4121840 0.1834873 0.4638684 -0.2362785 -0.0645475 -0.2055154 0.0665892 0.2069353 -0.0064458 -0.0166565 0.1926544 0.1628939 0.0459558 0.1765185
-0.0033589 0.4525990 0.0000000 0.4955376 0.7615860 0.1685692 -0.2443689 0.5131057 0.3750725 0.4101032 0.3844516 0.0776715 0.6377180 0.1378206 0.2501912 0.2775331 0.2098853 -0.2527297 0.4763687 0.7924669 -0.2047832 0.5186816 -0.0469079 0.2059600 0.5985232 0.3075636 0.2487928 0.1347422 -0.2307678 0.2592721 0.5303565 0.6529819 0.2998499 0.4061491 0.2322979 -0.4813426 0.3642763 0.4233856 0.3529089 0.2660274 0.3646772 0.0441561 0.3687714 0.1264928 -0.2862861 0.4530798 0.2319060 0.1791724 0.3158782 0.4321146 0.2945983 0.6023994 0.4621261 0.3358625 0.5148129 0.6441184 0.4432956 0.3645688 0.8442901 0.2227757 0.4706172 0.2367127 0.7111939 0.4597386 0.6113654 0.5929773 0.0887931 0.4109384 0.5729756 0.4056742 0.4308899 0.4009703 0.4241023 0.6228700 0.4791633 0.5198003 0.5006024 0.4382077 0.5670450 0.7219310 0.3615825 -0.2087382 -0.2672922 -0.0332602 -0.0802787 -0.5471993 -0.3174340 -0.1299446 -0.4917105 -0.1736212 -0.3773650 -0.0127734 -0.1120359 0.0230886 -0.3658719 -0.1211654 0.1031774 -0.2365376 -0.3716015 -0.1436430 -0.0851492 -0.3193841 -0.2920005 -0.3034612 -0.2935645 -0.4676885 0.0949085 -0.0750299 -0.2193299 -0.1203083 -0.0840395 -0.0354195 0.0507212 -0.0399996 -0.1268695 0.0004067 0.0325379 0.0045694 0.0850011 0.0230372 0.0112647 -0.0091926 0.1390895 0.2451969 0.2101166 -0.0650141 0.1097474 0.1921323 0.0526715 0.1241902 0.1699956 0.2678433 0.0665617 0.2904669 0.5316690 -0.1790461 0.0452855 0.1206014 0.0031322 0.1475299 -0.0103747 -0.0010779 0.6065148 -0.0675655 0.0777143 0.0737092 0.1511643 0.0969395 0.3170422 0.0858191 0.0977595 0.0546370 0.2473166 0.1185891 0.3452610 0.0639427 0.5812304 0.1588160 0.6518551 0.4190737 0.0988672 0.3656538 0.1698352 0.4151586 0.3206352 0.2669703 0.2406061 0.1646117 0.3748746 0.3913286 0.1927076 0.2353427 -0.1569913 -0.2523041 0.0278742 -0.2181634 -0.2448601 0.1385283 -0.1946447 0.0290355 0.2449639 0.1141155 0.1828872 0.1343915 0.7378432 0.7508656 0.7421692 0.8575600 0.6021523 0.4601910 0.0994666 0.4357028 0.1094203 -0.0805183 -0.0087222 -0.1013453 -0.1319420 -0.1341188 0.5113375 -0.1082176 0.5714591 -0.0966862 -0.1073484 0.0932126 0.0376723 0.2332490 0.0936582 -0.1297176 0.4223735 0.0640470 -0.2050482 -0.1381583 0.1375692 -0.3233874 -0.1643253 0.6004231 -0.1978323 0.2483281
0.0605958 0.6622627 0.4955376 0.0000000 0.1461547 0.6579876 -0.3158285 0.8535603 0.6066414 0.6551758 0.8061715 0.4324485 0.6502793 0.4361836 0.5598258 0.7342080 0.3197836 -0.0539764 0.7973299 0.5777586 -0.0885958 0.6741962 0.2864827 0.4498590 0.7543750 0.7892930 0.2095981 0.2986399 0.1302091 0.3314995 0.5970200 0.5845756 0.4741203 0.7438039 0.7920492 -0.1916497 0.8573660 0.6767371 0.4840524 0.3139814 0.1929196 -0.1076420 0.7712052 0.3175232 -0.2919672 0.8486625 0.7857487 0.3260364 0.6162999 0.6783980 0.8096328 0.7054667 0.7691118 0.7623733 0.4333193 0.7426989 0.8317418 0.7885013 0.5274848 0.7835503 0.0883648 0.7769623 0.2587571 0.8996840 0.6637558 0.6772033 0.7528252 0.8528138 0.4936897 0.9203656 0.8208463 0.8702957 0.9103073 0.8314563 0.6578656 0.9120915 0.9060704 0.7876853 0.8687929 0.6040446 0.6535969 0.2170560 -0.2461532 -0.2483067 -0.1940546 -0.3981604 -0.5184611 -0.3837110 -0.5352602 -0.4781240 -0.2620919 -0.0453902 -0.0910708 -0.2921764 -0.3241126 0.0446015 -0.0829050 -0.2495958 -0.5717410 -0.0956689 -0.2543548 -0.1864411 -0.2119601 -0.1882145 -0.1656542 -0.0694250 0.0898787 -0.0258726 -0.0657648 -0.3341748 -0.1007667 -0.0747366 -0.1531548 -0.2984845 -0.3060514 -0.2403074 -0.2313569 -0.0352940 0.0165926 0.1539028 0.2748604 -0.0420814 0.3666827 0.6396699 0.3012500 0.1023471 0.3799962 0.5678225 0.2818567 0.4890337 0.4432643 0.3254982 0.5053991 0.6277169 0.2104303 0.2559137 0.3432704 0.3749806 0.2817806 0.3812755 -0.1439811 0.1516897 0.3119115 0.1613018 0.3808681 0.4968962 0.3300315 0.1350589 -0.1534841 0.3289552 0.3440497 0.3528814 0.4273555 0.3836704 0.4906041 0.0487791 0.3938158 0.3956364 0.3799552 0.5435153 0.3080924 0.5091095 0.2227191 0.4994686 0.4904835 0.3803225 0.2810502 -0.0929372 0.3580719 0.3003945 0.4179931 0.1047216 0.2169682 -0.2412437 0.1045334 -0.1727319 -0.2607141 -0.1573905 -0.2510004 -0.0700038 0.0432239 0.4617105 0.4818462 0.3676234 0.5506470 0.2852357 0.1531606 0.3664270 0.7569061 0.7523214 0.0680094 0.6256238 0.1674228 -0.2858652 0.0696155 -0.0931616 -0.0640664 -0.1059697 0.1805264 0.0623123 0.4064575 -0.1715807 0.1747467 0.1600762 -0.5210384 0.2189263 0.1788410 -0.5244036 -0.0375459 -0.1918591 0.1664560 0.1440215 -0.2947481 -0.3632162 -0.3361791 0.0816822 -0.0847687 0.1830382
0.0140996 0.2201596 0.7615860 0.1461547 0.0000000 -0.1344352 -0.1045575 0.3387622 -0.0171413 0.0804308 0.1341529 -0.1060013 0.5271956 -0.0281770 -0.0420507 0.0769146 0.0784553 -0.1310414 0.2796620 0.5005654 0.0333579 0.1118137 0.0503054 -0.0928107 0.3912674 0.0747175 -0.1195565 -0.1625643 -0.0184652 -0.1073366 0.1892995 0.4427228 -0.0911693 0.2108479 0.0180806 -0.2757419 0.0587452 0.2688249 -0.0671670 0.0652377 0.1842245 0.2687361 0.0406721 -0.1220572 0.0945975 0.2084115 -0.0479336 -0.0419987 -0.1478591 0.1452123 0.0036489 0.1347840 0.1113131 -0.1798798 0.2671029 0.3776667 0.1123942 -0.1689238 0.6374705 -0.0309613 0.5462250 -0.0990485 0.6541422 0.0448564 0.4513698 0.3239808 -0.1809399 0.1161801 0.5035464 0.0032132 0.1518629 0.1410385 0.1402794 0.4097258 0.3799402 0.1370516 0.2341659 0.2232244 0.2270805 0.6361658 0.1669842 -0.3232981 -0.2531036 0.0056037 -0.1667126 -0.4483780 0.0122004 -0.2691704 -0.4907360 -0.2590998 -0.2042806 0.1079087 0.0773728 -0.1861013 -0.3027461 -0.1355194 -0.0432673 -0.1840960 -0.1319078 -0.1428090 -0.1649540 -0.2598212 -0.2830158 -0.2988571 -0.2408609 -0.3974547 0.0093117 -0.1292195 -0.1240800 -0.0717530 0.0381244 0.0296303 -0.1338270 -0.1423184 -0.3428252 -0.1574852 -0.0599765 -0.0959763 -0.0930282 -0.0840374 -0.2360236 -0.0810053 -0.0223805 -0.0963444 -0.0017246 0.0941420 -0.1104878 -0.0661922 0.0092820 -0.1160874 -0.0613599 -0.2759358 -0.2287341 -0.0100820 0.2080116 -0.2999520 -0.1469417 -0.1417883 -0.1846499 -0.0406655 -0.2040370 -0.1679574 0.5451129 -0.1441154 -0.1621671 -0.2209318 -0.1012215 -0.1144765 0.3971658 -0.1121565 -0.0404698 -0.1690163 -0.1154455 -0.0990441 0.1496451 -0.0578131 0.4031270 -0.2323892 0.4913040 0.2420387 -0.3445471 0.0287460 0.0584242 0.1906563 -0.0747583 -0.0721130 -0.0141368 0.1488866 0.2975192 0.0265123 -0.1602383 0.1502174 -0.4264852 -0.2653946 -0.0186844 -0.1345455 -0.0778872 0.3061515 0.0290766 0.1431447 0.3044727 -0.0170850 0.0128277 0.1520687 0.4261059 0.7493515 0.6587109 0.8879166 0.4594812 0.2165329 0.1460036 0.4569688 0.1578202 0.1007926 0.1117629 0.0179110 0.0816197 -0.0118033 0.5124004 -0.0144973 0.5160781 -0.0250525 -0.2292141 0.0469181 0.3973842 0.3596836 -0.0287586 0.2083159 0.6576522 0.3696409 -0.4339164 -0.0173144 0.6156982 0.1341032 0.0766074 0.7791629 -0.1514974 0.3473583
0.1269155 0.6562146 0.1685692 0.6579876 -0.1344352 0.0000000 0.3745247 0.3479680 0.6371744 0.8694310 0.6479413 0.8189026 0.2352796 0.6486914 0.6634564 0.5491943 0.6662507 0.3084009 0.3162051 0.3055576 0.1923236 0.5739988 0.1650368 0.4507775 0.2854774 0.4682467 0.4911769 0.4151069 0.3377597 0.3950697 0.3563658 0.3164541 0.3879357 0.6705347 0.5240088 0.0852946 0.6619207 0.3653161 0.4730922 0.2883511 0.1435679 -0.1961825 0.4623016 0.3000478 -0.1305471 0.5722229 0.4729002 0.2735058 0.5917998 0.3874681 0.4363643 0.4495039 0.7252134 0.5096856 0.0027196 0.4190847 0.5261421 0.5768755 0.2818459 0.4945512 0.0946745 0.6248987 -0.0972387 0.6740557 0.3292606 0.3925110 0.6644521 0.6188401 0.1094737 0.7360451 0.4333038 0.5391655 0.5405881 0.4804369 0.1681907 0.6218072 0.6200549 0.2437617 0.3397963 0.0517578 0.1391717 -0.0428851 -0.4523743 -0.4695096 -0.2386440 -0.3442287 -0.5543153 -0.4298719 -0.4543817 -0.4924784 -0.3353498 -0.4070036 -0.3620482 -0.3419052 -0.3045147 -0.2825771 -0.5396521 -0.4679352 -0.4448782 0.0375772 -0.5789095 -0.2296606 -0.4796644 -0.0528637 -0.3812226 -0.2475465 -0.3051222 -0.4042558 -0.1455106 -0.4127101 -0.3535559 -0.3262440 -0.3308388 -0.4239989 -0.2365136 -0.2946241 -0.4556470 -0.0548013 -0.2420284 0.1779794 -0.0577427 -0.3942610 0.1871327 0.1710467 0.1275026 0.1327253 -0.1572560 0.3661772 0.2440322 0.1227580 0.1411120 0.2038926 0.3082949 0.3413706 0.0639370 0.2892001 0.2404719 0.3781307 0.2810884 0.5553193 -0.0821235 0.4962868 -0.0261426 0.3608414 0.3147010 0.2296949 0.3569052 0.3855723 -0.1223310 0.5289735 0.4538141 0.2815585 0.4464502 0.0122706 0.4053749 0.1836572 0.0270207 0.3310033 0.3169591 0.3188736 0.1387129 0.5127531 0.0242559 0.2407995 0.0731216 0.0394771 0.0577169 -0.1058733 0.1514185 -0.0527539 0.1818546 -0.2582756 0.4244087 0.3853499 0.6742312 0.4803169 0.2788153 0.0585866 0.0939905 -0.0710695 0.0566927 0.2998236 0.4271928 0.2333625 0.5099521 0.1038038 0.1823292 0.0799235 0.5699344 0.6039135 0.1189351 0.4958662 0.4709098 0.0574035 0.2113570 0.2005128 0.1533979 0.3401982 -0.0461869 0.2636203 0.5334710 -0.2111430 0.0602247 -0.0451348 -0.5578866 0.0314268 0.3433236 -0.1556040 -0.0247167 -0.0595246 -0.0711155 0.4500566 -0.2640809 0.0504900 0.1546926 0.0454770 0.0863204 0.2739275
0.1908883 0.2640821 -0.2443689 -0.3158285 -0.1045575 0.3745247 0.0000000 -0.4831515 -0.0170543 0.2690021 -0.2049046 0.5219455 -0.4004528 0.1593652 0.1617363 -0.2775831 0.3428075 0.4792191 -0.4516141 -0.3635578 0.5627730 -0.1652803 -0.1924758 0.0824424 -0.4037480 -0.3999790 0.3246397 0.1700692 0.4960021 0.1201502 -0.3886476 -0.2654701 -0.0473106 0.0702113 -0.3302909 0.4474944 -0.1821013 -0.1809556 0.0206779 0.0162712 -0.1030233 0.1015187 -0.3579422 -0.0390968 0.3448305 -0.2171603 -0.3709290 -0.0726006 -0.0690700 -0.3851103 -0.5225973 -0.3329358 0.0614818 -0.3790483 -0.5959003 -0.3428575 -0.3778641 -0.3209438 -0.1014639 -0.4339540 0.2029471 -0.2236855 -0.4546043 -0.2665398 -0.3463002 -0.3893408 -0.2134662 -0.2001815 -0.4788233 -0.2032022 -0.4851817 -0.3273583 -0.4070261 -0.3680583 -0.5629506 -0.3148959 -0.2769926 -0.6520777 -0.5680966 -0.5720383 -0.6110225 -0.2354407 -0.2324451 -0.2021520 0.0265076 0.1623249 0.0487247 -0.2467121 0.0489363 -0.0346257 -0.1715725 -0.3271642 -0.1581286 -0.1760196 0.1365072 -0.3742832 -0.4557879 -0.2003577 0.1298179 0.4027464 -0.4174967 0.1342056 -0.2020002 0.1766669 -0.2733563 -0.2150442 -0.3369839 -0.3261880 0.0863488 0.0104878 -0.1849651 -0.2071978 -0.1592009 -0.0443853 -0.0394870 0.0135596 -0.0850316 0.1361240 -0.1589333 0.1815368 -0.2814211 -0.3078254 -0.1442961 -0.4689327 -0.0494236 0.2209848 -0.5335612 -0.0442244 0.1183933 -0.3441899 -0.2295653 -0.2967215 -0.2200835 -0.2992335 -0.2263850 0.1474532 -0.0809797 0.1114587 0.0980322 0.3886618 0.0183053 0.5421924 -0.2266334 0.3245611 -0.0189649 -0.2979874 0.1143798 0.2752737 0.2229877 0.3685571 0.2707804 -0.0417472 0.0825117 -0.3023876 0.0901965 0.1235638 -0.1652506 -0.0514867 0.1456965 -0.0813749 -0.2931867 0.1978555 -0.2091754 -0.0761316 -0.3525807 -0.3611657 -0.0797979 0.0601082 -0.0992407 -0.3299187 -0.1864488 -0.3276759 -0.1022529 0.7232899 0.8050270 0.7994417 0.7969090 0.4819439 0.6161783 0.2582215 0.3169915 0.0264990 0.1151540 0.1113097 0.0160067 -0.1234930 0.0876926 -0.1920821 -0.1230099 -0.1305283 0.2287598 -0.0498934 0.4391475 0.5348051 0.3541181 0.4862315 0.4779301 0.6129735 -0.2943632 0.3833909 0.2640397 -0.1141650 -0.0353730 -0.0414444 -0.0107262 -0.2133106 0.1916319 0.4477136 0.0951696 0.1562629 -0.2013789 0.3722791 0.1440204 0.5834674 0.6399077 0.0356301 0.1700649 0.0477560
0.0464903 0.4636052 0.5131057 0.8535603 0.3387622 0.3479680 -0.4831515 0.0000000 0.3881030 0.4791588 0.7901714 0.1275849 0.8469586 0.2812196 0.3254959 0.7472447 0.2163895 -0.1729133 0.9058497 0.5483572 -0.1755358 0.5201406 0.4567834 0.2387985 0.8087575 0.8255785 0.0150877 0.0970558 0.0502154 0.1213247 0.5919819 0.5455457 0.2842266 0.4990069 0.8283546 -0.1957488 0.7482069 0.6769742 0.2880106 0.2332667 0.0568521 0.0948331 0.6807828 0.2486363 -0.1082223 0.8302192 0.7483787 0.1480705 0.4849989 0.6539399 0.7309145 0.5618158 0.6427659 0.6655437 0.4135618 0.7268350 0.7387704 0.6945440 0.6100445 0.6979459 0.2581260 0.5705560 0.3649090 0.8195399 0.8055839 0.6049652 0.6145627 0.7165577 0.5984953 0.7915648 0.8512372 0.9126212 0.8570176 0.8904198 0.8433587 0.8136635 0.9063864 0.8934280 0.8521068 0.7131222 0.6468578 0.2022425 -0.2816893 -0.1891645 -0.3264909 -0.3621372 -0.2656916 -0.4428594 -0.5028143 -0.4991622 -0.1995463 0.0849410 -0.2287050 -0.3686871 -0.1339001 0.0960369 -0.0941323 -0.4172397 -0.3154409 -0.1269056 -0.0762817 -0.3356625 -0.2623423 -0.1943721 -0.2601301 -0.0854884 0.0485481 -0.1073048 -0.1746109 -0.2989251 -0.0428888 -0.0697178 -0.4052238 -0.5104346 -0.5085936 -0.4524310 -0.3457910 -0.1749260 -0.1400119 -0.0619239 0.0714048 -0.1803492 0.3179600 0.4469387 0.0303409 0.1689930 0.2800693 0.4189449 0.1213183 0.4019296 0.2718415 0.0740085 0.3511371 0.4858956 0.2000141 0.1086785 0.1798214 0.0821941 0.1128593 0.2248184 -0.3088905 -0.0743475 0.4906355 0.0063946 0.1742073 0.3835281 0.1031312 -0.0428380 -0.1862741 0.1792104 0.2422751 0.2298808 0.1494839 0.3360567 0.3105896 0.0701465 0.3475607 0.1972767 0.2520731 0.4954389 0.1645315 0.3283615 0.2844166 0.3409680 0.3221547 0.3084106 0.1013723 -0.2101393 0.2555545 0.1370799 0.2064491 0.0495313 0.0852823 -0.4042148 -0.1269306 -0.4033876 -0.3676834 -0.0185901 -0.2654146 0.0501829 0.1969746 0.4960825 0.5207687 0.5241645 0.4808916 0.4742953 0.2512296 0.4877023 0.7796670 0.6909657 -0.0613970 0.7209041 0.0857766 -0.3046384 0.0207701 -0.1561971 -0.0279996 -0.2216004 0.1896139 0.0404452 0.1880073 -0.2971141 -0.0344485 0.0212075 -0.4449544 0.2567637 0.0116402 -0.5254007 -0.0612600 -0.1382082 -0.0908124 0.0612416 -0.1980296 -0.3082847 -0.3775182 0.1931665 -0.1888356 0.1561089
0.2105096 0.4373898 0.3750725 0.6066414 -0.0171413 0.6371744 -0.0170543 0.3881030 0.0000000 0.7641846 0.3766149 0.6087149 0.1783108 0.5251182 0.8201603 0.2802076 0.5314898 0.3769051 0.3828575 0.3699598 0.1098249 0.7025584 0.0485595 0.6219933 0.3315435 0.4103897 0.7838774 0.6291001 0.1866406 0.6289324 0.3777275 0.1381042 0.6497140 0.7272829 0.4341742 0.0196459 0.5514887 0.5654433 0.6803048 0.6370372 0.3426140 -0.0161217 0.5964774 0.4955655 -0.1612642 0.4922052 0.4008649 0.2565218 0.6643480 0.3883410 0.4110689 0.7670470 0.7639996 0.6340388 0.2657180 0.3287370 0.4215298 0.6003160 0.4455910 0.3565311 0.2026286 0.3189562 -0.1014399 0.5162882 0.2203840 0.2488323 0.3695356 0.3782951 -0.0394503 0.5831470 0.3496370 0.3424203 0.4233696 0.3276147 0.2223143 0.5605766 0.4854733 0.2791827 0.4113513 0.2134545 0.1157585 -0.1155224 -0.3461758 -0.3216307 -0.2818981 -0.5951969 -0.5160611 -0.4229044 -0.5894352 -0.3939787 -0.2295320 -0.3097941 -0.3397917 -0.1872503 -0.1297071 -0.2720268 -0.1992974 -0.3147430 -0.3334044 -0.0354872 -0.2678936 -0.4357867 -0.3793481 -0.1409598 -0.3276469 -0.2070354 -0.1436418 -0.2413604 -0.2626761 -0.4047180 -0.1061440 -0.0780833 -0.1173036 -0.2186432 -0.0686118 -0.0389082 -0.1622537 -0.1081983 0.0685795 0.0183044 0.1587292 -0.0876098 0.2942628 0.3539353 0.1289272 0.0670756 0.2227955 0.4019235 -0.0255443 0.3391112 0.1489145 0.3002884 0.2183785 0.4132937 -0.0978054 0.0673228 0.0538721 0.0638672 0.0218107 0.3888509 -0.2691514 0.0859275 0.0194975 0.1340269 0.0339314 0.3092216 0.0710723 -0.0571632 -0.2248171 0.2270646 0.2570585 0.0869727 0.2308017 0.1739283 0.4335961 0.0226615 0.0907711 0.1939044 0.2015365 0.3336623 0.2937603 0.3914938 0.0524566 0.2715172 0.3538977 0.2370928 0.1148750 0.0309889 0.2095080 0.2560288 0.4151826 0.1103552 0.2632907 -0.0622095 0.3139871 0.1909261 0.1032275 0.0883720 0.1617153 0.0978315 0.2141638 0.3272459 0.3285738 0.3169767 0.5380023 0.1162532 0.1753693 0.1515386 0.4680242 0.6700070 0.1708908 0.5032253 0.4562785 0.1622286 0.1616584 0.2775163 0.2047098 0.1241748 0.0100389 0.1708459 0.5561712 -0.0601097 0.3259319 0.2636572 -0.2520756 -0.0069015 0.1766789 -0.1734195 0.1775053 -0.0724113 0.1451851 0.3810065 -0.3985561 -0.2276404 -0.0130698 0.0596467 0.0085668 0.4983663
0.1197226 0.5723629 0.4101032 0.6551758 0.0804308 0.8694310 0.2690021 0.4791588 0.7641846 0.0000000 0.7056717 0.6371852 0.4681416 0.5982753 0.5954214 0.5255242 0.7611826 0.1686246 0.4876150 0.4848963 0.0615687 0.7595982 0.2270197 0.3912964 0.4876867 0.5753825 0.5814250 0.3631086 0.1852393 0.3758770 0.5630411 0.4488611 0.3690238 0.5796182 0.6070305 -0.0194850 0.7050365 0.5391914 0.4893709 0.3030289 0.3643423 -0.1318065 0.6037608 0.2766280 -0.1505517 0.6710416 0.5174217 0.2909073 0.6108054 0.4890713 0.4758614 0.6575546 0.7647442 0.5815387 0.1794536 0.5407746 0.5850835 0.6276373 0.4895593 0.5101933 0.2629968 0.5433107 0.0511617 0.6728343 0.4392428 0.4586481 0.6098151 0.6203949 0.1499579 0.6994455 0.4839924 0.5410365 0.5547298 0.5330892 0.2602645 0.6431891 0.6664558 0.2581974 0.3902732 0.2008337 0.0107983 -0.2188575 -0.6035009 -0.5750126 -0.4679038 -0.4963425 -0.4836149 -0.4610204 -0.6218061 -0.6143277 -0.4484515 -0.4161494 -0.5054139 -0.2979421 -0.1711945 -0.3361780 -0.5051085 -0.5700174 -0.3268030 0.0399868 -0.5194139 -0.3693689 -0.6303755 -0.1161027 -0.5608922 -0.4081958 -0.4679975 -0.5432475 -0.3497981 -0.5382746 -0.3195374 -0.4614178 -0.4448650 -0.4687454 -0.3733956 -0.2922776 -0.4113716 -0.1183977 -0.2211309 0.0015574 -0.1493841 -0.4024064 0.0917731 0.1089961 0.0612482 0.0143056 -0.2026170 0.2857629 0.0530561 0.1161804 0.0829609 0.1120697 0.1637069 0.3531026 0.0036384 0.1213400 0.1491166 0.2213057 0.1828215 0.5415465 -0.2815385 0.4018646 0.0992831 0.2623154 0.1974484 0.1532622 0.2705321 0.3165300 -0.1575078 0.4672886 0.3955018 0.1570537 0.3213784 -0.0891640 0.4085116 0.2020846 0.0139989 0.2563386 0.3251878 0.3011650 0.1400630 0.4698380 0.0312644 0.1670832 0.0817277 0.0347166 -0.1361208 -0.2527083 0.0193571 -0.1194014 0.1512520 -0.2642174 0.2203635 0.2478298 0.5764588 0.3354042 0.1650450 0.0952627 0.0688503 -0.0339510 0.1773752 0.2802866 0.4513176 0.3679506 0.7008056 0.3204186 0.3930021 0.2971490 0.6489149 0.6454523 -0.0061507 0.5709730 0.4763584 0.0057470 0.0991590 0.1195136 0.1209208 0.2628557 0.0577146 0.1364813 0.5405678 -0.3028836 0.0172600 -0.0700702 -0.4966132 -0.0795145 0.1449875 -0.1989802 0.0612070 -0.0328658 -0.1104892 0.3461328 -0.3293415 -0.0548201 0.0271901 0.1682820 -0.2052199 0.3033597
-0.1264593 0.4861489 0.3844516 0.8061715 0.1341529 0.6479413 -0.2049046 0.7901714 0.3766149 0.7056717 0.0000000 0.2615851 0.7466074 0.4722268 0.2725020 0.9229239 0.5089662 -0.2810324 0.7779686 0.5496819 -0.3447102 0.6744127 0.5153173 0.1709057 0.7494672 0.8910071 0.0256934 0.0176202 -0.0657029 0.0149036 0.6639329 0.7628870 0.1451931 0.3479266 0.9103286 -0.3267377 0.8982908 0.5015800 0.2298886 0.0521016 0.2239702 -0.2858147 0.7545222 0.1661417 -0.3235174 0.8906264 0.8529890 0.2457182 0.5041737 0.6844241 0.8220558 0.5979176 0.5317473 0.6711013 0.3640109 0.8267563 0.9049604 0.7243635 0.3837575 0.8543639 0.0304215 0.7837187 0.3707339 0.8552027 0.7482032 0.7958779 0.8860943 0.8582393 0.6186151 0.8393718 0.8722535 0.8722507 0.8985632 0.8691595 0.6913273 0.8543763 0.9123233 0.6947638 0.7397730 0.5278780 0.4876256 -0.1161421 -0.5535094 -0.5473527 -0.4295392 -0.4504877 -0.5454249 -0.2930501 -0.5445312 -0.5874393 -0.4838787 -0.2407165 -0.3596197 -0.3753241 -0.3506275 0.0119422 -0.3821453 -0.4577531 -0.4445642 -0.2169348 -0.4176856 -0.2887980 -0.5126557 -0.3247438 -0.4063756 -0.2014947 -0.3386461 -0.3827718 -0.3184957 -0.5350986 -0.2983504 -0.4763949 -0.5138035 -0.5650109 -0.5555883 -0.4633432 -0.4758689 -0.1010463 -0.2329754 -0.0577268 -0.0637476 -0.3092153 0.1018818 0.3235979 0.0616325 -0.0746145 -0.0142415 0.2627187 0.1137556 0.2626223 0.2419030 0.1799743 0.3391589 0.4375725 0.2204290 0.1461554 0.3250385 0.3055630 0.2936008 0.2972915 -0.1521480 0.2470199 0.3539772 0.0989028 0.3692866 0.2254560 0.3334692 0.3549924 -0.1834538 0.3702539 0.2963139 0.2434365 0.3238974 0.0011382 0.3074444 0.0867690 0.1123176 0.3286865 0.2240788 0.3235104 0.2043570 0.3175277 0.0794367 0.1489938 0.1270385 0.0761186 -0.1900940 -0.4041972 0.0099738 -0.1520276 0.1142178 -0.2762716 0.2314731 -0.1236635 0.1532768 -0.1795690 -0.3346239 -0.2257408 -0.4462452 -0.2619339 -0.0773612 0.2553193 0.3682751 0.2397910 0.5033846 0.4091157 0.3066173 0.3807851 0.7829439 0.6303070 -0.2708748 0.5723950 0.0878894 -0.4971959 -0.1767565 -0.3369853 -0.2567321 -0.1186912 0.2257150 -0.0910615 0.1933706 -0.3668431 -0.1921961 -0.2068024 -0.6861224 0.1178856 -0.0300798 -0.5893252 -0.2005156 -0.1531850 -0.1415720 0.0362049 -0.2936821 -0.2466722 -0.3865456 0.0061246 -0.3391959 0.0075339
0.3837435 0.6707425 0.0776715 0.4324485 -0.1060013 0.8189026 0.5219455 0.1275849 0.6087149 0.6371852 0.2615851 0.0000000 -0.0720557 0.6397723 0.8373799 0.2466920 0.3934257 0.6439762 0.0435738 0.0085844 0.5917671 0.3199471 -0.1466656 0.6350238 0.0179239 0.1654155 0.6499597 0.6803193 0.5941711 0.6115122 -0.0751823 -0.0349222 0.5446197 0.7443722 0.1819580 0.3274221 0.4104100 0.2607309 0.5720079 0.5390208 -0.1071995 0.0924668 0.1140151 0.4478534 0.1174865 0.2919340 0.1727902 0.0242303 0.5176048 0.1077407 0.1117045 0.1784093 0.6762868 0.3024371 -0.2763034 0.0622637 0.1873594 0.2896440 0.2563634 0.1407241 0.2932932 0.2863493 -0.3608314 0.3830140 0.1301660 0.0271378 0.3359179 0.3064942 -0.1385683 0.5081328 0.1580662 0.3031440 0.2701331 0.2480209 0.0403789 0.3942561 0.3977999 0.0662406 0.1605588 -0.0636557 0.0642863 -0.0277364 -0.1713403 -0.1545103 0.0516173 -0.1976908 -0.3445830 -0.6056858 -0.2958097 -0.1595942 -0.1294670 -0.4305453 -0.2048896 -0.2596909 -0.1827577 -0.2757897 -0.5251398 -0.2929563 -0.3065772 0.1834743 -0.4001059 -0.1217031 -0.1830874 0.1986024 -0.1899712 -0.1304625 -0.0087189 -0.1356628 0.1646714 -0.1140867 -0.0671717 0.0929851 -0.1097196 -0.2126335 0.0888313 0.0039192 -0.1693335 0.2272467 0.0512949 0.4259849 0.1348113 -0.1691057 0.4695852 0.2234256 0.2576016 0.5169512 -0.0095016 0.4796471 0.4155010 0.2074256 0.2120579 0.1225316 0.2930738 0.3567619 -0.0144166 0.4388918 0.2650641 0.3752402 0.3060319 0.6513730 -0.0727937 0.4889479 -0.1691663 0.5818685 0.2815171 0.2324288 0.3226648 0.2610906 -0.0898999 0.5237260 0.5613787 0.3763963 0.4877977 0.0835065 0.4444678 0.1496832 0.0809757 0.3358195 0.2862484 0.4589508 0.0260024 0.5452352 0.0241651 0.3819914 0.1534857 0.1132802 0.3164762 0.1755929 0.3074929 0.1058831 0.2063144 -0.1011150 0.3816911 0.4247969 0.7777912 0.7059289 0.6406606 0.4588219 0.5202119 0.3529798 0.4113843 0.4739441 0.4621158 0.3997439 0.3367891 0.0418278 0.0956585 -0.0215220 0.4282915 0.5872109 0.5209333 0.5171756 0.6708636 0.5053547 0.5702424 0.6020435 0.5603745 0.5003793 -0.1593666 0.6213323 0.6574733 -0.1994582 0.2394596 0.2786972 -0.4044676 0.2012099 0.6191424 0.0813285 0.1362186 -0.0473960 -0.0111567 0.6557874 -0.1444564 0.2351327 0.4607987 0.0812385 0.3386476 0.3384980
-0.1140482 0.3230891 0.6377180 0.6502793 0.5271956 0.2352796 -0.4004528 0.8469586 0.1783108 0.4681416 0.7466074 -0.0720557 0.0000000 0.1042589 0.0295875 0.6271025 0.2499418 -0.3992548 0.7801081 0.6733757 -0.2533874 0.5345569 0.4553538 -0.0786981 0.7918243 0.7080755 -0.1597256 -0.1971058 -0.0980692 -0.1402496 0.7288883 0.6761098 -0.0277686 0.2113075 0.6635235 -0.2700044 0.5443498 0.5969393 0.0366005 -0.0985951 0.2726663 0.1114716 0.4838202 -0.0532322 -0.0880711 0.6756268 0.5341653 0.2463925 0.2411980 0.6127486 0.5642401 0.4432843 0.4254761 0.4666441 0.5410532 0.7678379 0.6255248 0.5159152 0.6248514 0.5684542 0.3576175 0.4482118 0.6376575 0.6483493 0.8275325 0.6529388 0.4761662 0.6143759 0.7187239 0.5542719 0.7364209 0.7301443 0.6671704 0.8203944 0.7513461 0.5918801 0.7483217 0.6937032 0.6511657 0.7193649 0.4287045 -0.0099725 -0.2878861 -0.1834131 -0.4283911 -0.2961158 -0.1043377 -0.2553489 -0.4814636 -0.4779877 -0.2474662 0.1132883 -0.2244808 -0.1641547 -0.1646372 0.1094969 -0.1042797 -0.3945558 -0.1596606 -0.1031650 -0.0571463 -0.2498212 -0.3254061 -0.1113701 -0.3021702 -0.2562682 -0.1201552 -0.2091528 -0.2655917 -0.2870694 -0.0692378 -0.2468813 -0.3972879 -0.4308418 -0.4721779 -0.3847036 -0.2962518 -0.1776368 -0.2097764 -0.1242488 -0.1468640 -0.2391652 0.1050213 0.1844927 -0.0141054 -0.0183364 -0.0304674 0.1631559 0.0627696 0.1121003 0.1277598 -0.0373797 0.0798007 0.3048170 0.2845176 -0.0356775 0.1093186 0.0349275 0.0471773 0.1868780 -0.2063268 0.0003140 0.5668755 -0.0311542 0.1324338 0.1416493 0.0888677 0.1002893 -0.0215240 0.1611420 0.1827715 0.1424646 0.0898100 0.0381801 0.2040026 0.1603182 0.2513663 0.1391359 0.3704173 0.3422078 0.0439035 0.2469067 0.1993426 0.1596705 0.0965482 0.1530080 -0.1176632 -0.3065817 0.0900724 -0.0460963 0.0302057 -0.0375503 -0.0566340 -0.2604474 -0.0972146 -0.3494340 -0.3881483 -0.0458136 -0.3315090 -0.0738228 0.0921445 0.2249460 0.4203012 0.4110231 0.5719831 0.6723876 0.4927508 0.6754930 0.7197628 0.5124358 -0.1425576 0.5838274 0.0366391 -0.3191820 -0.0879204 -0.2802083 -0.1623729 -0.1397925 0.3644720 -0.1113348 0.2175077 -0.3650375 -0.1580739 -0.1138995 -0.2876913 0.1941154 -0.0732027 -0.3206182 0.0247982 -0.0108161 -0.2118889 -0.1124319 0.0078691 -0.2144573 -0.3367892 0.4660789 -0.2967494 0.0767615
-0.0800533 0.1881973 0.1378206 0.4361836 -0.0281770 0.6486914 0.1593652 0.2812196 0.5251182 0.5982753 0.4722268 0.6397723 0.1042589 0.0000000 0.5874765 0.4735430 0.6003618 0.3626499 0.2446812 0.2247942 0.0196114 0.4629851 -0.0250205 0.6033456 0.2367170 0.4043674 0.5506857 0.5658256 0.0463307 0.4881131 0.2279496 0.2421814 0.4950495 0.5015661 0.3260598 -0.1831785 0.5452343 0.2523771 0.4946954 0.5793599 0.1133108 -0.4210891 0.3515947 0.6014370 -0.3928752 0.3398881 0.3707306 0.1400394 0.5745951 0.2796715 0.3705753 0.3609072 0.5593278 0.4021927 0.0316100 0.1894700 0.4454220 0.3057345 0.0523810 0.4445687 -0.1467459 0.4643061 -0.1223999 0.4966616 0.1388095 0.3110079 0.5342537 0.4300155 0.0109656 0.5856869 0.2742047 0.3818416 0.5188688 0.3757920 0.1926426 0.5776256 0.4901018 0.2511080 0.3378372 0.0390768 0.2006115 -0.1337881 -0.3785703 -0.5240705 -0.2039667 -0.4581003 -0.3711994 -0.4667499 -0.2976918 -0.2764626 -0.2568417 -0.4904416 -0.4640373 -0.3474811 -0.4077907 -0.3727735 -0.4839047 -0.4194674 -0.6127207 -0.3592397 -0.4076985 -0.4133427 -0.4787887 -0.1730088 -0.2223568 -0.1981409 -0.3245203 -0.4093905 -0.0326434 -0.5670891 -0.1903385 -0.2820644 -0.2919383 -0.3842026 -0.2071116 -0.1285616 -0.3044074 0.0446596 -0.0485232 0.2021774 0.0991905 -0.1911075 0.2449048 0.3076436 0.1752129 0.1397366 0.0584077 0.2834796 0.1508749 0.3694374 0.2408057 0.1637657 0.3751140 0.3611676 -0.0331665 0.1017308 0.2866906 0.3189296 0.3330475 0.1663774 -0.4792762 0.1822752 -0.1886701 0.3410842 0.2722481 0.2552899 0.3427706 0.2788572 -0.4318728 0.2114017 0.2221972 0.2792109 0.3190907 0.0566580 0.3798125 0.0635550 0.0094357 0.2326686 -0.0107018 0.2549562 0.2244674 0.1146923 0.1938627 0.1845198 0.1824872 0.1719923 0.0961920 -0.1422891 -0.0002069 -0.0042183 0.0111497 -0.3560569 0.2432819 -0.0342248 0.3014070 0.2436570 0.1230425 0.0331132 -0.0033219 -0.0999403 0.0433585 0.2287050 0.0091152 0.0387294 0.1586183 0.0077790 -0.0044300 0.0309614 0.3212967 0.3957931 0.1474291 0.3673877 0.1438021 -0.0577082 0.0137955 0.0619982 0.0816206 -0.0898235 -0.0518826 0.1205139 0.4447231 -0.1705023 -0.2917367 -0.1531262 -0.4383735 0.1075174 0.2794227 -0.2190256 0.2039365 -0.0824910 -0.2524005 0.4302810 -0.3575014 -0.1064926 -0.0752165 -0.0198959 0.0740595 0.3229690
0.2282370 0.5990465 0.2501912 0.5598258 -0.0420507 0.6634564 0.1617363 0.3254959 0.8201603 0.5954214 0.2725020 0.8373799 0.0295875 0.5874765 0.0000000 0.2488297 0.3550001 0.6578031 0.2549012 0.0561159 0.3463767 0.4474288 -0.1718138 0.7960974 0.1901957 0.2866666 0.7372654 0.8232410 0.3931285 0.7655419 0.0280894 -0.0176742 0.7761756 0.8216474 0.2540432 0.1075432 0.4836833 0.4421504 0.7540528 0.7425387 -0.0399229 0.0892499 0.2821852 0.6493901 -0.0493962 0.3907361 0.2649065 0.0697996 0.6853908 0.2743864 0.2046134 0.4374115 0.7865116 0.5227947 -0.0191350 0.1895423 0.2932258 0.4769845 0.4138807 0.2089884 0.3013599 0.2160834 -0.2399639 0.5019295 0.2334038 0.1194884 0.2702313 0.3339170 -0.0240250 0.6060584 0.2596780 0.3739588 0.3801802 0.3590628 0.2732934 0.5336964 0.4884216 0.2877846 0.3877257 0.1232785 0.2814713 -0.0132666 -0.2103135 -0.1261478 -0.0446163 -0.4377958 -0.4474888 -0.6033261 -0.4463125 -0.1643456 -0.1883970 -0.3193113 -0.2400775 -0.2482906 -0.2098953 -0.3010729 -0.2908734 -0.2988446 -0.4294736 0.0199862 -0.2238414 -0.3244581 -0.2158629 0.0464960 -0.2203907 -0.2065879 0.0436108 -0.0974148 0.0836122 -0.2571649 -0.0280042 0.1221080 -0.0532106 -0.1825357 0.0881542 0.0672508 -0.0877487 0.0799138 0.1904452 0.2986298 0.2633891 -0.0581020 0.5338187 0.4264631 0.2110842 0.3841317 0.2812532 0.5863343 0.2459548 0.3705747 0.2276550 0.3101127 0.2893790 0.3413454 0.0207077 0.3272784 0.1626262 0.2071992 0.1574965 0.5276763 -0.1239873 0.2485970 0.0651093 0.3019906 0.1518293 0.3691512 0.1547290 0.0051801 -0.1407037 0.3865720 0.4520278 0.2718325 0.3532067 0.2665609 0.4849919 0.0343695 0.1931370 0.3038896 0.3466467 0.4833219 0.2343074 0.5019184 0.0916877 0.4250457 0.3299074 0.2877625 0.3837578 0.1824268 0.4139007 0.3309772 0.3953226 0.0491630 0.2811343 0.0351549 0.4910027 0.3565077 0.3644803 0.3869193 0.3682967 0.3186725 0.4359085 0.5339431 0.4159292 0.4094619 0.3680452 0.1328533 0.1535973 0.1021190 0.5025314 0.7155692 0.4561026 0.5754148 0.5556818 0.4020557 0.3958793 0.4961729 0.4345258 0.2448287 -0.1184007 0.4530980 0.6319703 -0.2908222 0.2658293 0.3965833 -0.3644599 0.2207384 0.4221723 -0.1367045 0.1047680 -0.1958381 0.0185045 0.5784879 -0.3031930 -0.0479735 0.1974565 0.0442732 0.4013754 0.4622161
-0.0650537 0.4329091 0.2775331 0.7342080 0.0769146 0.5491943 -0.2775831 0.7472447 0.2802076 0.5255242 0.9229239 0.2466920 0.6271025 0.4735430 0.2488297 0.0000000 0.3778746 -0.2226122 0.6816524 0.4687176 -0.3258925 0.5624897 0.5947824 0.2521510 0.6376556 0.8667868 0.0065740 0.0776788 -0.0289761 0.0331718 0.5476891 0.6589709 0.1877573 0.3113274 0.8619981 -0.2636486 0.8193052 0.4167459 0.2406843 0.1987545 0.1146637 -0.2276303 0.6610488 0.3032422 -0.3090591 0.7890159 0.8046404 0.2074516 0.5122272 0.5616300 0.7841298 0.4745998 0.4563619 0.6646126 0.3168134 0.6930701 0.8068283 0.6545818 0.2653570 0.7601794 -0.0145782 0.6711364 0.3167519 0.7806017 0.6695073 0.6585340 0.8401024 0.6892170 0.5579143 0.7699664 0.8351448 0.8462267 0.8466744 0.8178882 0.6801870 0.7953677 0.8544149 0.7054706 0.6942641 0.4749737 0.5205315 -0.1187198 -0.4719536 -0.4894476 -0.2955638 -0.4070729 -0.6113988 -0.2868641 -0.4523836 -0.4043934 -0.4680314 -0.3512219 -0.3404319 -0.4474766 -0.4672373 0.0657115 -0.3596219 -0.3571972 -0.4331729 -0.3171118 -0.2783408 -0.2105289 -0.3921675 -0.3557519 -0.3205428 -0.0205940 -0.1804927 -0.2715906 -0.2467467 -0.3778660 -0.1750031 -0.2878004 -0.4900309 -0.6078837 -0.5162088 -0.5045317 -0.5118928 -0.0163405 -0.2513999 0.0267306 -0.0136701 -0.2972097 0.2786298 0.3819857 0.1111471 0.0762860 0.0432681 0.3071908 0.2394887 0.3815718 0.3127863 0.1892786 0.4345929 0.5094849 0.2966998 0.1978233 0.4078576 0.3761081 0.3636916 0.2617887 -0.1405792 0.2496186 0.3465745 0.1780473 0.4242492 0.3138893 0.3563967 0.3632764 -0.2790841 0.3981849 0.3640082 0.3786400 0.4031375 0.0648711 0.2651990 0.1654823 0.1198123 0.4101035 0.0495189 0.4355777 0.3126773 0.3635918 0.1845303 0.2085039 0.2300492 0.1768297 -0.0994242 -0.3875301 -0.0595488 -0.0394472 0.2198109 -0.2241731 0.3128044 -0.2530409 0.0442717 -0.2489546 -0.3477730 -0.1844031 -0.4794534 -0.1660596 -0.0447522 0.3214568 0.3649015 0.1962924 0.2878976 0.2947814 0.1455159 0.2310979 0.6906355 0.5662144 -0.1809532 0.5097376 -0.0216869 -0.4379869 -0.0941436 -0.2388745 -0.1766563 -0.2374499 0.1089670 0.0520245 0.0625469 -0.2914045 -0.2390627 -0.2577221 -0.6708295 0.0972229 0.1014084 -0.5966118 -0.2278438 -0.2008213 -0.1751480 -0.0689690 -0.2508397 -0.2916086 -0.4140166 -0.0530232 -0.2671037 -0.0502775
-0.3380148 0.1376020 0.2098853 0.3197836 0.0784553 0.6662507 0.3428075 0.2163895 0.5314898 0.7611826 0.5089662 0.3934257 0.2499418 0.6003618 0.3550001 0.3778746 0.0000000 0.1508235 0.1492666 0.3521964 -0.0934060 0.5222421 0.4103831 0.1586208 0.1195169 0.2383858 0.4724868 0.1081183 0.0660454 0.0768283 0.3638552 0.2389798 0.0766167 0.2954566 0.3809159 -0.1018066 0.3791181 0.2494305 0.1641516 0.2411666 0.4136999 -0.3361584 0.4767762 0.1828460 -0.1564622 0.3209850 0.2256649 0.3521483 0.3185402 0.0756335 0.1675974 0.5204149 0.4424577 0.2204341 0.1285548 0.2821837 0.3144900 0.2850283 0.1392221 0.2719809 -0.0486618 0.3208157 0.0688270 0.3921586 0.1660862 0.3168569 0.3691144 0.3872236 0.0838010 0.3738771 0.1760979 0.2100835 0.2822016 0.2609730 0.0203322 0.3356769 0.3364749 0.0084533 0.0595452 0.0033448 -0.1081830 -0.3949389 -0.6365965 -0.6942324 -0.4773877 -0.5070029 -0.4149577 -0.1695762 -0.4401273 -0.5749362 -0.4588644 -0.3410547 -0.6988762 -0.3036520 -0.2043678 -0.3413321 -0.5551280 -0.6635036 -0.2927981 -0.0144889 -0.6943752 -0.5672975 -0.7435596 -0.3707284 -0.6703936 -0.4521582 -0.7022148 -0.7813784 -0.6443940 -0.7481721 -0.6639057 -0.7374084 -0.4572146 -0.4641398 -0.5157907 -0.3919956 -0.4770570 -0.4254004 -0.3887367 -0.2822716 -0.3779718 -0.4421339 -0.3297782 -0.2382375 -0.3132347 -0.3256936 -0.3850961 -0.1695257 -0.3224432 -0.2177302 -0.3528182 -0.0755124 -0.2008705 -0.1717161 -0.2172120 -0.4047702 -0.2952874 -0.1321774 -0.1963930 0.0142547 -0.3552745 0.0825392 0.1287212 -0.1747042 -0.2212387 -0.2438455 -0.1174109 0.0202343 0.0212129 0.0347510 -0.0941258 -0.3175850 -0.1192035 -0.2234500 0.2478950 -0.1055150 -0.1389142 -0.2204762 0.1386141 -0.1825089 -0.0368527 -0.0066302 -0.1690950 -0.2580949 -0.2334116 -0.3528036 -0.3403961 -0.1208353 -0.0780701 -0.2908244 -0.0959534 -0.2115302 -0.0451704 0.1710526 0.3716046 0.2764134 0.1155721 -0.0582075 -0.0378597 -0.3897656 -0.1217160 -0.1981418 -0.0574477 -0.0624078 0.3959973 0.1465717 0.2959486 0.2037978 0.3439116 0.2827885 -0.2325639 0.2997271 0.2420765 -0.0857037 -0.2486300 -0.1192765 -0.1118223 0.2151269 0.1598926 -0.2114492 0.4260702 -0.1063104 -0.2130271 -0.2520150 -0.1950774 -0.0836015 -0.2125010 0.0852593 0.2766760 0.3269200 -0.3714090 0.3413475 -0.1304315 0.1717316 0.0535070 0.1464926 -0.0417456 0.2905489
