0.0000000 -0.2191771 0.0092034 -0.0465419 0.0510826 0.1723725 -0.0466716 -0.0839515 -0.1276410 -0.1531402 0.0089972 0.2689627 -0.1283791 -0.2578742 -0.0140012 -0.1179777 -0.0657610 -0.2496083 -0.2743853 -0.1230095 0.2947543 -0.1281721 -0.0436844 -0.1525219 -0.2788701 -0.1674086 0.2307499 -0.0414510 0.2313287 0.1963437 -0.1515475 -0.3079885 -0.0721720 0.1153572 0.0425440 0.1042968 -0.3841238 -0.3809932 0.0961143 0.1053338 0.0468943 -0.1371414 0.0174275 -0.1408599 0.0167190 -0.3756458 -0.1634139 0.1543914 -0.1849159 -0.4043209 0.0286472 0.0690379 -0.0471421 -0.2665867 -0.1826896 -0.2283507 -0.1794706 -0.1594110 0.0145562 0.0183432 0.1841058 0.0185816 0.1969108 0.0675718 0.0242700 -0.2357960 0.1707387 0.0561098 0.0420242 -0.0149840 -0.0295374 0.0524087 0.0531486 0.1619004 -0.2155238 -0.0018306 -0.0362685 0.0152898 0.0370018 0.0523781 0.2303162 0.1389228 -0.0592997 0.1893762 -0.0030940 0.0537753 0.1611350 0.3330165 0.0122989 -0.0324210 -0.1643060 0.3055229 -0.2548752 0.2529767 -0.3302672 -0.5703457 -0.1914659 -0.5746600 -0.1744903 0.1401034 -0.2811372 -0.2312241 -0.3276752 0.0670335 -0.2299150 -0.3405812 -0.0380715 -0.3140527 -0.1300980 -0.0944122 -0.4497511 -0.0995415 -0.5548207 -0.4890317 -0.3067839 -0.4277822 -0.4069379 -0.4424119 -0.4127748 -0.4134893 -0.4831660 -0.4488773 -0.2966244 0.0400485 -0.0624996 -0.0199973 -0.5593259 -0.3491944 -0.2674331 -0.4202783 -0.3527310 -0.3236482 -0.3087999 -0.0883436 -0.0606304 -0.1981371 -0.2003661 -0.1341303 -0.2538016 0.0815979 -0.1322347 -0.3335077 -0.1403392 -0.2709547 -0.1605841 -0.1212651 -0.1169524 0.0413255 0.2055065 -0.3806779 -0.3794164 -0.3277428 -0.2303321 -0.0689330 -0.2729309 -0.4022360 -0.1409763 -0.2091289 0.1153305 -0.1803205 -0.3628033 -0.3960359 -0.4260671 -0.0544247 -0.3996940 -0.5799168 -0.2338837 0.2468093 0.1886192 -0.2354651 0.1015898 0.0132107 0.2848655 0.1387707 0.0011548 0.1339408 0.2697037 0.3194984 0.3833393 0.4850660 0.3705203 0.2946284 0.2748189 0.1296760 0.2128183 0.3241940 0.1732551 0.2240094 0.2711353 0.1528466 0.2157677 0.2051191 -0.0143503 0.2787439 0.0976741 0.2113262 0.1520042 0.2263901 0.2447913 0.0684827 0.5450758 0.0694783 0.0846586 0.2439095 -0.1944102 0.3406207 0.2105700 0.2417129 0.4515498 0.1332137 0.0445117 0.3028428 0.1552333 0.5734232 0.2831621 -0.2818137 -0.0649413 0.0496917
-0.2191771 0.0000000 0.4575923 -0.0971824 0.3126257 -0.1665035 -0.2761143 0.3734739 -0.2431841 0.0047080 0.0837470 0.0492606 0.5199208 -0.1963112 -0.0408036 -0.3026422 -0.1176817 -0.1592348 0.1684553 0.1672545 -0.0256323 0.6672375 -0.3459209 -0.1608202 0.3219679 -0.0998256 -0.0421053 -0.0821080 -0.0850373 -0.0802901 0.5894957 0.6853062 -0.2012406 -0.0867551 -0.3048844 -0.1769510 0.4119356 0.4325512 -0.0747102 0.0570701 0.4927363 0.1578723 -0.5142374 -0.0740039 0.1300657 0.0032382 -0.0071296 0.3240010 -0.1639427 0.2916469 -0.2933183 -0.4068773 -0.0829814 -0.2987104 0.0751472 0.0125996 0.1501758 -0.3047258 0.4800192 -0.1713995 0.1347767 -0.3132881 0.0630823 -0.0276857 0.1408810 0.1386371 -0.0452103 -0.3860243 0.0728844 -0.0372161 -0.1686710 0.1273759 -0.2176448 0.1322466 0.0476359 -0.0119342 0.1119297 -0.1707197 0.0076235 -0.0789820 -0.3227224 0.2092957 0.3645198 -0.1282426 -0.2824336 -0.0353522 -0.1108852 0.3637017 -0.1125825 -0.1079339 0.3341251 0.0781305 0.4091787 0.1841547 0.1525302 0.4173128 0.3856005 0.2414480 0.0626889 0.1836811 -0.4697338 0.0803808 0.2528693 0.0569562 0.1982607 0.1938709 -0.1299377 0.1025359 0.0542931 0.2387569 0.2832680 -0.0288836 0.4171412 0.2058789 0.1896161 0.3787868 0.2693407 0.5235366 0.4833221 0.4133691 0.5331210 0.2967143 0.2715646 0.4228262 0.3624896 -0.1123093 0.2619628 0.4680643 0.0622100 0.4828361 0.3405813 0.1083471 0.2770709 0.3388571 -0.0143360 0.4521984 0.5115733 0.2245686 0.3793339 0.2870965 0.2419413 0.4538980 -0.3679517 0.4107580 0.3837390 0.5331459 0.3900037 0.2815641 0.1877868 0.2851134 0.2255367 0.3485151 0.3167011 0.2868616 0.3257829 0.3260941 -0.3613263 0.2908318 -0.2492231 0.0784379 0.3098355 0.2386455 0.2567150 -0.1494265 0.5329587 0.1180657 0.1456451 -0.1485291 -0.2368435 0.1589385 0.1192467 0.0855522 0.2913956 0.4077200 0.4371592 0.3636260 0.1680556 -0.0373000 0.0029083 -0.0602148 -0.1596560 -0.0199467 0.1917676 0.1060524 0.4349155 0.2671440 0.1618564 0.0419700 -0.0323477 -0.0529646 -0.1604039 -0.0745637 0.0572385 -0.0528689 -0.0326491 -0.1386929 0.0785036 -0.0841443 -0.0927874 -0.1130023 -0.0574348 -0.1766455 -0.1832983 -0.1696378 0.3716401 -0.3565589 0.0850431 0.2503027 -0.0324294 -0.3617345 0.0186192 0.0913965 0.4773763 0.1571142 0.2488541 0.0375760 -0.0974760 -0.2980713
0.0092034 0.4575923 0.0000000 -0.2570023 0.5941645 -0.3540905 -0.0569304 0.3362884 -0.4976485 -0.2245422 -0.0071650 0.0741060 0.4653189 -0.1945893 -0.4812952 -0.0868942 -0.1080010 -0.6648590 0.3576942 0.4114032 -0.0225004 0.3460632 -0.0010694 -0.3651253 0.0129221 0.2735629 0.3604199 0.0493331 -0.0347334 0.2396421 0.3646777 0.2425382 -0.3586342 -0.3234076 0.1979081 -0.1999983 0.2506416 0.2181498 0.1429553 0.0762958 -0.0874217 -0.1351858 0.0617428 -0.1733637 -0.2318843 0.0347448 0.3070562 0.0701404 -0.3303777 -0.0860598 0.0634865 -0.1978821 -0.2807102 -0.2599624 0.0358178 0.1702297 0.0416907 -0.3901534 0.3485693 -0.0052375 -0.0191217 -0.2873557 0.5684248 -0.2424648 -0.1712578 -0.0354006 -0.0651467 -0.3602532 0.3634198 -0.2096361 -0.1492385 -0.0590941 -0.2027629 0.0890137 -0.2351471 -0.1485246 -0.1175591 -0.2374093 -0.1778764 -0.2044312 -0.2512376 0.0243030 0.0008343 -0.0906517 -0.4209942 -0.1928350 -0.0323287 0.0743688 -0.3057312 -0.4580999 -0.1184458 -0.2302648 -0.1874141 0.0450487 -0.0286263 -0.0591043 -0.1098204 -0.2657095 -0.2401665 0.1327333 -0.6355157 -0.3872037 0.0355102 -0.3629301 -0.2781413 -0.0341907 -0.3132634 -0.1621305 -0.2099551 -0.2514912 -0.2519504 -0.2576343 -0.1192990 -0.4512284 -0.4341112 -0.2611624 -0.3035941 -0.1014009 -0.1336718 0.0010648 -0.0003386 -0.3153631 -0.0115510 0.2938619 0.0173005 -0.0482051 -0.2797616 0.1694970 0.0075216 0.1549038 0.0536372 0.0763174 -0.1027813 0.0028180 0.1172303 0.0914939 0.1285490 0.0846569 0.0702648 -0.0011595 -0.1006761 0.2054058 0.0739683 0.1390407 0.1864723 0.1936462 0.3863602 0.2792819 0.0062263 -0.0352269 -0.1270454 0.2539484 0.2402246 -0.0615421 0.2329394 0.3396084 -0.0874361 0.2238128 -0.0507371 -0.0291976 0.3931510 -0.1857812 0.3913938 -0.0812708 0.2249857 0.0585756 -0.1410817 -0.3279117 -0.3534041 -0.2471318 0.0490885 -0.1359011 0.2072809 0.3194783 0.5562515 0.6307149 0.4029151 0.2281330 0.1413183 0.1697521 0.2513691 -0.0608251 -0.0821624 -0.1606853 0.3438862 0.0423155 0.3005367 0.2953919 0.0567023 0.1794614 -0.0226401 0.2624314 0.4438528 0.0847336 -0.0040643 0.1139547 -0.0623905 0.1033760 -0.1005284 -0.1390991 -0.0123151 -0.1575123 0.1859236 0.4404744 0.0304406 -0.2696184 0.4496191 0.0575695 0.0893896 -0.1053500 -0.0468672 0.3030232 0.1601232 0.2820192 0.3664708 0.0402461 -0.2764300 -0.0520002
-0.0465419 -0.0971824 -0.2570023 0.0000000 -0.7393486 0.7843153 -0.1037311 0.3817282 0.8594676 0.8500816 0.7359788 0.3609382 0.1827499 0.5958511 0.5566629 0.6093431 0.4987646 0.4425602 0.3032556 -0.2329786 0.5825910 0.2742002 0.4758241 0.6358199 0.4734301 0.3823633 0.0404763 0.2033892 0.6843932 0.0805654 0.3511262 0.4822060 0.6029913 0.8010512 0.4794318 0.3350302 0.5363691 0.4470939 0.0304293 0.1193487 0.3393762 0.5889039 0.3367878 0.2160330 0.6788638 0.5554303 0.3557840 0.3419864 0.6112773 0.2317603 0.4823536 0.3652485 0.7914057 0.5438410 0.7173995 0.5482731 0.5410138 0.7244097 -0.6436489 0.6209170 0.2249931 0.5232393 -0.0712339 0.8600586 0.7744824 0.4269740 0.4639248 0.6623162 0.2705429 0.7947877 0.6275177 0.7563289 0.6699627 0.5746943 0.5808783 0.7735002 0.7582342 0.6723522 0.7628787 0.7937611 0.2459954 0.1778588 0.2415051 0.1522864 0.2248650 0.1539646 0.0569688 -0.0364176 0.1218978 0.1569179 0.3171088 0.1326344 0.0999744 -0.2045194 0.0286647 0.2376593 0.3801354 0.1200195 0.0471930 -0.0106464 -0.0412172 0.2452867 0.1976260 0.0944257 0.5484391 0.0672970 0.1460927 0.2576047 0.3347880 0.0817693 0.3310709 0.3522080 -0.1127698 -0.0168296 0.1619297 -0.1881974 -0.2645454 0.1587232 -0.3173026 0.1354173 -0.4034267 -0.4689689 0.1906966 -0.1020304 0.1859849 0.1558724 -0.4030765 0.1129611 0.0563131 -0.0512321 0.0495638 0.0587176 -0.1049314 0.6516043 -0.2923223 0.2088013 0.0588848 -0.0409084 -0.1197586 0.0753745 0.1254232 -0.0452009 -0.5273534 0.3207700 0.1565960 0.1236790 -0.3377590 -0.4690808 -0.0792155 0.1149250 0.1267775 0.3776947 -0.0660171 0.0754705 -0.5860872 0.2916326 -0.2244511 0.0700041 -0.4066241 0.0974913 -0.3948908 0.2665555 0.4090747 0.0878541 -0.3021124 0.4226683 0.2818839 -0.0881608 -0.0112384 0.3046326 -0.3194601 -0.0557255 -0.3067399 -0.0742955 -0.5194727 -0.3059138 -0.1291303 -0.5482311 0.2347814 -0.0209612 -0.5930777 -0.2050397 -0.1986645 -0.2732959 -0.5606936 0.2920422 -0.7242261 -0.5627526 0.4136596 0.5261936 0.4090715 0.1039599 -0.6782660 0.0749594 0.2689544 -0.1480790 0.5144930 -0.3294255 0.5957415 0.3799770 0.1987311 0.4395828 0.2863820 -0.0493965 -0.0202705 -0.1047807 -0.0178657 0.3526736 -0.0219362 0.1813862 0.3318109 -0.3682430 -0.0261332 -0.0467545 -0.1899491 0.1847942 -0.4933023 -0.5142308
0.0510826 0.3126257 0.5941645 -0.7393486 0.0000000 -0.7081954 -0.0082542 0.1218916 -0.8264125 -0.5410018 -0.3789854 -0.2692856 0.1980537 -0.5719597 -0.6819414 -0.2946892 -0.2015572 -0.5980675 0.0048995 0.3840174 -0.3909700 0.0054262 -0.1632415 -0.7189512 -0.3228304 -0.1501545 0.1174592 -0.3411154 -0.5607053 -0.1077271 -0.1116701 -0.1717812 -0.7800325 -0.7554552 -0.2476669 -0.2554370 -0.1891662 -0.1513394 -0.0041412 -0.0713493 -0.3251940 -0.4945680 -0.1783899 -0.4462455 -0.5973691 -0.2386980 -0.1042939 -0.2073852 -0.7523501 -0.1054590 -0.2583222 -0.2781926 -0.6348329 -0.5318006 -0.3505671 -0.1183642 -0.1631462 -0.7524173 0.7035089 -0.3054307 0.0030813 -0.3973669 0.4993141 -0.6839580 -0.5318795 -0.0624840 -0.2704508 -0.6386017 0.1956634 -0.5665734 -0.2720044 -0.4746064 -0.4789076 -0.2722769 -0.3230504 -0.5090591 -0.4942295 -0.3719847 -0.5260489 -0.6215938 -0.1482163 -0.4255838 -0.3459353 -0.3379934 -0.4254756 -0.3616439 -0.3039025 -0.0643995 -0.3308138 -0.3542639 -0.3127439 -0.2469931 -0.3104462 -0.0482398 -0.1689582 -0.1757819 -0.1720684 -0.2094645 -0.2957267 -0.0850983 -0.2567992 -0.4204817 -0.0582938 -0.3838728 -0.3539253 -0.1913774 -0.2204705 -0.1545612 -0.2260534 -0.1384769 -0.2853797 -0.2883244 0.0926342 -0.1272098 -0.2571394 0.0563617 0.0453936 -0.0895788 0.2294617 -0.0442020 0.2772379 0.1308220 -0.1405127 0.2182605 -0.0105947 -0.1114338 0.0672557 0.0844134 0.0135860 0.0922401 0.0313230 0.1248544 -0.0590571 -0.3406998 0.3436474 -0.0958572 0.0297319 0.0483536 -0.0310517 0.0200065 -0.1618884 0.1669020 0.3954050 -0.0686190 -0.0038286 0.0593034 0.2635357 0.2972896 -0.0017127 -0.0232627 -0.0100386 0.0306771 0.1368618 -0.1946628 0.3366111 0.0373338 0.0642515 0.0777259 0.2826740 -0.0215318 0.3801907 -0.1852011 -0.1071856 -0.1213433 0.3186045 -0.2104644 -0.4184628 -0.2908797 -0.2088404 -0.2214557 0.2035723 -0.1500167 0.4174019 0.3386676 0.6472188 0.4749504 0.2693458 0.4989941 -0.0677530 0.0436835 0.4849446 0.2079317 0.2907621 0.2400348 0.6205091 0.0070439 0.7620494 0.7071436 -0.1887714 -0.3182300 -0.3176551 -0.0103795 0.6702632 -0.0621726 -0.2248957 0.1052077 -0.3386902 0.3090959 -0.5196492 -0.2763485 -0.3045106 -0.5647730 -0.3329477 0.0378139 -0.0563889 0.0918068 0.0921238 -0.4137916 -0.1008699 -0.3038965 -0.4335412 0.3098949 0.2686417 0.0389784 0.1757011 -0.2075268 0.1031107 0.1057513
0.1723725 -0.1665035 -0.3540905 0.7843153 -0.7081954 0.0000000 0.3194839 0.3897442 0.7087493 0.7655049 0.7405758 0.7241436 0.0684556 0.6324769 0.6422300 0.6868121 0.7031871 0.5301373 0.3784351 -0.4476676 0.6613941 0.2176650 0.5688042 0.4504999 0.5576360 0.4047953 0.2583882 0.1191449 0.5447560 0.1526081 0.2458727 0.3172176 0.4445550 0.6473549 0.5371062 0.3067775 0.4110009 0.4921941 0.1431661 0.0608085 0.2110988 0.4378544 0.2891790 0.0797568 0.5968274 0.4235883 0.4785477 0.3239715 0.4297907 0.3392838 0.6320966 0.4954004 0.7430756 0.4253022 0.5775002 0.4520271 0.5311404 0.5633107 -0.4334349 0.6675562 0.4186861 0.6751080 -0.0987721 0.7783246 0.8190403 0.2393716 0.7585022 0.7597167 0.3085565 0.7867393 0.7094063 0.7724149 0.8313656 0.7097558 0.5141047 0.8044504 0.7736099 0.7323378 0.7973712 0.8601425 0.5727208 0.3873320 0.4238396 0.4666120 0.2588634 0.4314309 -0.0725887 -0.0830798 0.3098325 0.1953436 0.2957697 0.2028517 0.3047145 -0.3071658 0.1382045 0.2763690 0.4941459 0.1793707 0.0949322 0.2183530 -0.1334806 0.3016856 0.3728980 0.0510785 0.4811517 0.0467475 0.3693368 0.3984213 0.1301767 0.2031866 0.2705535 0.4413464 -0.0565381 0.0565808 0.2769949 -0.0417545 -0.1286528 0.0486201 -0.2213648 0.0075012 -0.3066958 -0.3229634 0.1690793 0.1885655 0.1036427 0.1347278 -0.2666774 0.0366284 -0.0407582 0.1044307 0.1098876 0.1227801 0.1077606 0.6264276 -0.1823324 0.1852486 0.1785499 0.0968150 0.0753077 0.2127159 0.1124070 -0.0906284 -0.4661854 0.1049502 0.1977647 0.1839428 -0.2258491 -0.2130078 0.0330079 0.0345440 0.0616123 0.1530811 0.0206550 0.1762474 -0.3303272 0.0296333 -0.1430274 0.2165843 -0.2113255 -0.0168675 -0.2005232 0.2317895 0.2533563 0.0842628 -0.1337456 0.1431261 0.3686047 0.0742538 0.3817968 0.3104183 -0.0359906 0.0744371 0.1707543 0.2691861 -0.1799566 -0.0380814 0.2710225 -0.0905203 0.5859214 0.3305341 -0.1142543 0.1551020 0.0199465 -0.2011994 -0.4128576 0.5102791 -0.4891436 -0.2201698 0.6987488 0.7042232 0.6547628 0.4888917 -0.3537642 0.5789631 0.5514848 0.3953719 0.6629014 0.1836891 0.8440177 0.4680759 0.4986936 0.5264234 0.5014198 0.1422225 -0.2638365 0.0597188 0.2250189 0.5246240 0.0810322 0.3868140 0.4868934 0.1523056 -0.0239456 0.2612542 0.2543770 0.2806099 -0.1871613 -0.1182892
-0.0466716 -0.2761143 -0.0569304 -0.1037311 -0.0082542 0.3194839 0.0000000 0.2252286 -0.1306788 -0.0538620 0.0956681 0.5929903 0.0414353 0.2429872 -0.0230688 0.4747532 0.4422659 0.0729645 0.3373240 -0.3540154 -0.0223110 -0.3501477 0.4098659 -0.2050915 0.0194296 0.2876508 0.4431063 -0.0242584 -0.3966224 0.1781438 -0.3257358 -0.3622484 -0.2367483 -0.3658443 0.2516713 -0.1293581 0.0733027 0.1154603 -0.1783123 -0.5311649 -0.5808971 -0.3795001 0.0902457 -0.2097425 -0.3007459 0.1075566 0.3959727 -0.3648192 -0.2667880 0.3708915 0.2993561 0.0283348 -0.1536178 -0.1955902 0.0721565 0.1447415 0.0649916 -0.2448268 0.0440689 0.1964150 0.1847830 0.1411889 -0.1470752 -0.2630534 0.0063623 -0.2928318 0.3517201 -0.0005376 0.1020426 -0.0759450 0.2376138 -0.0624084 0.1794620 0.2092337 -0.1222029 0.0645519 0.0282223 0.2160558 0.0855109 0.0716576 0.6239537 -0.1026176 -0.0797571 0.0546413 -0.2509282 -0.0385713 -0.2729821 -0.5713059 0.0091651 -0.2000720 -0.3205083 -0.3449027 0.0476984 -0.3918792 -0.0678273 -0.0303115 0.1505779 -0.0134041 -0.3580741 0.3809958 -0.1197232 -0.0703271 0.1570521 0.0042262 -0.1103548 -0.2242516 0.1108104 0.0962161 -0.2990529 -0.2178162 -0.2545896 -0.0032922 0.0194985 -0.0507853 0.0151741 0.0271193 -0.0069435 -0.2094152 -0.0117231 -0.1667933 0.0626191 0.0741516 -0.0835403 0.3478689 -0.2104620 -0.0544200 0.1382090 -0.1715006 -0.0732275 0.2518233 0.0900354 -0.0572701 0.1581026 -0.0415378 0.0589721 -0.1617745 0.0260771 0.1452887 0.1082740 0.1102986 -0.2100437 -0.1663087 0.3011753 -0.3326237 -0.0532757 0.0577533 -0.0912538 0.0504661 -0.1603549 -0.1866534 -0.0371476 -0.1889697 0.0552774 -0.0776058 0.1104896 -0.0739983 0.3164371 0.2139400 0.2974494 -0.2123340 0.2998041 0.0540540 0.0340403 0.1090473 0.1798235 -0.1790466 -0.0266156 -0.0297385 0.3060537 0.0795689 0.1111380 0.0071498 0.5624743 0.5738469 0.5121395 0.4860204 0.6039738 0.7040466 0.5033566 0.3439841 0.6830185 0.3477257 0.0299817 -0.1707811 0.0307884 0.2656912 0.3281615 0.5436073 0.3097538 0.1595796 0.1914286 0.6019385 0.6349234 0.5712411 0.2411509 0.7070905 0.0891298 0.8489819 0.3628739 0.1521830 0.0483139 0.2075918 0.6443599 0.2868887 -0.5972036 0.4705723 0.2473688 -0.1615223 -0.3582819 0.2378977 0.3571644 0.7453494 -0.2257556 0.3772553 0.3475660 -0.0175313 0.3549245 0.6205740
-0.0839515 0.3734739 0.3362884 0.3817282 0.1218916 0.3897442 0.2252286 0.0000000 0.1096677 0.4892904 0.6907055 0.5547409 0.6905855 0.0739083 -0.1071763 0.6084520 0.6442375 0.0556797 0.5922983 -0.2781178 0.3957862 0.3704271 0.4321289 -0.1700719 0.3935418 0.2118269 0.1812479 -0.3498157 0.1479252 -0.2915020 0.1886039 0.3833997 -0.2697431 0.0904461 0.2764026 0.3175292 0.4855102 0.5661208 -0.1156537 -0.3508426 -0.1122513 0.2600843 0.0176115 -0.4948044 0.2619789 0.3919531 0.5093556 0.2182176 -0.2612514 0.5577640 0.4459877 0.1554369 0.4049274 -0.2141682 0.6526855 0.6172506 0.6477004 -0.1916210 0.2387153 0.6018519 0.6243744 0.3792654 0.2571224 0.3237602 0.6194343 0.4474738 0.6163176 0.1618062 0.6463306 0.5222565 0.6445254 0.6248780 0.5609730 0.7253990 0.5684425 0.6321185 0.6018089 0.6867571 0.6524226 0.4271403 0.5270788 -0.1662935 0.0042119 -0.2738154 -0.4200100 -0.1558692 -0.5609839 -0.2159609 -0.2188766 -0.2831795 -0.0263256 -0.3128170 0.1185980 -0.4385320 -0.2198539 0.2513529 0.5881977 0.1701537 -0.5166943 0.2686803 -0.5040140 -0.0505361 0.3982853 -0.2080693 0.4598711 -0.1033275 0.0728757 0.2157864 0.1410987 -0.0415105 0.1774019 0.1862729 0.1542800 0.0009036 0.1783709 0.1183644 -0.0328017 0.2972492 0.1508419 0.3321844 0.0377027 -0.2064707 0.2915540 0.2699610 0.2876326 0.2161296 -0.1949913 0.3917628 0.1833525 0.4659078 0.3175619 0.2504299 0.1752784 0.7699493 0.0130487 0.4768815 0.4325038 0.2449962 0.0849357 0.6025664 0.2802912 0.4460616 -0.1036406 0.4981230 0.3916408 0.6427238 0.0488692 -0.0440202 0.1509808 0.4231993 0.4965057 0.6979741 0.4545881 0.3077459 -0.1717158 0.6170461 0.0685719 0.5034233 0.0128013 0.2851524 0.3290568 0.4621843 0.5952350 0.2777199 0.4373675 0.4026608 0.1686891 -0.1060262 0.1540629 0.4324311 0.2177336 0.1774145 0.4892157 0.6019289 0.3357699 0.3340500 0.3435713 0.0900408 0.4957331 0.3836748 0.0341060 0.4522417 0.3641803 0.1629173 0.2465843 0.7415687 0.1226044 0.2368137 0.5225735 0.4368105 0.3180454 0.3499153 0.0787971 0.3213741 0.3618532 0.2646611 0.5249511 0.3253220 0.4742430 0.3908783 -0.0911101 -0.0095490 0.2615485 -0.0348436 -0.2438676 0.1774642 0.1638323 0.0749926 -0.2996363 -0.0841718 0.2156938 0.3306237 0.4854785 0.3769909 0.3582179 0.0707988 -0.4374716 -0.3930195
-0.1276410 -0.2431841 -0.4976485 0.8594676 -0.8264125 0.7087493 -0.1306788 0.1096677 0.0000000 0.7828455 0.5127273 0.2461475 -0.0553156 0.7081682 0.6946201 0.4002565 0.4301758 0.6698033 0.0325057 -0.1956064 0.5268860 0.0614695 0.3655310 0.8461955 0.2977223 0.2309510 -0.1543685 0.3435959 0.6703176 0.0401418 0.1609206 0.2714758 0.7987245 0.8153332 0.3612573 0.3814292 0.2871823 0.2506685 0.0793514 0.2103233 0.2544422 0.5527052 0.3237560 0.4074235 0.6324890 0.3852593 0.1712033 0.1467819 0.7988731 0.1617251 0.3583192 0.3622421 0.7966233 0.6342036 0.4722675 0.2472397 0.2505521 0.8322947 -0.7294639 0.4096549 0.1071599 0.4866976 -0.3365528 0.8289193 0.7034288 0.1539180 0.2868697 0.7236565 -0.0943544 0.7020210 0.3990659 0.6133810 0.6183048 0.4159375 0.5166119 0.6731275 0.6317521 0.5098098 0.6568616 0.7338824 0.1153159 0.2614025 0.3220316 0.2674364 0.3948671 0.2598795 0.0994555 -0.0973598 0.2012912 0.3475479 0.2412744 0.0267420 0.0713806 -0.2321575 0.0541381 0.1943595 0.1814511 0.1557610 0.2769356 -0.0952237 0.3297356 0.2875092 0.1826966 0.1445736 0.4498264 0.1152008 0.1096538 0.2185382 0.2700750 0.0247364 0.3985745 0.2536129 -0.1370400 0.0524426 0.1294992 -0.1756384 -0.2238245 0.0378812 -0.3415448 -0.0052999 -0.4368396 -0.3332720 0.1162792 -0.3400085 -0.0337956 0.1453289 -0.3231050 -0.0292964 0.0203094 -0.2358927 -0.1111881 -0.0036765 -0.1799388 0.4501367 -0.3195535 0.0806510 -0.1601646 -0.1454061 -0.1370814 -0.0275201 0.0674134 -0.1188721 -0.4696448 0.1957827 -0.0682595 -0.0808756 -0.4320072 -0.5368204 -0.1220780 0.1944655 0.2294850 0.1210822 -0.2093982 -0.0051542 -0.4260170 0.0395818 -0.1296473 -0.1789339 -0.4343794 0.1910929 -0.4178758 0.2380010 0.1419569 0.0815153 -0.3257987 0.2730860 0.2418040 -0.0055074 0.0041519 0.2770590 -0.4347710 0.0034671 -0.4289359 -0.2996323 -0.6362091 -0.4571557 -0.2428234 -0.5487535 0.1556729 -0.0150425 -0.5777064 -0.2367094 -0.3002562 -0.3128197 -0.6741918 0.1326672 -0.8163858 -0.6693347 0.3081515 0.4815923 0.3290652 0.0462256 -0.6699593 -0.0098507 0.1907648 -0.1666616 0.3808329 -0.3743078 0.5035466 0.3199179 0.1342559 0.4202701 0.1886495 -0.1418551 -0.0211846 -0.2063764 -0.0530228 0.3115994 -0.0137257 0.2254199 0.3554191 -0.4478113 -0.2694374 -0.2834880 -0.2433020 0.2058172 -0.2077924 -0.3284097
-0.1531402 0.0047080 -0.2245422 0.8500816 -0.5410018 0.7655049 -0.0538620 0.4892904 0.7828455 0.0000000 0.8659621 0.4416352 0.1288166 0.6064082 0.5344711 0.6883944 0.7236139 0.3779090 0.5235661 -0.2942483 0.6978848 0.4244525 0.5023518 0.4159579 0.6662536 0.3928854 0.0599482 -0.0986684 0.6334604 0.0082467 0.3274839 0.5678059 0.3465416 0.7449710 0.5245586 0.5420552 0.6042156 0.5894287 0.3399584 0.2205538 0.2103449 0.7350475 0.3582163 -0.0763415 0.7525872 0.6294364 0.4868221 0.2719129 0.4075834 0.3667816 0.6651941 0.6354765 0.8854787 0.5418714 0.6030650 0.6072008 0.7239997 0.6300914 -0.4281902 0.7683287 0.4543392 0.7539290 0.0440601 0.8730255 0.8342981 0.5825590 0.6783777 0.7782825 0.4355299 0.9105685 0.7417408 0.8691063 0.8041382 0.7023038 0.7590442 0.8874680 0.8876951 0.7671179 0.8135689 0.8931973 0.3530196 0.2247498 0.4162823 0.3319753 0.3722655 0.3818972 -0.1898122 -0.0185974 0.2704985 0.2652180 0.3445236 0.1223668 0.1973499 -0.3688130 0.1969095 0.3884398 0.5487891 0.2513054 0.1915392 -0.0683715 -0.0166668 0.1781424 0.3756682 -0.0973570 0.6463759 0.1325880 0.2807715 0.3902754 0.3258195 0.1446470 0.4435993 0.5038804 0.0395762 0.1355801 0.2502294 -0.0724509 -0.1596338 0.1972371 -0.1954864 0.1733980 -0.3150749 -0.3972649 0.2498810 0.0246810 0.1743716 0.2864787 -0.2759073 0.2198499 0.1871858 0.1940657 0.2091544 0.2946335 0.1068479 0.7552840 -0.2621278 0.2418755 0.1952689 0.1305684 0.0307683 0.1722886 0.0556370 0.1245506 -0.4763641 0.3883363 0.2710968 0.1306650 -0.1521760 -0.2797704 -0.1476099 0.2796603 0.2997622 0.4530729 0.0824283 0.0463967 -0.3181105 0.2027825 -0.1988045 0.2465909 -0.4292727 0.2815343 -0.1759427 0.3505742 0.4186566 0.1173605 -0.0376411 0.3960124 0.3151887 -0.2218323 0.0931985 0.3666525 -0.1305220 -0.1168316 -0.1461162 0.0008614 -0.3012657 -0.2379385 0.0081305 -0.4374463 0.4145417 0.1447156 -0.4780553 -0.0454087 0.0213568 -0.2340125 -0.5078729 0.3879832 -0.6369784 -0.3923970 0.6342617 0.7098996 0.6379747 0.3109230 -0.5300898 0.3191355 0.4969390 0.1132426 0.6988045 -0.1505239 0.6848307 0.5853688 0.0965733 0.2644588 0.1754206 -0.0320318 -0.0956255 -0.2312237 -0.0634984 0.3127591 -0.1197697 0.2590898 0.1949197 -0.2252652 0.0385525 -0.1182037 0.0758987 0.1791925 -0.4636989 -0.4974432
0.0089972 0.0837470 -0.0071650 0.7359788 -0.3789854 0.7405758 0.0956681 0.6907055 0.5127273 0.8659621 0.0000000 0.6556647 0.2064728 0.4310122 0.3980100 0.7932306 0.7756240 0.1601020 0.7363775 -0.3645638 0.6832451 0.5206661 0.4863567 0.1043912 0.7184667 0.3458214 0.2621095 -0.2578462 0.5921084 0.0445863 0.3136219 0.5004889 0.0612542 0.5636943 0.4850813 0.4704115 0.5130574 0.6343839 0.2240981 -0.0243517 0.1282245 0.6286615 0.2011265 -0.3149007 0.6407854 0.4229004 0.5671633 0.3743069 0.0971512 0.3698207 0.6843107 0.5797095 0.7145905 0.2713308 0.5593035 0.6291886 0.7544809 0.3449979 -0.1365978 0.7833679 0.4875384 0.7243525 0.2262811 0.7142126 0.7469314 0.6355027 0.7947988 0.6472090 0.6909968 0.8611891 0.7993307 0.8415002 0.8038350 0.7699076 0.6902823 0.8571283 0.8475588 0.8038799 0.8063409 0.8010198 0.5144140 0.2043123 0.3483494 0.2598740 0.0812003 0.2850186 -0.3922833 -0.0423988 0.0715996 -0.0486486 0.2443453 0.1129735 0.2330540 -0.2548395 0.0458578 0.2985607 0.6349468 0.1607923 -0.1443900 0.1543263 -0.4150780 0.0631389 0.4055321 -0.0661258 0.5850145 -0.0159840 0.2330779 0.3303788 0.1931753 0.1348105 0.2005137 0.4147983 0.0260349 0.0157720 0.2287705 -0.0581674 -0.1532157 0.1492192 -0.1657792 0.1912354 -0.2607601 -0.4350991 0.2440893 0.2679151 0.2730045 0.3091527 -0.2633103 0.3141403 0.1983858 0.3818379 0.3051147 0.3231403 0.1989861 0.8452735 -0.1372681 0.3817193 0.3988306 0.2187147 0.1144769 0.3236673 0.2177346 0.2187335 -0.3176091 0.4711946 0.4491023 0.3300729 0.0590813 0.0097274 0.0702595 0.1865679 0.2507456 0.5655118 0.2867124 0.2482196 -0.1996818 0.4154850 -0.0509083 0.4957520 -0.1139730 0.2432221 0.0593167 0.2944978 0.5765980 0.2208857 0.1117378 0.4087841 0.3291126 -0.0260919 0.2546455 0.2888581 0.1600545 0.0589591 0.1057763 0.2458826 -0.0498731 -0.0293993 0.2004498 -0.1870100 0.5238088 0.2911273 -0.2109766 0.1110354 0.1795176 -0.1207223 -0.2453182 0.4964858 -0.3950668 -0.1705094 0.6955828 0.6874756 0.6957828 0.4006323 -0.3602721 0.4866578 0.6164192 0.2953962 0.7536163 0.0582533 0.7302811 0.5844937 0.1880534 0.2440484 0.3010492 0.0359914 -0.2651122 -0.0494434 0.0568449 0.3326570 -0.1053695 0.2426139 0.1872342 0.0546087 0.1455982 0.1960754 0.2595146 0.1332898 -0.5197307 -0.4612766
0.2689627 0.0492606 0.0741060 0.3609382 -0.2692856 0.7241436 0.5929903 0.5547409 0.2461475 0.4416352 0.6556647 0.0000000 0.1712093 0.4454775 0.3713524 0.5601265 0.6840644 0.0880520 0.5398262 -0.3414128 0.5807568 0.1552474 0.4587504 0.0158076 0.3782950 0.3750310 0.6047139 0.0333822 0.2890227 0.3335946 0.1149084 0.1052218 -0.0188772 0.1927791 0.4455072 0.2258503 0.2827920 0.4309519 0.1515610 -0.1980177 -0.1157337 0.1216777 0.1625838 -0.2309681 0.2542536 0.0939432 0.5598462 0.1239095 -0.0565705 0.3428608 0.5408045 0.2837369 0.3438269 -0.1027433 0.3340494 0.2488910 0.3043758 -0.0162320 -0.0072004 0.5057256 0.3907274 0.3873422 0.0086725 0.3251565 0.5262246 -0.0449630 0.6829450 0.3447185 0.3327748 0.4340446 0.4649143 0.5428402 0.5717521 0.7224590 0.1480852 0.5389533 0.5381724 0.4677365 0.5580457 0.5892099 0.6017818 0.3319847 0.2874975 0.3193978 -0.2151975 0.1438207 -0.2801368 -0.1206189 -0.0534580 -0.2549382 -0.1230849 -0.1007991 0.1510178 -0.1688603 -0.1708191 -0.0439999 0.3323486 -0.1631627 -0.3014645 0.4713804 -0.5470839 -0.1551502 0.2115140 0.0515193 0.0776150 -0.3047112 -0.0019923 0.0324521 -0.3033797 -0.1403132 -0.2156567 0.0285454 -0.2138656 -0.2695375 -0.0475848 -0.1938221 -0.2801569 -0.2157786 -0.2626449 -0.2076055 -0.2646980 -0.3246248 -0.1022378 0.5116367 -0.1242564 -0.0071185 -0.2676553 -0.0825638 -0.2098534 0.2137141 -0.0171310 -0.0716371 0.0518291 0.5050446 -0.1447638 0.0685001 0.1652675 0.0585134 0.0523878 0.2564054 0.0017841 -0.0687190 -0.2750162 -0.0408438 0.1064911 0.2258986 -0.0221765 0.0811887 0.0980725 -0.1352703 -0.0347563 0.0416032 0.1220773 0.1356755 0.0198752 0.0582950 -0.0596322 0.2546086 0.0034953 -0.1393499 0.0882521 -0.0071077 0.1803438 0.0229835 0.0809358 -0.1014842 0.1031341 0.1324756 0.3021293 0.0234075 0.1245074 0.0508911 0.5684814 0.5892234 0.4049513 0.5136208 0.7449674 0.4548956 0.8515812 0.6322910 0.4188509 0.3276381 0.1563601 -0.2177096 -0.0671529 0.6209072 -0.0643235 0.2209904 0.7791827 0.6949026 0.6504228 0.7895738 0.1999980 0.7649522 0.5037519 0.6792301 0.6228173 0.6284959 0.8189014 0.3912332 0.4868961 0.4957245 0.7298680 0.3762061 -0.4187809 0.2525622 0.3523096 0.4702211 -0.0041584 0.4217958 0.4544408 0.6585970 0.0269567 0.6088241 0.6367524 0.0874207 -0.0155748 0.1743257
-0.1283791 0.5199208 0.4653189 0.1827499 0.1980537 0.0684556 0.0414353 0.6905855 -0.0553156 0.1288166 0.2064728 0.1712093 0.0000000 -0.1729339 -0.2335000 0.0971812 0.1492574 -0.0774941 0.1807889 -0.0781042 -0.0590789 0.3649016 0.1043015 -0.0705435 0.1421392 0.0763964 -0.0595066 -0.0920498 -0.1604945 -0.3567982 0.3599968 0.4480359 -0.1251337 -0.0249407 0.0601275 -0.0553998 0.5112649 0.3617546 -0.3006724 -0.3042535 0.0759253 0.0467403 -0.1481146 -0.2048322 0.1139554 0.4543894 0.1376359 0.0373702 -0.1399739 0.5629154 0.0093097 -0.2872274 0.1918287 -0.3533050 0.5254875 0.4818609 0.3270646 -0.2791027 0.0944719 0.2122450 0.4942354 -0.1059570 0.1695782 0.1020279 0.4161757 0.1961270 0.2057280 -0.2013803 0.2184558 0.1339265 0.2759397 0.3293128 0.1533406 0.4659108 0.3475014 0.3041431 0.3200468 0.3462592 0.3666330 0.0906948 0.2176336 -0.2166257 -0.0248546 -0.4060841 -0.4165661 -0.2205445 -0.2374141 0.0731539 -0.1278611 -0.0458447 0.0982018 -0.1948516 0.2381626 -0.0649907 -0.1478674 0.2440796 0.2617556 0.1864241 -0.3751451 0.3643357 -0.2976945 0.2055319 0.2367156 0.1374566 0.2717699 0.0330622 -0.0413701 0.0990334 0.2512284 -0.0878732 0.1772007 0.0054603 0.0263216 -0.0232891 0.0801787 0.0939106 -0.0195497 0.4633828 0.2119979 0.3235982 0.1514066 -0.1013904 0.1862750 0.0651009 0.2526690 0.0132606 -0.1331798 0.2719024 0.1081624 0.3279926 0.2349666 -0.0472173 0.0395218 0.4904537 -0.2485334 0.2977152 0.3075956 0.2068449 -0.0187443 0.5331994 -0.0230300 0.2801332 -0.2191873 0.2938025 0.2346109 0.4095703 -0.0049211 -0.1654278 -0.0519644 0.2751989 0.2748246 0.3969169 0.1537604 0.0874839 -0.1989997 0.3604516 -0.1768878 0.1779469 -0.1760291 0.0644041 0.1744780 0.3089774 0.3400366 0.0077854 0.3036314 0.1226463 -0.0174650 -0.2428652 -0.2576147 0.2968198 -0.1095489 -0.0087579 0.3080463 0.4175260 0.3370555 0.4288627 0.2272610 0.0093187 0.1191429 0.0669589 -0.0418552 0.2918076 0.1202250 0.1579129 0.3549769 0.5671676 0.2276597 0.1807943 0.1346176 0.1630834 -0.1960907 0.1511126 0.1199349 -0.0907547 -0.1078490 -0.1135195 -0.0030406 0.0884701 0.1235167 -0.0018098 -0.1259657 -0.2417799 0.0738472 -0.1709827 0.0049240 0.0819674 0.1055822 -0.0895992 -0.2198767 -0.4778610 0.0237036 0.2131285 0.5262881 0.3935901 0.1482423 -0.1430027 -0.3121832 -0.2517480
-0.2578742 -0.1963112 -0.1945893 0.5958511 -0.5719597 0.6324769 0.2429872 0.0739083 0.7081682 0.6064082 0.4310122 0.4454775 -0.1729339 0.0000000 0.7225354 0.4853872 0.5981974 0.4124788 0.3930687 0.0694155 0.3981768 0.1019842 0.6603687 0.6365450 0.4453315 0.6705951 0.4278003 0.5449836 0.4003516 0.5510871 0.1921647 0.2298583 0.5733018 0.3541128 0.6519925 0.0067751 0.4030769 0.5494859 0.2489500 0.2642049 0.1085895 0.1396665 0.5137737 0.4433584 0.1729803 0.3400215 0.5821488 0.2134689 0.6089978 0.1561907 0.5236640 0.2762525 0.4362792 0.6017588 0.3537477 0.1403245 0.1767702 0.6438430 -0.5305370 0.3752145 -0.2068194 0.2943686 -0.2106219 0.5088385 0.4377647 -0.0248343 0.2892063 0.5179004 0.0342000 0.4450160 0.3536577 0.3989594 0.4722544 0.3462680 0.1808480 0.4623409 0.4542678 0.2464067 0.3960911 0.6418385 0.0157157 0.2439036 0.2713623 0.4834880 0.1123465 0.1943943 0.0630507 -0.3388189 -0.0651084 -0.1037867 -0.0018949 -0.2397919 -0.0864357 -0.3464458 0.1075039 0.2192592 0.0174956 -0.0204581 0.3111391 -0.0582525 -0.0008273 -0.0473215 0.2626636 -0.1615407 0.0277466 -0.0474985 -0.1462961 0.1681330 -0.3261940 -0.1770251 0.1513515 -0.0529889 -0.1472767 -0.1689893 -0.1865534 -0.2774495 -0.3565252 -0.3247649 -0.4583032 -0.3598367 -0.4056249 -0.2961061 -0.1784547 0.1616834 -0.4202999 -0.3011917 -0.2623751 -0.2568279 -0.3482100 -0.1475741 -0.2685138 -0.0000554 -0.2795951 0.2160455 -0.2598406 -0.2254942 -0.3083318 -0.3905962 -0.1719269 -0.4486063 -0.1852072 -0.3974181 -0.4686358 -0.1631010 -0.2542158 -0.2068863 -0.4479972 -0.4434060 -0.3955098 -0.1562259 -0.1026078 -0.0655096 -0.3265018 -0.2889141 -0.0479134 0.0235234 -0.2521905 -0.1762656 -0.4551910 -0.2096125 -0.1908197 -0.1259831 0.2000442 -0.2790281 -0.2985484 0.1960152 0.0493509 -0.2909783 -0.1553909 -0.1146816 -0.4864386 -0.2874754 -0.1185286 -0.0275442 -0.1724463 0.0160117 0.2306415 -0.1323486 0.3077949 -0.0684096 -0.1907899 -0.4572532 -0.5229341 -0.6703981 -0.7345311 -0.0203005 -0.6264057 -0.3253242 0.4462241 0.5756020 0.3854902 0.4169171 -0.2229019 0.2264333 0.1139173 0.1371352 0.2626946 -0.0391191 0.4869626 -0.0031165 0.2563006 0.6076878 0.5019191 0.2205025 -0.3082547 -0.2986262 0.1489040 0.4395999 -0.0085903 0.4623828 0.4162808 -0.1212578 -0.5647095 -0.3255605 -0.0596288 0.3916946 0.2158999 0.1897787
-0.0140012 -0.0408036 -0.4812952 0.5566629 -0.6819414 0.6422300 -0.0230688 -0.1071763 0.6946201 0.5344711 0.3980100 0.3713524 -0.2335000 0.7225354 0.0000000 0.2084185 0.4207777 0.5217430 0.0982573 0.0322056 0.3113347 0.3104802 0.3147121 0.6154956 0.4691947 0.3206720 0.2136670 0.4365083 0.4388869 0.3988254 0.3540496 0.3325229 0.5811127 0.5169929 0.2993549 -0.0765716 0.2272364 0.4215387 0.1584999 0.2772006 0.5495222 0.2213170 0.1272889 0.4078525 0.4011744 0.0596604 0.1686311 0.3317227 0.5650982 0.0292996 0.2171747 0.2098910 0.4283657 0.4297813 0.0611984 -0.1273870 0.0426368 0.5983492 -0.4161409 0.1243093 -0.1945613 0.2280988 -0.3377034 0.5187530 0.4010515 0.0505625 0.2020134 0.5020949 -0.1592660 0.3940399 0.2542505 0.3236256 0.3819587 0.1828984 0.2131725 0.3458020 0.3516965 0.1818840 0.2982502 0.4961436 -0.0557888 0.3694017 0.4543227 0.5896730 0.2729444 0.3620208 0.0548740 0.1266893 0.0569559 0.1445029 0.2411329 0.2801442 0.2546175 0.1237463 0.0677930 0.2224833 0.1084219 0.0810475 0.4143954 -0.0518804 0.0302524 0.2532195 0.2937836 0.3209606 0.1315333 -0.1196221 0.0240736 0.2640813 -0.1515474 0.2110774 0.1486769 0.0341803 -0.1095939 0.0711848 0.0933550 -0.0689399 -0.1201759 -0.1028565 -0.2659708 -0.2602676 -0.2595277 -0.0816481 -0.1505151 0.0971416 -0.1731153 -0.2667266 -0.0460299 -0.1482215 -0.3044789 -0.1464587 -0.1851849 -0.0976153 -0.1313582 0.2310875 -0.2965340 -0.0823917 -0.1054968 -0.2910187 -0.1067609 -0.2888863 -0.0129796 -0.3960180 -0.6439334 -0.1365677 -0.1194354 -0.1838593 -0.2929408 -0.2261608 -0.1257911 -0.2583225 -0.1904508 -0.2800097 -0.3577840 -0.0825278 0.0774176 -0.2159195 -0.4456429 -0.2094530 -0.3325294 -0.2720683 -0.2993730 -0.1547193 -0.0955177 -0.3998887 -0.2793239 -0.0762568 0.0184194 0.0172477 -0.0291867 -0.1385850 -0.3595793 -0.1336631 -0.0996254 -0.0832541 -0.2372905 -0.1709084 0.0715168 -0.1849534 0.1195425 -0.2105259 -0.2502559 -0.4050626 -0.3853782 -0.4572750 -0.6111937 -0.0486545 -0.6409209 -0.4577345 0.2531883 0.3740491 0.2701172 0.1209615 -0.4446575 0.1483275 0.0885608 0.0042813 0.1869689 -0.2186763 0.3296285 -0.0856274 0.4210553 0.4508941 0.0896595 -0.2094132 -0.0774587 -0.2761952 -0.0356976 0.5042738 0.0874091 0.1700782 0.1533840 -0.1885310 -0.4006126 -0.2184487 -0.1026353 0.1464612 0.2633635 0.0762598
-0.1179777 -0.3026422 -0.0868942 0.6093431 -0.2946892 0.6868121 0.4747532 0.6084520 0.4002565 0.6883944 0.7932306 0.5601265 0.0971812 0.4853872 0.2084185 0.0000000 0.8474772 0.2292043 0.7289754 -0.3761869 0.4788443 0.1281944 0.7746059 0.0289618 0.5309423 0.5310416 0.3514617 -0.2287479 0.2962453 0.0346950 0.0045474 0.1585102 -0.0267877 0.2750520 0.6456239 0.3168427 0.4429048 0.5357277 0.0888714 -0.2174223 -0.2402763 0.2968005 0.4242475 -0.3196549 0.3068872 0.5388046 0.7075906 0.1403374 0.0056120 0.3267732 0.8037807 0.5992804 0.5185770 0.3240261 0.5717833 0.6834863 0.7310511 0.3054960 -0.2005052 0.8128611 0.3784950 0.7499005 0.1950103 0.4698664 0.5341869 0.5221241 0.7490668 0.6205521 0.7104688 0.6851640 0.8722374 0.5843555 0.7733698 0.5683899 0.5788912 0.6998209 0.6208631 0.8128179 0.6327562 0.6332702 0.6591249 -0.1166514 0.0288853 0.1538786 0.0361533 0.1456465 -0.4077045 -0.4740203 0.0508293 -0.1272476 0.0108849 -0.1273366 0.0132967 -0.6029007 0.0238009 0.2528165 0.5338040 0.1703396 -0.2477062 0.0224703 -0.2118774 0.0164871 0.4258096 -0.2900270 0.4536891 -0.0816318 0.3455642 0.4236230 0.1233590 0.0348771 0.1367530 0.4374330 0.0765780 0.0370762 0.1968656 -0.0461624 -0.1300018 -0.0026602 -0.1757874 0.1167375 -0.2409739 -0.3538108 0.2278542 0.1730190 0.1365023 0.2761324 -0.1959223 0.1832930 0.2076550 0.3018017 0.2798140 0.3655500 0.1740043 0.5552136 0.0604624 0.1968630 0.2188007 0.1824648 0.0370060 0.1761358 0.1059137 0.0737726 0.0320253 0.2293977 0.2970572 0.2518365 -0.1164272 -0.1393071 -0.1042139 0.1149217 0.2086275 0.4622155 0.2482728 0.0857058 -0.2700519 0.3871939 0.1982482 0.4843399 0.0648562 0.1448388 0.1513192 0.3148909 0.5820241 0.2826048 0.0702938 0.4466380 0.2349586 -0.1719192 0.3447108 0.3248330 0.1298026 0.0005308 0.1765414 0.3234938 -0.0116956 -0.0181827 0.2108851 0.0017611 0.4648819 0.2090807 0.0034990 0.1586165 0.0487078 -0.1824810 -0.3294765 0.3394880 -0.2293139 0.0537402 0.5734777 0.5428601 0.5911130 0.4242907 -0.0792542 0.5125454 0.5636737 0.4542603 0.5664514 0.2920794 0.6001358 0.5055122 0.0064418 0.2403180 0.4208180 0.1283789 -0.4892213 0.1527487 0.1103896 0.0313895 -0.3218607 0.2878659 0.2432677 0.1707414 -0.0766774 0.0740719 0.1304709 0.1926330 -0.3457100 -0.1687341
-0.0657610 -0.1176817 -0.1080010 0.4987646 -0.2015572 0.7031871 0.4422659 0.6442375 0.4301758 0.7236139 0.7756240 0.6840644 0.1492574 0.5981974 0.4207777 0.8474772 0.0000000 0.2710659 0.6890359 -0.3161708 0.4953335 0.2404593 0.8033447 0.0430461 0.5911624 0.5196453 0.4353090 -0.1891267 0.2308346 0.0813230 0.0216217 0.2245588 -0.0611789 0.2055372 0.6492119 0.2985017 0.4306530 0.6497543 0.2194971 -0.1340259 -0.1505317 0.2193781 0.3768992 -0.3460139 0.2650612 0.4331620 0.7115817 0.1799629 -0.0398011 0.3809272 0.7873171 0.5557014 0.5369809 0.1742055 0.4363078 0.4476042 0.6305441 0.1885296 -0.0525228 0.7538684 0.4232007 0.6784486 0.0845406 0.4719277 0.6168052 0.4098840 0.7829310 0.5842706 0.5744617 0.6623436 0.8284148 0.6218973 0.7994755 0.6764138 0.6036467 0.7266337 0.6635153 0.7518243 0.6434329 0.6853583 0.5933722 -0.0907596 0.1312510 0.2857315 -0.0353165 0.1961575 -0.5523486 -0.3440339 -0.0545116 -0.1402211 -0.0884321 -0.2106998 0.0281767 -0.5597743 -0.0870286 0.2600858 0.4675661 0.1118416 -0.1159960 0.0669887 -0.2324063 -0.0673852 0.5257523 -0.2606436 0.3382330 -0.2186238 0.1899913 0.3655392 -0.1047837 -0.0484777 0.1464127 0.2469762 -0.0164883 -0.0182924 0.0778482 -0.0726381 -0.2042822 -0.1066512 -0.1960079 -0.1087142 -0.2963319 -0.3062610 0.0265551 0.2729654 -0.1058325 0.0425249 -0.2258095 0.0188362 -0.0286785 0.2682058 0.0903022 0.2283765 0.0636077 0.5979363 -0.1293104 0.0685803 0.1026938 0.0002499 -0.0717279 0.1493399 -0.0285246 -0.0447963 -0.2173648 0.0921180 0.1043349 0.1938190 -0.2397399 -0.2129093 -0.2217621 0.0922213 0.2257523 0.2787357 0.0646237 -0.0527124 -0.0642966 0.1833052 -0.0317110 0.2851584 -0.1051912 0.0616235 0.1463630 0.1836789 0.3611396 0.0194570 0.1163161 0.2203685 0.0596712 -0.2537179 0.2388702 0.2139952 0.0414185 -0.1081434 0.4099438 0.4118017 0.1795173 0.1585827 0.4151069 0.1558718 0.5797437 0.2659908 0.1197450 0.1966682 0.1097858 -0.2048270 -0.2803006 0.4872707 -0.1637364 0.1684901 0.7285299 0.6747466 0.5857190 0.5762464 -0.0004876 0.5515865 0.4564463 0.5025263 0.5454278 0.3824775 0.6327210 0.3627909 0.0715555 0.1833353 0.3283796 0.0224199 -0.5603530 0.0696192 0.0716926 0.1682585 -0.3243375 0.2194518 0.1679201 0.2992392 -0.0851051 0.0605800 0.2798200 0.1122436 -0.0574533 -0.0045199
