0.0000000 0.7037613 0.3187054 0.6006822 -0.1742042 0.6063180 0.6514460 0.2462395 0.3732580 0.0687588 -0.1787228 0.6044928 -0.1310317 0.1464004 0.3491979 -0.5262513 -0.0246767 0.2833860 -0.5072106 -0.2632777 0.4202735 -0.4954551 -0.3892891 0.4574775 -0.4615173 -0.6418026 -0.0756583 0.4955606 0.3637937 0.2654331 -0.4478264 -0.5553884 0.3910148 0.3784518 -0.5201170 0.2092587 -0.5851303 -0.5484118 0.1411429 0.1790702 -0.6219625 0.3124118 -0.2861910 0.2468491 0.1682472 -0.5665958 -0.4512196 -0.5715415 0.1782928 -0.3452665 -0.4817465 -0.1493412 0.2402494 -0.1729772 -0.5150134 -0.5225389 -0.4136488 -0.1922802 -0.0602881 -0.4757008 0.0409375 -0.5286502 -0.5010785 -0.1538399 0.1368099 -0.4065257 -0.4653209 -0.4652504 -0.4136790 -0.2358710 -0.2233195 0.1138509 -0.4443028 0.0185687 -0.4425619 -0.2013483 0.1646044 -0.2626866 -0.3444286 -0.3422814 -0.4978789 0.1651207 0.0253499 -0.0370662 0.0875595 -0.3120341 -0.0967307 0.0276217 -0.2142201 -0.1677043 0.1509326 0.0948657 0.4116603 -0.2551116 -0.3192599 -0.1541446 0.3302187 0.2470464 -0.1968213 -0.6230502 -0.3565091 0.3772850 0.1415613 -0.3879564 0.2181765 -0.1350894 0.1166088 0.2364767 0.2133772 0.0265261 -0.0086689 0.3188699 0.2145010 0.2432881 0.1996222 0.2208743 0.1518265 -0.1508867 0.1195997 0.1848401 0.0457643 -0.1041058 0.2516063 0.2767994 0.1746095 0.3403438 -0.0815042 0.2786770 0.0469983 -0.1088988 -0.1160244 0.0840095 -0.2212665 0.1746856 -0.0190719 0.2143873 -0.1046969 0.0291070 -0.0831624 0.1997657 0.0569839 -0.0741073 -0.3213751 0.2107002 -0.0278126 0.0963116 -0.1563690 -0.1202837 -0.1443186 0.1027125 0.4448838 -0.0117258 -0.1718607 -0.0992173 -0.1568184 -0.3017288 -0.0129025 -0.2218878 -0.2235126 0.0998588 -0.1260571 0.0679669 -0.1423444 0.0510603 -0.0407373 -0.2622150 -0.0265173 -0.1646677 -0.0025119 0.4867680 -0.2233793 -0.1251803 0.7610132 0.5399637 0.6420851 0.2051053 0.3720214 0.2984268 0.5604671 0.8517550 0.2602999 0.1731275 0.0076138 0.0339722 -0.1371284 0.0722394 -0.3497100 -0.2749037 0.3715704 0.3064256 0.3471676 0.2673969 0.5877258 0.1041837 0.4276522 0.3871778 0.3893050 0.4828640 -0.5651862 0.3794988 -0.0828404 -0.3907660 -0.0859687 -0.1242250 0.0788034 -0.2866578 -0.0341232 0.2002452 -0.1805875 -0.4556253 -0.0422382 0.1090549 0.0479347 0.0462935 0.0641696 0.2747706 0.3909110 0.1631438
0.7037613 0.0000000 0.1699990 0.5686379 -0.3500670 0.7829763 0.4521046 0.2358619 0.5512647 0.2837425 0.1272665 0.5783451 -0.1015612 0.2247532 0.5427137 -0.1798611 0.1741132 0.1941267 -0.2487196 -0.1985264 0.2706344 -0.4707428 -0.1363114 0.2361432 -0.3487821 -0.3291164 0.0984381 0.2978332 0.3267513 0.2455313 -0.2287715 -0.5096754 0.0115467 0.0925461 -0.2758685 0.4201300 -0.3302226 -0.4059883 0.1360438 0.3139074 -0.4330235 0.6443662 -0.1567541 0.2515215 0.2346257 -0.2995663 -0.2359306 -0.4182743 0.0655616 -0.2740229 -0.3136488 -0.0118752 0.0279829 0.0757232 -0.3991185 -0.2978723 -0.1956394 0.0918757 0.4629140 -0.3301890 0.3507013 -0.3188487 -0.3778652 0.0177278 0.1864607 -0.2165611 -0.2783810 -0.1572198 -0.1814948 -0.0468997 -0.0045655 0.0216865 -0.1459258 0.0929697 -0.3110127 0.0061326 0.0504535 -0.0095441 -0.0869718 -0.1362529 -0.2059304 -0.0421387 0.0280873 -0.0192371 0.1698410 -0.1860077 -0.0278102 0.1397643 -0.1209319 -0.1666141 -0.1095368 -0.0495715 0.3642529 -0.0309217 -0.4814088 -0.3493499 0.1759363 -0.0698428 -0.2985987 -0.2993071 -0.3174095 0.0048376 0.0037342 -0.1332851 0.0151170 -0.3144799 -0.0849332 0.1757816 -0.0120107 -0.2314778 -0.1612611 0.0253607 0.3840042 0.2419594 0.1821093 0.4071046 0.2784026 -0.0095250 0.2579781 0.0818280 0.3695152 0.1994428 0.0416175 0.2266748 0.3323590 0.2619890 0.0186604 0.0895659 0.2168732 0.0641743 0.2277805 -0.1534971 -0.1820186 0.3837347 -0.2432577 -0.0012297 0.2316309 0.3566313 0.2159194 0.3172058 -0.1421624 0.1625517 -0.4822106 0.1625460 0.3372886 -0.0270282 0.1318413 0.0603154 -0.2033637 0.1137354 0.3768437 0.1094094 0.0879366 -0.1782052 -0.1752829 -0.1373306 0.1457320 0.0272448 -0.2312465 0.2884928 -0.1722574 0.0431779 0.1500647 0.3374819 -0.0828390 -0.0701960 -0.0627820 -0.1220527 0.0774849 0.2656845 -0.2093011 -0.0687689 0.4449219 0.3063863 0.6346949 -0.1926871 -0.0292396 0.1808084 0.2727371 0.7368081 0.4669238 0.3998736 0.5006775 0.4145971 0.3490955 0.2518924 -0.0965634 -0.1887215 0.2204656 0.1024440 -0.0839712 0.3688645 0.5224147 -0.2609722 0.1273993 -0.0082793 0.3307348 0.2839756 -0.2729330 0.3548041 0.0623356 -0.3829053 -0.1443045 -0.2603801 0.1783014 -0.0744943 0.1666530 -0.0488691 -0.1309471 -0.1937617 -0.1352386 -0.0367245 -0.0623272 -0.1648149 -0.0490524 0.1349460 0.1561971 -0.1523105
0.3187054 0.1699990 0.0000000 0.3463380 0.5378846 0.1249093 0.0693588 0.5594649 0.3845146 0.3663337 0.3506828 0.2614509 0.6017833 0.3047661 0.1500777 -0.0225556 0.3249332 0.0348369 0.0417707 0.3455311 0.3343780 -0.0119461 0.0048182 0.2200050 -0.0617383 -0.1638264 -0.0135308 0.2080329 0.2319494 0.2261990 -0.0078834 -0.1926850 -0.0135395 0.1404898 -0.1875747 0.0858349 -0.2552568 -0.0903402 0.2919372 0.3183305 -0.2070717 0.0448120 -0.0287505 0.3740911 0.1168182 -0.1994708 -0.2156782 -0.0251203 0.1845395 -0.2782234 -0.2733161 0.1636868 0.2131663 0.2748127 -0.0989060 -0.3386441 -0.1855679 0.2232524 0.0658177 -0.3330789 0.1888647 -0.0961379 -0.3353200 0.2257188 0.3656782 0.0084348 -0.1598323 -0.0336614 -0.1906522 0.1087660 0.0049439 0.2292860 -0.1474307 0.3315197 -0.0011118 0.0353723 0.2751430 0.0141247 -0.1075651 0.1297680 0.0535534 -0.0888505 -0.0827036 -0.3481318 -0.1924688 -0.3321010 -0.1830044 -0.2232238 -0.1474932 -0.0973647 0.3533980 0.3033158 0.1166270 -0.2688566 -0.1278691 0.2186858 0.2961422 0.1213264 -0.0356350 -0.4539210 -0.0279786 0.1273815 0.0927452 -0.0518704 0.3121940 0.3892493 0.0472991 0.2488949 0.2295723 -0.1728282 0.2839167 0.2697306 0.4805480 0.2318119 -0.1078838 -0.1196292 -0.3593428 -0.2509203 -0.3234751 0.2312093 -0.1366341 -0.0594795 0.0696780 0.0213448 0.1720899 0.3850849 0.2955851 0.3804773 0.4037940 0.2337986 0.1012251 0.2692608 0.1001910 0.0690785 0.1554806 0.3220810 0.1012974 0.2683154 0.1206381 0.2300326 0.1965870 -0.0279447 0.0713120 0.2558463 0.0018032 0.2056476 0.0022439 0.0709595 0.1785643 0.1401416 0.1415862 0.1398909 -0.0182299 0.1316508 0.1233137 -0.0695090 0.0267792 0.0344484 0.0938786 -0.0721129 0.1431794 0.0670969 -0.1100630 -0.0542025 0.1741458 -0.0142893 0.0607819 0.1723426 0.1911141 0.1097508 0.1351997 0.2167985 0.1786505 0.0698823 -0.0110918 0.0704701 0.1995878 -0.1047378 0.1256311 0.2751079 -0.2699112 -0.0621100 -0.0659655 -0.1020870 0.0187099 0.3870248 0.2464094 0.2710058 0.3566640 0.1864357 0.2292092 0.3591609 0.1641787 -0.0013702 0.2822126 0.2011852 0.2349494 0.0198226 0.0200773 0.3892539 -0.0578399 -0.2787093 0.0715792 0.1040651 0.3576359 -0.2391196 0.0259927 0.2101804 -0.2628180 -0.1247963 0.1499385 0.1902744 0.4513045 0.0230189 0.1136865 0.3032882 -0.1332822 -0.2177561
0.6006822 0.5686379 0.3463380 0.0000000 0.1184687 0.8502603 0.6256837 0.8136848 0.7258823 0.6103099 0.4026075 0.8253376 0.2121687 0.4664367 0.6456264 -0.1171623 0.3227800 0.4185247 -0.1342571 -0.5769558 0.5677996 -0.6797217 -0.1701528 0.7784165 -0.3909703 -0.3509810 -0.2440498 0.4976821 0.5529109 0.1752366 -0.6440623 -0.6846971 0.5369511 0.6378257 -0.4341783 0.0533517 -0.6164814 -0.6981448 0.1543342 0.1635450 -0.7841561 -0.0487719 -0.2383294 0.3866652 0.1824348 -0.5932686 -0.6083195 -0.7331719 0.3655155 -0.5580983 -0.5543508 -0.1131443 0.5196809 -0.0974645 -0.7126605 -0.6712697 -0.6842757 0.0019519 -0.0981869 -0.5514775 0.3874803 -0.4405363 -0.6152426 0.1661184 0.5598619 -0.6262137 -0.3730260 -0.2190677 -0.6436502 0.0835791 -0.4453628 0.4716266 -0.1423680 0.4991604 -0.5635606 0.1604289 0.5772796 -0.2612489 -0.0175048 0.1564362 -0.4451119 -0.0708778 0.0847143 -0.1597662 -0.2911686 -0.2119636 0.0450149 -0.1210673 -0.2017985 -0.1245509 0.0716002 0.1306832 0.2642065 -0.2389165 -0.3102259 -0.2395133 0.1866893 0.0627465 -0.0164961 -0.4968216 -0.1418145 0.1845562 -0.1418668 -0.3399146 0.1270881 0.0113327 -0.0697793 -0.0597989 0.3268422 -0.1373978 0.1924617 0.2956357 0.1538463 0.1201249 0.0648970 0.1561561 0.1084098 -0.2294196 0.0022990 0.0535219 -0.0139352 -0.0313892 -0.1273481 0.2032053 0.1773550 0.5534894 -0.3925506 0.3520068 0.1523683 -0.1695030 -0.0684366 0.0949293 -0.2042255 0.0384054 0.0799027 0.3565848 0.0650504 0.1878796 0.1598915 0.5941347 0.1518410 0.3005934 -0.4467957 0.5058037 0.2068424 0.1926346 0.1616540 0.1594025 -0.0958145 0.3921246 0.5832856 0.2504648 0.1262878 0.0413824 -0.0783962 0.0823168 -0.0988404 -0.1302309 -0.3965916 0.2902759 -0.0464004 0.1053423 -0.0205451 0.1906878 -0.0501269 -0.2251567 -0.0764131 -0.0838476 -0.2695192 0.0086637 -0.2339796 -0.2135106 0.5005264 0.5660110 0.6766734 0.2051036 0.5002190 0.5099529 0.5713603 0.5546947 0.0212078 -0.0914130 -0.1395053 -0.2524859 -0.1094191 0.4163764 -0.3759061 -0.1882275 0.7339533 0.6491322 0.2201531 0.6369263 0.5828533 0.0822342 0.3980059 0.3776719 0.5382669 0.5498646 -0.1615001 0.5764092 -0.4917374 -0.5439181 -0.2741035 -0.3950310 -0.1831580 -0.5120221 0.3123957 -0.0891498 -0.6716920 -0.1833534 -0.4017667 0.3446387 -0.0163763 0.2901135 0.3525245 -0.3603146 -0.0853736 -0.2741461
-0.1742042 -0.3500670 0.5378846 0.1184687 0.0000000 -0.2522573 -0.2149046 0.5072120 0.1356156 0.1380333 0.2985209 0.0520387 0.7400391 -0.0327308 -0.0040296 0.0873107 0.1370678 -0.2708251 0.1542888 0.1970823 0.1655792 0.1229852 0.0545743 0.0424628 0.0071748 -0.0763165 -0.4223746 -0.2631506 0.2043639 -0.2706305 0.0765631 -0.0874161 -0.1186995 0.0936020 -0.1667850 -0.2878310 -0.2546542 0.0145233 -0.0616351 -0.0672088 0.0439527 -0.1936957 -0.1316609 0.1329501 0.2297506 -0.1473277 -0.2399672 0.1466130 0.0649866 -0.2258189 -0.2813515 0.0090758 0.2434511 0.1763820 0.0351222 -0.2039073 -0.2163773 0.2613049 -0.0568240 -0.2970523 0.2291503 -0.0336243 -0.0955589 0.2524061 0.3727695 0.0839011 -0.0146621 0.1324356 -0.1322932 0.2331756 -0.0716680 0.2883729 0.0840803 0.4164984 0.0934911 0.2321351 0.2662672 0.1248753 0.1821349 0.3680942 0.2713214 0.1058796 -0.0454358 -0.3434186 -0.3332463 -0.0025825 0.3086574 -0.2110467 0.0696174 0.2706326 0.3877438 0.4162807 -0.0871402 -0.0905576 0.2396142 0.3687262 0.1495635 0.1253815 0.3942401 -0.0787335 0.4512977 0.1223887 0.1025296 0.1843031 0.3541903 0.5411713 0.0498350 0.2060529 0.2758280 0.2035877 0.4637679 0.2347361 0.3854783 0.3890889 0.2402056 0.1754548 0.0803006 0.2206454 0.0917765 0.0324216 0.0204309 0.1871908 -0.0346648 0.1437875 0.1983682 0.0940032 0.0374719 0.3818524 0.2173960 0.1654136 0.0155633 0.3409515 0.1209120 0.0562213 0.3093081 0.4469637 0.0875631 0.1418734 0.0569014 0.2997443 0.4202905 0.1453617 0.0660323 0.4001254 0.1055039 0.4971807 0.0920735 0.1741399 0.3792867 0.3415237 0.3321624 0.4230749 0.1137670 0.4365175 0.2255051 0.3254387 0.0881750 0.1445894 0.2062130 0.1262539 0.3321369 0.0677008 0.1073126 -0.1002786 0.2579183 0.1835212 0.1915056 0.2836164 -0.0641046 -0.2023029 0.2116003 0.1747321 0.0418406 -0.0923655 -0.2158769 0.1236353 0.1692702 -0.4437158 -0.0063406 -0.1152501 -0.4023620 -0.3032516 -0.2718621 -0.3699051 -0.1718804 0.4881946 0.2730941 0.6079985 0.2154294 0.1038801 0.0194534 0.1583801 -0.3071574 0.1139578 -0.0140930 0.0829278 -0.1199417 -0.2203080 0.2728221 0.0839422 -0.4162538 -0.1060869 -0.1158650 -0.0535745 0.2848717 -0.1291551 0.2035720 -0.0608372 -0.3808820 -0.1050906 -0.0724018 0.1112383 0.5146919 -0.0593144 0.0140955 0.1174180 -0.4680183 -0.4028804
0.6063180 0.7829763 0.1249093 0.8502603 -0.2522573 0.0000000 0.6975083 0.5624435 0.7721545 0.6327510 0.4136110 0.8183097 -0.0226775 0.5384436 0.7553352 -0.0077466 0.3703169 0.6036480 -0.1584449 -0.5098897 0.4642779 -0.6539902 -0.0145709 0.7172035 -0.3396119 -0.1688586 0.0494577 0.5757415 0.5077059 0.3217681 -0.4822252 -0.5387176 0.4751583 0.5541534 -0.1989028 0.3232890 -0.3088723 -0.5271824 0.2694467 0.3427048 -0.5936905 0.2059234 -0.0315171 0.3749460 0.2018895 -0.3495975 -0.2863673 -0.6038608 0.3813105 -0.3209143 -0.2434917 0.0902549 0.4214972 0.0504244 -0.5525981 -0.3903212 -0.3624016 0.1137135 0.1485341 -0.2423455 0.4629573 -0.2053094 -0.4784962 0.1972064 0.4461336 -0.4552199 -0.1800671 -0.0488560 -0.3764274 0.1558281 -0.2194898 0.3981232 0.0241556 0.3869828 -0.3872623 0.2182524 0.4424094 -0.0594095 0.1094173 0.1104333 -0.3275787 -0.1256320 0.1262414 -0.0415349 -0.1676053 -0.1996632 0.0007927 -0.0880213 -0.2525847 -0.2719066 -0.1552769 -0.0823979 0.2363361 -0.2038318 -0.4236430 -0.3841972 0.0611417 -0.1467441 -0.2028619 -0.4449242 -0.3652987 -0.0398448 -0.2612475 -0.3627645 -0.0465999 -0.2184913 -0.2011868 -0.1488085 0.1066566 -0.3253667 -0.0422153 0.1229433 0.0889931 -0.0195624 -0.0217397 0.1732869 0.1425274 -0.3153857 0.0196009 0.0071226 0.0720552 -0.0044633 -0.1124377 0.1239320 0.1697958 0.4336016 -0.3651291 0.1494869 0.1712658 -0.2226008 -0.0204247 -0.0840333 -0.3193159 0.1371218 -0.1445502 0.1184781 0.0708435 0.1867873 0.1067499 0.4354294 -0.0762767 0.1893634 -0.4815843 0.3267426 0.2059805 -0.0076688 0.0887823 0.0334873 -0.2433586 0.1903957 0.4213004 0.0967149 0.0418673 -0.1228287 -0.2317782 -0.0162144 -0.0288343 -0.1684634 -0.4217075 0.3163787 -0.1960413 0.0159971 0.0389276 0.2849510 -0.1849758 -0.1810460 -0.0839672 -0.1641361 -0.1607517 0.0269428 -0.2846138 -0.2497517 0.4636630 0.4909626 0.7777222 0.0838764 0.3610787 0.5243797 0.6229649 0.6192357 0.3619666 0.1713993 0.1337558 0.0574777 0.1385938 0.3205035 -0.3053949 -0.3161309 0.6051770 0.5470150 0.1281237 0.5971332 0.6571900 0.0698401 0.3761797 0.3186135 0.5358196 0.5686747 -0.1452511 0.4711214 -0.1891532 -0.4681260 -0.2174106 -0.3694121 -0.1606122 -0.2561149 0.3883939 -0.1178296 -0.3939206 -0.0576555 -0.3829402 0.1960914 -0.1352130 0.1414671 0.2606338 -0.2649708 0.1142521 -0.1226543
0.6514460 0.4521046 0.0693588 0.6256837 -0.2149046 0.6975083 0.0000000 0.2684005 0.4136994 0.3199677 0.0022345 0.6280285 -0.2675550 0.4089935 0.2674877 -0.3819988 0.1434162 0.6071278 -0.6192055 -0.6555354 0.3833686 -0.7969881 -0.2214571 0.6417101 -0.6532203 -0.3925386 -0.0054473 0.7037251 0.1978120 0.4338880 -0.6311331 -0.6433421 0.6586224 0.5015433 -0.2834899 0.2249560 -0.4262003 -0.6482446 0.3719320 0.2799842 -0.6582652 -0.1131054 -0.0008953 0.2703659 -0.0611818 -0.5424212 -0.3635923 -0.6843964 0.3140607 -0.4504537 -0.2478488 0.0943111 0.3592379 -0.1578332 -0.5850005 -0.4825959 -0.4605665 -0.1611378 -0.0744171 -0.2244006 0.1224797 -0.2512541 -0.4133348 -0.0098577 0.1978391 -0.6085728 -0.3137146 -0.2875924 -0.4554745 -0.0516117 -0.3987845 0.3051408 -0.2036638 0.2364975 -0.4177520 -0.0507341 0.3672767 -0.2690019 -0.1625638 -0.2600326 -0.5126159 -0.1499695 -0.0543728 -0.2951078 -0.3521221 -0.3133556 -0.0263854 -0.4034186 -0.3595092 -0.2668837 0.0149531 -0.0059620 0.1354878 -0.5274225 -0.1511825 -0.2902850 0.1261433 0.0738851 -0.0616671 -0.5588670 -0.3083725 0.2256439 -0.0748686 -0.4679989 0.0246507 -0.1430008 -0.0474148 -0.0444442 0.1774987 -0.1262450 0.1203833 0.4282666 0.0882594 0.0588241 0.0957613 0.1571225 0.1210786 -0.4043079 0.0559086 -0.0736360 -0.0615676 -0.0745532 0.0091809 0.2099704 -0.0303431 0.1913052 -0.3677592 0.0876158 -0.0759610 -0.3008874 -0.3028433 0.0743488 -0.4073906 0.0914001 -0.0213298 0.1215681 -0.1964311 -0.2081873 -0.2162593 0.0525471 0.0137823 -0.0631994 -0.1639871 0.1295533 -0.2076833 -0.0152181 -0.2136263 -0.1419636 -0.1104670 0.1018551 0.2242111 -0.1787106 -0.2583126 -0.0891707 -0.2115350 -0.2189569 -0.1325946 -0.3903869 -0.2749707 -0.0961573 -0.1859497 -0.0806691 -0.2624749 -0.2110994 -0.1885542 -0.3106589 -0.0369482 -0.1715182 -0.2261374 0.0230519 -0.2731525 -0.3015169 0.6896678 0.6783748 0.7759062 0.6114521 0.7515713 0.5014165 0.8367801 0.6263852 0.3496957 0.2691254 -0.0823015 -0.0263017 0.0258147 0.0537839 -0.3063306 -0.2620306 0.6340057 0.6190280 0.5507083 0.3469199 0.7208743 0.5776385 0.5030926 0.5896511 0.5364164 0.7294078 -0.4073578 0.2122181 -0.1759801 -0.3203809 -0.0066171 -0.1154318 -0.2931147 -0.2073942 0.1754337 -0.0421770 -0.2917560 -0.2784499 -0.2426708 0.2286168 -0.1164594 0.1242659 0.2245518 -0.1808726 0.2998177 0.1723949
0.2462395 0.2358619 0.5594649 0.8136848 0.5072120 0.5624435 0.2684005 0.0000000 0.7387204 0.7340949 0.6771607 0.6487564 0.6701005 0.4702155 0.6205267 0.1937533 0.4445012 0.3412802 0.2194080 -0.2591770 0.5731490 -0.2980757 0.0772925 0.6939401 -0.0762608 -0.0585724 -0.2258164 0.3326639 0.6042362 0.1044076 -0.3070459 -0.4080646 0.3827453 0.6428652 -0.2026339 -0.0755752 -0.4033003 -0.3552143 0.1782772 0.2186988 -0.4799183 -0.1277823 -0.0808110 0.4740130 0.3495470 -0.2880998 -0.4231579 -0.3887426 0.4533397 -0.3949826 -0.4040908 0.0473669 0.6473261 0.1931853 -0.4199075 -0.4641096 -0.5325834 0.2592055 -0.0087129 -0.4160743 0.5869816 -0.1503124 -0.4504130 0.4204584 0.7526599 -0.3513986 -0.1857098 0.0911048 -0.4958568 0.3333845 -0.2631912 0.6286698 0.0779262 0.7279738 -0.2491150 0.3783289 0.6689986 0.0217838 0.2125176 0.5158812 -0.0514182 -0.1488712 0.0838146 -0.2433858 -0.3993113 -0.1481990 0.1376825 -0.2015489 -0.1207243 -0.0638054 0.2148535 0.2372895 0.1817076 -0.2830507 -0.1073168 0.0254560 0.1825701 0.1289539 0.1202270 -0.4628242 -0.0019445 0.1445489 -0.1420923 -0.2648498 0.2149086 0.2344218 -0.1165612 -0.0497757 0.3749580 -0.1690653 0.3697254 0.1868243 0.2300237 0.0517004 -0.0574022 0.0254300 -0.0512676 -0.1506295 -0.0903908 0.1537454 -0.0073228 0.0519922 -0.0640428 0.2505795 0.2562952 0.5761831 -0.1677193 0.4685807 0.2849978 0.0317195 0.0332802 0.3355056 -0.0073301 0.0741736 0.3018777 0.4964328 0.1235470 0.2456850 0.1916319 0.6362134 0.3219926 0.3162932 -0.1884724 0.6333835 0.2552082 0.3607860 0.2015329 0.1969969 0.1011682 0.4690544 0.5630199 0.4804932 0.2024804 0.2379258 0.0708188 0.3028920 -0.0289236 0.0560112 -0.1723059 0.3805449 0.1476655 0.2336947 0.1211332 0.2429741 0.1002213 0.0249508 0.0430836 0.1078286 -0.1717388 -0.0549178 -0.0090803 -0.0322415 0.2329784 0.2292332 0.2903716 0.1404058 0.4214682 0.1985920 0.3761492 0.2589754 -0.3352870 -0.3284653 -0.2623391 -0.4172716 -0.0524147 0.6912857 0.0203843 0.1358970 0.6850398 0.5901903 0.1983203 0.6715010 0.2483207 0.0422946 0.3292240 0.3087064 0.3742531 0.3575305 0.2587520 0.5337990 -0.4599646 -0.3476187 -0.1357658 -0.1377014 -0.0156756 -0.3782126 0.4481144 -0.0031230 -0.6507188 0.0970873 -0.2214209 0.4759479 0.2787741 0.3545172 0.4595980 -0.2734701 -0.2962799 -0.4362907
0.3732580 0.5512647 0.3845146 0.7258823 0.1356156 0.7721545 0.4136994 0.7387204 0.0000000 0.8851156 0.7608540 0.7691958 0.2753878 0.7589097 0.8654447 0.3625398 0.6896330 0.5435293 0.0729197 -0.2638516 0.5810867 -0.4369998 0.3611303 0.6583334 -0.1541202 0.1668820 0.2583431 0.4457515 0.6805649 0.4640781 -0.3240527 -0.3444757 0.2104394 0.5735776 0.1093508 0.1785723 -0.0980906 -0.3702024 0.5141684 0.6013432 -0.4433948 0.1835940 0.2773941 0.5464072 0.5565581 -0.1208620 -0.1050660 -0.4387107 0.4836490 -0.2881056 -0.0819573 0.4432659 0.6002897 0.4765839 -0.4929538 -0.3736793 -0.3038904 0.5344856 0.1986424 -0.1207410 0.7418713 0.1108025 -0.6431491 0.6281106 0.7888189 -0.3471368 -0.0428710 0.3642080 -0.4237904 0.5899197 -0.1951354 0.6832554 0.3411476 0.7588170 -0.2262734 0.6150735 0.6726407 0.1719733 0.4294382 0.4666480 -0.0618785 -0.3252924 0.1158601 -0.0596058 -0.2996665 -0.3759044 -0.0718073 -0.1249509 -0.4130908 -0.3946027 -0.2334287 -0.2139560 0.0244943 -0.3232319 -0.3437090 -0.2682713 -0.1303820 -0.1302723 -0.2014639 -0.4369725 -0.4858821 -0.2024550 -0.4675190 -0.3887541 -0.1609592 -0.2015109 -0.4000768 -0.2928925 -0.0512708 -0.5644215 -0.0491313 -0.0685336 0.1243739 -0.0438599 -0.0644003 0.1338443 0.0770298 -0.2098218 -0.0498733 0.0117247 0.0316577 0.0779732 -0.2761645 0.1647119 0.1121949 0.5441140 -0.2242618 0.1047770 0.2274667 -0.2625400 -0.1961994 -0.0601168 -0.4307742 -0.0056055 -0.1384955 0.1135006 -0.1816415 0.0806258 -0.1854351 0.5275610 -0.0822597 -0.0179077 -0.4547332 0.5559302 0.0056977 0.0352830 -0.1814998 -0.2180930 -0.2769968 0.0883853 0.4870101 0.2719669 -0.1872080 -0.1242641 -0.2266665 0.0966596 -0.1489799 -0.2335039 -0.4372259 0.5084528 -0.1698328 -0.1073696 0.0110450 0.4501280 -0.2399557 -0.0813759 -0.1808628 -0.2305813 -0.2706287 -0.1140217 -0.2654891 -0.2748216 0.4635023 0.3442328 0.3587134 -0.0494971 0.2803529 0.0984533 0.4785505 0.4087599 -0.0199955 -0.1800500 -0.0819937 -0.2360551 0.0470633 0.7170620 -0.0415673 -0.1111835 0.6379535 0.5917770 0.0415963 0.7097024 0.1950423 -0.0546439 0.2615068 0.1957031 0.3703959 0.2982669 0.1394177 0.4867783 -0.2774036 -0.3032997 -0.3131068 -0.2119159 -0.1023298 -0.2769369 0.4186784 0.2179160 -0.4191390 0.2334987 -0.4301415 0.3205036 -0.0794978 0.1276410 0.3882564 -0.1272716 -0.0246284 -0.2374755
0.0687588 0.2837425 0.3663337 0.6103099 0.1380333 0.6327510 0.3199677 0.7340949 0.8851156 0.0000000 0.9214474 0.6305894 0.2604607 0.8882633 0.7324555 0.5898143 0.8149990 0.6443751 0.2823297 -0.2953657 0.5882857 -0.3528020 0.5714441 0.6530860 0.0223544 0.4270716 0.3574318 0.5084797 0.5737429 0.5545888 -0.2565239 -0.1783351 0.2683246 0.5566201 0.3438483 0.2895487 0.1158175 -0.1841712 0.6129366 0.6615159 -0.2840920 0.0107307 0.4820749 0.5796371 0.4425532 0.0521326 0.0468766 -0.2672900 0.5890051 -0.1860884 0.1228359 0.5999302 0.6332872 0.5866538 -0.3326005 -0.2078595 -0.1984402 0.6431996 0.1742575 0.0755505 0.7511537 0.3540231 -0.4619873 0.7696257 0.8266902 -0.2610750 0.1670823 0.5529458 -0.3146390 0.7327396 -0.1224675 0.7670274 0.5211774 0.8438970 -0.0420020 0.7247611 0.7817652 0.2945462 0.5667727 0.6670378 0.1177538 -0.5630355 -0.0750346 -0.2361561 -0.5251735 -0.3927762 -0.2450910 -0.3607274 -0.4365883 -0.4198979 -0.2248194 -0.2180016 -0.0207041 -0.4360830 -0.1827072 -0.2293610 -0.1924481 -0.1225147 -0.1669213 -0.3937149 -0.4103966 -0.2385021 -0.5327262 -0.3906299 -0.2019691 -0.0516913 -0.3243449 -0.3558604 -0.0059785 -0.5452056 0.0325491 0.0105984 0.0367748 -0.1701606 -0.2309468 -0.0679349 -0.1355454 -0.2913559 -0.2084977 0.0155891 -0.0277876 0.0938506 -0.4376798 0.0885602 0.0282422 0.5709910 -0.2000221 -0.0330355 0.2749955 -0.1934047 -0.1307659 -0.0696028 -0.3816810 -0.0542018 -0.1114385 -0.0114927 -0.1155408 0.0576207 -0.1189346 0.4218156 -0.1684223 -0.0122993 -0.3001589 0.4163460 -0.0278720 -0.1664018 -0.1397419 -0.1799745 -0.2868062 0.0054399 0.1878824 0.1283990 -0.1708713 -0.2117641 -0.2764363 0.0432692 -0.2708185 -0.2708459 -0.4343813 0.3731892 -0.2432450 -0.1922368 -0.1258680 0.3634407 -0.3497347 -0.1863254 -0.2968736 -0.2496538 -0.3658268 -0.3536841 -0.2955317 -0.3390342 0.1804494 0.2499092 0.2551289 0.0602453 0.3321642 0.2158659 0.4454922 0.2093372 -0.1610173 -0.2031398 -0.1040846 -0.2732549 0.1390193 0.6859186 0.0690514 -0.0284310 0.7163554 0.6762426 0.1324418 0.7846329 0.2321526 0.1027570 0.3407005 0.2884685 0.4877028 0.3501740 0.4471624 0.5115364 -0.2157601 -0.2058601 -0.2099565 -0.0244856 -0.2213604 -0.1815278 0.4849739 0.2511627 -0.4162018 0.5295715 -0.4173735 0.4517580 -0.0144825 0.3508484 0.6026070 -0.3502314 -0.1067764 -0.2088746
-0.1787228 0.1272665 0.3506828 0.4026075 0.2985209 0.4136110 0.0022345 0.6771607 0.7608540 0.9214474 0.0000000 0.4429599 0.4160034 0.7605590 0.6556916 0.7823661 0.8584635 0.4543242 0.5033725 -0.0729860 0.4889176 -0.0993831 0.7302836 0.4455108 0.2451762 0.5966147 0.3704870 0.2623131 0.5525670 0.3972070 0.0273506 0.0294295 0.0603602 0.3925323 0.4858785 0.2928630 0.2935341 0.0816320 0.5011347 0.6193321 -0.0093486 0.1126229 0.5273854 0.5232877 0.5246177 0.2722198 0.2299291 0.0315380 0.5254838 -0.0173998 0.2590185 0.6439738 0.5381182 0.7248929 -0.0544960 0.0323173 0.0310238 0.7840065 0.2790196 0.2120620 0.7917469 0.5092854 -0.2432035 0.8372049 0.7967368 0.0294546 0.3613623 0.7240145 -0.0575384 0.8170288 0.0931753 0.6915674 0.6701273 0.8060067 0.2151459 0.8051221 0.6725265 0.5207284 0.7227133 0.8248738 0.4119015 -0.5443025 -0.1093017 -0.2363645 -0.4842052 -0.3189099 -0.1665699 -0.3336411 -0.3616433 -0.3443161 -0.2462094 -0.2091587 -0.1168235 -0.2987758 -0.1482047 -0.1794128 -0.2876951 -0.2199646 -0.1587166 -0.2058263 -0.2467813 -0.3709290 -0.5274154 -0.1765576 -0.2258630 0.0293059 -0.3568305 -0.3349661 -0.0955071 -0.4976575 -0.0041559 -0.0976942 0.0533060 -0.1483715 -0.1638565 -0.0701669 -0.1408491 -0.1072608 -0.1793277 0.0182439 0.0110535 0.1321975 -0.4909246 0.0378786 0.1099003 0.4687295 -0.1327945 -0.1114021 0.3815466 -0.0812505 0.0151977 -0.1224434 -0.2902141 0.0056743 -0.1647729 -0.0961852 -0.0117697 0.1794308 -0.0322796 0.4025876 -0.2187569 0.0017672 -0.3008058 0.3273381 0.0698704 -0.1854247 -0.0796209 -0.1616624 -0.2836615 -0.0527434 0.1094627 0.1573744 -0.1004410 -0.2137206 -0.2953875 0.0697912 -0.2678572 -0.1903244 -0.3768150 0.4106169 -0.2512353 -0.2051374 -0.0706668 0.3978981 -0.3582102 -0.1223128 -0.3176481 -0.2313516 -0.3416961 -0.4083786 -0.2676848 -0.3026855 -0.0498625 -0.0328641 0.0149484 -0.1527416 0.0787334 -0.0203407 0.2270101 0.0446674 -0.1886417 -0.1881789 -0.0221877 -0.1875701 0.2177849 0.7309172 0.2426137 0.1379512 0.5312152 0.4740430 -0.0185569 0.6862189 0.0047853 0.0176511 0.2032943 0.1595541 0.3219321 0.1063437 0.6652856 0.4054110 -0.1244078 -0.1306868 -0.2130772 0.0219111 -0.0990221 -0.0324365 0.5211049 0.2252138 -0.2932656 0.6377652 -0.3554349 0.4047962 0.1542118 0.2856741 0.5561331 -0.2612154 -0.1959754 -0.2593840
0.6044928 0.5783451 0.2614509 0.8253376 0.0520387 0.8183097 0.6280285 0.6487564 0.7691958 0.6305894 0.4429599 0.0000000 0.0840130 0.5399335 0.8322768 0.0638903 0.4173137 0.4843157 -0.0302128 -0.5237587 0.7968029 -0.6109056 0.1228039 0.7127929 -0.2079482 -0.1214286 0.0182642 0.5390135 0.8159960 0.3348785 -0.5859952 -0.4475177 0.4184538 0.7127655 -0.1049456 0.1389602 -0.3418199 -0.4673228 0.2814041 0.3570079 -0.5883029 0.0792111 0.0872839 0.4023194 0.4853453 -0.2996454 -0.2836217 -0.5484235 0.4483491 -0.1894947 -0.2424262 0.1925939 0.6284560 0.1576204 -0.4931637 -0.4194185 -0.4511127 0.2223114 -0.0656336 -0.2711866 0.4854842 -0.0961394 -0.5469148 0.3593023 0.6788639 -0.4537864 -0.1059041 0.0894859 -0.4695978 0.3001728 -0.2817260 0.6723435 0.1399287 0.6006182 -0.3209271 0.3859747 0.7193592 0.0085024 0.2355415 0.3137873 -0.2571681 -0.0550601 0.0915233 -0.1660013 -0.3548311 -0.2831851 -0.0016192 -0.1681354 -0.3785447 -0.3336665 -0.1161655 -0.1288557 0.2589756 -0.3772273 -0.3940138 -0.2391481 0.0573705 0.0286754 -0.1679065 -0.6102691 -0.3874717 0.0357711 -0.2504588 -0.4738388 0.0267068 -0.0469340 -0.1472528 -0.1092700 0.1709753 -0.1818755 0.0316720 0.2414158 0.1134180 0.1263538 0.1054697 0.2768082 0.2747654 -0.2007322 0.1143988 0.0159780 0.0774709 0.0595517 -0.1666508 0.2338779 0.0358637 0.6445451 -0.4606846 0.1789469 0.0466753 -0.3887271 -0.2790316 -0.1107282 -0.5449834 0.0580396 -0.2201671 0.1333056 -0.1506600 -0.0229669 -0.1535388 0.4642292 -0.0832000 -0.0153168 -0.6074680 0.4779087 0.0365880 0.0391587 -0.1529144 -0.1464518 -0.2897378 0.1058890 0.4897911 0.1837302 -0.2366909 -0.0906944 -0.2676766 0.0267183 -0.1305972 -0.3543674 -0.4690447 0.4148353 -0.2061592 -0.2000875 0.0121877 0.3207362 -0.2553466 -0.2117888 -0.1498881 -0.2224435 -0.3522810 -0.0658751 -0.3087696 -0.3067594 0.6367315 0.6085536 0.6604382 0.1320246 0.5495490 0.3083174 0.7225871 0.5557172 0.0155593 -0.1988373 -0.2343581 -0.3422994 -0.2043818 0.5143831 -0.3335561 -0.1079184 0.8395723 0.7893629 0.2204895 0.8178952 0.5241346 0.1281456 0.4879406 0.3973057 0.6483893 0.5845845 -0.0567540 0.6578790 -0.4630435 -0.5197857 -0.4895307 -0.2769923 -0.3115401 -0.4166071 0.3264558 0.0031323 -0.5744472 0.0047450 -0.5101438 0.3093182 -0.0346311 0.1242861 0.3222935 -0.1946971 0.0529519 -0.1274222
-0.1310317 -0.1015612 0.6017833 0.2121687 0.7400391 -0.0226775 -0.2675550 0.6701005 0.2753878 0.2604607 0.4160034 0.0840130 0.0000000 -0.0765001 0.2032765 0.1798796 0.1190351 -0.1322634 0.3873839 0.4065847 0.1146867 0.3230663 0.0127722 0.1196422 0.2268559 0.0261499 -0.3042281 -0.1825701 0.2576057 -0.2968240 0.3402090 0.0111152 -0.0703577 0.1775236 -0.1324833 -0.2935170 -0.1422880 0.1780895 -0.1568522 -0.0633071 0.0924497 -0.0728312 -0.1841153 0.1731692 0.2066619 0.0876777 -0.1223503 0.2148070 0.0887223 -0.0400035 -0.2231826 -0.0884751 0.2438277 0.1897524 0.1894952 -0.0050790 -0.0636497 0.1603123 0.1496429 -0.2195048 0.3369159 -0.0005895 0.0744494 0.1701703 0.3421998 0.2454048 -0.0082196 0.0964963 0.0374704 0.1105079 0.1704738 0.1888813 0.0192698 0.3508003 0.2160077 0.1168337 0.1292550 0.2148177 0.1145929 0.3887762 0.3349642 0.1604630 0.1856519 -0.1830169 -0.1194049 0.1484928 0.4406161 -0.0510655 0.2137148 0.1931422 0.4158480 0.4388155 0.0207960 0.0191247 0.0631830 0.3744014 0.2574789 0.0605566 0.2530991 -0.1419198 0.3633228 0.0654462 0.1591976 0.1803093 0.3731968 0.4242423 -0.0986115 0.1790884 0.2827027 -0.0330192 0.4262063 -0.0385457 0.3684909 0.0771238 -0.0804912 -0.0584689 -0.1605245 0.0064313 -0.1152026 0.1837451 0.0111018 0.0417590 0.3082300 0.1079719 0.3575344 0.1488768 0.2431376 0.5786262 0.3363283 0.3886557 0.3100357 0.5492227 0.4303632 0.2241770 0.4697551 0.5803956 0.3376680 0.3752677 0.3575734 0.3794049 0.5154398 0.3112601 0.2304445 0.4222681 0.3726498 0.6136571 0.3583424 0.3533670 0.4664908 0.4856456 0.3842765 0.6027129 0.4004054 0.5479210 0.3853936 0.4803631 0.3097788 0.4545098 0.3660002 0.2248744 0.4755175 0.4651567 0.4143020 0.1103870 0.4907292 0.4910981 0.4146064 0.5058815 0.3179377 0.1358519 0.4489712 0.4481324 -0.1450152 -0.2968678 -0.2437242 -0.1026831 0.0091827 -0.3071513 -0.1378882 -0.1410412 -0.3651530 -0.2372043 -0.1376724 -0.1798790 0.0830458 0.5123850 0.4585546 0.4791335 0.0922235 -0.0147642 -0.0107919 0.1729358 -0.2044320 -0.1342809 -0.0269282 -0.0392481 -0.1398137 -0.1415254 0.3421509 0.1032701 -0.1053135 -0.0594356 0.1499347 0.0526783 0.4053774 -0.0249205 0.2953322 -0.1836706 -0.2094629 -0.0119158 0.2600838 0.1949679 0.6026968 -0.0082698 0.0277202 0.1784960 -0.3573632 -0.4389196
0.1464004 0.2247532 0.3047661 0.4664367 -0.0327308 0.5384436 0.4089935 0.4702155 0.7589097 0.8882633 0.7605590 0.5399335 -0.0765001 0.0000000 0.5685060 0.4875615 0.8190675 0.7253700 0.0635711 -0.3633390 0.5918016 -0.3912444 0.5818391 0.6528793 -0.0599829 0.4076124 0.5083237 0.6742492 0.4858440 0.7972243 -0.3917300 -0.1453766 0.3549888 0.5445439 0.4188960 0.4554716 0.1751880 -0.2248797 0.8233906 0.8113491 -0.3113266 0.0361397 0.6080595 0.6838002 0.3921235 -0.0220221 0.0931976 -0.3058501 0.6994607 -0.2389841 0.2177966 0.7215039 0.6366003 0.6267731 -0.4008026 -0.2628720 -0.1861001 0.6501888 0.0185611 0.1440728 0.5773046 0.3780260 -0.5770970 0.7761149 0.7310374 -0.3794297 0.0915411 0.5073284 -0.3699062 0.7346264 -0.2742571 0.7460978 0.4276022 0.7186047 -0.1183016 0.6603473 0.7733420 0.1824363 0.4438838 0.4660833 -0.0456486 -0.6314068 -0.1343521 -0.1465198 -0.4526723 -0.4830732 -0.5412115 -0.3866168 -0.5597470 -0.4968588 -0.3178633 -0.3618530 -0.0840221 -0.5223600 -0.1351235 -0.3128893 -0.3040138 -0.1105970 -0.2509065 -0.4232657 -0.5859826 -0.2242000 -0.5277716 -0.5135943 -0.3255939 -0.1514150 -0.2270614 -0.3634405 -0.0992049 -0.5240942 -0.0614763 0.0951233 -0.0794761 -0.2049849 -0.2380604 -0.1401668 -0.2282397 -0.3290804 -0.2685539 0.1218551 -0.1164480 0.0197394 -0.5467475 0.0828348 -0.0388213 0.5906069 -0.1960470 -0.2767817 0.3049399 -0.3226646 -0.2794489 -0.2358957 -0.5373133 -0.1533849 -0.2768108 -0.2096194 -0.3207054 -0.0486190 -0.3664831 0.2981022 -0.3145171 -0.1874480 -0.2942969 0.2888232 -0.2679784 -0.3771433 -0.3948228 -0.4111784 -0.4290405 -0.2212323 0.0002021 -0.1416529 -0.4387842 -0.4019508 -0.3982850 -0.1996864 -0.4462803 -0.5196446 -0.5527133 0.2298544 -0.3878404 -0.3765387 -0.3890706 0.2262948 -0.5222945 -0.3934832 -0.4326723 -0.4438850 -0.4776795 -0.3639735 -0.4139189 -0.4726000 0.2559420 0.2983665 0.2754675 0.2047002 0.4002621 0.2298566 0.5445409 0.2811921 -0.1076393 -0.1585721 -0.1267839 -0.2673825 0.0263134 0.4553403 -0.1038646 -0.2419764 0.6936879 0.7120708 0.3190932 0.6930706 0.2734366 0.2824722 0.5191075 0.4695368 0.5756154 0.4135360 0.2935606 0.5027136 -0.2063953 -0.2799269 -0.2394695 0.0425441 -0.3468285 -0.2811963 0.3997561 0.4351976 -0.3501384 0.4742495 -0.4928361 0.4850588 -0.1841589 0.4243787 0.6752359 -0.3620324 0.0158442 -0.0457469
0.3491979 0.5427137 0.1500777 0.6456264 -0.0040296 0.7553352 0.2674877 0.6205267 0.8654447 0.7324555 0.6556916 0.8322768 0.2032765 0.5685060 0.0000000 0.4351935 0.5212873 0.5139172 0.3056014 -0.2516099 0.6616032 -0.2607975 0.3974790 0.5998669 0.1399437 0.2473514 0.2296720 0.3558239 0.8478827 0.2888032 -0.2359872 -0.1148827 0.1955361 0.6349870 0.1843388 0.1567052 0.0255551 -0.1583008 0.2657221 0.4232031 -0.2772108 0.2388698 0.2459374 0.4023210 0.6555849 0.0699146 0.0366262 -0.2905648 0.4698383 0.0775688 0.0354536 0.3239305 0.6130271 0.3946765 -0.2868173 -0.1261327 -0.1415898 0.4628788 0.0684678 0.0107510 0.6654581 0.1786425 -0.4333787 0.5419840 0.7164394 -0.1797291 0.1491979 0.4058781 -0.2416513 0.5337396 -0.0308938 0.6742719 0.4299835 0.6380620 -0.0820457 0.6286777 0.6391506 0.2889090 0.5236400 0.5560746 -0.0099474 -0.1043079 0.1634071 0.0752290 -0.2211108 -0.2219238 -0.0272471 0.0011557 -0.3420940 -0.3896139 -0.3130511 -0.2985863 0.0985318 -0.1895819 -0.4091257 -0.2560528 -0.1528936 -0.1667803 -0.2637374 -0.4391841 -0.4873797 -0.2547804 -0.4540109 -0.4197040 -0.1589552 -0.2120768 -0.3455467 -0.2982930 -0.0611571 -0.3927713 -0.1609650 -0.1646441 -0.0697300 -0.1399993 -0.1353667 0.1023520 0.1536869 -0.1848993 -0.0167078 0.0182782 0.0644842 0.0378333 -0.2096275 0.0924834 0.0589968 0.5982810 -0.3360636 0.0670375 0.1089967 -0.3394438 -0.1711892 -0.1856697 -0.4371202 -0.0145175 -0.2510071 0.0249965 -0.1282781 0.0556261 -0.1263177 0.5133819 -0.1698847 -0.0212380 -0.5976060 0.4907335 0.1252757 -0.0122432 -0.1123605 -0.1880201 -0.3692807 0.0110041 0.4400377 0.2951402 -0.1571412 -0.1408442 -0.2674131 0.1454471 -0.1025335 -0.2241060 -0.4713447 0.6247625 -0.2059201 -0.1628634 0.1608436 0.5989193 -0.2632118 -0.0293877 -0.1649125 -0.2394445 -0.2825305 -0.0844118 -0.2572879 -0.2622055 0.3782072 0.3342413 0.3786931 -0.2076655 0.1785012 0.1465728 0.4387502 0.3260209 -0.0318406 -0.3092180 -0.1594731 -0.3012768 -0.1286041 0.5978684 -0.2015527 -0.1325518 0.5754732 0.5779285 -0.0788719 0.7415351 0.2122453 -0.1711584 0.2757777 0.1435860 0.4174559 0.3348412 0.1894500 0.5645221 -0.2792164 -0.3562557 -0.5265732 -0.3149592 -0.2248009 -0.2672628 0.4078845 0.1052552 -0.3570359 0.2773270 -0.5153584 0.2515108 -0.1152480 0.1259716 0.3307896 -0.1577338 0.0284489 -0.1590834
-0.5262513 -0.1798611 -0.0225556 -0.1171623 0.0873107 -0.0077466 -0.3819988 0.1937533 0.3625398 0.5898143 0.7823661 0.0638903 0.1798796 0.4875615 0.4351935 0.0000000 0.7169246 0.2497512 0.7683291 0.1380853 0.2733020 0.3057964 0.9300443 0.0274419 0.6634352 0.9358992 0.6021415 -0.0086868 0.3782237 0.2950189 0.3844195 0.5369527 -0.2229016 0.0962236 0.8427174 0.2095837 0.7484247 0.5239223 0.3465679 0.4754567 0.4519187 0.1036378 0.7332531 0.2430042 0.4935485 0.7326576 0.6838470 0.4413145 0.3105634 0.4671221 0.6869589 0.6931899 0.2629418 0.7189403 0.3798826 0.5278905 0.4802797 0.7511075 0.1814056 0.6567992 0.5178832 0.8257794 0.1741982 0.7588212 0.4869294 0.4115731 0.7327851 0.8930855 0.3600686 0.7951365 0.4092176 0.4478887 0.8726680 0.4998493 0.5861284 0.7950158 0.3908113 0.6993393 0.8421127 0.7982506 0.5878794 -0.4650841 -0.1899190 -0.1102786 -0.3657435 -0.2202053 -0.2253878 -0.2333961 -0.3119246 -0.3563056 -0.4367364 -0.4227762 -0.3242815 -0.0964749 -0.0470820 -0.1332484 -0.5093573 -0.3068837 -0.2333327 0.0966064 -0.2149067 -0.5619131 -0.5441989 0.0087125 -0.4134330 -0.0721306 -0.3646983 -0.4236265 -0.3664406 -0.4270229 -0.2403585 -0.3527789 -0.2845451 -0.3350409 -0.2661124 -0.2471288 -0.2023240 -0.0155047 -0.2384040 -0.0877982 -0.0630910 0.0279374 -0.5026850 -0.1808890 -0.1059139 0.2538348 -0.0576942 -0.4294994 0.1734819 -0.1057794 -0.0110041 -0.3305934 -0.2555290 -0.1033449 -0.3368575 -0.4323202 -0.1099459 -0.0038863 -0.1504958 0.1261841 -0.4569300 -0.2101194 -0.2330677 0.0272605 -0.0593113 -0.4444406 -0.1932133 -0.3025328 -0.4211381 -0.3678578 -0.2172048 -0.0044403 -0.2243839 -0.3826604 -0.3159060 0.0033499 -0.3232517 -0.2299556 -0.3191788 0.3870993 -0.3546252 -0.3724089 -0.0844150 0.5025408 -0.4524540 -0.0677499 -0.3991111 -0.3231992 -0.3242180 -0.4132314 -0.2533757 -0.3011213 -0.2724043 -0.1776974 -0.3934173 -0.4059519 -0.2702185 -0.1836160 -0.1488721 -0.3206984 -0.2090589 -0.2542638 -0.0672208 -0.1443127 0.1053312 0.4205928 0.2211710 0.0837187 0.1319924 0.1805716 -0.2217580 0.3659326 -0.3019231 -0.1448550 -0.0454474 -0.1051959 0.1100989 -0.1504407 0.7339895 0.1815144 0.1408178 0.1416389 -0.2831151 0.1238300 -0.2108783 0.1874481 0.3177714 0.2911558 0.1521597 0.8064738 -0.2944609 0.2735233 0.0335164 0.2257768 0.4385363 -0.1744129 0.0075226 0.0574627
-0.0246767 0.1741132 0.3249332 0.3227800 0.1370678 0.3703169 0.1434162 0.4445012 0.6896330 0.8149990 0.8584635 0.4173137 0.1190351 0.8190675 0.5212873 0.7169246 0.0000000 0.4211186 0.2797529 -0.1175362 0.4964137 -0.2507190 0.7769582 0.3614292 0.1208338 0.5795412 0.6315110 0.3440363 0.5035815 0.6037897 -0.0544276 -0.0311621 0.0421241 0.2870891 0.5488722 0.3612803 0.3289122 -0.0244151 0.6457043 0.7538411 -0.1102581 0.1704345 0.6450387 0.5186143 0.5001857 0.2257116 0.3107610 -0.0430246 0.4507426 -0.0706410 0.3452860 0.7727640 0.4029357 0.7412030 -0.0896046 0.0103722 0.1052671 0.7405611 0.1999574 0.3034276 0.5955181 0.5141448 -0.3007251 0.7917705 0.6575017 -0.0011176 0.3414008 0.6407409 -0.0076984 0.7512146 0.0726786 0.5558430 0.5998294 0.6423832 0.2169635 0.6989726 0.5765912 0.4505767 0.6263662 0.5735988 0.2664607 -0.5991611 -0.1764727 -0.2748016 -0.4739463 -0.5529016 -0.3201104 -0.4130296 -0.6067834 -0.5439549 -0.4323330 -0.4164497 -0.2884979 -0.3736769 -0.3076929 -0.3921388 -0.4813351 -0.3083337 -0.3952849 -0.2015812 -0.3883823 -0.4519500 -0.5504581 -0.1190628 -0.4403769 -0.1593720 -0.4474746 -0.3860128 -0.3346268 -0.6176953 -0.2270042 -0.0877775 -0.0116667 -0.1320605 -0.0125850 -0.0866425 -0.1809149 -0.1176142 -0.2234325 -0.0230353 -0.1362933 -0.0570887 -0.6114806 -0.0385400 0.0302634 0.4158173 -0.1868576 -0.3854956 0.3844952 -0.2361199 -0.1376473 -0.3569496 -0.5263108 -0.0385706 -0.4550573 -0.3738707 -0.2450728 0.0742839 -0.2895191 0.2704877 -0.5010079 -0.2822487 -0.4517575 0.1348213 -0.2105159 -0.4575780 -0.4017199 -0.4817884 -0.5636309 -0.3482810 0.0084999 -0.1417968 -0.4408151 -0.5269790 -0.5214536 -0.2738236 -0.5331077 -0.5294219 -0.5867287 0.2926444 -0.5443507 -0.4247939 -0.4032030 0.3351300 -0.6147115 -0.3857349 -0.5576268 -0.5231637 -0.4685878 -0.3154155 -0.5150242 -0.5164541 0.1902653 0.1101700 -0.0304988 -0.1787673 0.0679884 -0.0494730 0.2781048 0.1706026 -0.0066964 -0.0201065 -0.0411697 -0.0801377 0.1536100 0.5475861 0.0899836 -0.0727003 0.4877523 0.4594138 0.1325766 0.5627249 0.0316917 0.1466303 0.2605418 0.2512695 0.3578763 0.0849748 0.4129967 0.3296084 0.0167250 -0.1857208 -0.2663684 0.0776650 -0.2433988 -0.0839879 0.3202406 0.4004052 -0.0771957 0.5294901 -0.3670163 0.4583290 0.0789663 0.2343865 0.5692485 -0.1154808 0.1576142 0.0730354
