0.0000000 0.5364056 0.6547497 0.6742205 0.6168114 0.1939668 0.2179255 0.6878784 -0.3378260 0.0683505 0.3682680 0.0621735 0.6167599 -0.3953286 -0.3966286 0.3775777 -0.1682605 -0.3402000 0.4128303 0.5000607 -0.0068701 0.5720133 0.2495980 -0.2642612 0.3770309 0.3297563 0.2674660 -0.4304390 -0.2076018 -0.3156688 0.2214235 0.6082098 -0.4884186 -0.3429199 0.5953530 0.2449876 0.2450185 0.3454230 -0.3370697 -0.5847705 0.6036297 0.0869440 0.0952134 -0.5835049 -0.0514099 0.1413212 0.2324597 0.4825404 -0.3157521 0.2222544 0.2490553 -0.0782526 0.0205468 -0.2671976 0.5272972 0.3446709 0.4986234 -0.1048639 0.5334541 0.3845086 0.5040635 0.1689907 0.5253862 0.2631152 0.2866221 0.7199843 0.5280320 0.0017458 0.5967847 0.2374944 0.7612277 0.1774801 0.3897511 0.3314718 0.6079978 0.2721795 0.2608585 0.4134929 0.4238190 0.5236388 0.4009224 -0.3850445 -0.4017446 0.5225419 0.4751569 -0.1184879 0.1346321 0.1183316 0.3003531 0.1129819 0.2119611 0.3945242 0.0290295 0.0135178 0.0378320 0.1968007 0.0644592 -0.1114332 -0.0622450 -0.1663273 0.1441561 -0.2199604 -0.2406695 0.1493726 0.0958342 0.2205541 -0.2058187 -0.2082095 0.0513576 -0.1569919 0.1754784 -0.1981173 -0.3360329 -0.2138513 -0.1702439 -0.2504624 -0.0256892 -0.0859544 0.0236343 -0.0148168 -0.1742550 -0.1724314 0.1739191 -0.1295462 -0.1530511 -0.0157514 -0.1033233 -0.0139257 0.2638358 0.0248742 -0.0563267 -0.0666934 0.2500158 0.0628669 0.1683486 0.0020703 0.4404358 0.3799092 0.3639047 0.2582337 0.1855551 0.4048764 0.3659605 0.1157446 0.5075701 0.0518963 0.2732563 0.4024584 0.4464793 0.3515379 0.2128139 0.4858259 0.1889757 0.2883985 0.2780201 0.2569508 0.3496098 0.3614313 0.4800899 0.1984159 0.2554219 0.2471570 0.2463744 0.2542261 0.1764263 0.2056338 0.2205631 0.4178980 0.3187401 0.1332948 0.2948178 0.2910414 0.1149022 0.4551138 0.4419203 0.3950050 0.3584247 0.2309026 0.1040274 0.0142345 -0.1696656 -0.0099772 0.3719445 0.3243564 0.6201875 0.4397733 0.5509451 0.5017271 0.3750692 0.1603544 0.0952699 0.3422483 0.2510472 0.0981312 0.2280916 0.1486985 0.1581853 0.2028240 0.5093555 0.2257795 0.1754200 0.1061689 0.1448339 0.1408288 0.1601739 0.5045582 0.3320191 0.1264252 -0.0685112 0.2013205 0.0589403 0.1073317 0.4328925 0.2051286 0.6042805 0.0706144 -0.1937814 0.2126783
0.5364056 0.0000000 0.5715088 0.5343735 0.2084628 0.5225827 0.4266751 0.2905608 0.1976358 -0.1352203 -0.1118495 0.5196992 0.2242247 0.1136466 0.2676892 -0.1414100 -0.3005218 -0.0858371 0.1165307 0.1694888 0.5039093 0.3893311 -0.1379128 0.3323948 0.0461505 -0.1641430 -0.0194319 0.1792577 0.3247046 0.1434583 -0.0427710 0.2134538 0.0581418 0.0157864 0.2006653 0.4786635 -0.0962000 0.0887388 -0.2792235 -0.2480304 0.2321411 0.4497406 -0.2088784 -0.1762632 0.0495945 0.1149481 0.0842276 0.3224194 -0.1943520 0.2442305 0.0283902 -0.3984120 0.0238315 -0.4078669 0.3073987 0.0913698 0.0964343 -0.2776624 0.2986374 0.0169355 0.2955503 -0.2232841 0.2467172 0.0632416 0.1590656 0.2182724 0.0610111 -0.2969004 0.2152229 -0.0193691 0.1875792 0.1335879 -0.0043637 0.1275346 0.1335244 -0.0029188 0.2822168 0.1509747 0.2804939 0.3693645 0.3232567 -0.1995120 0.0604587 0.2803558 0.3050589 0.3053211 0.1999222 -0.2205923 0.4811354 0.2172078 0.3383315 0.4084056 0.3559529 -0.0295201 0.3191130 0.2285714 0.2549601 0.2483140 0.3328010 -0.0682662 0.2503411 0.2470043 0.2797061 0.2043674 0.2690667 0.1576722 0.1998761 0.3203479 0.4384007 0.2654047 0.3730527 0.1714909 0.0011742 0.0812973 0.1841178 0.0659981 0.1956386 0.1697064 0.2428791 0.2676652 0.0586421 -0.0230300 0.2015356 0.2151925 0.1758787 0.4992608 0.1876651 0.1896816 0.2302269 0.1622916 0.0483804 -0.1571412 0.3385259 -0.4185070 0.1403810 0.1470459 0.1040766 0.3978897 0.0659428 0.2348378 0.0658972 0.2369473 0.3440490 0.1186671 0.2810060 0.0397449 0.1377889 0.1770499 0.4044374 0.1813611 0.1291111 0.4773017 0.3171457 0.1033044 0.1200964 0.2520230 0.1489533 0.2010064 0.3130443 0.0910945 0.2782615 0.2367739 0.2821800 0.1610053 0.1771813 0.1030530 0.0144792 0.3355253 0.3141071 0.1573361 0.2990498 0.3554529 0.1343590 0.2821718 0.4768830 0.6052745 0.5908749 0.1815979 0.4745261 0.1520933 -0.0900044 0.1086034 0.2686789 0.2496671 0.2797278 0.1331003 0.2543466 0.2583767 0.4674330 0.3861536 0.2894867 0.3304904 0.3985790 0.2832177 0.3691573 0.4950431 0.4546031 0.3885827 0.5333740 0.6339050 0.3679342 0.1557946 0.2489795 0.0499722 0.3313099 0.4431363 0.4332123 0.1838588 0.4333650 0.3142017 0.2184402 0.1829908 0.4734191 0.2896141 0.4495196 0.1366538 0.1297490 0.0184766
0.6547497 0.5715088 0.0000000 0.4669308 0.7370911 0.0316621 -0.0570477 0.4129024 -0.2633574 -0.1675821 -0.0414900 0.0182331 0.6773281 -0.0316026 -0.1902681 -0.1390716 0.0127518 -0.2202254 -0.0022099 0.6705150 0.1576717 0.6289919 -0.0098277 -0.0665160 0.1862204 0.0838989 0.1401089 -0.2420744 0.0077178 -0.1466455 0.2054534 0.6477588 -0.2753600 -0.2832292 0.3142012 0.4596979 0.0177258 0.3434393 -0.0717975 -0.3783712 0.6586816 0.3388220 -0.1527984 -0.3889185 -0.1082992 -0.1059379 0.0430990 0.7453669 -0.2616870 0.3764284 -0.0806771 -0.2322477 -0.1041712 -0.3052301 0.7411099 0.3826322 0.2459941 -0.2338567 0.6184580 0.0371180 0.3873233 -0.1621198 0.7457099 -0.0181362 0.1317396 0.7670002 0.1072868 -0.2791232 0.7834979 0.0004697 0.5981636 -0.0466023 -0.0125337 0.1623140 0.6016800 0.0196891 0.1625933 0.1776726 0.1848506 0.3275124 0.1929218 -0.1305524 -0.1875768 0.5283904 0.5208533 0.0814546 0.1446087 0.1616955 0.2960609 0.3617401 0.1370636 0.5545389 0.2261729 0.2711203 0.0349419 0.2359800 0.4555571 0.0642709 0.0877993 0.1013214 0.3235416 -0.0169195 -0.0945194 0.3229563 0.3170689 0.1257591 -0.1071449 -0.0743282 0.3431725 -0.0359899 0.3051523 -0.2964490 -0.3012115 -0.0212341 -0.0491673 -0.1998394 0.0468118 0.0091468 0.0007510 0.1559600 -0.1088920 -0.1884008 0.2369586 -0.1377110 0.0334904 0.3487876 -0.1338066 0.1731130 0.2532525 0.0061730 -0.1423753 0.1085046 0.1845482 0.2051391 0.3193707 0.0705439 0.3359929 0.4820752 0.1453150 0.3588250 0.1855651 0.5379971 0.3407062 -0.1038404 0.3403081 0.0240762 0.2008649 0.3009333 0.4349682 0.4335464 0.2483064 0.3466969 0.1247619 0.2804661 0.3112549 0.1675180 0.4282349 0.2953993 0.4096013 0.2379964 0.3408911 0.2758824 -0.0120343 0.4107873 0.1623034 0.2940466 0.2152673 0.4186633 0.3663519 0.1588018 0.4146503 0.3981237 -0.0812180 0.1821179 0.3366108 0.3037188 0.1827231 -0.0464741 0.1363939 0.0361217 -0.2397054 0.1044822 0.5990010 0.3836590 0.6997727 0.3871358 0.6897337 0.6029799 0.2828992 -0.0006607 0.1365699 0.1175343 0.0790967 0.0150854 0.3014871 0.1955647 0.0547272 0.0188313 0.2907754 0.4705188 0.1723211 0.3017952 0.0548409 -0.1401362 0.5906945 0.4253215 0.7121089 0.1740474 0.0659482 0.2937732 -0.0105177 -0.0585795 0.4200045 0.0268591 0.6162156 0.2020308 -0.2358898 0.0680681
0.6742205 0.5343735 0.4669308 0.0000000 0.3357535 0.4583876 0.1112001 0.6670159 0.0770241 0.2667263 0.4681250 0.2477732 0.4154712 -0.2519938 -0.0708142 0.4282729 -0.1571467 -0.1664176 0.4056287 0.2817738 0.1705398 0.4058536 0.2811422 -0.0372504 0.3231397 0.0568241 0.3668947 -0.2235355 0.0262241 -0.1605224 0.2157028 0.4243324 -0.3201310 -0.0639945 0.4635445 0.1365025 0.1325704 0.2244332 -0.1784454 -0.4423573 0.2893707 0.1001865 0.0953758 -0.3748540 0.2116387 0.3168857 0.3812057 0.1949337 -0.0482433 0.4518233 0.2998595 -0.0553879 0.2624239 -0.2044646 0.2740442 0.3065524 0.4523761 0.0620995 0.2855812 0.3742982 0.3730510 0.1307238 0.2337647 0.3556182 0.2808132 0.3508228 0.4221590 0.0175093 0.3372941 0.3236697 0.3871158 0.3814165 0.2379101 0.2318254 0.2401895 0.2107133 0.2989618 0.0995521 0.2625263 0.3973584 0.2129223 -0.1922750 -0.2631227 0.3550293 0.4826058 0.2852498 0.3459675 0.1096427 0.4660721 0.1665975 0.4473471 0.4034130 0.3481445 -0.1763544 0.2626558 0.2327739 -0.2922880 0.1949620 0.2714232 -0.3609870 0.3251774 0.2935958 0.2576421 -0.0780160 0.0337677 0.3831982 0.3401533 0.2231647 0.3697590 0.3007085 0.3523888 0.1810875 0.0988492 0.2965528 0.2437405 0.1774378 0.3236241 0.3379433 0.3775619 0.3938791 0.1543700 0.0476867 0.1078836 0.2763618 0.1240010 0.3985775 0.1438702 0.0140921 0.3037502 0.2649679 0.2770044 -0.0921829 0.1366185 -0.1521781 -0.0254593 0.1912910 0.2320436 0.3305652 0.2459371 0.2473443 0.0938301 0.2837116 0.2546869 0.3735356 0.2578917 0.2841231 -0.0878440 0.0656953 0.2378137 0.1735202 0.1246662 0.2664822 -0.0096876 0.1297660 -0.0354284 0.2109731 0.2790804 0.0561479 0.3377045 0.1716511 0.1277606 0.1363697 0.2573011 0.1950303 -0.0225448 0.0077943 0.0381918 0.2736749 0.0638121 -0.0804986 0.1374580 0.0524238 -0.1304073 0.2997473 0.2122105 0.1798882 0.3103178 0.0681462 0.1575701 -0.1129030 -0.3490085 -0.2777108 0.0581101 -0.0127032 0.1362934 0.1132763 0.1555034 0.0834384 0.3005129 0.3705311 0.2040771 0.3466247 0.3014265 0.2243431 0.4995313 0.4626369 0.3567213 0.3131926 0.4259383 0.4878429 0.0202668 -0.1150959 0.2310694 0.3379944 0.1544762 0.3043779 0.2912589 0.2099300 -0.0650929 0.2125627 0.2793055 0.2073301 0.4076750 0.3902416 0.5282786 0.1685752 0.1098168 0.1194570
0.6168114 0.2084628 0.7370911 0.3357535 0.0000000 -0.2733601 -0.0074517 0.5762824 -0.6625787 -0.0675520 0.2628192 -0.2075139 0.9000364 -0.3861743 -0.5195935 0.0788568 -0.0127033 -0.6440808 0.2436234 0.7837036 -0.1187171 0.5734453 0.1331805 -0.5060960 0.3378188 0.2631378 0.0058128 -0.6278841 -0.1338970 -0.4350275 0.3510061 0.7606022 -0.6103784 -0.3556432 0.3478976 0.3847050 0.1124173 0.6101020 -0.1238959 -0.6008239 0.7630751 0.3178092 0.0774452 -0.6218023 0.0396402 0.0397608 0.0739417 0.8168685 -0.3572874 0.2497651 0.0253846 -0.0068099 -0.0883282 -0.2715383 0.8984642 0.5146677 0.3713536 -0.1921558 0.6345852 0.1604135 0.5326287 -0.0390608 0.8587017 0.1273520 0.3757774 0.8270991 0.2809322 -0.1906342 0.8141149 0.1178573 0.6874669 -0.0190332 0.1151187 0.3766955 0.6447558 0.1916017 0.1965723 0.2437660 0.2800716 0.4966445 0.3280045 -0.0881096 -0.4082746 0.5954833 0.2291448 -0.3126311 -0.1632815 0.2087399 -0.1131183 0.1192595 -0.1610044 0.2111998 -0.1642145 0.1133262 -0.2274997 -0.0089636 0.3748388 -0.2475242 -0.1924867 -0.1953843 0.0697095 -0.4302113 -0.5813317 0.1225589 0.1146635 -0.0141391 -0.4903594 -0.4331561 -0.0231377 -0.3816240 0.1329762 -0.5854087 -0.5558500 -0.2441575 -0.3025706 -0.3568961 -0.0669976 -0.1954957 -0.0960714 0.0461998 -0.2246290 -0.0981720 0.1678162 -0.2905684 -0.2098175 0.1187244 -0.1444211 0.0510530 0.2576975 0.1131698 -0.1848040 0.0362529 0.1610554 0.1415563 0.2023189 -0.0586873 0.3150202 0.2955790 0.1688056 0.4008162 0.1939526 0.4812172 0.5934248 0.0817581 0.1976921 0.0249263 0.3202915 0.4725378 0.5568312 0.5890327 0.4070620 0.3518677 0.2514990 0.3481438 0.3862330 0.3243760 0.5854157 0.2640594 0.5790332 0.3834856 0.3271855 0.3404732 0.0066564 0.4649485 0.1987926 0.2936397 0.1725185 0.3872906 0.2190588 0.1515252 0.3042256 0.2895802 0.2271436 0.4985605 0.4356579 0.3561404 0.0596539 0.2487989 -0.0229492 0.2523590 0.0118977 0.2198377 0.6236707 0.5201479 0.8448341 0.6001720 0.7876197 0.7949721 0.4189822 0.0173386 0.2359416 0.2900483 0.1917057 0.1468252 0.4310205 0.2000438 0.0130864 0.0854987 0.4232393 0.2547354 0.2158517 0.1616820 0.0098267 0.0894962 0.4851308 0.5435243 0.4290411 0.1836351 -0.1333818 0.1781739 -0.1709898 0.2643703 0.4866493 0.0813582 0.6883988 0.1169823 -0.4950933 -0.1262863
0.1939668 0.5225827 0.0316621 0.4583876 -0.2733601 0.0000000 0.5961209 0.0865825 0.7307205 0.5957653 0.2233830 0.8107776 -0.2517121 0.4627581 0.6153903 0.1869343 0.3476266 0.4381234 0.1360714 -0.1838326 0.6115470 -0.0545062 0.3456454 0.6872175 -0.0384988 0.0996529 0.3486474 0.4989247 0.5741379 0.4728723 0.0620808 -0.3568310 0.5112370 0.6186018 0.3599294 0.2145350 0.0226504 -0.2150156 0.3412315 0.2537505 -0.2556753 0.2947609 0.2437613 0.3840120 0.3340401 0.2394064 0.1909255 -0.3145621 0.4995416 0.0883086 0.2517149 0.2090504 0.6051002 0.2523080 -0.3379261 -0.1382239 0.0591507 0.3212483 -0.1660114 0.1841346 0.0012549 0.3168287 -0.3929022 0.3864067 0.0461423 -0.2917363 0.1879796 0.3889326 -0.3571890 0.4297098 -0.1181243 0.5772663 0.2970777 0.1205581 -0.2529678 0.2688768 0.4862267 -0.0177077 0.1932428 0.1850065 0.2305759 0.0215008 0.2806256 0.0346728 0.1817383 0.4224766 0.0741802 -0.1812261 0.3488831 -0.0659154 0.0797754 -0.1542622 -0.0697890 -0.1884364 0.0950892 -0.1590071 -0.3970482 -0.0714590 0.0914582 -0.1926744 -0.0143121 0.2082511 0.3923086 -0.1810738 -0.2891123 -0.0932140 0.3489564 0.2603202 0.2244773 0.1315168 -0.0649899 0.4329501 0.2085287 -0.1352299 0.2604254 0.0461198 -0.2600403 0.0209265 -0.1049226 0.0597873 -0.2831527 -0.4379770 0.1454345 -0.0186856 -0.0440951 0.2057037 -0.2530118 -0.1637463 0.2603200 -0.2001160 -0.0881401 -0.2524528 -0.0769707 -0.2706764 0.0024264 0.0169795 -0.0867354 0.0314796 -0.0091283 0.1540800 -0.0391064 -0.0030459 0.1173562 0.3410792 -0.1229780 0.0812876 -0.1362325 -0.0523973 0.0310281 0.0215134 -0.0107192 0.2051056 -0.1145596 -0.0651753 -0.1190433 0.2615474 -0.0058184 -0.2860580 0.1660350 0.0573646 -0.0061648 0.0159684 0.5219725 -0.0974555 -0.1874579 -0.3268914 -0.2386359 0.0832504 -0.0695962 -0.2859632 -0.1969975 -0.0874085 -0.1631110 0.2009909 0.4618093 0.3402700 0.5480699 0.3668029 0.5268885 0.2149560 0.1536438 -0.0047840 -0.2519216 -0.0285870 -0.2806630 -0.2818001 -0.4644995 -0.4037424 0.3409609 0.6397122 0.4209633 0.3952395 0.3903870 0.5397130 0.3728742 0.5918695 0.6126185 0.4824561 0.2938662 0.4094579 -0.0530228 0.0485140 0.4127983 0.3637272 0.0695502 0.2585921 0.0902615 0.1819098 0.0574840 0.2838242 0.3180060 0.3129342 0.3631737 0.6399481 0.3357243 -0.0153668 0.2143397 0.0510382
0.2179255 0.4266751 -0.0570477 0.1112001 -0.0074517 0.5961209 0.0000000 0.1782458 0.2135906 0.2849390 0.2262533 0.5795005 -0.0663661 0.1544877 0.2437895 0.1724464 0.0935912 0.0214932 0.4136733 -0.0128698 0.3287350 0.0332949 0.1941420 0.2202125 0.2086726 0.2556370 0.0291527 0.1286026 0.3093602 0.1179511 -0.0174073 -0.1789488 0.1642578 0.3379783 0.3941372 0.1841848 0.1798072 0.0648327 0.1092491 -0.0573661 -0.1221424 0.2059875 0.3156896 0.0309671 0.0680764 0.3096158 0.3070487 -0.1423843 0.1354056 -0.2011582 0.4097529 0.2361012 0.3784589 0.1009037 -0.1016749 0.0796687 0.2591911 0.1638147 -0.1338540 0.3199842 0.1647375 0.3335247 -0.2000099 0.3791933 0.2775194 -0.1059771 0.3876309 0.3059160 -0.2721423 0.3586725 0.0470655 0.3990405 0.3424213 0.2680405 -0.1467155 0.3002414 0.3693416 0.1462084 0.2336772 0.2909796 0.3540275 0.0583878 -0.0302570 0.3431004 -0.1221498 0.0715021 -0.0278421 -0.0937761 0.0959153 -0.1591328 -0.0644553 -0.2928788 -0.3237509 -0.1654318 -0.0434660 -0.3303236 -0.1513928 -0.3171954 -0.1505835 -0.1015911 -0.1397246 -0.0912308 -0.1592229 -0.0726150 -0.3642432 -0.3221704 -0.0725016 -0.1520813 -0.1394590 -0.2089330 -0.1864641 0.1703331 -0.1640534 -0.5366394 0.0010177 -0.2977762 -0.4587019 -0.3420283 -0.3039950 -0.1622825 -0.5524192 -0.4186851 -0.0304311 -0.2832155 -0.4098840 -0.1506140 -0.4018228 -0.4101218 -0.0542987 -0.3302906 -0.4505021 -0.4298580 -0.2480444 -0.2908613 -0.2400513 -0.3815249 -0.2842968 -0.2942421 -0.2947675 -0.0342118 -0.2774334 -0.1875352 0.2332117 0.0747714 -0.3299995 -0.1840986 -0.0455123 0.0315704 0.0245643 0.0287429 -0.0137929 0.1056909 -0.0211618 -0.1703930 -0.1526114 0.2346663 -0.1122928 -0.3480356 0.1985921 -0.0081419 -0.0938338 -0.1391103 0.3183867 -0.2774384 -0.2280813 -0.4093591 -0.3854742 -0.1229407 -0.2542952 -0.3638800 -0.3485461 -0.1600424 0.3281584 0.5490011 0.7607296 0.6371360 0.5466584 0.6141348 0.4422152 0.4845401 0.4744980 0.2255416 -0.1916078 0.0858536 -0.0734515 0.0126299 -0.2846476 -0.1438019 0.4098759 0.4505800 0.5975238 0.4943593 0.4814038 0.6571795 0.2305023 0.4532755 0.5625090 0.5370824 0.4150097 0.1301083 0.2128241 0.1348629 0.3214542 0.3688016 -0.0075300 0.3490261 -0.1477881 0.2555037 0.0548922 0.3134744 0.0742617 0.4712544 0.3741407 0.5590112 0.3079332 0.0034242 -0.0907081 -0.0166181
0.6878784 0.2905608 0.4129024 0.6670159 0.5762824 0.0865825 0.1782458 0.0000000 -0.2811016 0.2313142 0.6896499 -0.0347438 0.7905906 -0.5837365 -0.4719089 0.6514781 -0.2104575 -0.4289239 0.7770291 0.4802780 -0.0507738 0.4105007 0.3729996 -0.4518382 0.6452897 0.5027382 0.0585029 -0.6955074 -0.3218542 -0.6303953 0.1662864 0.4929387 -0.5745403 -0.2026097 0.5631448 -0.1006238 0.2724797 0.4834437 -0.4608420 -0.6162972 0.4419138 -0.1984150 0.1441373 -0.5983226 0.0806162 0.1625186 0.3926073 0.4091109 -0.1346121 0.1896471 0.4365448 -0.0606025 0.2282038 -0.1850709 0.4251534 0.2939903 0.5504813 0.0768685 0.3841253 0.5036498 0.5215495 0.3216286 0.3962890 0.5101052 0.5145999 0.5430861 0.6590652 0.1458180 0.4521582 0.4409478 0.7063280 0.3700484 0.5247316 0.4275593 0.5089024 0.4443991 0.3512507 0.3778467 0.3825005 0.5031002 0.3658520 -0.4889188 -0.7453534 0.3953396 0.2210289 -0.1933200 0.0268416 0.0439395 0.0599793 -0.0733324 0.2751799 0.2072286 0.0093349 -0.4107290 0.0483881 0.0857410 -0.1338266 -0.0127517 -0.0691014 -0.5892631 0.0729672 0.0307974 -0.2389864 -0.2940798 0.0181912 0.1607205 -0.0778583 -0.1344866 -0.0787339 -0.0672319 0.1042475 -0.0073384 -0.1231382 -0.0942270 -0.1376053 -0.1118187 0.0754511 -0.0509961 0.1652759 0.1618955 -0.0535126 0.0854722 -0.1276928 0.0570944 -0.2203859 -0.0926720 -0.0489145 -0.1677312 -0.0671275 0.0828508 0.0426362 -0.3092967 -0.0106727 -0.1905027 -0.2146421 -0.1352231 0.2175285 -0.0002402 0.1890122 0.0415146 -0.0930352 -0.0256038 0.2910334 0.3359564 0.3460727 0.0720096 0.0447396 0.1492799 0.1850356 0.0926189 -0.0499612 0.3016790 -0.0633076 -0.0161754 0.0457597 0.1490902 0.1403615 0.0458556 0.3269952 0.0620266 0.1354959 -0.0150047 0.0995604 0.0135577 -0.0039134 -0.0393195 -0.1412116 0.0406473 -0.0950387 -0.1843440 0.0146236 0.0096508 0.3052731 0.3423250 0.1955403 0.2064653 0.3254593 0.1973862 0.0555142 -0.0899445 -0.2558068 -0.2980916 0.1007682 0.1583759 0.4734581 0.4219299 0.3969479 0.3271657 0.4127795 0.3245715 0.3402377 0.4846120 0.3276317 0.2072072 0.1791850 0.2870495 0.3853992 0.4033852 0.4721296 0.3940980 0.2919710 -0.0381465 0.2669308 0.5247445 0.0194013 0.3347835 0.1541539 0.4638816 0.0250442 0.1892660 0.1295407 0.3275863 0.2517294 0.3389105 0.4999217 0.3018531 -0.1045947 0.1034411
-0.3378260 0.1976358 -0.2633574 0.0770241 -0.6625787 0.7307205 0.2135906 -0.2811016 0.0000000 0.5201415 -0.0169350 0.5828685 -0.5579459 0.6365265 0.8761801 -0.0430211 0.3879082 0.7684244 -0.1939071 -0.4280681 0.5353941 -0.4357633 0.1897170 0.8510263 -0.3113562 -0.1537364 0.1532160 0.7362790 0.5777622 0.5784122 -0.2521404 -0.6402897 0.7983743 0.7016108 -0.1511302 -0.0354989 -0.2311432 -0.4460480 0.3610869 0.5736425 -0.5340405 0.1183363 -0.0571279 0.6939219 0.2894303 -0.0935689 -0.1117724 -0.5271441 0.6565608 -0.1357538 -0.0849644 0.0191425 0.4620325 0.3738453 -0.6492820 -0.4679583 -0.3588502 0.3611292 -0.3165703 -0.2081008 -0.2667514 0.0831518 -0.5863325 0.1567203 -0.1854252 -0.5734621 -0.2353558 0.3425309 -0.5439384 0.2010219 -0.3825795 0.3674103 0.0139335 -0.1378824 -0.4186934 0.0486136 0.2385070 -0.1726143 -0.0444501 -0.1526769 -0.0882907 0.0235186 0.4857868 -0.2368159 -0.0822829 0.5671878 0.0818168 -0.2672929 0.3098112 0.0254138 0.1253482 -0.1108474 -0.0235528 -0.1235309 0.2190916 -0.0325692 -0.2379314 -0.0145810 0.2611227 -0.1094433 0.0335926 0.3409787 0.5130838 -0.2084942 -0.1020567 -0.0089140 0.4083410 0.2944661 0.2535886 0.1905321 -0.0062646 0.3989131 0.3266215 0.0770508 0.1767146 0.1207510 -0.1630742 -0.0359113 -0.1338657 -0.1241913 -0.1299967 -0.3081297 0.0757142 0.0454560 -0.0310444 0.2903910 -0.1525572 0.0149033 0.1244676 -0.1568085 0.0623750 -0.0136057 -0.0446966 -0.1894112 0.0948192 0.1195017 -0.1457030 0.0620626 0.0201833 -0.0200012 -0.0043158 -0.1870008 -0.2056188 0.2812153 -0.1827145 0.1660545 -0.1138652 -0.1531633 -0.1718816 -0.2436991 -0.2065686 0.0239108 -0.1481167 -0.1023893 -0.1429609 0.0789427 -0.2128411 -0.2620230 -0.1606635 -0.1901029 0.0567374 -0.0945300 0.2616794 -0.2577666 -0.0686985 -0.2689524 -0.2431797 -0.0297686 -0.0871049 -0.2074624 -0.1508129 -0.0193738 -0.3065129 -0.1986202 -0.0460118 -0.0350749 0.1949409 -0.0622831 0.3535284 -0.0356982 -0.0195515 -0.1160496 -0.3743314 -0.2972255 -0.5269012 -0.4945834 -0.5849392 -0.6035485 0.0136219 0.4082937 0.0463883 0.0845863 0.1149868 0.1471144 0.0739293 0.2893933 0.3343864 0.2362871 -0.1058195 0.3544147 -0.2923633 -0.0644167 0.1507659 0.0355179 -0.1298538 -0.1763244 -0.0005417 -0.0203049 0.0866714 0.0514861 0.2655342 0.0179273 -0.1098463 0.3342732 -0.1586224 -0.0862412 0.3572081 -0.1122848
0.0683505 -0.1352203 -0.1675821 0.2667263 -0.0675520 0.5957653 0.2849390 0.2313142 0.5201415 0.0000000 0.6839164 0.3555172 -0.0076134 0.2237252 0.3940151 0.5476983 0.7065086 0.3539249 0.2574074 -0.0732527 0.2284285 -0.3025183 0.7567220 0.3730739 0.0958825 0.4134360 0.2632657 0.1576747 0.3916975 0.1864139 -0.0154558 -0.3659081 0.3117985 0.6105681 0.2339853 0.0129927 -0.0659936 -0.1730174 0.3932135 0.1590787 -0.2589034 0.1305498 0.2572983 0.3195645 0.6048668 -0.0727268 -0.0719443 -0.3477746 0.7087761 -0.2824157 0.0741902 0.3293328 0.7191700 0.5332613 -0.3546303 -0.2610055 -0.0532207 0.6538643 -0.0671519 0.0708843 0.2351337 0.4235080 -0.1878413 0.6055777 0.2862941 -0.1031081 0.2063994 0.6811566 -0.1200077 0.6722955 0.1741620 0.6620950 0.4785454 0.3730287 0.0549010 0.5285949 0.4975639 0.0803646 0.2583659 0.2357548 0.2168602 -0.0393192 0.0536068 0.0473143 -0.1417757 0.2260561 -0.0938904 -0.0779625 0.0660157 -0.0633684 -0.1250031 -0.2766504 -0.5566383 -0.1578117 -0.0465348 -0.1336461 -0.3733085 -0.5989996 -0.0403108 -0.4221278 -0.0497240 -0.2390857 -0.1308599 -0.3244810 -0.2817984 0.0380777 -0.0518053 -0.3140934 0.0126519 -0.3914360 -0.1306257 -0.0281201 -0.1506302 -0.3619401 -0.2677047 -0.2974483 -0.4828163 -0.3631540 -0.4066358 -0.3405217 -0.5020482 -0.5520162 0.1283977 -0.3301980 -0.4081329 -0.0698952 -0.5169583 -0.1416545 0.4099415 -0.2089297 -0.0571652 0.0331794 -0.0609914 0.0800980 0.2275629 0.0844914 0.2265337 0.0431081 0.3222206 0.3311264 0.2517281 0.0882871 0.2290582 0.6362723 -0.0732972 0.3602095 0.2020153 0.2989774 0.1674686 0.2514272 0.1952115 0.2710626 -0.0329776 0.2415538 0.2170456 0.4945409 0.2393281 -0.1253337 0.3054498 0.2321008 0.2651527 0.1499912 0.5275785 0.0270183 0.0725553 -0.1181396 -0.0372174 0.2268632 -0.0615071 -0.2051854 -0.0933550 0.0336897 -0.2185170 0.2285589 0.2246049 -0.0165650 0.0716436 0.3355538 0.1962715 0.2467754 0.2469759 0.0458815 -0.1822347 0.0803023 -0.0626742 0.0047275 -0.2740260 -0.2278674 0.2377944 0.4908015 0.1697756 0.3674798 0.1783941 0.3303884 0.3354110 0.3312937 0.2862091 0.2545753 0.0996308 0.1708314 -0.4515187 -0.1019901 0.2342298 0.3645400 -0.1336944 0.1814822 -0.0520718 -0.0683921 -0.4355413 0.0835089 0.1996630 0.3281301 0.1583045 0.6230633 0.3670053 -0.2656767 -0.0991856 -0.1700537
0.3682680 -0.1118495 -0.0414900 0.4681250 0.2628192 0.2233830 0.2262533 0.6896499 -0.0169350 0.6839164 0.0000000 0.1008506 0.4114633 -0.4274993 -0.1283373 0.8945643 0.2889440 -0.1932276 0.7764324 -0.0019142 0.0356244 -0.0803857 0.8177835 -0.2031405 0.6249019 0.6831404 -0.0259276 -0.4741802 0.0231578 -0.4815603 -0.1255235 0.1232076 -0.2740623 0.2084706 0.4829082 0.0237733 0.2686262 0.1449589 -0.1070242 -0.4227939 -0.0612686 -0.0707278 0.2521551 -0.2054473 0.4243198 0.1888119 0.2039865 -0.1417614 0.4040874 -0.2173316 0.3072322 0.1885688 0.6368752 0.3465958 -0.0194121 0.1473001 0.4086006 0.6665009 0.0809234 0.3938765 0.6119798 0.4722252 0.1351933 0.8541399 0.7113004 0.2801971 0.5321746 0.6105230 0.1831118 0.8271182 0.5408131 0.7377559 0.7599042 0.7069905 0.3869952 0.7822446 0.5709612 0.4282553 0.5926389 0.6115714 0.5201174 -0.2601703 -0.6012668 0.1555719 0.0806137 0.0468482 0.1239479 -0.0794973 0.0676361 0.0025211 0.2224283 0.0303920 -0.3246933 -0.3815878 0.1451082 0.1124983 -0.3078158 -0.4375101 -0.0187106 -0.5200966 0.0047812 -0.1958624 -0.3698190 -0.3701214 -0.0108314 0.2374719 -0.0841946 -0.4122617 -0.0243610 -0.3509443 0.1281702 -0.0615669 -0.2608317 -0.2421270 -0.3291272 -0.2112046 -0.1056899 -0.1654988 -0.0133902 -0.0481709 -0.1744385 -0.0868324 0.1082414 -0.0049514 -0.3008515 -0.1770174 -0.1590276 -0.0659478 0.2615830 0.1867192 0.2452277 0.0121932 0.0982931 -0.0234033 -0.0229370 0.1074485 0.3483221 -0.0484979 0.4328084 0.3342356 0.1963572 0.1112365 0.4235613 0.5638639 0.1756682 0.3436981 0.1709349 0.3022811 0.1852632 0.3132670 0.2629036 0.3149639 0.0184476 0.2023715 0.2423197 0.5058839 0.3452768 0.0280230 0.5145861 0.3889025 0.2345129 0.2016899 0.5096512 0.1601464 0.1257364 0.0454429 0.0699251 0.1739757 0.0321872 -0.0844867 0.0179449 0.0476085 -0.0824638 0.3779637 0.2087781 0.0396640 0.1942593 0.4525766 0.1986843 0.2550632 0.1984580 -0.0035193 -0.1122240 0.1963672 0.1691776 0.4205692 0.0123778 0.0868572 0.4094372 0.4306129 0.2926081 0.5999931 0.3484810 0.3996335 0.3210296 0.3250196 0.3302869 0.3898619 0.4510397 0.1352428 -0.0973029 -0.2695740 0.1723357 0.5798447 -0.1461841 0.4160084 -0.2661346 0.0313280 -0.4337234 0.0279687 0.0020945 0.4340630 0.2516669 0.6315575 0.4798613 -0.2110603 -0.3552389 -0.2191378
0.0621735 0.5196992 0.0182331 0.2477732 -0.2075139 0.8107776 0.5795005 -0.0347438 0.5828685 0.3555172 0.1008506 0.0000000 -0.2938970 0.3805603 0.6395708 -0.0262378 0.2002673 0.1622661 0.1094692 -0.2707031 0.9062953 -0.2841891 0.2374064 0.7377024 -0.0403193 0.1909414 -0.0840921 0.4840098 0.7807415 0.3569585 -0.0576982 -0.3128502 0.6372468 0.7875184 0.3180309 0.4527555 0.0690696 -0.2231923 0.3022695 0.3209167 -0.2839088 0.4688523 0.2504747 0.5253808 0.2984829 0.3513514 0.1705528 -0.2712898 0.5897914 0.0337551 0.2261201 0.1707397 0.7134775 0.3821870 -0.2569997 -0.1010273 0.0189620 0.3620996 -0.3051929 0.1757554 0.0227689 0.3317147 -0.3122582 0.4692535 0.1567443 -0.3420037 0.1951982 0.4164330 -0.3754520 0.5041156 -0.1313198 0.6494211 0.3964913 0.3219215 -0.1934601 0.4434291 0.7227298 0.2224113 0.4292821 0.3392623 0.5276816 -0.1388616 0.2029083 -0.0709520 0.0209488 0.3796923 -0.0501667 -0.5453271 0.2423229 -0.1983016 -0.0388505 -0.2148780 -0.0588295 -0.4398188 0.0301844 -0.2276270 -0.2441012 -0.0146823 -0.0091253 -0.2463093 -0.2444190 0.1101921 0.3188663 -0.3118233 -0.2021443 -0.2850785 0.2209541 0.2971098 0.1032943 0.0942441 -0.0644171 0.3998147 0.2110678 -0.0875160 0.2503905 0.1855995 -0.1743005 0.0819591 0.0230648 0.1308846 -0.1785806 -0.2694181 0.1441309 0.0915529 0.1250114 0.1843332 -0.0758262 -0.0288498 0.2299661 0.0219591 0.0246397 -0.2825528 0.0113931 -0.4139113 -0.0002924 0.1164727 -0.0876315 -0.0537785 -0.0845048 0.2016181 -0.0434040 -0.0429341 0.3669950 0.2823452 -0.1073669 0.0346255 -0.1673185 -0.1162727 0.0690399 0.0372454 0.0239190 0.1373465 -0.0769652 -0.1445998 -0.1205104 0.2731157 0.1457108 -0.3396848 0.3955053 0.2705063 -0.0118236 0.1120310 0.6250669 0.0589138 -0.1651656 -0.3259322 -0.2592035 0.0575340 0.0709012 -0.1836081 -0.2178390 -0.0856631 -0.1645330 0.2699505 0.5905127 0.4556891 0.8010120 0.6059937 0.8240505 0.4952031 0.4107516 0.2558997 -0.2707896 0.2436225 -0.1715918 -0.1302299 -0.3506534 -0.1898216 0.6465963 0.8305007 0.5361634 0.5911173 0.5204932 0.7473704 0.3288014 0.7748442 0.8196904 0.5440986 0.4661313 0.4377479 0.1400463 -0.0997597 0.3167283 0.3629902 0.1111890 0.5135658 -0.1380740 0.1643777 0.0961546 0.1114288 0.0728104 0.4808821 0.3676666 0.6693751 0.3612778 -0.1424461 0.0134084 -0.1566843
0.6167599 0.2242247 0.6773281 0.4154712 0.9000364 -0.2517121 -0.0663661 0.7905906 -0.5579459 -0.0076134 0.4114633 -0.2938970 0.0000000 -0.4845981 -0.5460566 0.2726145 -0.0891291 -0.5690118 0.4294623 0.7358781 -0.1905459 0.6150059 0.1725750 -0.5740967 0.4709165 0.3174096 -0.0195294 -0.7398393 -0.2995992 -0.5785190 0.2566453 0.7061869 -0.6821263 -0.4117180 0.3325504 0.1419199 0.0897262 0.6374834 -0.3279943 -0.6751271 0.7032062 0.0823686 -0.0362396 -0.7031011 0.0295562 -0.0414369 0.0826899 0.7944301 -0.3432206 0.2593302 0.0569680 -0.1409446 -0.0835920 -0.3363427 0.8153362 0.4087923 0.3669587 -0.1586961 0.6818573 0.1672759 0.5459479 -0.0319636 0.7730295 0.2095361 0.4236450 0.7864645 0.2957795 -0.1715331 0.7576466 0.1622377 0.7193196 0.0333612 0.1912880 0.3406380 0.6258710 0.2182023 0.1689505 0.2400475 0.2702603 0.4914492 0.2768594 -0.2543098 -0.6015787 0.4771837 0.2510345 -0.3622887 -0.1537958 0.1670112 -0.1526064 0.0655274 0.0116114 0.2653565 -0.1007714 -0.0544742 -0.1348649 0.0656971 0.3024288 -0.1388905 -0.1454549 -0.3850539 0.0795895 -0.2570402 -0.5059625 -0.0455366 0.1769973 0.0768256 -0.3938175 -0.3514615 -0.0302728 -0.2869225 0.1403184 -0.4536401 -0.4442569 -0.1958061 -0.3388152 -0.3260853 0.0175713 -0.1706104 0.0012711 0.1155761 -0.1080995 0.0349243 0.0962703 -0.1475275 -0.2333251 0.0983513 -0.0655158 0.0539808 0.0981495 0.1205878 -0.0875375 -0.0623185 0.1593320 -0.0298989 0.0531721 -0.0979143 0.2761958 0.2453549 0.2232937 0.2830554 0.0921224 0.2989373 0.4625313 0.1662590 0.2957206 0.0207996 0.2781891 0.4004980 0.4661142 0.4220321 0.2379670 0.4020733 0.1861539 0.2378057 0.3436693 0.2536382 0.4247240 0.2593909 0.4409268 0.2317867 0.3224306 0.2294903 -0.0577818 0.3377992 0.2004497 0.2806731 0.0797069 0.2826774 0.1351986 0.0949335 0.2988125 0.2748254 0.3398472 0.3815898 0.2361172 0.2799797 0.0759524 0.1235067 -0.1027416 0.0108553 -0.2222561 -0.0517237 0.5473025 0.3669084 0.7951270 0.5494274 0.7311462 0.6756383 0.3807921 0.0513577 0.2571441 0.3274037 0.2474652 0.0629062 0.3298319 0.1760533 0.0800348 0.2275510 0.4376025 0.4085193 0.3129849 0.1362659 0.1031205 0.2429973 0.4127476 0.4157679 0.4473969 0.3386855 0.0206320 0.2130644 -0.0617614 0.2549958 0.4002401 0.1189767 0.5857313 0.2297531 -0.3639894 -0.0955739
-0.3953286 0.1136466 -0.0316026 -0.2519938 -0.3861743 0.4627581 0.1544877 -0.5837365 0.6365265 0.2237252 -0.4274993 0.3805603 -0.4845981 0.0000000 0.7291813 -0.4605304 0.4970560 0.7677145 -0.4834968 -0.2297708 0.2810708 -0.1054115 -0.2064168 0.7578136 -0.3241402 -0.2867338 0.3078497 0.8681541 0.4631654 0.8870884 -0.0195095 -0.4928542 0.7593616 0.5020462 -0.3349162 0.1422220 -0.4710041 -0.5090505 0.5408332 0.5220847 -0.3409232 0.2429443 -0.2026114 0.6032738 -0.0134577 -0.2794050 -0.3278652 -0.2815202 0.3833488 -0.1133478 -0.3221779 0.0217461 0.1745641 0.1776588 -0.4042444 -0.3058064 -0.5263504 0.0698670 -0.3001300 -0.4037179 -0.3863473 -0.1794096 -0.2652127 -0.1867152 -0.4065547 -0.4054398 -0.4270509 -0.0020352 -0.2839064 -0.1108384 -0.4393306 0.0257319 -0.3848780 -0.3247456 -0.3227533 -0.2653740 -0.0504815 -0.2636835 -0.2895547 -0.3671300 -0.1840061 0.3470343 0.6142587 -0.0427324 -0.0278996 0.3694486 -0.0023283 0.0499895 0.1112774 0.1008098 -0.1630413 -0.1852671 -0.1752443 0.3417007 -0.0392857 -0.2295183 0.0732813 -0.1757346 0.0759889 0.2928600 -0.0508692 0.0952451 0.3231632 0.0484994 -0.1946332 -0.2116730 0.1523855 0.1557978 0.1686090 0.0161849 -0.2554138 0.0537741 0.0368763 -0.2006490 0.0435788 -0.1735958 -0.3928749 -0.1828247 -0.3718382 -0.1233327 -0.2913584 -0.4634958 0.1691945 -0.2773939 0.0258747 0.3245114 -0.3718021 -0.0399780 0.2132472 -0.3656707 -0.3517527 0.0541374 -0.1976729 0.0485343 0.2731953 -0.0348915 -0.2181308 0.1699111 -0.1879084 0.1116230 -0.0405297 0.0760053 -0.1530364 -0.1872968 -0.2392563 -0.1527732 0.0247137 -0.0591819 -0.0687538 0.0040760 0.0032732 -0.1728160 -0.0672407 -0.1131200 -0.0130151 -0.0454797 -0.1065832 -0.2553702 -0.1739195 -0.0642819 -0.0368784 -0.1583792 -0.0270645 -0.0873895 -0.1592426 -0.2503102 -0.1655612 0.0048284 -0.0113633 -0.2188178 -0.0842582 -0.0137075 -0.1385325 -0.0834324 0.1334125 -0.0324751 -0.0756198 -0.1311398 0.1222215 0.1514192 0.1498950 0.1564764 -0.1055422 -0.0979573 -0.3594930 -0.4761303 -0.4025767 -0.3977139 -0.1689962 0.0751704 0.0255781 -0.2127500 -0.1038384 0.0264469 0.1180310 0.0952039 0.0477075 -0.0888255 -0.2995151 0.1810290 -0.2114880 0.0743335 -0.1527148 -0.3767668 0.1925037 -0.1041093 0.1932250 -0.1741937 0.1301311 -0.0007195 -0.0475581 -0.2444155 -0.0073765 0.0121481 -0.1407040 -0.1584929 0.2596500 0.0645230
-0.3966286 0.2676892 -0.1902681 -0.0708142 -0.5195935 0.6153903 0.2437895 -0.4719089 0.8761801 0.3940151 -0.1283373 0.6395708 -0.5460566 0.7291813 0.0000000 -0.2502109 0.4253916 0.6163692 -0.3148039 -0.4823957 0.6339800 -0.4425472 0.1102550 0.9188837 -0.3414660 -0.2357525 -0.0887313 0.8230736 0.8081541 0.6553433 -0.3703626 -0.5734473 0.8407676 0.7376431 -0.3311304 0.3226156 -0.4040245 -0.4826310 0.3896679 0.4715499 -0.5416464 0.4597903 -0.2186878 0.6986817 0.3510266 -0.1289989 -0.3547779 -0.4432283 0.6326672 -0.2364225 -0.3569928 -0.1024844 0.4325202 0.3394693 -0.5002692 -0.4171238 -0.5164411 0.3355536 -0.2517864 -0.4467058 -0.1207171 -0.1636426 -0.3721379 0.1427012 -0.0765731 -0.4985680 -0.4499455 0.1953367 -0.4162668 0.1664248 -0.3977904 0.3463321 -0.0952117 0.0032790 -0.3559374 0.0593616 0.3061647 -0.1116759 0.0994123 0.0139940 0.0937443 0.1569145 0.5851755 -0.1988749 -0.1574095 0.6110878 0.0818266 -0.3982396 0.2840059 0.1456249 0.0392784 -0.0481587 -0.1067943 0.0285856 0.2414875 0.0174656 0.0675547 -0.1716585 0.3171177 0.0029540 0.0049683 0.1220082 0.3453560 -0.0743161 0.0685245 0.0022800 0.2213693 0.1626262 0.3629344 0.0184079 0.1215769 0.1377216 0.0644166 -0.0025584 0.0089174 0.0025420 -0.1551989 -0.0681473 -0.1499077 -0.1194199 -0.1297052 -0.3044086 0.3321833 0.0134062 0.0489014 0.4886998 -0.0648262 0.2598916 0.3944059 0.0409821 0.1100051 0.1843895 0.1978660 -0.2193235 0.3281144 0.2875682 -0.0551652 0.2631121 0.1067566 0.2932844 0.2012041 0.0943653 0.1206896 0.2433303 -0.1845891 0.2035366 0.1065602 0.0724521 0.1082261 0.0725570 0.1407625 0.1392622 0.1558151 0.0970037 0.1064160 0.3285594 0.1021995 -0.1144950 0.1141770 0.1293044 0.2428226 0.1860831 0.4031341 0.0664880 0.1423605 -0.0427325 -0.0343019 0.2208029 0.2002172 0.0605390 0.0822912 0.2194100 -0.3214888 0.0115148 0.1688823 0.1510378 0.2073196 0.1208943 0.4848463 0.2951728 0.2396128 0.2554782 -0.1447812 -0.0140330 -0.3716222 -0.3386130 -0.4448360 -0.3664410 0.1852888 0.4322182 0.0695205 0.1753318 0.2258570 0.2576135 0.2988459 0.4033402 0.3071493 0.2336967 0.0638751 0.4029173 -0.2584434 -0.1406817 -0.0130600 -0.1254457 0.0915481 0.0885157 -0.0080762 -0.2658315 0.0261640 -0.0285374 0.0528949 0.1114472 0.0974381 0.3831951 -0.0158011 -0.3796484 0.1035194 -0.3768787
0.3775777 -0.1414100 -0.1390716 0.4282729 0.0788568 0.1869343 0.1724464 0.6514781 -0.0430211 0.5476983 0.8945643 -0.0262378 0.2726145 -0.4605304 -0.2502109 0.0000000 0.1548496 -0.0782235 0.8140036 -0.1603394 -0.1135040 -0.0216433 0.7338669 -0.2686124 0.6925263 0.6696837 0.0663383 -0.4769290 -0.2160887 -0.5195022 -0.1044729 0.1112484 -0.3378806 0.0443590 0.4674673 -0.1356768 0.3575724 0.1008534 -0.3105301 -0.4765552 -0.0914144 -0.3595643 0.2419831 -0.3044204 0.1628636 0.2094049 0.2841964 -0.2537613 0.2347730 -0.1970227 0.3929216 0.1127419 0.4813407 0.1916568 -0.1457709 0.1284111 0.4832418 0.5090352 0.0376376 0.4692317 0.4664704 0.4745829 -0.0333054 0.7340356 0.5475832 0.2671644 0.6020646 0.4887148 0.0998104 0.6891750 0.5133764 0.6480009 0.7408834 0.5357676 0.3440099 0.6629364 0.4120343 0.4286893 0.5037533 0.4856106 0.3795112 -0.2981973 -0.5865110 0.1413818 0.1764383 0.0181523 0.2963302 -0.0067841 0.1670167 0.0080568 0.3801868 0.0864424 -0.1704713 -0.2682492 0.2329307 0.2199248 -0.3276313 -0.2781097 0.0052923 -0.3431884 0.0478453 -0.0605779 -0.2310784 -0.2651318 0.0369277 0.3324067 0.0289651 -0.3056794 -0.0476548 -0.2373522 0.1046743 0.0663161 -0.1556503 -0.1580554 -0.2573815 -0.1464221 -0.0533302 -0.0645490 0.0329219 -0.0560340 -0.0646162 -0.0251003 0.0860079 0.0558399 -0.2327325 -0.3368899 -0.1010085 -0.0714694 0.1125400 0.1041471 0.2771152 0.0595048 0.0342664 0.1009277 -0.1034724 0.0561682 0.3534369 -0.1030215 0.4516118 0.0899483 0.1284191 0.0292798 0.1601188 0.3529274 0.3153624 0.1765356 0.0564836 0.1339820 -0.0562323 0.1294554 0.0876565 0.1534914 -0.1187538 0.0598652 0.0849992 0.2905876 0.0877716 0.0460816 0.2492336 0.1647199 0.0760122 0.0684138 0.3923626 -0.0346880 0.0212835 -0.0229051 0.0734395 -0.0069628 -0.0412300 -0.1017813 -0.0258391 -0.0481849 -0.1167841 0.1910669 0.0327766 -0.0714255 0.1288720 0.2952051 0.1212932 0.0718155 0.0730192 -0.0861990 -0.1415436 0.1131683 0.0419682 0.3120008 -0.0959898 -0.0817200 0.1875961 0.2733390 0.0807158 0.4377797 0.2080833 0.1615953 0.0503342 0.0391198 0.1831851 0.2484130 0.2991255 -0.0627556 -0.1436645 -0.3864048 0.0319399 0.4435696 -0.3621939 0.1999308 -0.3868550 -0.0116318 -0.4275732 -0.1690711 -0.0415233 0.1610729 0.0170469 0.3995963 0.2324130 -0.1622402 -0.2282121 -0.0178809
-0.1682605 -0.3005218 0.0127518 -0.1571467 -0.0127033 0.3476266 0.0935912 -0.2104575 0.3879082 0.7065086 0.2889440 0.2002673 -0.0891291 0.4970560 0.4253916 0.1548496 0.0000000 0.4752802 -0.1483331 -0.0695594 0.1900946 -0.2010817 0.5781298 0.4061447 -0.0509477 0.3309649 0.2117073 0.2527804 0.4465381 0.2924413 -0.0194251 -0.2952141 0.4046163 0.5070469 0.0736102 0.2416123 -0.0636337 -0.1689895 0.6959004 0.2824224 -0.2167504 0.2632324 0.1610733 0.4201499 0.3129408 -0.2024319 -0.2751935 -0.2009446 0.6682429 -0.2368573 -0.2212986 0.3702412 0.5023853 0.5747965 -0.1890178 -0.1211306 -0.1604026 0.5712115 0.0377401 -0.1933362 0.0722995 0.2084183 -0.0730306 0.3311138 0.0726658 0.0195874 -0.1591011 0.5097928 -0.0249167 0.4729186 0.0524712 0.4082861 0.2350313 0.2160464 0.0449931 0.3478352 0.3366991 -0.0633212 0.1221521 0.1266410 0.0782687 0.2955837 0.2423042 0.0332042 0.0538796 0.1711563 -0.0991938 0.0356706 -0.0694282 0.0830273 -0.3213707 -0.2374378 -0.5954681 0.2712513 -0.2096573 -0.1738269 0.0020027 -0.6544168 -0.1851992 0.0986441 -0.0803298 -0.3805587 -0.2539089 -0.0235532 -0.1520546 -0.1728192 -0.2092138 -0.4757034 0.0592810 -0.5583605 -0.1877617 -0.2842049 -0.3630214 -0.4898629 -0.3480077 -0.4823298 -0.6520121 -0.4320809 -0.6597139 -0.3941738 -0.5967742 -0.7223885 0.4054041 -0.5521386 -0.3804777 -0.0464931 -0.6542810 0.0327218 0.4132479 -0.3524825 -0.2494319 0.3385281 -0.0860589 0.4286844 0.3790640 0.0419691 0.1613721 0.0853116 0.2215607 0.4125385 0.3074250 0.3315684 0.1722755 0.1653926 -0.2498900 0.1311034 0.1714744 0.2671144 0.1033315 0.4322820 0.3370344 0.1049267 -0.0899878 0.2988323 0.3212662 0.4210921 0.3333928 -0.1116613 0.2529262 0.3200318 0.2209420 0.2418375 0.3582191 0.2101154 0.0359706 0.0484231 0.1229641 0.2333078 0.0892499 -0.0553162 0.0206621 0.1226416 -0.4459812 0.0572678 0.2393317 -0.0140152 -0.1181553 0.2492243 0.1740172 0.3524242 0.3705488 0.3364366 0.1133310 0.1944403 0.0032274 -0.0342850 -0.2409086 -0.1674533 0.0720387 0.1568524 0.1063031 0.1555694 0.0472420 0.2200749 0.2640851 0.1154811 -0.0180306 0.0476636 -0.0646502 0.0143200 -0.4989017 0.0595228 0.0154037 0.0229517 0.2221226 0.1555290 0.0676964 -0.2078908 -0.5348562 0.0394028 -0.1166759 0.0700957 0.1718022 0.3786956 0.2630646 -0.3777820 -0.4152710 -0.3141363
