0.0000000 0.4140314 -0.0411356 -0.3063984 -0.1162463 0.5159219 0.6469971 -0.4577400 0.2059964 0.2581289 -0.2439274 0.3441631 -0.4021168 0.3303089 0.0411373 -0.2276142 0.2055488 -0.1333387 0.0792563 0.1072850 0.3708430 -0.2623279 -0.2829830 0.0816193 0.1085760 -0.1302964 0.3109868 0.1278035 0.3742750 -0.0125578 -0.2582668 0.0311945 -0.0014012 0.0625046 -0.3870252 0.4702454 -0.4797872 -0.1144908 0.2779732 0.6559025 -0.1626141 0.5759045 -0.2019294 0.1904882 0.2792366 -0.0391382 -0.5823479 -0.1312290 0.0090846 -0.1133219 -0.4253863 0.4125426 0.1947250 0.5083996 -0.1687282 -0.2264123 -0.6819875 -0.0308569 0.1959134 -0.4867929 0.2442854 0.1040684 -0.1150401 -0.0677321 0.2311422 -0.3009318 -0.3884937 -0.1137931 -0.1613843 -0.3200755 -0.2008524 -0.0277770 -0.0895172 -0.2602705 -0.0508289 -0.2231869 0.1331693 -0.0271504 0.1157317 0.0745083 0.2109104 -0.1396563 -0.2982701 -0.1287848 -0.1788758 -0.4119418 0.2914666 -0.1837499 -0.1366652 0.2008510 0.0364799 -0.4686172 -0.1996972 -0.3131864 -0.2982003 -0.5647220 -0.5399645 -0.6495570 -0.1753175 -0.2353695 -0.0956930 -0.2336924 -0.5851026 0.1860569 -0.0123788 -0.2109599 -0.2419636 -0.4238168 0.1504206 -0.2734960 -0.0418002 0.0688375 0.0242049 -0.2213107 -0.2106995 -0.0128104 -0.2116471 0.0389477 -0.0008898 0.4338412 0.4011033 0.0137878 0.6539945 0.3500928 0.1514132 0.4502924 -0.0527294 0.5237716 0.3677212 0.2024038 0.2932368 0.6538708 0.2076535 0.1446443 0.5863694 0.6068665 0.1541963 0.3956342 0.4012736 0.6839661 0.3246924 0.5682556 0.6620400 0.7084753 0.5220649 0.4314446 0.4716536 0.0836063 0.2986276 0.6264519 0.7410603 0.6673738 0.5472776 0.1250232 0.3467193 0.7353429 0.7367830 0.7027026 0.6157513 0.5839700 -0.3077834 0.7080761 0.6720544 0.6143418 0.1707172 0.7061430 0.6300855 0.1155752 0.6086061 0.5361684 0.1935705 0.3952850 0.7214023 0.6278153 0.6011847 0.2695017 0.3875166 0.4163374 0.4889616 0.5325294 -0.4056535 0.1027252 0.6547358 0.2763056 0.0804257 -0.0285958 0.0152930 -0.2877266 0.1396480 0.2371788 0.2704423 0.0318377 0.2311985 0.4434408 0.5262786 0.5054395 0.5666278 0.2032145 0.1868298 0.5175349 -0.2842504 -0.3040182 0.0124854 0.1619931 -0.1921546 -0.0186397 0.5469761 0.1451801 -0.4031105 -0.0977366 0.1073384 0.3285811 -0.2392885 0.3407759 0.4241664 -0.1169476 0.2697926 0.1053903
0.4140314 0.0000000 0.2545369 0.0519412 -0.0631442 0.8662813 0.5221865 -0.0605320 0.5635657 0.1326526 -0.1399041 0.6231328 -0.1683294 0.6502652 0.2378666 -0.3019833 0.2865945 0.1720998 -0.2062712 0.4094818 0.6154248 -0.3372127 -0.2500836 0.3313615 0.0804486 -0.0458950 0.4257669 0.4163613 0.5925691 0.0150187 0.2576102 0.4812726 0.2016308 0.4594501 0.1072814 0.5898437 -0.2844179 -0.0627534 0.3894154 0.1558809 0.1882041 0.6883262 -0.0276288 0.2653004 0.3816077 0.0174303 -0.0217198 -0.0986210 0.2638002 -0.4185411 -0.0278894 0.5862678 0.6878341 0.2401183 -0.3398742 -0.2318678 -0.4544854 0.0010307 0.0470065 -0.1519086 0.5755830 0.2192051 -0.1227497 0.1841333 0.6041791 -0.3132873 0.0818668 -0.1934170 -0.1757694 -0.0490770 0.0887846 0.5265599 0.0840049 0.3117000 0.2090024 0.4094394 0.6068604 0.5679041 0.6431485 0.5550537 0.7449866 0.3399193 0.1988574 0.5366687 -0.2183583 0.2372111 0.7379326 -0.3919043 0.5299025 -0.0093628 0.4368189 0.1653590 0.1577551 0.0055401 0.2364328 -0.1276723 -0.0966775 0.0743145 0.3544422 -0.2467773 0.3110589 -0.0842765 0.0511670 0.2990370 -0.1497045 0.0198774 0.3130643 0.1702443 0.4705696 0.2258774 0.2007443 0.4603571 0.2881247 0.1346631 0.4904897 0.1880655 0.2700189 0.6866612 0.5450913 0.7410323 0.4536602 0.1943446 0.3703845 0.5986200 0.5270296 0.6148511 0.2746410 0.5475493 0.5596816 0.2385699 0.2717631 0.5646831 0.1143247 0.7009164 0.3740294 0.5752240 0.2625034 0.6009369 0.2840177 0.5509945 0.0714891 0.5247907 0.2515368 0.5820968 0.4937020 0.0471996 0.3939170 0.0520736 0.3369089 0.5918998 0.4722771 0.3717937 0.4193209 -0.3715548 0.0401310 0.4392440 0.3705294 0.5227942 0.4314230 0.5297250 -0.2195535 0.6381541 0.0593987 0.4237444 -0.0909824 0.3865244 0.0647624 -0.0007511 0.3982890 0.4412597 -0.0918956 0.1472216 0.5577328 0.4013988 0.7143889 0.6793231 0.5379157 0.4676470 0.6373343 0.7474106 0.0751762 0.5143725 0.5291436 0.4691370 -0.1158778 0.6249306 -0.1659793 -0.3001537 0.6289297 0.6234785 0.6480711 0.5442611 0.6117515 0.6733022 0.7263885 0.6557152 0.7284216 0.6075137 0.6575142 0.6537530 0.4770743 0.2596404 0.1486664 0.7275578 0.4921952 0.5551844 0.5618762 0.2657983 0.2414805 0.5568687 -0.1159594 0.5350862 -0.0509961 0.5515043 0.5905464 -0.2784608 0.1755453 0.4819862
-0.0411356 0.2545369 0.0000000 0.3967170 0.8540426 0.4440270 0.0304160 0.3914660 0.6142410 0.3786279 0.0231311 0.0734829 0.7764508 0.1381887 0.4834126 -0.1868000 0.0472611 -0.0990469 0.0148974 0.4075703 -0.1667612 0.5437488 -0.3803310 0.2272951 -0.1247785 -0.3035789 0.0906977 -0.0027886 0.1080345 0.3519359 0.4832012 0.7373580 -0.1279975 0.2619349 -0.4176070 -0.0502792 -0.2351450 0.7097871 0.1955691 0.2296731 0.7795896 0.3018368 -0.2285753 0.1663534 0.1841670 0.0748618 -0.3217788 0.7036291 0.1229502 0.1948635 0.0172330 0.1793313 0.1202223 0.3285982 0.4622859 0.4157380 -0.0668253 0.3309292 0.7432747 -0.0009061 0.5152500 0.1599737 0.6256213 0.1506069 0.1015241 0.4321715 0.2897700 -0.1513651 0.5449230 0.2126595 0.4052360 -0.0289365 0.0274140 0.4801932 0.3033251 0.2420718 0.1399817 0.2776168 0.1190760 0.1086602 0.0654454 0.3227187 0.6325905 0.5215949 0.1636741 0.3529778 -0.0200869 0.0481690 0.3126018 -0.0342947 -0.1274294 0.2623640 0.0952949 0.3534694 0.4024228 -0.0792703 0.2139740 0.4392773 0.5450655 0.2031656 0.3365178 0.3660891 0.5966851 0.2112608 -0.1028416 0.4903222 0.3897230 0.5066116 -0.1491273 0.4370553 0.1987710 0.0972950 0.2414172 0.3664027 0.2831426 0.5538393 0.5286482 0.3066208 0.4989165 -0.0255609 0.1467202 0.3030961 -0.4381723 0.1938495 0.2123042 -0.2310403 0.4425521 -0.1189315 -0.2304042 0.3658014 0.0699439 -0.0562388 0.0165334 0.0310599 -0.1186645 -0.0474930 0.1486612 -0.1852703 0.2937925 -0.2303253 0.0068063 -0.1059583 -0.0378634 -0.1640392 -0.2040087 0.0342449 0.1170629 0.3367234 0.3512317 -0.0442189 -0.0964811 -0.1998138 -0.2813311 -0.0981722 0.3115272 -0.1514117 -0.0958178 -0.2143337 0.0918081 0.0039251 0.3287407 -0.0911103 -0.0419014 -0.0402924 0.1201060 -0.1827623 -0.0996047 0.0440049 -0.3182174 -0.0311758 -0.1262825 -0.1507369 -0.1911561 -0.0833193 -0.1017585 -0.1952997 -0.3482975 -0.3686051 -0.2126454 -0.0857785 0.1352856 0.0945324 0.1520315 0.2153862 0.6997316 0.5268026 0.7328899 0.4982476 0.2896558 0.0255334 -0.0402632 0.0601636 -0.2504679 -0.1853364 -0.1600004 -0.2861678 -0.1353630 -0.3519369 -0.1058471 -0.1535147 0.3722583 -0.1633507 -0.2837244 -0.2897891 0.5756848 0.0915328 -0.1231443 -0.0219949 0.2610443 -0.2208207 -0.1050893 -0.3106127 0.6118733 0.1100401 -0.2355917 0.2466488 0.1704015 0.1182102
-0.3063984 0.0519412 0.3967170 0.0000000 0.4247605 0.1191384 -0.0986879 0.8365978 0.2055452 0.1421793 0.6626884 0.0975445 0.4827395 -0.2929602 0.4280409 0.3176941 0.1367580 0.1437937 -0.0105680 0.1544201 0.0016953 0.2115858 0.3415743 -0.1313911 0.0942564 -0.1566401 -0.0358486 -0.5240476 0.1081542 -0.1113805 0.0510494 0.5055431 -0.6271204 -0.2228462 0.0415328 0.0793272 -0.1458696 0.4072489 -0.4408792 -0.2127690 0.5095452 0.0775992 0.4261200 -0.5411776 0.5653302 0.1916255 -0.0427344 0.6007317 -0.4923692 0.5689490 0.6096851 -0.1453721 -0.0172353 -0.0341342 0.4534810 0.5190493 0.2823519 0.6493583 0.3430884 0.5645145 0.5011093 0.2637655 0.5093234 0.0403764 0.2535605 0.5382215 0.4925976 0.3909536 0.6464096 0.5111705 0.3867278 0.0198551 0.1138580 0.4632568 0.4392507 0.3604843 -0.0149169 0.1849288 0.1148026 -0.0651812 0.0894150 0.2914490 0.3436452 0.2602119 0.0523647 0.2281929 -0.0112283 0.3187518 0.0765985 0.1793360 0.2081051 0.5565839 0.4743484 0.2440643 0.1942204 -0.1600393 0.2868460 0.6644558 0.3073848 0.3410488 0.4648773 0.6108513 0.6121421 0.3314651 0.0043679 0.1618168 0.7914351 0.6483638 0.0703485 0.6256523 0.3319653 0.4857866 0.6501415 0.6434096 0.5985909 0.6532824 0.1942695 0.3358058 0.2657210 0.1783637 0.0409279 0.0439317 -0.4462754 -0.0165119 0.3155331 0.0317406 0.1955744 0.1052651 -0.0454805 0.0871570 0.0829369 -0.0419410 0.2246696 0.2869396 -0.1045085 -0.1507675 0.4192897 -0.0217910 0.1357711 -0.1512318 -0.6348528 0.0529174 -0.1243345 -0.0777812 -0.0710043 0.0229378 -0.2488307 -0.1978335 0.0466020 -0.0823512 -0.0094459 -0.3304644 -0.4024430 -0.3632488 -0.3696283 -0.1888074 -0.0601609 -0.4738361 -0.1013559 0.2314246 -0.1529951 -0.2400991 0.0100178 0.1278262 -0.4374775 -0.3719578 -0.3758558 -0.3010903 -0.4058616 -0.0613995 -0.4145845 -0.4727965 -0.2493403 -0.4243713 -0.3521047 -0.5012756 -0.4740998 -0.6699352 -0.0521696 0.1371512 0.1213451 0.3943333 0.1243825 0.0417350 0.3215092 0.3955816 0.4110694 0.5312179 0.0828935 -0.1545641 0.2784896 -0.2130238 -0.3889999 -0.1304542 -0.0415307 -0.3189897 -0.1511766 -0.2170892 -0.0771070 0.0167587 0.0022599 -0.1008303 0.0552478 -0.3845762 0.3243929 -0.1199012 -0.0913440 -0.1498655 0.0944517 -0.0274068 0.1833215 -0.3629654 0.4141209 -0.0003789 -0.1328806 0.3610786 0.1537266 -0.2334096
-0.1162463 -0.0631442 0.8540426 0.4247605 0.0000000 0.1708134 -0.1696620 0.3820074 0.3081686 0.3485067 0.0381227 -0.1937338 0.8172300 -0.0828967 0.4905279 -0.1786475 0.0141156 -0.1372671 -0.0543743 0.4365495 -0.3801560 0.6363423 -0.3235793 0.1464408 -0.2581745 -0.3262030 0.0605670 -0.1942257 -0.0945748 0.2758231 0.4592391 0.5841191 -0.1918312 0.0348129 -0.4533272 -0.3645153 -0.0565637 0.7834596 -0.0603510 0.3452158 0.7808369 0.0031327 -0.1686392 -0.0582671 0.2005556 0.1278602 -0.3766999 0.8555940 -0.1087678 0.5446478 -0.0717105 -0.0224174 -0.1379753 0.1789228 0.7886296 0.6533441 0.0159700 0.1733730 0.8325499 -0.0911846 0.4496515 -0.0554822 0.8026232 -0.0469712 0.0007338 0.6267619 0.0645558 -0.1690236 0.7242584 0.0797233 0.3560888 -0.2556843 -0.1683165 0.3165938 0.2634329 -0.0232551 -0.1707815 0.0842287 -0.1234670 -0.2036258 -0.1086021 0.1223779 0.5275092 0.2297296 0.1888670 0.0988431 -0.3135734 0.2141482 -0.0245355 -0.0193796 -0.2205476 0.1657582 -0.0940898 0.2248522 0.2784384 -0.1325654 0.1194181 0.3233113 0.2532958 0.2289120 0.1139911 0.3344184 0.4628212 0.0688278 -0.2313483 0.3511802 0.2205626 0.2891878 -0.3600741 0.2732101 -0.0006598 -0.1564342 0.0144140 0.1231978 0.0302568 0.4069306 0.2228866 -0.0238902 0.2034126 -0.2851765 -0.0112270 0.2098248 -0.3017564 -0.0908253 0.1301619 -0.4308027 0.2957788 -0.1279425 -0.4664108 0.2715933 -0.0616078 -0.2458006 -0.0912642 -0.3269788 0.0189082 -0.2001729 -0.0064410 -0.4470052 0.0073807 -0.4064314 -0.1100946 -0.3410623 0.0450322 -0.2494675 -0.3671765 0.2103739 -0.1987229 0.0469203 0.2295516 -0.3449670 -0.1856062 -0.2021495 -0.5085582 0.0097477 0.1232128 -0.1385008 -0.0677080 -0.4047819 0.0809704 -0.0358313 0.2260287 -0.3289551 0.0761232 0.0008646 0.0376445 -0.1250456 -0.0068319 -0.0995427 -0.3603383 -0.1142418 -0.0256136 -0.1804791 -0.1812725 -0.1343911 -0.2995721 -0.5442146 -0.5874159 -0.6174903 -0.3766485 -0.2471317 -0.0762462 0.0831678 0.0597927 0.2222900 0.7953910 0.2906789 0.8953017 0.7240115 -0.0059491 -0.2957753 -0.2813382 -0.2752474 -0.5881612 -0.4298983 -0.3948012 -0.5331144 -0.3783028 -0.5714612 -0.3140619 -0.3642162 0.3153365 -0.1501999 -0.2645677 -0.4816156 0.5609495 0.0723590 -0.4094156 0.0927178 0.1858437 -0.3085408 -0.0734145 -0.5324249 0.8053148 0.0271151 -0.3758303 0.5287334 0.1947845 0.1646198
0.5159219 0.8662813 0.4440270 0.1191384 0.1708134 0.0000000 0.6350267 0.0157502 0.7630761 0.5277873 -0.0471408 0.6279338 -0.0207814 0.7070510 0.4722561 -0.3082910 0.4980779 0.1506935 -0.1233101 0.3133992 0.4672486 -0.2441727 -0.3440919 0.3820030 -0.0027947 -0.0694837 0.5866582 0.3276265 0.6159664 0.1643880 0.1204365 0.4915656 0.0653123 0.4556630 -0.0462140 0.4985604 -0.3253107 0.1349818 0.5486958 0.4107696 0.1752249 0.7240546 0.0360350 0.2898988 0.5061653 0.0692622 -0.2153396 0.0993709 0.2313062 -0.1886877 0.0068264 0.7544316 0.5997551 0.5246158 -0.1201332 -0.0492140 -0.5405982 0.1479256 0.3429638 -0.1274274 0.6820599 0.3852803 0.0771007 0.2816560 0.5218766 -0.2263258 0.1557934 -0.1354035 0.0645173 0.0392870 0.1985756 0.3823241 0.0743004 0.3520253 0.2782239 0.2663296 0.4748052 0.4991918 0.4477442 0.4298776 0.6210120 0.4420104 0.3034622 0.6114359 -0.1209857 0.2855049 0.6763447 -0.2445760 0.5720001 0.0209486 0.4521958 0.0591690 0.0820425 0.1761209 0.4285021 -0.2272554 -0.1086955 -0.0029334 0.4148859 -0.0763595 0.3168381 -0.0453699 0.1656134 0.4068482 -0.1511569 0.0966495 0.2366231 0.2250833 0.2273822 0.1827618 0.2270742 0.2810247 0.2158052 0.1950641 0.3692923 0.1891652 0.2537308 0.5696928 0.4342914 0.5471599 0.3918567 0.2485218 0.3253401 0.4360578 0.3104754 0.3770026 0.3148527 0.4947529 0.2949486 0.1842743 0.1558011 0.4862243 0.0343325 0.4448966 0.3466433 0.4593332 0.1544574 0.3629806 0.2687541 0.4477322 0.0490755 0.4089138 0.2519247 0.4559532 0.3042773 0.0651102 0.3224668 0.0659632 0.4841369 0.5375235 0.4224617 0.3538072 0.2973997 -0.3241143 0.2451134 0.3628181 0.4130988 0.4441238 0.4975265 0.4373151 -0.1304333 0.6074868 0.1157524 0.4005073 -0.0091440 0.3051860 0.0851624 0.1320841 0.3203136 0.3731621 -0.1376875 0.1431440 0.5614975 0.4231656 0.6803770 0.4596033 0.3547557 0.2985024 0.4790987 0.6120901 0.0187896 0.3277638 0.5479971 0.3857047 0.1760685 0.6229249 0.0938830 -0.1629794 0.5202313 0.4348848 0.4228649 0.4062099 0.3610190 0.5019540 0.5371129 0.5062301 0.5524160 0.3755655 0.5082585 0.4727314 0.2108430 -0.0212819 -0.0683147 0.4163569 0.4321630 0.3830877 0.4244055 0.1648932 -0.0421454 0.2437423 -0.1966387 0.3209664 0.0091679 0.4399726 0.4540717 -0.2536315 0.1453895 0.2995372
0.6469971 0.5221865 0.0304160 -0.0986879 -0.1696620 0.6350267 0.0000000 -0.2179353 0.2467052 0.3263833 0.0633667 0.3457872 -0.2682333 0.2534925 0.0923067 0.0770152 0.4046111 0.0356232 0.1899816 -0.1365273 0.2589911 -0.1509943 0.0274932 -0.0379710 0.2467786 -0.0941347 0.2749923 -0.0301619 0.2987176 -0.1154752 -0.4181387 -0.0690227 -0.1860559 -0.0846193 -0.1961228 0.4314366 -0.4895459 -0.1092437 0.2864355 0.2371028 -0.2169596 0.4933135 0.2236251 -0.0587978 0.5224343 0.1396992 -0.3936523 -0.1798993 -0.1853333 -0.0141092 -0.0022514 0.5541927 0.2024000 0.3331304 -0.2691964 -0.1903402 -0.5969544 0.0936593 0.1261097 -0.1090579 0.4229355 0.3168446 -0.1591341 -0.0627710 0.4309502 -0.4468777 -0.0046403 0.0592634 -0.0358498 -0.0632455 -0.0726325 0.0709583 0.0346848 0.0722076 0.1554313 -0.1124707 0.0594537 0.0127240 0.0531882 -0.0203814 0.2730297 0.3134663 -0.1068454 0.1970219 -0.1569174 0.2131546 0.5492788 -0.0341431 0.4035845 0.3800177 0.5921294 0.0821857 0.2870697 0.2295556 0.3025893 0.0270702 -0.0291199 -0.2473036 0.3100729 0.2194913 0.3998362 0.1721450 -0.0954970 0.5916701 0.3579108 0.2063249 0.0805717 -0.0348657 0.4694408 -0.1509139 0.4918302 0.3346418 0.2995899 0.2114333 0.3336651 0.2105743 0.2228154 0.3782487 0.2057620 0.4985860 0.4042154 -0.0189506 0.3714352 0.5917086 0.1796174 0.3334884 0.1007192 0.3696132 0.2969522 0.1145607 0.2986890 0.2945904 0.2113840 0.3051067 0.0674397 0.3191749 0.2653386 0.3288420 0.4858202 0.5358158 0.0806751 0.5337335 0.2984477 0.5582657 0.4202674 0.1172482 0.3031672 0.0341517 0.2281273 0.6199489 0.5624748 0.4767872 0.4288894 -0.0149651 0.1641525 0.5443330 0.5872272 0.5504909 0.4270179 0.4744744 -0.2861703 0.6372967 0.3911128 0.5115478 0.0171039 0.4910116 0.3702068 0.3595922 0.4925689 0.4460270 0.0775732 0.4465342 0.3685931 0.4830161 0.7484523 0.4119197 0.3241145 0.3393833 0.3549838 0.5625878 0.1222367 0.1440435 0.4905505 0.0729619 -0.0487334 0.4130416 -0.0989449 -0.1688640 0.1930774 0.2584290 0.3002803 0.0147099 0.3452274 0.3959301 0.4565951 0.4355045 0.4868774 0.3243008 0.3410346 0.3665057 -0.2378848 -0.1260309 -0.0450102 0.2738600 -0.1096882 -0.0472293 0.4736815 0.0103598 -0.3849710 0.1202053 -0.1515142 0.2397043 -0.1871515 0.3301022 0.3750832 -0.2444333 0.2107416 0.0629056
-0.4577400 -0.0605320 0.3914660 0.8365978 0.3820074 0.0157502 -0.2179353 0.0000000 0.2585746 0.1739767 0.7193245 0.0629555 0.5435513 -0.2435045 0.1577227 0.4422805 0.0894331 -0.0896374 0.3020245 -0.1391012 -0.0331434 0.3566224 0.3987227 -0.0927263 0.3301260 0.1097315 0.0400811 -0.3834772 -0.0305841 0.0546595 -0.0554997 0.5260503 -0.4850322 -0.0989070 0.2324934 0.1014546 0.0584337 0.5221317 -0.2416129 -0.2837008 0.4456568 0.0617515 0.5052232 -0.4144332 0.2346033 0.3000181 0.2027505 0.5374075 -0.2420532 0.3288454 0.6693255 -0.0171923 0.0867466 -0.0382805 0.3619573 0.4412095 0.5077130 0.6845598 0.3008782 0.7004753 0.2281562 0.4108311 0.3939707 0.3713510 0.2050763 0.5809448 0.6592579 0.5017657 0.5672800 0.7635990 0.5929097 0.2429786 0.3259913 0.7069969 0.5808865 0.5847286 0.1725290 0.3774851 0.3429885 0.1284754 0.1327088 0.3997736 0.4034228 0.3453061 0.1002716 0.3051569 0.0071101 0.2742485 0.1882186 0.0405189 0.0921521 0.4862896 0.3140850 0.3918468 0.3743475 0.0872583 0.3627461 0.5822837 0.5373697 0.3524212 0.4415991 0.4626091 0.5554385 0.2699529 0.1124937 0.4688233 0.6149523 0.5034750 -0.0196145 0.5374730 0.2818229 0.3328258 0.4671363 0.5200671 0.5834000 0.5831188 0.2996677 0.3738560 0.2940436 0.0717804 0.0922179 0.2007146 -0.6594564 -0.0213848 0.2410186 -0.0370655 0.2145047 -0.0337183 -0.0722840 0.0560401 -0.0028963 -0.0378686 0.0932375 0.2035600 -0.2841169 -0.1741843 0.2423388 0.0094664 0.1785468 -0.1965820 -0.4505484 -0.0242381 -0.2270000 -0.2429785 -0.1729333 -0.0885051 -0.2520535 -0.1161862 0.1398198 -0.2088518 -0.2021308 -0.4514323 -0.3901534 -0.2981836 -0.3516508 -0.3174183 -0.1955862 -0.5115590 -0.1257024 -0.0506554 -0.0421997 -0.3339698 -0.1462180 -0.1445579 -0.5018880 -0.5467605 -0.4953854 -0.1786490 -0.4044222 -0.2435785 -0.4734361 -0.4989137 -0.4168337 -0.4101986 -0.3377501 -0.3445647 -0.4221307 -0.5634090 -0.1301494 -0.0107718 0.1931249 0.1333972 0.0283077 -0.0426313 0.3735965 0.4247229 0.3751408 0.4082524 0.2510886 -0.0339327 0.1715044 0.0023821 -0.2986077 -0.0821132 -0.0815750 -0.2725017 -0.1698900 -0.2165826 0.0135156 -0.0656338 -0.0154479 -0.2258336 0.0677187 -0.4110491 0.2325358 -0.0127569 -0.0314201 -0.1860926 -0.0060521 -0.1242858 0.0887531 -0.2419082 0.2927450 0.0676512 -0.0253874 0.0520468 -0.2319121 -0.3328677
0.2059964 0.5635657 0.6142410 0.2055452 0.3081686 0.7630761 0.2467052 0.2585746 0.0000000 0.5542002 -0.0570540 0.6526014 0.1292258 0.6620965 0.5848129 -0.3380648 0.3499282 0.1259433 -0.1466437 0.2177682 0.4181563 -0.1620370 -0.4269688 0.5811069 -0.2299735 -0.0958547 0.5261642 0.4416671 0.6146151 0.4419324 0.1455865 0.5208374 0.1692994 0.6520310 -0.1265223 0.4915898 -0.2581829 0.1706373 0.5708412 0.3116861 0.2634577 0.6479410 -0.1511420 0.4847737 0.2098824 -0.1709399 -0.1444414 0.1794394 0.4948896 -0.2295717 0.0549599 0.5045430 0.6245646 0.5110230 -0.1064633 -0.1081471 -0.3487241 0.2255300 0.3310955 -0.0436987 0.4767462 0.3594956 0.0437877 0.4882651 0.3372500 -0.0975599 0.2825980 -0.2027056 0.0056732 0.1500231 0.2111307 0.4123576 0.0462163 0.3763328 0.1796956 0.3082903 0.5759174 0.4814853 0.4428513 0.5739872 0.4311871 0.5100216 0.4957752 0.7395430 -0.0500958 0.4981017 0.5083723 -0.2919051 0.6693569 -0.2381814 0.1425993 -0.0640356 0.0596619 0.1831050 0.4393607 -0.2468142 -0.1182353 0.1928400 0.4221774 -0.1192498 0.1850908 -0.0079437 0.4066006 0.1808694 -0.1913962 0.2225751 0.3092883 0.4905813 0.0026406 0.3464432 0.0902063 0.2508049 0.2796346 0.4286403 0.3729702 0.3212360 0.5159837 0.6365252 0.5650405 0.3924645 0.3454250 0.4673461 -0.0924944 0.2998472 0.0958985 0.2363625 0.3158892 0.0230454 0.1668957 0.1043057 -0.0357562 0.3408267 -0.0121582 0.3253786 0.0373577 0.2160878 0.1061603 0.2989640 0.2868527 0.2026644 0.0397244 0.2446798 -0.0808045 0.1392965 0.1039837 -0.2035252 0.3970317 0.3279686 0.4195089 0.3410137 0.1417879 0.0729668 0.1849493 -0.3192250 0.4253941 -0.0392054 0.0024892 0.2076706 0.1674704 0.0999111 0.1564842 0.3103860 -0.2243990 -0.0020758 0.0887075 -0.1396774 -0.1963406 0.1588253 0.0175865 0.1040033 -0.2448640 -0.0247808 0.2473729 0.1151038 0.3149555 0.2906841 0.2472365 0.1713031 0.3269489 0.3329773 0.0231613 0.0671194 0.2704222 0.1508741 0.2428075 0.4519477 0.1305017 -0.2208155 0.5201281 0.4263585 0.3774335 0.5467760 0.2208049 0.4054554 0.3854995 0.3594464 0.3716328 0.1558917 0.3313803 0.3518457 0.1970547 -0.2106667 -0.2165784 0.0750660 0.3326798 0.1675653 0.3522626 -0.0194291 0.0940071 -0.0275576 -0.1354288 0.2288665 -0.0397336 0.2192334 0.2376759 -0.2955328 -0.0010408 0.0705173
0.2581289 0.1326526 0.3786279 0.1421793 0.3485067 0.5277873 0.3263833 0.1739767 0.5542002 0.0000000 0.3580802 0.3176195 0.1579628 0.4912490 0.4852148 0.0152300 0.7610527 0.0043661 0.0957169 0.1606580 0.0547761 0.1386986 -0.0788999 0.3753622 -0.1148082 0.2416105 0.6719069 0.1388503 0.3630458 0.3417178 -0.1460448 0.2531587 -0.0255271 0.2610329 0.0266461 0.1066296 0.1991494 0.4556260 0.5077869 0.4108359 0.0171142 0.2309759 0.3387204 0.2226480 0.3216125 0.4319726 -0.0031583 0.4020307 0.1457693 0.2322042 0.1653770 0.5333101 0.1997668 0.5525977 0.3241507 0.3245803 -0.0849383 0.2719297 0.5800314 0.0608310 0.4441321 0.2078005 0.3100198 0.4746650 0.1795364 0.1428595 0.1605768 -0.0905256 0.4060866 0.2794191 0.2169202 0.0146654 -0.0274743 0.2182879 0.2952996 -0.0100795 0.0387923 0.1951535 -0.0223301 -0.0023125 0.1700189 0.3446957 0.3069012 0.2708039 -0.1372080 0.3547123 0.3480448 -0.1149529 0.4153104 -0.0844369 0.2692990 -0.0182523 -0.0857561 0.2002151 0.4175416 -0.0538452 0.0607836 -0.0754550 0.1913747 0.0401966 0.0662239 0.2235156 0.2347686 0.2252791 0.0909376 0.1335682 0.0447163 0.2179859 -0.0428519 -0.0569726 0.2207857 -0.0539291 0.1038530 0.1106520 -0.0003415 0.1241304 0.0527163 0.1112428 -0.0046937 -0.0257981 -0.0631479 -0.0386734 0.0158986 -0.2230909 -0.1066196 -0.0652142 0.1082017 0.0635887 -0.0395941 -0.1357128 -0.0106413 0.0564730 -0.1533378 -0.2712810 -0.0709093 0.0021016 -0.1221960 -0.0181853 0.0452458 0.1666224 -0.1984124 0.0690176 0.0016375 0.0755122 0.0397102 -0.0993089 -0.1067980 -0.2547756 0.0632510 0.1548107 0.2325382 0.2674482 -0.0190706 -0.2722642 0.1618580 0.0906480 0.1687051 0.1235014 0.0797341 0.1671965 -0.1060692 0.1911228 0.1133739 0.1945197 -0.0659982 0.0496237 -0.0215324 -0.0205126 -0.0718108 0.0665955 -0.3093282 -0.0650939 0.2041523 -0.0004201 0.1086351 -0.0439674 -0.1010901 -0.1552433 0.0238549 0.0759493 -0.0796519 -0.0135838 0.3455775 0.3053626 0.5929571 0.2055619 0.3479362 0.1326263 0.0800652 -0.0826268 -0.0209513 -0.0485690 -0.2108328 -0.0135015 -0.0156100 0.0210001 0.0315136 -0.1464978 0.0533760 0.0339258 -0.2766354 -0.6413210 -0.6396038 -0.2910438 0.1171761 -0.1087847 0.0345725 -0.2601961 -0.3331342 -0.4257897 -0.5097010 -0.1230256 -0.0303538 -0.1047329 -0.0337771 -0.1875816 -0.1820617 -0.2544045
-0.2439274 -0.1399041 0.0231311 0.6626884 0.0381227 -0.0471408 0.0633667 0.7193245 -0.0570540 0.3580802 0.0000000 -0.0767144 0.2300535 -0.2867276 -0.0869375 0.8112025 0.4811622 -0.1423264 0.4871434 -0.2362406 -0.1275139 0.3166581 0.7733354 -0.3797550 0.5134890 0.4121101 0.1277254 -0.5250812 -0.1305841 -0.1069839 -0.4191606 0.1878029 -0.6346129 -0.4365330 0.4040189 0.0652087 0.2078144 0.4358975 -0.2346212 -0.2823220 0.0513058 -0.1029100 0.8750737 -0.5432738 0.2660329 0.6490393 0.3217804 0.4146084 -0.5133116 0.4451440 0.7982802 0.0228338 -0.1958015 0.0614535 0.3435633 0.4947889 0.5217963 0.7137587 0.1738721 0.7759465 0.1310745 0.3411127 0.2955692 0.2186977 0.0788494 0.4440266 0.5726782 0.6301064 0.5723993 0.7408782 0.3939770 -0.0704461 0.3357529 0.3779085 0.5433549 0.3338005 -0.1867976 0.0993284 0.0355177 -0.2605624 -0.0568414 0.2967761 0.1913278 0.0923846 0.0427698 0.2306366 0.1450241 0.3253714 0.1416622 0.3602423 0.3549613 0.5332270 0.4569330 0.3615236 0.1740797 0.1848462 0.5044436 0.3745395 0.3486784 0.4417289 0.5061919 0.6211885 0.3225398 0.4716992 0.5020620 0.2669628 0.5555443 0.3875514 0.3343567 0.3599559 0.6036541 0.4495047 0.5458421 0.3884318 0.4696134 0.4987265 0.1031568 0.2023487 0.0843967 0.1206396 0.0213817 -0.1484617 -0.4445410 -0.1456557 0.2778397 0.0915276 0.0831463 0.1717476 0.1434898 0.0015447 0.2999205 -0.0395811 0.2568782 0.0971866 -0.3516462 -0.0379269 0.3723332 0.1169087 0.2503301 0.0439393 -0.4617224 0.1724839 -0.0388509 -0.0066714 0.1516691 0.0295353 -0.2549222 -0.3507848 -0.0900561 0.0282746 0.1351724 -0.1732851 -0.1171189 -0.1852987 -0.4179952 -0.0114140 0.1061587 -0.2270924 -0.1038692 0.2440786 -0.1849458 -0.0422017 0.2000799 0.2139852 -0.4183588 -0.2294756 -0.1936263 -0.1370713 -0.1921894 0.0583286 -0.3630364 -0.2948347 -0.3597947 -0.4429493 -0.2678803 -0.2952766 -0.4524174 -0.5446825 -0.1589121 0.0596718 0.2315668 0.2662238 0.2307771 0.1295148 0.3112278 0.1705613 0.2074497 0.3814807 -0.1013163 -0.2955775 0.1873676 -0.3631820 -0.2968193 -0.1752560 -0.0809285 -0.2689948 -0.1446085 -0.2033394 -0.1408184 0.0019116 -0.4163909 -0.4568300 -0.1536640 -0.4176257 -0.1237518 -0.3379736 0.0183273 -0.4780358 -0.3428692 -0.2992228 -0.0352777 -0.3359519 -0.0371807 -0.1980280 -0.1519677 -0.0908932 -0.2001542 -0.5290526
0.3441631 0.6231328 0.0734829 0.0975445 -0.1937338 0.6279338 0.3457872 0.0629555 0.6526014 0.3176195 -0.0767144 0.0000000 -0.3158738 0.7041172 0.4906241 -0.4221812 0.2003163 0.1637852 -0.3873250 0.2265295 0.9109269 -0.4701402 -0.1932480 0.7144471 -0.1865918 0.0563195 0.5669034 0.5947037 0.9496976 0.3319477 0.0793950 0.3632719 0.4147071 0.7363416 0.1836079 0.8296823 -0.1313115 -0.2063573 0.5085633 0.0529259 0.0532359 0.7162935 -0.0538937 0.4708645 0.4529105 -0.0837849 0.0689694 -0.1634772 0.5165985 -0.4126530 -0.0371123 0.5242781 0.8862704 0.2733957 -0.4354619 -0.3867955 -0.3974339 0.0119620 -0.0288501 -0.1785321 0.5260247 0.1311130 -0.2595039 0.4879486 0.6422472 -0.4533921 0.0393067 -0.3540580 -0.3349126 0.0282781 -0.1334561 0.7084837 -0.1006848 0.2235268 -0.0689488 0.3497186 0.7535255 0.4873620 0.5885530 0.7590791 0.7177026 0.1226907 -0.0460245 0.2950350 -0.5054702 0.3069376 0.7467691 -0.7205534 0.4523990 -0.5343961 0.3721515 0.0185003 0.0412158 -0.3468181 0.2318339 -0.2290326 -0.2732974 -0.0011609 0.0503141 -0.5795432 -0.1046379 -0.1491193 0.0335857 -0.1540618 -0.1802870 -0.1369967 0.0819073 0.1942908 0.1700604 -0.0143327 0.0047021 0.2389568 0.3561341 0.2561490 0.2606185 0.0728015 0.0613725 0.4957558 0.2315481 0.5440680 0.1298528 -0.0423427 0.1687779 0.2973790 -0.0319872 0.5580762 -0.0850261 0.0630883 0.5207909 -0.2109633 -0.1246637 0.3912975 -0.0798319 0.5108369 0.2272458 0.2263730 -0.0448071 0.5377646 0.1186072 0.6565455 -0.2733920 0.5258168 -0.0272176 0.4504615 0.3381563 -0.3036481 0.1104252 -0.1523555 -0.0496506 0.5828708 0.4472712 0.4882904 0.2211033 -0.6476306 -0.0914502 0.2285741 0.1404341 0.4137342 0.1542922 0.3352347 -0.4893813 0.4128836 -0.0970413 0.1467325 -0.3744779 0.1687947 -0.2563497 -0.2659292 0.0797267 0.0985433 -0.5273324 -0.1904859 0.5012028 0.2230935 0.4510859 0.5420651 0.7580856 0.5176406 0.8465418 0.6745452 -0.2310755 0.1367963 0.4049998 0.1832227 -0.1307402 0.4163594 -0.3550613 -0.5698831 0.6715990 0.7483158 0.6209583 0.7005560 0.6164768 0.7928228 0.7105375 0.7834041 0.7414173 0.7023430 0.7412377 0.6811169 0.0951275 -0.1719365 -0.0697760 0.3614979 0.2145512 0.2995985 0.6534816 0.2010602 0.1582179 0.3712693 -0.3124543 0.7062234 -0.2856464 0.4307240 0.6617279 -0.3078912 -0.1313411 -0.0073891
-0.4021168 -0.1683294 0.7764508 0.4827395 0.8172300 -0.0207814 -0.2682333 0.5435513 0.1292258 0.1579628 0.2300535 -0.3158738 0.0000000 -0.3043029 0.2287705 0.0287356 -0.2084815 -0.1223521 0.1824763 0.1971481 -0.5410240 0.7875711 -0.1505537 -0.1141811 0.0877912 -0.1996562 -0.2738418 -0.3714135 -0.3258799 0.0888511 0.3867211 0.5471958 -0.3337282 -0.0799490 -0.2464860 -0.4461854 -0.0121271 0.7972782 -0.0968943 -0.0757015 0.7580589 -0.1743634 -0.0459964 -0.1336080 0.0758370 0.2906959 -0.0859498 0.7537711 -0.1075398 0.3834271 0.2646199 -0.0777011 -0.2306872 0.0722806 0.6767022 0.7157498 0.4035596 0.4669716 0.5749555 0.3072468 0.1943798 0.1807317 0.8214738 0.1072038 -0.1914423 0.7147431 0.4543167 0.1367766 0.7799046 0.4773708 0.5834372 -0.1735266 0.2895499 0.5537738 0.4731626 0.3281762 -0.1550428 0.2254320 -0.0364567 -0.1622569 -0.1156942 0.2354332 0.6244000 0.2765147 0.3918940 0.1917946 -0.4402977 0.3703960 -0.0455992 0.0087731 -0.2805275 0.3855453 -0.0546512 0.4886762 0.3178828 0.0963615 0.2996380 0.4144042 0.5490737 0.4442093 0.4123316 0.4589559 0.6517592 0.1962588 -0.1554101 0.4175602 0.2929641 0.3853996 -0.3489181 0.4177425 0.1223269 -0.1428126 0.0538970 0.1755626 0.1386988 0.3586516 0.2501270 -0.0538354 0.1622068 -0.4399651 -0.1283280 0.1430940 -0.6475692 -0.2137704 0.1361855 -0.5895752 0.5153844 -0.1749777 -0.5342492 0.3515218 0.0357126 -0.3087886 0.0077109 -0.1818071 -0.2707658 -0.3890599 0.0101277 -0.5672540 0.0444652 -0.5715892 -0.2333067 -0.4627752 -0.1651573 -0.5567638 -0.5507130 -0.0392828 -0.3088541 0.1302241 0.1736357 -0.4406449 -0.4288241 -0.5749668 -0.7119661 -0.1217761 0.0353637 -0.4486150 -0.3151944 -0.6816609 -0.1344645 -0.2472164 0.2781582 -0.5431498 -0.0850738 -0.2729199 -0.1416214 -0.4552664 -0.3465593 -0.1439860 -0.6424293 -0.4212782 -0.2794927 -0.4505839 -0.5802969 -0.4033391 -0.5052407 -0.4678164 -0.6542904 -0.7051147 -0.6001575 -0.4904130 0.2373420 0.0276894 -0.1968071 0.0725674 0.6231754 0.3525913 0.7357786 0.8091185 0.0342782 -0.2875610 -0.4355973 -0.2340775 -0.5726558 -0.6027876 -0.6190329 -0.7067479 -0.5949682 -0.6191273 -0.3390738 -0.5750211 0.2263849 -0.0584384 -0.2911401 -0.5054292 0.4347814 -0.0282745 -0.5240474 -0.2124070 0.2410718 -0.2986546 -0.0714404 -0.6197210 0.7411451 -0.1844233 -0.4865671 0.4579007 -0.1008916 -0.1686618
0.3303089 0.6502652 0.1381887 -0.2929602 -0.0828967 0.7070510 0.2534925 -0.2435045 0.6620965 0.4912490 -0.2867276 0.7041172 -0.3043029 0.0000000 0.3162298 -0.4859508 0.4813986 0.0287214 -0.2915432 0.3653561 0.6187218 -0.4660765 -0.3749238 0.7078292 -0.2768702 0.3212739 0.7841782 0.8451617 0.7355622 0.4710808 0.2179103 0.3212742 0.6574587 0.8082472 0.2991245 0.5162638 0.2305232 -0.0693261 0.8142617 0.4063002 -0.0671088 0.6190519 -0.0990945 0.7514246 0.0706929 0.0697495 0.2247753 -0.1397502 0.7120291 -0.4935788 -0.1711065 0.7406988 0.7476974 0.4657497 -0.3129555 -0.2863954 -0.3628638 -0.2476382 0.1115903 -0.3000878 0.3873693 0.1032538 -0.1982758 0.4777565 0.3734084 -0.3763491 -0.0240184 -0.5283776 -0.3087268 -0.1386505 0.0232807 0.5056480 -0.1199456 0.0667748 -0.0265676 0.1996457 0.6104856 0.5525957 0.4627791 0.6216353 0.6360432 0.0873390 0.1448434 0.4201311 -0.2859495 0.2756778 0.6912820 -0.6601851 0.5548467 -0.4305005 0.3230592 -0.1297844 -0.1702551 -0.1708528 0.3130237 -0.0929633 -0.1611529 -0.1491169 0.0383409 -0.5857603 -0.2101360 -0.3887904 -0.0383497 -0.1672356 -0.2303801 -0.1035136 -0.1662096 0.0338938 0.1351647 -0.1423290 -0.0857978 -0.0479707 -0.0994569 -0.1577316 -0.0224660 -0.2048037 0.0502756 0.3150659 0.2222417 0.3562482 0.1360554 0.1527038 0.3695726 0.1430174 -0.0451371 0.4122678 0.0591409 0.1812173 0.4124511 -0.0749733 -0.0371830 0.3609140 -0.1575597 0.2584875 0.3229008 0.4175077 -0.1610593 0.4074995 -0.0258609 0.5201096 0.1230221 0.3609218 0.0538657 0.3927406 0.3281348 -0.1412411 0.2167191 -0.0718399 0.1479273 0.4952494 0.3286276 0.5329844 0.3536259 -0.3939517 0.2040498 0.2507278 0.1952935 0.5687988 0.2706290 0.2129416 -0.1314882 0.5247847 -0.1486992 0.1779110 0.0151449 0.3009867 -0.0300933 -0.0926718 0.2101949 0.2059574 -0.2123705 0.0003524 0.5904158 0.2710903 0.5089317 0.6159794 0.6317855 0.5449260 0.5816699 0.4225558 -0.2969745 0.0791056 0.4148981 0.4233606 0.0286479 0.2616652 -0.1981376 -0.5781550 0.4907309 0.5137170 0.3453355 0.6411555 0.5438102 0.5576489 0.5250265 0.6697684 0.6179804 0.5332347 0.5718359 0.5437923 0.2659638 -0.1213063 -0.1474436 0.5368047 0.2725504 0.4488550 0.4760843 0.1937757 0.0639017 0.2096541 -0.3904799 0.5787928 -0.3517849 0.2882095 0.5055570 -0.5572507 -0.2408318 0.3259091
0.0411373 0.2378666 0.4834126 0.4280409 0.4905279 0.4722561 0.0923067 0.1577227 0.5848129 0.4852148 -0.0869375 0.4906241 0.2287705 0.3162298 0.0000000 -0.5391809 0.1935489 0.5152859 -0.6641612 0.5151155 0.2564228 -0.0903657 -0.4485403 0.6317524 -0.6770141 -0.4862977 0.2788370 0.1236232 0.5964343 0.1681320 0.3733264 0.3065681 0.0698401 0.4325587 -0.3222873 0.0702716 -0.1943074 0.0968895 0.0851516 0.1462309 0.3512999 0.2015407 -0.1834588 0.1176370 0.6549528 -0.2499637 -0.3078808 0.3293686 0.1170956 0.2915543 -0.1135758 0.0839878 0.3628356 0.0990541 0.2326169 0.1378639 -0.3508747 -0.0105778 0.4175735 -0.2425810 0.7178084 -0.1314696 0.2897327 0.1192158 0.3963704 0.0011758 -0.1026417 -0.4121840 0.2243584 -0.1329022 -0.1203412 0.1453728 -0.4032939 0.1566570 -0.0941538 -0.1099134 0.1609118 0.0600416 -0.0589854 0.1714997 0.2559982 0.2552575 0.2343132 0.2420542 -0.2874313 0.3772822 0.1690846 -0.2119292 0.2800010 -0.3803849 0.1673634 0.0606604 0.0140811 -0.0969875 0.3381587 -0.2635575 -0.1673845 0.2876379 -0.0523012 -0.1334703 -0.0868071 0.2102023 0.4840175 -0.0818986 -0.4090614 -0.1443846 0.2546877 0.4658549 -0.2700845 0.1164374 -0.1029658 0.0146997 0.2401388 0.4344863 0.1458531 0.1542170 0.0744449 0.2008408 0.0437071 0.0020777 -0.2341004 -0.0855973 0.0524508 -0.0962243 -0.1717318 -0.1419507 0.0050051 -0.1843132 -0.2370895 -0.2793956 -0.4020485 -0.1452650 -0.3055905 -0.0721315 0.0646832 -0.3295022 -0.1804970 -0.1823604 -0.2715394 -0.1012906 -0.5086510 -0.1523956 -0.2542626 -0.0609970 -0.2499457 -0.2944035 -0.2331760 -0.1944848 -0.0993901 -0.0578750 -0.0115098 0.0760980 -0.3536226 -0.4933191 -0.0028645 -0.1711163 -0.1857865 -0.2055440 -0.1376553 0.0688004 -0.1819591 -0.1445933 -0.2355077 -0.0247235 -0.1522706 -0.1295381 -0.3017134 -0.2266035 -0.3074284 -0.1353720 -0.3339690 -0.1952667 0.2557492 0.0010941 -0.0053356 -0.1987406 0.0163373 -0.1572602 0.2024397 0.1780549 -0.0574053 0.1074151 -0.0131312 0.0187704 0.2589742 0.3548494 0.2375254 0.1889597 0.1976162 0.1306840 0.1058343 0.1187453 -0.1766951 0.0902704 0.0309600 0.0174662 0.0030344 0.0257366 0.1907695 -0.0008923 0.2137848 -0.0134467 -0.3691311 -0.1392890 0.5425348 0.1147635 -0.1606756 0.1705187 0.3295673 0.1330337 -0.3414304 -0.0498026 0.4136477 0.0759943 -0.0217370 0.4230906 0.3050141 0.0558831
-0.2276142 -0.3019833 -0.1868000 0.3176941 -0.1786475 -0.3082910 0.0770152 0.4422805 -0.3380648 0.0152300 0.8112025 -0.4221812 0.0287356 -0.4859508 -0.5391809 0.0000000 0.3334240 -0.3549001 0.7104228 -0.5143049 -0.3390112 0.2943576 0.8824013 -0.7050742 0.6464526 0.4464324 -0.0918099 -0.5613353 -0.4840749 -0.1531844 -0.5709080 -0.1250486 -0.6350484 -0.6979046 0.3272420 -0.0525505 0.1417317 0.2384119 -0.3253371 -0.2679151 -0.1885275 -0.2203610 0.7700837 -0.5867977 -0.1244817 0.4913860 0.2395805 0.1570557 -0.6123427 0.3337867 0.6387158 -0.1358090 -0.4922952 -0.0297025 0.1601871 0.2655183 0.4575935 0.5032086 -0.0334918 0.6896865 -0.2459377 0.2747811 0.0292168 -0.0974284 -0.1787895 0.2790741 0.4310757 0.7098982 0.3170058 0.5007793 0.2432097 -0.3150061 0.3042258 0.0827699 0.3347882 0.0865157 -0.3939824 -0.2001488 -0.1654253 -0.4622083 -0.3945675 0.1207666 -0.0013433 -0.0388025 0.2040787 0.0613502 0.0017840 0.4729676 0.0409695 0.6411862 0.2568866 0.4081586 0.5592674 0.4050865 -0.0000690 0.3251912 0.6021401 0.2663814 0.2640346 0.5584183 0.4621128 0.4657920 0.0560066 0.4829730 0.7670487 0.3833855 0.3879899 0.1647499 0.4562745 0.2487548 0.6482893 0.4388553 0.3798997 0.2522702 0.3589602 0.4371541 0.2100884 0.0890150 0.1172808 0.1118152 0.1825903 -0.0327679 -0.3984402 0.0620304 0.2585201 0.1041826 -0.0213381 0.1198627 0.1679957 0.1199904 0.4196702 -0.0960179 0.3834585 0.0532798 -0.4165819 0.1074726 0.4840023 0.1510597 0.4037783 -0.0027144 0.0010544 0.2058740 0.0716584 0.0309854 0.2578725 0.2389446 0.0273622 -0.0448307 0.0097901 0.0455790 0.0907599 -0.1811360 0.1820577 0.3229422 -0.2173672 0.0875841 0.1888494 -0.0386171 -0.0255759 0.1322406 0.1160834 0.0761051 0.2730978 0.2077616 -0.0249338 -0.1048096 0.1517118 0.2328839 0.0914328 0.2456455 0.1135740 0.0829400 -0.4646627 -0.3122089 -0.1836463 -0.2421557 -0.4749464 -0.3860025 -0.3147856 -0.0564052 0.2923417 0.1035249 0.1559499 -0.0431569 0.1276178 -0.0855064 0.1046549 0.2334757 -0.3322995 -0.4183879 0.0975865 -0.4745827 -0.1894774 -0.2482440 -0.1058652 -0.2909557 -0.1667453 -0.2449558 -0.3489230 -0.0483042 -0.4714004 -0.3364721 0.1113294 -0.3333847 -0.4291089 -0.4611675 0.0529480 -0.4371503 -0.4978608 -0.3564092 0.2348159 -0.3493356 -0.2132976 -0.2175927 -0.2391124 -0.2458380 -0.0808751 -0.3654951
0.2055488 0.2865945 0.0472611 0.1367580 0.0141156 0.4980779 0.4046111 0.0894331 0.3499282 0.7610527 0.4811622 0.2003163 -0.2084815 0.4813986 0.1935489 0.3334240 0.0000000 -0.0366810 0.1278036 0.1011328 0.1168620 -0.1532679 0.3120063 0.0956682 -0.0017713 0.4679313 0.7505260 0.1172052 0.2746179 0.2042793 -0.2992346 0.0807649 -0.0983290 0.0026953 0.3374003 0.1859470 0.2935232 0.2117673 0.3444745 0.3511095 -0.2217958 0.2179254 0.6365049 0.0164135 0.2475362 0.4754162 0.1797375 0.2088137 -0.1163729 0.2434720 0.3346081 0.4949080 0.0926882 0.4346741 0.1662119 0.2080139 -0.1114102 0.1397748 0.3035078 0.1827642 0.3844203 0.1776653 0.0572837 0.1699564 0.2134979 -0.0205295 0.1505242 0.0360156 0.2369910 0.1261581 0.1107761 -0.0805626 -0.1000585 -0.0155140 0.2454594 -0.0960809 -0.0879324 0.1095885 -0.0432557 -0.1542959 0.1328006 0.2896051 0.2052446 0.3124639 -0.1108261 0.3321836 0.5681986 -0.0415498 0.5246371 0.2718377 0.6176507 0.1631579 0.2929801 0.2063320 0.3113713 0.0616067 0.2838768 0.0713964 0.0860314 0.0837144 0.1767987 0.2090389 0.1099829 0.3844997 0.3374381 0.0688220 0.2473746 0.2529491 0.4322254 0.0571769 0.4751294 0.2971294 0.2292434 0.1165414 0.2275410 0.1918323 0.1308885 0.2815427 0.1774013 0.3285085 0.1748846 0.0270401 0.2213828 0.0014523 0.1702456 0.3064189 0.0196958 0.3344966 0.3087201 -0.0628868 0.2534733 0.1179353 0.0928086 -0.0049247 0.0112240 0.3392723 0.2259366 0.3013277 0.1293955 0.3388775 -0.0712183 0.3423441 0.1525627 0.3905653 0.4397436 0.1447428 0.0725231 -0.3114903 0.0894197 0.3627744 0.4270287 0.3981780 0.3663701 -0.0837605 0.0177823 0.3542531 0.4160075 0.4066597 0.2095323 0.4304222 -0.0695036 0.5020356 0.2000134 0.5200574 0.0641414 0.2745611 0.2220395 0.1143908 0.2801482 0.4819402 0.0026059 0.1916847 0.2907114 -0.0088270 0.2868215 0.0817783 -0.0642763 -0.0681402 0.1469323 0.3374475 -0.0422842 0.2937709 0.5164717 0.4287458 0.2990464 0.1082725 0.1111941 -0.0540506 -0.1027606 -0.1815872 0.2964313 -0.1553864 -0.0011762 0.1090158 0.2469019 0.1698961 0.2475516 0.0684736 0.0530854 0.3159048 -0.2151449 -0.4196240 -0.2858465 0.0430669 0.0036437 -0.0864821 0.2133273 -0.2049132 -0.4188632 -0.2107233 -0.2680486 -0.0517956 -0.2896854 -0.0627406 0.0443472 -0.4155142 -0.0133829 0.0390521
