0.0000000 0.4515975 0.3644852 -0.3557094 0.1538894 -0.1188624 0.4564236 -0.3457685 -0.1454790 -0.6945002 -0.4178933 0.3340360 -0.0990393 -0.2850827 0.1386115 -0.2391575 -0.5138353 -0.0082696 -0.0287880 -0.3015345 0.1379736 0.0472443 -0.1779837 -0.2110026 -0.1343411 -0.2486016 -0.2708845 -0.1452113 -0.1212436 -0.2887642 -0.2627093 0.1534593 -0.1013670 -0.0514224 -0.0189199 -0.1555712 -0.0054848 0.0646106 -0.5837294 -0.3208301 0.2185020 -0.2052205 -0.3078009 -0.2416399 0.3729533 0.2510514 0.0823521 0.1663133 -0.2288180 0.0619755 -0.0578917 -0.2024342 0.1908686 -0.3653034 0.1201816 0.1154459 0.0094252 -0.1348290 0.3891192 -0.0204079 0.5350402 -0.2568664 -0.2152777 -0.0815735 0.5205237 0.1425202 -0.0608032 -0.4477628 0.1338641 -0.2480727 0.2987671 -0.0017854 -0.2248574 0.1980902 0.0416283 -0.1974677 -0.0143893 0.2158122 0.2284941 0.1907117 0.3873091 0.1476796 0.3876860 0.2927446 -0.2765442 0.2550683 -0.0530836 -0.0298928 0.4161483 0.3664578 -0.3025015 0.0543510 -0.1539771 0.1743300 -0.2526103 -0.2703872 0.1570144 -0.1339566 -0.2603726 -0.2112310 -0.2003253 -0.0893661 0.0083376 -0.3595652 0.0350763 0.0271705 -0.1337745 -0.2495203 -0.1805056 -0.3542961 -0.1350173 -0.3546879 -0.3351623 -0.2601225 -0.1577963 -0.3508246 -0.1961642 -0.1911605 -0.2906297 -0.2485819 -0.2726410 -0.2220994 -0.0266017 -0.2432024 -0.0116311 -0.0969947 0.0545838 0.0476319 -0.1086031 0.1434272 0.1347318 0.1489444 0.2016180 0.2711858 -0.0832224 0.1364337 0.1461614 0.1209439 0.1383054 0.3240939 0.1305838 0.2106715 0.1757078 0.1499100 -0.1398472 -0.0999856 0.0988054 -0.0981597 -0.1356803 0.2304295 0.3596605 0.0491706 0.1316959 -0.0057704 0.2091656 0.1763956 0.3374912 -0.0252334 -0.0262699 0.2411783 0.2619162 0.0333655 0.0277026 0.0876614 0.1484782 0.1574625 0.2112183 0.1378502 0.2855542 0.1706026 0.0943572 0.2635802 0.6741074 0.4312983 0.3703349 0.2222551 0.4104361 0.3654187 0.4191246 0.3713984 0.4795463 0.2580448 0.2408659 0.4493501 0.2537070 0.5323473 0.3129033 0.2361948 0.1916650 0.1204115 -0.1051167 0.2539436 0.1880433 -0.1933897 -0.1960836 -0.1209716 0.0490639 -0.0252160 0.1503989 0.0487755 -0.0052480 -0.5185884 -0.0951176 -0.1026079 -0.0651849 -0.0069100 -0.0737918 -0.0263082 0.1660715 0.0929095 0.2867003 0.3798212 0.4773905 0.6081655 -0.0409719 -0.0128555 0.0001607 0.0805927
0.4515975 0.0000000 0.4876447 0.3789439 0.2383091 0.6340866 0.4520147 0.3822538 0.2537314 -0.2347965 0.2704720 0.2761302 0.5640545 -0.5769289 -0.2483693 0.3537532 -0.3048128 -0.3319977 0.4736307 0.2876518 -0.0014636 0.5043258 0.2860539 -0.2772133 0.4336438 0.2002915 -0.3832546 -0.5358822 -0.0104599 -0.4881159 0.3042769 0.2583109 -0.1165098 0.0034581 0.3701073 -0.1752609 0.3538348 0.3752369 -0.2014568 -0.2720163 0.3403514 -0.2360810 0.2849994 -0.4874090 0.0890493 0.4328503 0.5685751 0.4329218 -0.0868318 0.3918020 0.5002315 0.4301540 0.3202678 -0.0025659 0.5258919 0.5546713 0.4912178 0.2231706 0.4347189 0.5028411 0.5407368 0.4445393 0.4244902 0.3364823 0.4826530 0.4330638 0.4449958 0.2295917 0.3585362 0.3442233 0.4058088 0.4008405 0.3813742 0.4102666 0.2306304 0.3572046 0.3505633 0.2405081 0.4528902 0.3123671 0.4825111 0.1749010 0.2344900 0.2453594 -0.3626329 -0.0091253 -0.4800750 0.2034255 0.2053750 0.1189669 -0.6217598 -0.4734832 -0.3423511 0.4844103 -0.5335311 -0.6174647 -0.2956115 -0.3251550 -0.6103750 0.0979296 -0.4601989 -0.3181236 0.0863300 -0.1262508 -0.2611569 -0.4917955 -0.1631654 -0.2277017 -0.5558893 -0.2967418 -0.5045470 -0.3637569 -0.0684309 -0.3388825 -0.1538632 -0.2647993 -0.3096763 -0.3316946 -0.2050648 -0.3766127 -0.3627535 -0.3193407 -0.2921755 0.4087242 0.2954414 -0.5251444 0.1207678 -0.2992937 -0.2818171 0.5866116 0.3062163 0.2415902 0.2277127 0.2640392 -0.0999297 -0.2661216 0.1931267 -0.0367361 0.0549483 -0.0207544 -0.1725804 0.0161627 0.1722464 -0.2749576 -0.1096381 -0.0999841 -0.1908723 0.0600561 -0.2212450 0.2881420 0.0912764 -0.1442970 -0.1603286 -0.1655980 -0.2979256 0.0325460 -0.0196050 -0.0564930 -0.0347698 -0.0311859 0.0563190 0.0088298 0.1345221 0.0206169 -0.0879719 -0.0228001 -0.0302384 -0.1376988 -0.2965024 -0.0804020 0.0062997 -0.0883306 -0.0684205 -0.0420539 0.5014713 0.1552311 -0.0196561 0.4471449 0.1174827 0.0703282 0.4489084 0.1036240 0.3797976 0.5509308 0.5347602 0.3328639 0.5541530 0.2242520 0.2770271 0.2328188 -0.4895545 0.3791884 -0.1008859 -0.6277846 -0.5869479 -0.5161978 -0.2710615 -0.0849095 0.3323212 -0.4875201 -0.4472074 -0.4166200 -0.2340815 -0.3267850 -0.1467166 0.1104475 -0.1146531 -0.2626337 -0.4255546 -0.1146864 -0.2408462 -0.1726952 -0.1689740 0.1423090 -0.0283312 -0.2757421 -0.2377339 -0.1145295
0.3644852 0.4876447 0.0000000 0.4811409 0.7271372 0.5303538 0.0134667 0.4033995 0.0474614 -0.1141222 0.3762088 0.0713390 0.5137851 -0.4689060 -0.0948665 0.3559472 -0.0986134 -0.4091405 0.4272750 0.4322204 0.2030774 0.4978969 0.3067478 -0.1251738 0.3823907 0.3953625 -0.3183982 -0.4643024 0.2337315 -0.5355145 0.3378316 0.0829003 0.0840158 0.3324338 0.3201587 0.2871191 0.3167333 0.4285520 -0.0624525 -0.1743938 0.0577303 -0.1556925 0.2821994 -0.2846247 0.2203798 0.5437302 0.4654996 0.6136196 0.2085590 0.0944772 0.4087105 0.3535642 0.5907330 0.0669109 0.5568619 0.4231931 0.3438737 0.4017308 0.5141770 0.4234477 0.5312405 0.2893543 0.5012083 0.6239328 0.6592237 0.5088527 0.4872493 0.2777028 0.3725541 0.5281232 0.4783376 0.7125968 0.3671022 0.8710048 0.3736024 0.4288520 0.7867109 0.3034123 0.1952178 0.5525018 0.3560881 0.0015886 0.0140890 -0.0785023 -0.1842961 0.1655870 -0.1276360 -0.4020365 0.2902053 -0.1477163 -0.3461776 -0.3497960 -0.5090083 0.0689540 -0.3223585 -0.3895316 -0.4487594 -0.4663744 -0.1949673 -0.1055838 -0.1656089 -0.0231551 0.0128416 -0.5480800 -0.4432170 -0.0930615 -0.0919879 -0.3241020 -0.3549131 -0.3192021 -0.2579784 -0.3992425 -0.2352884 -0.2827397 -0.1449146 -0.3782931 -0.3338091 -0.1707915 -0.3622998 -0.2958585 -0.2581082 -0.3323190 -0.2822142 -0.3452421 0.0635886 -0.4610315 0.0318341 -0.4952577 -0.4235037 0.1964563 0.0633678 -0.1855386 -0.0863127 -0.4115145 -0.3549226 -0.6258341 -0.3890595 -0.4055438 -0.2410971 -0.3283649 -0.6422859 -0.4955862 -0.1039640 -0.5492990 -0.6327836 -0.6970237 -0.5835132 -0.5993405 -0.5358507 -0.3448567 -0.3281162 -0.5872553 -0.6355818 -0.6770528 -0.5358496 -0.4508091 -0.4795275 -0.6874851 -0.1799663 -0.5086332 -0.5326342 -0.6911837 -0.5646252 -0.6166704 -0.5785495 -0.5457825 -0.5731266 -0.3357658 -0.4688768 -0.6571483 -0.5945697 -0.4097428 -0.0454133 -0.3406674 -0.1406532 0.1802233 -0.0370513 0.3062113 0.4479209 0.1796522 0.1886047 0.3210637 0.5535574 0.1967059 0.5668981 0.3109252 0.3545139 0.3252967 0.6183553 0.6203753 -0.3689111 0.4942729 -0.0120280 -0.4460807 -0.4864290 -0.4675463 -0.2011333 -0.2187365 0.2333067 -0.4956797 -0.2990602 -0.3893499 -0.4436907 -0.2889918 -0.2386490 -0.0811632 -0.1911916 -0.2008308 -0.3017535 -0.0392968 -0.1384658 -0.0045442 0.1634659 0.0197777 0.1102655 -0.0563005 -0.2407168 -0.3122407
-0.3557094 0.3789439 0.4811409 0.0000000 0.2920824 0.8762151 -0.3268359 0.9230461 0.4922530 0.4958265 0.9190707 -0.0532352 0.8251547 -0.3515900 -0.1088464 0.7015509 0.2868581 -0.3403000 0.5424485 0.7430382 0.1278954 0.5854328 0.6435624 0.1237925 0.5892679 0.5526431 -0.1627896 -0.4411384 0.5694153 -0.3641517 0.5988185 -0.0824854 0.3394895 0.5225120 0.4786618 0.2563330 0.2365851 0.3162000 0.5415381 0.2993263 -0.2166100 0.2984654 0.6744073 -0.0425014 0.0581916 0.1883587 0.4871276 0.2722342 0.6020444 0.0717737 0.5754752 0.6923191 0.5323320 0.6453087 0.5056832 0.3739014 0.3894312 0.8132780 0.1460363 0.5647143 0.0559905 0.6646783 0.8135409 0.8727642 0.0354400 0.3133128 0.6489762 0.8636619 0.1766682 0.9019819 0.1824686 0.6811569 0.8041148 0.5274547 0.2114143 0.8904677 0.7427280 0.0326788 0.4090200 0.5481123 0.0773043 -0.2201699 -0.4559333 -0.3333746 -0.0397566 -0.4245842 -0.5558508 -0.2474816 -0.2690809 -0.4283087 -0.3403549 -0.6194503 -0.4109097 0.0657925 -0.3766796 -0.3913163 -0.6243151 -0.3424837 -0.3870465 0.2252706 -0.3368395 -0.2099356 -0.1778396 -0.0895857 -0.3940362 -0.3209312 -0.2268437 -0.1209360 -0.3495072 -0.2164197 -0.2884328 -0.1355006 0.0599512 -0.1016583 -0.1179930 -0.1701377 -0.2998918 -0.2322396 -0.1968906 -0.1694775 -0.1828746 -0.2858598 -0.5410767 0.3292709 0.3764835 -0.4542031 -0.0811298 -0.5454618 -0.2801754 0.4105273 0.2327617 0.0865846 -0.1786873 -0.2037657 0.0631015 -0.6532706 0.0227677 -0.0871846 0.0027051 -0.3830378 -0.4357044 -0.1621240 0.0760675 -0.6556104 -0.0041569 -0.3963195 -0.2796687 -0.0057488 -0.1710799 -0.1028179 -0.5002451 -0.4788975 -0.3948756 -0.4557092 -0.6014757 -0.4774945 -0.5806756 -0.2674761 0.0228461 -0.5064130 -0.4391006 -0.3581006 -0.3268063 -0.3669553 -0.4460170 -0.5285303 -0.6557914 -0.2738562 -0.6682221 -0.6000555 -0.4612443 -0.4929987 -0.4410323 -0.4793031 -0.3437024 -0.3546406 -0.5930844 0.0721313 -0.0151430 -0.0238855 -0.1568654 -0.0623309 0.3297011 -0.1922458 0.3358757 -0.2701961 0.2376375 0.0698626 0.2337518 0.3046643 -0.2985558 0.2190837 -0.4451993 -0.3991163 -0.4469598 -0.5147607 -0.5243877 -0.3292883 0.3692937 -0.6674333 -0.6509642 -0.1019889 -0.5467531 -0.5039198 -0.3832671 0.0992912 0.2489490 -0.2084113 -0.7356818 -0.1101881 -0.6168457 -0.5861444 -0.5403493 -0.4078977 0.1428288 -0.4205596 -0.5316534 -0.4905216
0.1538894 0.2383091 0.7271372 0.2920824 0.0000000 0.3084565 -0.0936024 0.1853010 -0.0463020 -0.0635361 0.3084761 -0.1038588 0.2920375 -0.3634437 -0.0976733 0.0391088 -0.0262190 -0.3875206 0.0374851 0.4309360 0.0599238 0.1445984 0.1129658 -0.1599250 0.0007760 -0.0439864 -0.3716243 -0.4373510 0.1513831 -0.5108600 0.1929266 -0.0995670 -0.0645363 0.1464763 -0.0789686 -0.0288454 -0.0085378 0.1042554 -0.1357670 -0.3408925 0.3828553 -0.2556021 0.1114004 -0.3662214 -0.0502384 0.0770361 0.0486815 0.4195438 0.0157860 -0.2958908 0.0422847 0.0557102 0.2464162 -0.0120355 0.4728772 0.0089676 -0.0635473 0.3760740 0.6053097 0.0895939 0.2240950 -0.0196810 0.3874122 0.4063119 0.3933532 0.1854738 0.1539560 0.1667375 -0.0133655 0.3369894 0.3540381 0.4966532 0.0892907 0.7378143 0.1539029 0.1828797 0.5450814 0.0652295 -0.1645886 0.2613112 0.0287462 0.0555718 0.2689604 0.1858920 -0.0907890 0.4134540 0.0284829 -0.0832864 0.2035679 -0.2413875 -0.1041863 -0.3918320 -0.4197343 0.2086043 -0.4150670 -0.2477221 -0.4271111 -0.3701765 -0.2265303 -0.1061591 -0.0064941 0.3165932 0.1433620 -0.4857671 -0.2457037 -0.1645631 -0.0484589 -0.1716210 -0.0457997 -0.0370140 -0.2097739 -0.3429511 -0.4277636 -0.2333937 -0.2961029 -0.4165063 -0.2846332 -0.1463829 -0.2950049 -0.1175295 -0.0679453 -0.1902443 -0.1491609 -0.2857352 0.1070469 -0.1699306 -0.0469359 -0.4636555 -0.1808783 -0.0465308 0.0428941 -0.1099391 -0.2367073 -0.5571466 -0.0684300 -0.5814293 -0.4340425 -0.1580842 -0.1603684 -0.4129434 -0.5344353 -0.4667201 -0.0702731 -0.5401152 -0.4817337 -0.6348355 -0.4453882 -0.5725810 -0.3585839 -0.6073535 -0.4874013 -0.4901867 -0.5391449 -0.5980390 -0.4799659 -0.4081203 -0.6279081 -0.5999583 0.0095299 -0.6276529 -0.6013183 -0.7301284 -0.5825218 -0.7720138 -0.5692104 -0.4825751 -0.6072523 -0.2182815 -0.3528268 -0.6010600 -0.5877999 -0.4007654 -0.0050148 -0.2947385 -0.2357372 0.2086126 0.0925525 0.5138050 0.3596011 0.0686937 0.1964547 0.1182008 0.5482342 -0.0282891 0.6520719 0.2407128 0.2555307 0.5892805 0.6186331 0.5110440 -0.4303554 0.2425833 -0.0886428 -0.4275223 -0.3553162 -0.3721117 -0.3683185 -0.3534417 0.1069414 -0.2976536 -0.2086841 -0.4611756 -0.4542187 -0.3428731 0.0481433 -0.0572816 0.1516883 -0.1806338 -0.1888456 -0.2335804 -0.2070538 -0.1837302 0.4584219 -0.0915712 -0.2249685 0.0888539 -0.1358904 0.0020256
-0.1188624 0.6340866 0.5303538 0.8762151 0.3084565 0.0000000 -0.0357397 0.7992154 0.5570163 0.2972764 0.8122359 0.1406863 0.8352029 -0.4714526 -0.0794459 0.6076747 0.1525444 -0.3768909 0.5778096 0.5428025 0.2239432 0.6367855 0.5367469 0.0870203 0.6295735 0.4554001 -0.2827876 -0.4825893 0.5528897 -0.3985042 0.5571274 0.1177886 0.3051863 0.5219691 0.4601026 0.1432903 0.3113535 0.4405244 0.4373032 0.2738056 -0.0145645 0.2198630 0.6046568 -0.1297751 0.1851789 0.3351675 0.5479645 0.4670902 0.4866595 0.2537470 0.5980287 0.6807812 0.5884134 0.5764221 0.6432665 0.4885820 0.4514305 0.7366485 0.3443334 0.6221746 0.2434906 0.6868534 0.7374802 0.8556684 0.1162826 0.4069495 0.6808448 0.7330844 0.2441245 0.8503544 0.3583129 0.7677314 0.7530686 0.5680722 0.3054530 0.8296308 0.7470015 0.1664015 0.5415258 0.6426502 0.2863435 -0.2142856 -0.2827034 -0.0866762 -0.0818311 -0.3154404 -0.6651911 -0.1821253 -0.1857928 -0.2701666 -0.5602889 -0.6720632 -0.4663015 0.1106240 -0.5456009 -0.5310943 -0.6521575 -0.4586184 -0.6033174 -0.0189177 -0.5447788 -0.2760806 -0.0318554 -0.1272522 -0.5160664 -0.4060516 -0.1953352 -0.0644620 -0.5040113 -0.2234279 -0.5590032 -0.3490402 0.0049260 -0.1583160 -0.0995882 -0.2042200 -0.3681936 -0.3605418 -0.2576518 -0.3554173 -0.2793093 -0.3362722 -0.4564539 0.4034527 0.3741050 -0.5741038 0.0416750 -0.5509371 -0.4108261 0.6262220 0.3800854 0.1140457 0.1259433 -0.0623508 0.0614110 -0.6607682 0.1173377 -0.1036058 0.1551582 -0.2719830 -0.3135279 -0.0869468 0.1772734 -0.5066422 -0.0189640 -0.3986924 -0.2257449 0.0731615 -0.0781342 -0.0278590 -0.3872382 -0.3681775 -0.3733124 -0.3533646 -0.5975936 -0.2916082 -0.4060783 -0.1839536 0.0823218 -0.4514336 -0.2855751 -0.2305695 -0.1990708 -0.3512176 -0.2854633 -0.4056415 -0.4816848 -0.1808262 -0.7113057 -0.4691573 -0.2873364 -0.3437491 -0.3167549 -0.3358981 -0.0692055 -0.2572487 -0.4425276 0.1969274 0.0606756 0.1156119 0.0912125 -0.1897057 0.4579521 0.0427822 0.5027773 -0.1546614 0.4243303 0.1658353 0.3703243 0.4550075 -0.5244021 0.4575709 -0.2892462 -0.5382431 -0.5532726 -0.5759602 -0.4337659 -0.1534356 0.6255187 -0.7280034 -0.6966474 -0.3569396 -0.5115771 -0.4789438 -0.3236397 0.2620071 0.0964081 -0.2538949 -0.7951859 0.0130629 -0.6634582 -0.4764087 -0.3927444 -0.1626568 0.2444629 -0.4286877 -0.5707121 -0.4192663
0.4564236 0.4520147 0.0134667 -0.3268359 -0.0936024 -0.0357397 0.0000000 -0.3782185 0.2585128 -0.0766591 -0.4830200 0.7824793 -0.2556717 0.1968043 0.2841960 -0.4471835 -0.2992472 0.4392385 -0.2345786 -0.3130556 -0.0407507 -0.1818479 -0.5347327 0.1358037 -0.2454941 -0.3963865 0.1227773 0.2575536 -0.3094232 0.2747513 -0.2512505 -0.1061313 -0.0245779 -0.1144612 -0.3674504 -0.3738546 -0.1513978 -0.1538668 -0.4133692 -0.0815087 0.2485044 -0.2781355 -0.4613602 -0.0457322 0.2443260 0.0299610 -0.1078738 -0.1406486 -0.2483645 0.0683212 -0.2333752 -0.2894237 0.2277410 -0.5135860 -0.2993984 -0.0057280 -0.0663236 -0.4707798 -0.0335389 -0.2139429 0.4698239 -0.1283478 -0.3664755 -0.2639669 0.4750517 -0.0797781 -0.2860444 -0.5013140 -0.0734969 -0.4053239 -0.2302003 -0.0832646 -0.3857989 -0.0686016 -0.2659258 -0.4204441 -0.2420451 -0.1894976 -0.0964295 -0.0286902 0.1914247 0.5203367 0.6502471 0.6464004 -0.1779163 0.3800797 0.0388784 0.1721260 0.1795627 0.1968181 -0.3459156 0.0518848 -0.2072044 -0.0056613 -0.1893062 -0.1297148 -0.0120852 -0.2835885 -0.2445192 -0.1734218 -0.1448744 -0.2366882 0.5143594 -0.2447596 -0.1951209 -0.2118630 0.3056759 0.3169081 -0.5537982 0.2740051 -0.4443408 -0.2495224 0.1693491 0.1159424 0.3375594 0.1552059 0.1772250 0.0589511 0.1514844 -0.1779841 -0.0536285 0.2135528 0.2295711 0.1553708 -0.3226224 -0.1707068 0.1966902 0.0395205 -0.2193504 0.0176118 -0.0883255 -0.0355305 0.3138826 0.2708334 -0.0773377 0.1487401 0.0695390 -0.0642872 -0.0772707 0.3800816 0.1715655 0.0937339 -0.0543646 0.4146074 -0.1258313 0.2896065 0.0447858 0.0862315 0.0448372 0.2468844 0.4181754 0.1826614 0.1179690 0.2539273 0.3696836 0.3634264 0.5556760 0.0970248 -0.2132246 0.3655783 0.3616185 0.2891875 0.2827914 0.2900774 0.2812506 0.2479225 0.5189548 0.1362531 0.0982600 0.4690893 0.4197309 0.3478401 -0.0210786 0.3775891 0.8844939 0.5817885 0.5461130 0.2102237 -0.0631165 -0.0849409 0.3165005 -0.2484956 -0.1376636 0.4734529 -0.0473878 0.6743672 0.0800842 0.0735584 0.0177353 0.0011560 -0.0827448 0.2884945 0.1173963 -0.0514622 -0.0131978 0.0236527 0.3376535 0.4236715 0.1964016 0.0293809 0.2348171 0.0506394 0.2862641 0.2715881 0.4470286 0.1541709 -0.3746866 0.3290529 -0.0316903 0.3037324 0.3331436 0.4917990 0.3333810 0.5038060 0.1775048 0.1647393 0.0086577 0.2421048
-0.3457685 0.3822538 0.4033995 0.9230461 0.1853010 0.7992154 -0.3782185 0.0000000 0.3425351 0.3745600 0.8962751 -0.2187655 0.8749092 -0.4620845 -0.3340213 0.8055289 0.2805207 -0.5195048 0.6870350 0.7690098 0.0955218 0.6397998 0.7007574 -0.0291404 0.7159694 0.6730642 -0.2501796 -0.5436581 0.4144204 -0.4431181 0.6555611 0.0872246 0.1616797 0.3460177 0.6487081 0.3255413 0.4123077 0.4294040 0.4626652 0.1900218 -0.3204223 0.1597899 0.7228407 -0.1594426 -0.0903327 0.2697359 0.6058424 0.2763285 0.4545761 0.2441610 0.7027836 0.7463268 0.4234137 0.6012312 0.5542781 0.4973130 0.5335871 0.7262632 0.0802111 0.6858756 0.1008021 0.7674785 0.8690876 0.8266517 -0.0358425 0.4340234 0.7666562 0.8965343 0.3384547 0.9208982 0.2772114 0.7253288 0.8761841 0.4917775 0.3611814 0.8935769 0.7496589 0.1902792 0.4988143 0.5113338 0.2329906 -0.3873828 -0.5874660 -0.5393722 -0.2962716 -0.5603756 -0.6297544 -0.3634728 -0.2011586 -0.4556298 -0.3379335 -0.5880469 -0.4282710 0.0529458 -0.2726997 -0.3802337 -0.5960619 -0.3329699 -0.3052761 0.1127600 -0.3668920 -0.2658643 -0.3274206 0.0654903 -0.4528390 -0.3162817 -0.3102453 -0.2989156 -0.3581714 -0.3778600 -0.2682789 -0.0681065 0.1575483 -0.1943131 -0.0730954 -0.1052757 -0.2858972 -0.1846053 -0.1725101 -0.1563264 -0.2163118 -0.3407591 -0.4976904 0.3888089 0.3661840 -0.3292964 -0.1301702 -0.4786124 -0.1484952 0.4172232 0.2104301 -0.0330131 -0.2456124 -0.0364284 -0.1283301 -0.5445556 -0.0267397 -0.1077919 -0.0739899 -0.3271958 -0.5059656 -0.1662492 -0.0340438 -0.6002223 -0.0193047 -0.2904602 -0.3146031 -0.0293803 -0.3485799 0.0372413 -0.3561597 -0.4258804 -0.3065244 -0.4827214 -0.7118948 -0.4011418 -0.6368018 -0.2293581 -0.1119885 -0.4169896 -0.4765354 -0.3374180 -0.2139753 -0.2099787 -0.4810821 -0.4934318 -0.6456241 -0.4659397 -0.7381830 -0.6469960 -0.4952292 -0.6571522 -0.4611499 -0.5167283 -0.3599641 -0.3812601 -0.7533586 -0.1643317 -0.1118886 -0.1254956 -0.2887637 0.0242338 0.2771002 -0.0281378 0.3054667 -0.3344070 0.3650341 0.0832990 0.2711556 0.3102810 -0.2124371 0.2383874 -0.3827320 -0.3573182 -0.3730967 -0.3864475 -0.4241509 -0.1698320 0.3447085 -0.5581778 -0.5758281 -0.1315348 -0.4418936 -0.4177514 -0.5698215 0.0152340 0.1170820 -0.0952277 -0.6261127 -0.1470013 -0.5196471 -0.4961270 -0.6605987 -0.3424273 0.1002501 -0.3883019 -0.4588807 -0.6327576
-0.1454790 0.2537314 0.0474614 0.4922530 -0.0463020 0.5570163 0.2585128 0.3425351 0.0000000 0.6898013 0.4152620 0.5631142 0.1383025 0.3765958 0.6510904 0.0296659 0.3303269 0.4343499 -0.1718849 0.0217917 0.2097611 0.0166397 -0.1183552 0.7991374 -0.0782225 -0.1664329 0.2483881 0.3627930 0.6671375 0.4237568 -0.0279362 -0.3997825 0.8289239 0.7714569 -0.1383417 -0.1106931 -0.3513269 -0.2687807 0.4931898 0.7157626 -0.0478769 0.6209426 -0.0118142 0.5939456 0.5012256 -0.2726231 -0.1485724 -0.0476050 0.7671430 -0.1881048 -0.0923970 0.0654562 0.6725239 0.5194186 -0.0751014 -0.1513021 -0.2044431 0.4485558 -0.2381785 -0.0360229 -0.0490602 0.1885300 0.1232196 0.4731215 -0.1882397 -0.3617057 -0.0159349 0.2466554 -0.4204877 0.3166104 -0.4094008 0.2998824 0.1793970 -0.1057825 -0.4475741 0.3567637 0.1628732 -0.5242735 0.1423997 0.4298510 -0.3035324 0.1459917 -0.0477722 0.1269630 0.0706543 -0.3051560 -0.5855704 -0.0007736 -0.3870011 -0.2930658 -0.4236467 -0.5682582 -0.2659874 -0.1782223 -0.3418612 -0.4568123 -0.6110062 -0.3911211 -0.5275298 0.0074853 -0.5862158 -0.4163264 -0.0333489 -0.0861801 -0.4661843 -0.5307126 -0.1866254 0.2252243 -0.6370934 0.1010976 -0.6685237 -0.3092903 -0.0921341 0.0413120 0.0668653 -0.1044498 -0.2549961 -0.4320169 -0.2974326 -0.4555911 -0.3460529 -0.2049688 -0.2687472 0.2632586 -0.0203487 -0.4561045 -0.2014845 -0.3052283 -0.5488886 0.0612798 -0.0163970 0.1969659 0.0058239 -0.0559202 0.5067343 -0.3041393 0.1220934 -0.1230591 0.1799612 0.0596635 0.2511332 0.1561777 0.0836111 -0.0775131 0.2137965 -0.0197502 0.0653670 0.4040551 0.4504759 0.1057459 -0.2801476 -0.1242494 -0.1293050 0.0973883 -0.0002560 -0.0779325 0.1255240 0.0479228 -0.1453827 -0.1321230 0.0763659 0.2432050 -0.0855092 -0.0334719 0.0871317 -0.1341487 -0.0619354 0.1129753 -0.4590553 0.1158382 0.0093061 0.0338432 -0.1374671 0.3204260 0.1746480 -0.3929655 -0.2222559 0.0020156 -0.2310030 0.1097226 0.0676129 -0.4451639 -0.1178602 -0.2485224 -0.0750367 -0.2115922 -0.0998688 -0.1440213 -0.1798961 -0.0182233 -0.3481085 0.2277911 -0.4735877 -0.2319613 -0.2979664 -0.3315223 -0.1238835 -0.0439273 0.4276620 -0.3919950 -0.4327643 0.0508625 -0.2646702 -0.3063445 -0.0674526 -0.0299600 0.1587164 0.1912524 -0.5996834 0.2165324 -0.3663988 -0.2637926 -0.1716240 0.0116314 0.3426638 -0.1933623 -0.3376674 -0.0976688
-0.6945002 -0.2347965 -0.1141222 0.4958265 -0.0635361 0.2972764 -0.0766591 0.3745600 0.6898013 0.0000000 0.4536926 0.2547720 0.0279068 0.5671964 0.4387239 0.1279329 0.6853492 0.4354435 -0.1291114 0.2881602 0.0401428 0.0068104 0.0370338 0.7091376 -0.0075711 0.0705146 0.5307539 0.4363146 0.4522379 0.5427550 0.2251083 -0.3787551 0.5813711 0.5100388 -0.0926545 0.1868295 -0.2078986 -0.2005340 0.7142642 0.6897340 -0.2512318 0.4850604 0.1734858 0.5795080 0.1296677 -0.2835815 -0.1548947 -0.1906638 0.6449020 -0.2143450 -0.0576702 0.1323495 0.3947036 0.4922667 -0.2015688 -0.1556114 -0.1286340 0.3214573 -0.4501134 -0.0403208 -0.2910857 0.2440765 0.1586876 0.3332553 -0.2531746 -0.2810177 -0.0122473 0.3560642 -0.2997686 0.3004669 -0.5295343 0.2042648 0.1702699 -0.1164733 -0.3180391 0.2662937 0.1248629 -0.5029440 -0.1666148 0.1636821 -0.4702308 0.0921732 -0.2668041 -0.1681140 0.2200504 -0.2107219 -0.1008805 -0.1130140 -0.4192477 -0.4736138 0.1177180 -0.2190525 -0.0265300 -0.4452629 0.1384636 0.0671380 -0.4499539 -0.0883210 0.0592576 0.2559282 -0.0718132 -0.1007798 0.0307032 0.0370949 -0.3183829 -0.1953750 0.1081932 0.4095111 -0.2790102 0.4426068 -0.1941724 0.1083272 0.2557831 0.3836191 0.3371488 0.2708851 0.1247923 0.0042688 0.0300241 -0.0632500 0.0286309 0.1445876 -0.0259813 0.1430405 -0.1815281 -0.1092846 -0.0439736 -0.1891525 -0.2363574 -0.1859075 -0.2502360 -0.0588693 -0.1471284 -0.3437530 0.1995639 -0.2824887 -0.2020691 -0.2301446 -0.1507656 -0.0983415 -0.0313596 -0.1207214 -0.1788303 -0.1421932 0.0813689 -0.0115362 -0.0713476 0.1685270 0.2748467 -0.1292926 -0.3195912 -0.1827318 -0.1615671 -0.0459834 0.0133543 -0.2475020 -0.1135272 -0.0568060 -0.1339054 -0.1645424 -0.1868469 0.0600323 -0.1436898 -0.0636143 -0.0817695 -0.2209668 -0.1628021 -0.0145530 -0.4178819 -0.0577765 -0.0682700 -0.1571987 -0.5146474 -0.0278234 -0.1381877 -0.2494604 -0.2676332 -0.2882269 -0.3079766 -0.1719459 -0.3133138 -0.3220844 -0.2629307 -0.4625711 -0.2905030 -0.3029067 -0.3873968 -0.2342629 -0.1575277 0.0018568 0.0012856 -0.0260368 -0.3389527 0.1104734 0.0842301 0.0014686 0.0384976 0.0728142 0.0778836 -0.1391853 -0.0436767 0.5073181 -0.0588800 -0.0020604 0.0478235 -0.1101825 0.0801476 0.3181926 -0.3711455 0.1460673 -0.2694500 -0.2140514 -0.3331251 -0.3030384 0.3450494 0.0613123 -0.1016638 -0.0268561
-0.4178933 0.2704720 0.3762088 0.9190707 0.3084761 0.8122359 -0.4830200 0.8962751 0.4152620 0.4536926 0.0000000 -0.2394850 0.8010244 -0.3661598 -0.1514808 0.7967318 0.4567849 -0.4241766 0.5464750 0.7149809 0.1464673 0.6131328 0.7152846 0.1098877 0.5979066 0.5170329 -0.0905826 -0.4529099 0.5906830 -0.3615919 0.6408849 0.0446406 0.2947752 0.4791196 0.5192344 0.2631664 0.2478399 0.3493494 0.6419802 0.3317525 -0.1227104 0.2963483 0.7645693 -0.0204713 0.0155463 0.1166432 0.4212414 0.3504189 0.5733672 0.1055467 0.5455869 0.6578608 0.3772677 0.7903477 0.6221442 0.3372108 0.3480664 0.8789804 0.2204213 0.5509964 0.0100661 0.6470573 0.8439759 0.8408649 -0.1508616 0.2736556 0.6398018 0.8975606 0.1208731 0.9011876 0.2681256 0.6704788 0.8097410 0.4844815 0.2788474 0.8818187 0.6982428 0.1087548 0.4502925 0.5087781 0.0712261 -0.4559740 -0.5389992 -0.4391766 -0.1029476 -0.3809690 -0.5486529 -0.2504708 -0.2034829 -0.3899625 -0.1821412 -0.5936308 -0.2315138 0.0508628 -0.3156872 -0.2758234 -0.5642376 -0.2023868 -0.3471222 0.1350487 -0.3386510 -0.0050205 -0.1877637 0.0168584 -0.3134664 -0.2658066 -0.2000791 -0.1581565 -0.1832563 -0.2687208 -0.2125815 -0.0078272 0.0592618 -0.0598881 -0.0802518 -0.1224906 -0.2659120 -0.2150328 -0.2007925 -0.1042731 -0.1554333 -0.2845770 -0.4510109 0.3276452 0.4890827 -0.3345289 -0.1682705 -0.3836678 -0.1242306 0.3743799 0.3538419 0.1016468 -0.2053518 -0.1220447 0.0984128 -0.5235080 0.0751239 0.0095639 0.1504530 -0.4056136 -0.3281202 -0.0866197 0.0713010 -0.5624997 0.1484726 -0.3270161 -0.1308587 0.1193905 -0.1473132 -0.0524715 -0.4827067 -0.2878305 -0.2533445 -0.3689711 -0.6001624 -0.3335898 -0.6255064 -0.0855394 0.0252158 -0.4497760 -0.3569620 -0.2521414 -0.1803306 -0.3021965 -0.3209596 -0.3479967 -0.5927194 -0.2725366 -0.6478144 -0.5377001 -0.3878883 -0.4857848 -0.3526152 -0.4663960 -0.4386408 -0.5273612 -0.7064034 -0.0130001 -0.0525321 0.0345196 -0.1878164 -0.1067024 0.3497270 -0.1635059 0.3828248 -0.3673426 0.3370603 0.1769355 0.2518834 0.2772072 -0.2837955 0.1488178 -0.4413255 -0.3526578 -0.3737327 -0.4540376 -0.5540896 -0.3008564 0.3933128 -0.6266860 -0.6481635 -0.2197903 -0.4687606 -0.5288413 -0.4036873 0.0731626 0.2641447 -0.2139604 -0.6036626 -0.1672400 -0.6393752 -0.6891759 -0.5255431 -0.4253437 0.0241105 -0.2180001 -0.3799264 -0.3698468
0.3340360 0.2761302 0.0713390 -0.0532352 -0.1038588 0.1406863 0.7824793 -0.2187655 0.5631142 0.2547720 -0.2394850 0.0000000 -0.2550508 0.3610667 0.6016552 -0.3681139 -0.0026676 0.5686319 -0.2542796 -0.2175267 0.3676822 -0.1468144 -0.4011151 0.4410008 -0.2287768 -0.3650631 0.3574007 0.4095017 0.2147002 0.3983688 -0.2367622 -0.2183293 0.3937914 0.3593631 -0.3402601 -0.0956044 -0.3051578 -0.2038986 -0.0550108 0.3381501 0.0026712 0.2393608 -0.3736399 0.2955566 0.6707258 -0.0446342 -0.2038404 -0.1834639 0.2712421 -0.1463202 -0.2880033 -0.2684441 0.6178564 -0.0767071 -0.3262178 -0.1216440 -0.1931155 -0.0741975 -0.1214800 -0.2396001 0.4575781 -0.1422008 -0.3340011 0.0677199 0.4040907 -0.2139719 -0.2857284 -0.3832741 -0.2098484 -0.2227465 -0.3917527 0.1002766 -0.3235382 -0.0053445 -0.3653592 -0.2081301 -0.1164905 -0.3682062 -0.0385191 0.2241957 -0.0314824 0.3768051 0.2787407 0.4056185 0.0647086 0.1019234 -0.0820879 -0.0599227 -0.1345750 0.0129255 -0.3378025 -0.0897693 -0.1569982 -0.2987324 -0.0947949 -0.1221966 -0.2234970 -0.2478191 -0.1945478 -0.0975613 -0.1146522 -0.3263661 0.2932538 -0.1831570 -0.3505104 -0.0712637 0.2566123 0.4572446 -0.5775393 0.2991349 -0.4417335 -0.1431390 0.1882882 0.3285444 0.4398956 0.2594241 0.2011529 0.0102388 0.0372023 -0.2671426 -0.1374015 0.2097638 0.2124287 -0.0203556 -0.4247855 -0.1373661 0.1855725 -0.1095123 -0.2962950 0.0254995 -0.0991638 -0.1021223 0.3472021 0.1575582 0.0618231 -0.0174813 0.1373636 -0.0278117 0.0711605 0.5450213 0.2384975 0.2771307 0.0182557 0.3553574 0.0149696 0.1970408 0.1859783 0.2342470 0.3431841 0.2635026 0.3596240 0.0835090 0.0919064 0.3103106 0.4571681 0.2247986 0.5502752 0.1050912 -0.1064890 0.3444526 0.3609530 0.3119379 0.1126854 0.1462689 0.3387825 0.1107629 0.3901273 0.4265258 0.0750809 0.4218088 0.3819327 0.4058322 0.0630316 0.5373400 0.6451027 0.3556333 0.4602827 0.1216964 0.2042906 0.2858252 0.3643693 -0.2410967 -0.1114021 0.1930209 -0.2088996 0.4911836 -0.1438620 -0.1175083 -0.0301453 0.1620291 0.0455089 0.4025494 0.0306114 0.1144081 0.1330397 0.1150666 0.3614317 0.3648822 0.4129767 0.0551719 0.1853990 0.1564366 0.1449259 0.2658549 0.2975567 0.1287172 -0.0871518 0.4833019 -0.3193492 0.6118704 0.2143645 0.4542502 0.2837839 0.5916029 0.5625063 -0.0160935 -0.1342296 0.1212410
-0.0990393 0.5640545 0.5137851 0.8251547 0.2920375 0.8352029 -0.2556717 0.8749092 0.1383025 0.0279068 0.8010244 -0.2550508 0.0000000 -0.7435930 -0.4510002 0.7659051 0.0074159 -0.6486105 0.7855909 0.7250888 0.0070818 0.7400354 0.7448865 -0.2780483 0.7892303 0.6517779 -0.4944208 -0.7746415 0.2664186 -0.7078625 0.7048023 0.2351983 -0.0713570 0.1780523 0.6509610 0.1813664 0.5157825 0.5939878 0.2525095 -0.0468205 -0.1021885 -0.0870104 0.7443530 -0.4514372 -0.1626934 0.4328635 0.7340321 0.4199122 0.1826864 0.3901019 0.7775009 0.8094126 0.2789288 0.4265013 0.7488693 0.6351311 0.6385393 0.6712432 0.4229979 0.7582795 0.2132329 0.7568656 0.8736338 0.7715788 0.1397681 0.6318421 0.8401966 0.8454841 0.4617534 0.8967643 0.5810288 0.6964322 0.8991273 0.6543592 0.5392693 0.8747878 0.7952500 0.4303297 0.6264537 0.5156608 0.4896918 -0.3797932 -0.3797493 -0.2777087 -0.3183080 -0.3218893 -0.5770276 -0.2756250 -0.0692717 -0.2979126 -0.4407077 -0.5162546 -0.4954620 0.2134491 -0.5240469 -0.3885998 -0.4446690 -0.3700778 -0.4929554 -0.0086948 -0.4003259 -0.1446772 -0.0853098 -0.1307742 -0.3103264 -0.2791453 -0.2302346 -0.2883275 -0.2896918 -0.4045829 -0.2764346 -0.2383024 0.0796976 -0.2529334 -0.2154833 -0.2445952 -0.3150512 -0.1890055 -0.1240589 -0.0706579 -0.0947293 -0.3087195 -0.5302224 0.4782830 0.5846475 -0.4091711 0.0414520 -0.4184031 -0.1033908 0.6609746 0.4872706 0.1433993 -0.0498883 0.0724635 -0.1423328 -0.5413326 0.1465074 0.0627059 0.0822392 -0.4116454 -0.5281515 -0.1506128 0.1257429 -0.5677663 -0.0132290 -0.3956110 -0.2567960 -0.1017811 -0.4617965 -0.0346088 -0.3625565 -0.3347181 -0.2429796 -0.5252550 -0.7317278 -0.3047174 -0.6388390 -0.1880739 0.0469823 -0.4657457 -0.4033498 -0.4020298 -0.1526324 -0.2698862 -0.4275292 -0.4094829 -0.6010629 -0.4341482 -0.6273787 -0.6462450 -0.4174241 -0.5330915 -0.3132342 -0.6130975 -0.2672218 -0.2543573 -0.6070732 0.1398881 -0.0149517 -0.0971595 -0.1196065 -0.0472728 0.5097866 0.1116910 0.5909096 -0.1205880 0.5995869 0.3361403 0.4392358 0.3682127 -0.3572250 0.2817174 -0.2536864 -0.4994159 -0.5220153 -0.5384762 -0.5871339 -0.2255881 0.4287931 -0.6930017 -0.6999854 -0.4211764 -0.5251699 -0.5277204 -0.4606815 0.3001196 0.1042598 -0.3550294 -0.5926557 -0.2341269 -0.6031706 -0.5373009 -0.5251027 -0.2974758 -0.0462202 -0.3961973 -0.5134054 -0.5080950
-0.2850827 -0.5769289 -0.4689060 -0.3515900 -0.3634437 -0.4714526 0.1968043 -0.4620845 0.3765958 0.5671964 -0.3661598 0.3610667 -0.7435930 0.0000000 0.7182461 -0.5315134 0.3637531 0.8746270 -0.7172197 -0.5213228 0.0170895 -0.6244558 -0.6404294 0.7691510 -0.6465279 -0.4872695 0.7134457 0.9726362 0.0989565 0.9598091 -0.4897489 -0.4898963 0.5025806 0.2448410 -0.6238353 -0.0608853 -0.6057352 -0.6402557 0.2022306 0.5416479 -0.1207032 0.4141187 -0.5649598 0.8332874 0.2695771 -0.5283793 -0.7055032 -0.5024086 0.2992795 -0.3888815 -0.7036973 -0.6073233 0.0411002 -0.0289805 -0.7732430 -0.6309861 -0.6348436 -0.3616422 -0.6662916 -0.6933577 -0.3854024 -0.4976643 -0.6497957 -0.4030336 -0.3200206 -0.7309213 -0.7105568 -0.4713091 -0.6244460 -0.5364984 -0.8000394 -0.4581849 -0.5879596 -0.6296711 -0.6687236 -0.5032342 -0.5470093 -0.6391792 -0.5015761 -0.2460911 -0.6262343 0.3056949 0.1537357 0.1529706 0.3708382 0.1313748 0.3363135 0.1138112 -0.1678967 -0.0001285 0.3264995 0.2940878 0.3301227 -0.4507772 0.4386050 0.3319870 0.1375271 0.2007994 0.3549866 0.0676879 0.2047683 0.0212745 0.1705780 0.0923222 0.0835331 0.0897629 0.2838211 0.4984833 0.0032935 0.5298318 0.0442378 0.2100748 0.1134275 0.4346730 0.3510691 0.3164020 0.3328552 0.1403429 0.1481824 0.0880113 0.1745262 0.3598435 0.3658329 -0.2457861 -0.4522771 0.1872825 -0.1036405 0.3404436 -0.0804980 -0.6117886 -0.4257125 -0.0417902 -0.0629579 -0.1778400 0.3091901 0.3456767 -0.1266059 -0.1536369 -0.0338417 0.2246848 0.4788703 0.0859684 -0.1639366 0.4652574 0.1251385 0.3406708 0.2282980 0.2323488 0.5361411 -0.0292733 0.0271763 0.2526500 0.1542256 0.4451489 0.6190471 0.1664264 0.4954180 0.1637712 -0.2051575 0.2657889 0.2942246 0.3945058 0.0644120 0.2482070 0.3663170 0.2543910 0.4227944 0.3152223 0.2399938 0.5270977 0.3180612 0.4024069 0.0044952 0.4875022 0.1617824 -0.0287166 0.2862072 -0.2869793 -0.2596847 -0.0492453 -0.1203241 -0.2276801 -0.6217465 -0.4056412 -0.6799626 -0.1265143 -0.6841929 -0.3999485 -0.4887894 -0.3661179 0.3079809 -0.1888825 -0.0117141 0.5164532 0.4242670 0.3756616 0.4460600 0.2275645 -0.2546623 0.3791189 0.4389798 0.6591156 0.4201763 0.3818895 0.4141932 -0.2293098 -0.0692819 0.4593722 0.3079684 0.3015888 0.3627905 0.2731873 0.2107588 0.0325666 0.2073951 0.4194965 0.3355695 0.3701577
0.1386115 -0.2483693 -0.0948665 -0.1088464 -0.0976733 -0.0794459 0.2841960 -0.3340213 0.6510904 0.4387239 -0.1514808 0.6016552 -0.4510002 0.7182461 0.0000000 -0.4709423 0.2531343 0.8245031 -0.6231568 -0.4453291 0.1767498 -0.3382368 -0.4755950 0.8805032 -0.5558304 -0.5323796 0.4766276 0.7576258 0.4941459 0.6808917 -0.3843549 -0.4859180 0.7843426 0.6449968 -0.5261027 -0.1224293 -0.6377575 -0.5073686 0.2854350 0.6926151 -0.0321468 0.5828392 -0.4307982 0.8018297 0.6250770 -0.4111956 -0.5547859 -0.2545548 0.5792103 -0.4339457 -0.5669709 -0.4173570 0.4368660 0.1875806 -0.4172362 -0.4964804 -0.5837905 0.0849006 -0.2548665 -0.4937516 -0.1696450 -0.3774925 -0.4329113 0.0301043 -0.1191620 -0.5902201 -0.4804104 -0.3049704 -0.6143727 -0.2229748 -0.5288703 -0.1438351 -0.3555353 -0.3002612 -0.6125927 -0.1611042 -0.2064400 -0.5713734 -0.1564808 0.2105352 -0.4600330 0.2526374 0.1906676 0.3083709 0.3465275 0.1318311 -0.0018322 -0.0259188 -0.1897444 -0.0243749 0.0138832 0.0105117 0.0373941 -0.4469709 -0.0502132 0.0005900 -0.1224798 -0.0857816 -0.1524367 -0.0699225 -0.2363632 -0.0424152 0.1523002 -0.3361872 -0.0656510 -0.0514584 0.0482388 0.4306095 -0.2131481 0.3167072 -0.2507235 -0.2432809 -0.2220581 0.2886740 0.1340357 -0.0905512 -0.0300499 -0.2256734 -0.2419888 -0.2202568 -0.0864178 0.0514503 0.0280209 -0.2203989 -0.2234712 -0.1359243 -0.0836327 0.0656399 -0.3812387 -0.2832764 -0.1265753 0.2281375 0.0972148 -0.1843917 0.5360390 0.0198052 0.0671391 -0.0052749 0.2362276 0.2080295 0.5049573 0.2236590 0.0997288 0.2637130 0.1810122 -0.0472493 0.3097862 0.2683706 0.5773845 -0.0721153 -0.1389278 0.0778408 0.0954985 0.2425071 0.5228136 0.0219254 0.4470132 0.1024925 -0.0205473 0.0660720 0.2789771 0.2881744 -0.1354825 0.0024225 0.3409672 0.0886874 0.2194394 0.4201418 0.0890014 0.3856786 0.2045638 0.4483605 0.3499033 0.6151761 0.1086036 -0.2448657 0.2636446 0.0612305 -0.0236225 0.2688993 0.1092219 -0.3862581 -0.2483890 -0.4287937 -0.2975005 -0.0029646 -0.4116725 -0.1422199 -0.2654218 -0.1428551 -0.0629438 0.0130066 -0.1741280 0.1445889 0.0326678 -0.0389105 0.1131921 -0.0166202 0.1684031 0.0046274 -0.0131656 0.1075509 -0.0914636 -0.0876565 0.2329253 -0.0321795 0.1526983 0.2544233 -0.0527214 0.3200196 -0.0015659 0.1124049 0.3440985 0.2147698 0.2937989 0.1604910 -0.0425391 0.3016247
-0.2391575 0.3537532 0.3559472 0.7015509 0.0391088 0.6076747 -0.4471835 0.8055289 0.0296659 0.1279329 0.7967318 -0.3681139 0.7659051 -0.5315134 -0.4709423 0.0000000 0.3557210 -0.5663232 0.8358562 0.6637472 0.0646854 0.8254725 0.8755696 -0.2431375 0.8393875 0.8115084 -0.0146573 -0.5730002 0.2291761 -0.4574865 0.7367583 0.4162309 -0.0529976 0.1187275 0.8507158 0.4538906 0.6352736 0.6468474 0.4892232 0.1060372 -0.1914934 0.0445856 0.8911195 -0.2372585 -0.0867897 0.4713218 0.7213491 0.4738549 0.2599689 0.4963181 0.7992387 0.7821117 0.1723189 0.5919774 0.6693962 0.6676341 0.7133454 0.5937281 0.2160865 0.7596051 0.2485981 0.7656018 0.8088330 0.6045841 0.0381675 0.5800479 0.7935846 0.7915853 0.5382970 0.7579627 0.4657480 0.5396657 0.8405388 0.4410415 0.5761471 0.7721971 0.5994366 0.4660138 0.6014259 0.3812661 0.3973085 -0.5112953 -0.6147168 -0.6526756 -0.2687266 -0.3693174 -0.3499332 -0.2915956 0.1115876 -0.1050828 -0.0403839 -0.2513751 0.0288753 0.1048782 0.0020842 -0.1053654 -0.2129992 0.0500240 -0.0391378 0.2490433 -0.1691967 -0.0112631 -0.2587053 0.1597862 -0.1467356 -0.0199732 -0.1024205 -0.3410550 -0.0698477 -0.4371145 0.1067701 0.2317717 0.2892886 -0.0618766 0.0994234 0.0619103 -0.1069036 0.0041332 -0.0541954 -0.0224848 -0.1755394 -0.2482059 -0.3116438 0.2517715 0.4207026 -0.2384682 -0.0533997 -0.1319163 0.0483702 0.4479386 0.3120388 0.0058531 -0.0973182 0.1194236 -0.3045039 -0.2325033 0.0859094 -0.0638694 0.0002829 -0.2603989 -0.3568751 -0.0712697 0.0148041 -0.4261516 0.0646577 -0.1488574 -0.1525908 0.0930973 -0.3978748 0.2714301 -0.0667293 -0.1391316 -0.1097402 -0.3111858 -0.5053041 -0.1636092 -0.4331944 0.0268905 -0.0425953 -0.0938498 -0.1794300 -0.0989745 0.1111162 0.0442649 -0.2179879 -0.1098447 -0.3398344 -0.3807633 -0.4312480 -0.4170190 -0.2095679 -0.4437894 -0.3498796 -0.5408926 -0.3047958 -0.3754314 -0.6734696 -0.2159676 0.0162736 0.0282589 -0.1991963 0.2536648 0.3214348 0.2368653 0.3097825 -0.1895209 0.4712475 0.0387878 0.2297795 0.2172153 -0.0516862 0.1022450 -0.1942706 -0.2519930 -0.2605087 -0.2899403 -0.3012272 -0.1118201 0.2084792 -0.4679327 -0.4071756 -0.1485344 -0.1835682 -0.2934000 -0.5069702 -0.0144430 -0.0779391 -0.2501907 -0.2992416 -0.1756520 -0.3684657 -0.4465796 -0.6908020 -0.3222025 0.0274419 -0.1046262 -0.1483398 -0.3818754
-0.5138353 -0.3048128 -0.0986134 0.2868581 -0.0262190 0.1525444 -0.2992472 0.2805207 0.3303269 0.6853492 0.4567849 -0.0026676 0.0074159 0.3637531 0.2531343 0.3557210 0.0000000 0.2291512 0.1416755 0.2469707 0.2835730 0.2695948 0.3189413 0.4453310 0.2269139 0.2360360 0.6748087 0.2631684 0.4659058 0.3686317 0.4028463 0.1670186 0.2890516 0.3610591 0.1746487 0.5818410 0.1239249 0.1937508 0.7969177 0.6617948 -0.0892917 0.4795204 0.4014612 0.4429693 0.2153974 -0.0537872 -0.0179845 0.1039938 0.4655192 0.0987013 0.0630235 0.1957446 0.2117598 0.6716374 0.1403870 0.0342903 0.0442022 0.3999916 -0.0589508 0.1024088 -0.0761516 0.2115089 0.1700413 0.2803564 -0.3352909 -0.0349971 0.1439834 0.2964005 -0.0643776 0.2996913 -0.0483410 0.2356766 0.2543164 -0.0096838 0.1733630 0.3036709 0.2010234 0.0554879 0.1967300 0.3573199 -0.0613569 -0.4002898 -0.4693842 -0.4103680 0.0550871 -0.0562425 0.0913113 -0.2571223 -0.0114081 -0.2546498 0.4009664 0.1003276 0.4033291 -0.5248834 0.3909627 0.4350716 -0.1003438 0.2549360 0.3412222 0.1801894 0.1117311 0.2150490 -0.0308647 0.2455807 -0.1396566 0.2802141 0.3224836 0.4045142 0.1088744 0.3951482 0.1482176 0.4109886 0.3549006 0.6192521 0.5636993 0.4873499 0.3785238 0.2924241 0.1724143 0.1632862 0.1565727 0.3017842 0.3373441 -0.0513797 -0.1199863 0.3220000 0.1134558 0.2337407 0.1495509 -0.0507295 -0.0741425 -0.0065637 0.0161734 -0.1616490 -0.0355556 0.0457521 -0.1386530 -0.0278629 0.0410033 0.1625805 0.1152526 0.1365592 0.0890416 0.0737868 0.2276020 0.0333340 0.2016060 0.2479255 0.2179055 0.1148691 0.0050736 0.1400852 0.1918944 0.0190023 0.1087511 0.0589790 -0.0465155 0.2238467 0.1002928 0.1379896 -0.0164133 0.2161357 0.1823426 0.1599055 0.1569876 0.1438138 -0.0295769 0.0166164 -0.2519307 0.0027477 0.1241003 -0.1354012 -0.2163836 -0.0351826 -0.3152803 -0.3614348 -0.2766570 -0.4380805 0.0702682 0.2288917 -0.2048034 0.0360589 0.0976056 -0.1477318 -0.0366444 -0.2890322 -0.0253153 0.0669348 0.2127912 0.2311574 0.2037337 0.1328091 0.0537215 0.3101891 0.3613541 0.3034611 0.2333543 0.3224912 0.2461436 0.1717054 0.1803113 0.1970311 0.1737749 0.1453549 -0.1104419 0.0265833 0.0775152 0.3733220 0.0423524 0.3064028 -0.1747623 -0.0819292 -0.2092815 -0.0023988 0.3872618 0.4225290 0.1152258 0.1071289
