0.0000000 0.6967798 0.4346778 0.4944781 0.1626820 0.5612036 0.4129098 0.4045081 0.4319198 0.2065800 0.3600626 0.3233295 0.3242444 0.0208752 0.2409601 0.2420020 -0.0770746 0.1967119 0.2098770 0.1478853 0.4700070 0.1356069 0.0640899 0.0869690 0.1683191 0.0058503 0.0392320 -0.0169080 0.3023278 -0.0756357 0.1934880 0.1150898 -0.0200045 0.2403313 -0.0445957 0.2190848 0.0060760 -0.0615589 0.0067678 -0.1291670 0.1302665 0.1904616 0.0132496 0.0383254 0.2354315 -0.0417845 -0.0240553 0.0935580 0.2098978 -0.1621940 -0.0434363 -0.1033687 0.3530666 0.1018827 0.0664447 -0.0380062 0.0357623 0.2072294 0.1296975 0.0057954 0.1753710 -0.0269081 0.0707104 0.3331908 0.3155466 0.0567136 0.0544403 0.0491269 -0.1434143 0.1368005 0.0447745 0.2537830 0.1393168 0.2498920 0.0225562 0.2098594 0.2781118 0.0890338 0.1373031 0.1874938 0.0980167 -0.0606505 0.1060000 0.3754752 0.6167649 -0.0938887 -0.2583920 0.3004385 -0.0393610 0.3610873 0.2719730 0.3660821 0.4334428 0.2399784 0.0711759 0.4101830 0.1962241 0.3819177 0.0885344 0.3189412 0.4905486 0.5197874 0.1460727 0.1785404 0.1234971 0.4195922 0.2576972 0.1758538 0.1509937 0.2169120 0.2728528 0.5061636 0.4020332 0.2423924 0.3101648 0.4459417 0.2760149 0.2653806 0.3097904 0.5854159 0.4591809 0.1946449 0.4656857 0.4651587 0.4354471 0.6086153 0.2126551 0.5451055 0.5513540 0.3915128 0.2624695 0.2305527 0.2966870 0.4394565 -0.2036083 -0.2372223 0.1228205 0.4083023 -0.0774885 0.4167377 -0.3902593 0.6034242 0.0206737 0.3234899 0.1006507 -0.3407542 0.0027113 -0.1273207 -0.4451043 0.3883434 0.4390996 0.3402294 0.3035350 -0.4609083 -0.0489259 0.0843677 0.2360343 0.1157781 -0.1910185 0.2359133 -0.1274331 0.5515551 -0.2055554 0.1756995 0.2929745 -0.2456693 -0.4574500 -0.3630279 0.0752598 0.4096369 0.1491895 0.0900012 0.5873459 0.7801610 0.4934122 0.4131710 0.2738502 0.0022828 0.3385109 0.1298825 -0.1442407 -0.1203885 0.3684786 0.0902212 0.1008909 0.1081180 -0.0550260 -0.1630573 0.2360628 0.1933748 0.5539211 0.1706471 -0.0262153 0.4149454 0.5006162 0.3565860 0.4116867 0.1688139 0.0373041 0.4870696 0.6394959 0.3337932 0.2068736 0.5075233 0.1642293 0.1684325 0.5126813 0.6440535 0.3814104 -0.0375184 0.4672649 0.1495546 0.1461921 0.2033297 0.4246848 0.4133699 0.2045024 0.2803497
0.6967798 0.0000000 0.6007117 0.8023279 0.5120276 0.9191043 0.5874121 0.6949253 0.6777346 0.3717260 0.5550587 0.5029822 0.4655923 0.2991644 0.3458936 0.3166760 -0.0694310 0.4808912 0.4364675 -0.1934439 0.7077294 0.4005371 0.1661395 0.2825885 0.3643004 0.1095545 -0.0050611 0.1490087 0.6475805 0.1527170 0.4640930 0.1628634 0.2124463 0.6503820 0.0606203 0.5776865 0.0381347 0.1319514 0.0313319 -0.1190179 0.3863793 0.5359678 0.0607603 0.1814918 0.5107798 0.0813150 0.0267725 0.0841366 0.5696818 0.0718342 0.0166429 -0.1240654 0.7830826 0.1424542 0.1274663 0.0661925 0.0353960 0.2220701 0.2607186 0.0278332 0.4968378 -0.2113899 0.2926304 0.7781737 0.6432258 0.0094723 0.0516653 -0.1253874 -0.0689106 0.2893885 0.0692352 0.7307348 -0.0340399 0.7127834 0.1083841 0.3950280 0.6930578 0.2333088 0.3431736 0.5410861 0.3186831 0.0040519 0.1000288 0.5728017 0.6314120 -0.3549718 -0.6711374 -0.2192177 -0.0975495 0.3873337 0.5203361 0.3041191 0.2109873 -0.0170472 0.0126925 0.2531975 0.1681143 0.1388703 -0.0468237 0.3180508 0.1063617 0.2911776 0.1214859 0.0607103 -0.0972203 0.1417451 0.1269677 0.2358194 0.0749154 0.1106334 0.1318605 0.4470210 0.1219853 0.0094751 0.0978243 0.2054651 -0.0085899 0.1746601 0.1788558 0.5153483 0.3269464 0.0483548 0.2990040 0.4676443 0.2870978 0.6215541 0.1303216 0.3202250 0.5978452 0.3975355 0.1371523 0.0983519 0.2284927 0.6143831 -0.3145395 -0.2247043 -0.0148970 0.3515916 -0.1633371 0.5924770 -0.1888493 0.4682032 -0.1767226 0.2284783 -0.2202491 -0.3764277 -0.2622408 -0.3612130 -0.2470553 0.0943485 0.3222220 -0.1465069 -0.0006610 -0.3764587 -0.1489292 -0.3066932 -0.0084499 -0.2434046 -0.4188036 0.4734428 -0.2685839 0.4199074 -0.4871609 0.1520964 -0.0639987 -0.6930500 -0.4969064 -0.3631529 -0.1657309 0.0893464 -0.0273464 -0.0132977 0.5449092 0.8146862 0.8744556 0.7973732 0.6149713 0.4017677 0.5695921 0.1874860 -0.1141812 -0.0552619 0.5404884 -0.1799737 0.3178057 0.4653902 0.1499271 0.1862438 0.7569614 0.6996871 0.5517714 0.5829417 0.5324903 0.5170021 0.5727346 0.6346654 0.5220141 0.6604749 0.3746547 0.6024779 0.7076190 0.2252853 -0.0523833 0.3943458 0.1614809 0.2672562 0.6113163 0.6841548 0.3583905 0.3967472 0.1387651 0.6208065 0.5052706 0.6000158 0.8403407 0.2559903 -0.0967881 -0.1316433
0.4346778 0.6007117 0.0000000 0.4583302 0.7871572 0.5982700 0.0105149 0.6398196 0.2537437 0.6686319 0.6919146 0.1319967 0.7441016 0.0693164 0.0373732 0.6282143 0.5055721 -0.1677654 0.5301638 0.2453879 0.2439990 0.4575434 0.6703915 -0.2799785 0.5117837 0.5197674 0.4184637 -0.3377214 0.0764838 -0.2184247 0.5526424 0.5970730 -0.3180573 0.0692998 0.4898745 0.0718176 0.4675191 0.5277045 0.1103205 0.0229569 0.5234565 0.2467994 0.4874514 -0.1355771 0.4034469 0.4892509 0.4096640 0.5394529 0.1822795 0.3939728 0.4017293 0.3416092 0.3983934 0.3052933 0.4974171 0.4903047 0.4938517 0.4836081 0.3359295 0.4110514 0.5339761 0.3334966 0.5413295 0.5943707 0.3989227 0.4699989 0.3606122 0.2865006 0.4377519 0.5835084 0.4005839 0.4114672 0.2963878 0.5940713 0.4276143 0.5795639 0.3625326 0.4147592 0.5336629 0.5183843 0.4329545 -0.0854338 0.2423825 0.2671605 0.1622231 -0.3159807 -0.5466086 -0.3090910 -0.0828706 -0.0061704 0.2406837 -0.1817077 0.0152475 -0.3003268 -0.2668661 -0.1537390 -0.0003948 -0.1442781 -0.1577044 -0.1101330 -0.1066953 -0.0579175 -0.0863874 -0.3927756 -0.0336265 0.0130519 0.0868976 0.0596103 0.1270399 -0.4398440 -0.0598399 0.2345195 -0.0693043 -0.2367148 -0.2734419 -0.2570586 -0.4464573 -0.2475224 -0.3260296 0.1322628 -0.1872337 -0.3953238 0.0645574 -0.0372946 -0.0921916 0.2996495 -0.2972998 0.1021942 0.2122442 -0.0598585 -0.1744306 -0.1195602 -0.0763978 0.1155646 -0.4351398 -0.2414699 -0.2821475 -0.1317307 -0.3910440 0.0981755 -0.1045766 0.0588618 -0.2769534 -0.1284373 -0.3260331 -0.1761865 -0.4441525 -0.5307371 -0.2203458 -0.0705213 0.0149904 -0.2800832 -0.3132810 -0.1423947 -0.4630703 -0.3053893 0.0201522 -0.4058560 -0.3216224 0.2705249 -0.3301523 0.0454401 -0.4396601 0.0498056 -0.3240269 -0.5833931 -0.2398079 -0.1297495 -0.0787911 0.0838709 -0.0397331 0.1541809 -0.0205566 0.4864972 0.2810341 0.3816958 0.0952103 0.2102410 0.0500527 -0.2387878 -0.3268166 -0.2343839 0.3251239 -0.2154818 0.4761086 0.5431867 0.3902766 0.5799653 0.5488781 0.3127827 0.2398475 0.4578668 0.4472494 0.0446377 0.3172453 0.1957289 0.1097270 0.3976880 0.4687251 0.1421766 0.3004175 0.0381385 -0.0643347 -0.0252944 0.1793407 0.1626840 0.0429338 0.4503296 0.1566423 0.1502340 -0.0455619 0.1945340 0.2389343 0.0980682 0.3096822 0.2699235 -0.1453708 -0.0285152
0.4944781 0.8023279 0.4583302 0.0000000 0.3333446 0.8231239 0.3552987 0.8590773 0.4029846 0.4584667 0.6585580 0.2864594 0.5197731 0.3512694 0.0866005 0.4303337 -0.0231868 0.5247748 0.7039922 -0.1935915 0.5822595 0.6674737 0.2454208 0.1573654 0.6285180 0.2890379 0.1257771 0.0889784 0.4896933 0.0717447 0.5927913 0.3365698 0.0760019 0.5196599 0.2186920 0.5495675 0.2598958 0.3008453 -0.0714745 -0.2521742 0.4924380 0.5031743 0.1032966 0.0552390 0.4677514 0.2545274 0.1925874 0.1477380 0.4256803 0.2523266 0.1512262 -0.2155790 0.7610203 0.0257895 0.2593487 0.2356981 0.1878395 0.2496110 0.2959799 0.1453748 0.5507738 -0.2667602 0.3474244 0.8427983 0.7007526 0.1650909 0.1293961 -0.0793997 0.0559687 0.3670057 0.1770850 0.7759068 -0.0214994 0.7175885 0.2390269 0.4622796 0.7093605 0.3006687 0.3951143 0.5091536 0.3817476 -0.0500360 -0.0957028 0.3429995 0.4864141 -0.6423914 -0.3133083 -0.3370884 -0.1746754 0.5428760 0.7032082 0.2390908 -0.0878538 -0.1847614 0.3839492 0.2663656 0.1097576 -0.1935006 0.2096148 0.3901060 0.1526599 0.0479547 -0.1503787 0.0797255 -0.3055342 0.1035232 -0.2410111 0.0207211 -0.2832832 0.1002912 0.1158217 0.2746019 0.1443302 -0.0045188 0.2193664 0.2524934 0.0427208 0.1601500 0.2476438 0.3329992 0.3194969 0.1228673 0.2186056 0.4508239 0.0360455 0.5340854 0.2193234 0.1845690 0.4031467 0.4618400 -0.1560938 0.2384699 0.0989217 0.7686451 -0.2448058 -0.1410926 -0.3412015 0.1524883 -0.4660746 0.5699801 -0.0547340 0.4263719 -0.0513308 0.1127052 -0.4994672 -0.3702275 -0.5783543 -0.6260017 -0.0529681 0.1265190 0.2898284 -0.2290569 -0.2568988 -0.2900777 -0.1488156 -0.4298582 -0.0684390 -0.5055638 -0.3672541 0.4777712 -0.3194066 0.3703607 -0.5752547 0.1276487 -0.2578191 -0.8225681 -0.5580615 -0.2453209 -0.1379580 0.0096476 -0.2058911 -0.1555977 0.3005335 0.5489290 0.6311883 0.5752423 0.5635175 0.4043265 0.5584302 0.3257203 0.1138000 0.2099774 0.6338523 -0.0004241 0.4054091 0.5388305 0.2228963 0.2847003 0.7494695 0.6568204 0.4598674 0.5009498 0.4748494 0.5722692 0.5676828 0.6546309 0.6543002 0.6418880 0.4034648 0.6255176 0.5471866 0.2861636 -0.2163850 0.5084689 0.0444132 0.5068812 0.6104538 0.6627170 0.4755322 0.3413672 0.1105588 0.5963326 0.4283294 0.6044657 0.8773158 0.4794908 -0.2125315 -0.1358087
0.1626820 0.5120276 0.7871572 0.3333446 0.0000000 0.4521856 -0.0706852 0.4886043 0.2795777 0.5469559 0.4712139 -0.0946693 0.6109738 0.2496793 -0.1165560 0.3405982 0.2397957 -0.1890634 0.3398338 0.1277495 0.0298119 0.3728043 0.4424323 -0.1866237 0.3051994 0.2404170 0.2692681 -0.2440530 0.0481634 0.0518284 0.4907153 0.3012530 -0.2172038 0.0726291 0.2254626 0.0722105 0.1659094 0.3420960 0.1154921 0.0234330 0.4483845 0.1713162 0.2552336 -0.1101277 0.0977661 0.2642439 0.1041228 0.3448093 0.1198104 0.2953743 0.1019352 0.1795899 0.2222148 0.1134369 0.2417908 0.2402663 0.1843285 0.1227766 0.2833263 0.1213080 0.3170572 0.0362742 0.3354373 0.3969032 0.1694414 0.1609828 0.0899952 -0.0843345 0.1648812 0.2502515 0.1145184 0.2988924 -0.0804967 0.4229364 0.1307777 0.2028794 0.1514759 0.1637047 0.2029574 0.2808750 0.2394323 0.0512174 0.1069038 0.0594880 0.0406513 -0.4743327 -0.6424278 -0.3014220 -0.3295866 -0.1882424 0.2200522 -0.3267039 -0.1727865 -0.0383374 -0.4749639 -0.2396158 -0.0476795 -0.2570937 -0.4210812 -0.1126757 -0.5034696 -0.2751172 -0.2338252 -0.0955583 -0.1500100 -0.1708110 -0.1247205 -0.0974628 0.0252990 -0.3943876 -0.2468831 -0.0038426 -0.4145515 -0.4200416 -0.3237692 -0.4194359 -0.4872167 -0.2255806 -0.3304135 0.0207935 -0.2171096 -0.3609964 -0.0078104 0.0072679 -0.1953509 0.0356759 -0.4102115 -0.1060903 0.0420524 -0.2204565 -0.3063768 -0.1605065 -0.2708174 0.1266078 -0.3209285 -0.1680362 -0.2835204 -0.2444483 -0.3161175 -0.0326307 0.0570527 -0.1463145 -0.1794854 -0.1338376 -0.4600364 -0.0898157 -0.4322195 -0.4176819 -0.0170546 -0.2847479 -0.2850239 -0.4703746 -0.4639656 -0.0158764 -0.3652564 -0.2937440 -0.0777830 -0.4371706 -0.1657461 -0.0063168 -0.2797202 -0.1484388 -0.3316275 -0.1277852 -0.4073819 -0.5066423 -0.0996810 -0.0417305 -0.1848323 -0.1244336 -0.0269206 0.1520355 -0.0272297 0.3093229 0.2536352 0.2377004 0.0785375 0.3885317 -0.0040795 -0.2364133 -0.1321490 0.0298615 0.2954951 -0.0534275 0.4137593 0.4551829 0.5897266 0.6870186 0.4598848 0.3056690 0.0934670 0.2355251 0.4842813 -0.0228314 0.1311584 0.1458189 -0.0310213 0.3307868 0.3664391 -0.0152511 0.2841323 -0.1302006 -0.4295822 -0.2227331 0.2745546 0.0973684 -0.0332286 0.1806242 -0.0769554 0.1869869 -0.3312715 0.3007704 0.5407412 0.1723834 0.2464572 0.1248269 -0.2803204 -0.2599523
0.5612036 0.9191043 0.5982700 0.8231239 0.4521856 0.0000000 0.5860355 0.7641390 0.6516534 0.4413766 0.6578704 0.5048591 0.6045679 0.2188596 0.3137271 0.4076430 -0.0226147 0.4826652 0.4912870 -0.1777401 0.7140819 0.4601392 0.2149057 0.1743659 0.4186130 0.1941791 0.0020826 0.0329828 0.6357076 0.1067496 0.5330257 0.2876421 0.1022181 0.6247493 0.1375537 0.6383103 0.1210193 0.2583997 -0.0896650 -0.2000079 0.4649797 0.6652815 0.0356884 0.0160568 0.6812098 0.1878421 0.1611768 0.2304863 0.4653805 0.2692984 0.1301475 -0.1531319 0.8363399 0.0285119 0.2863383 0.2001468 0.1640294 0.2142687 0.4338803 0.1223958 0.6896304 -0.2470275 0.4063988 0.8078655 0.6851877 0.1857329 0.1572713 -0.0624070 0.0803676 0.3835540 0.2645860 0.7956873 0.0602392 0.7956223 0.3247406 0.5443148 0.7559170 0.3943889 0.4959987 0.7073807 0.3724829 0.0332523 0.1310668 0.6049226 0.6189273 -0.2884456 -0.6025947 -0.2895742 0.0204211 0.4110844 0.5972054 0.2421741 0.1195096 -0.0908584 0.0113934 0.1253815 0.1841924 0.0013052 -0.1252079 0.4296787 0.1386572 0.2381725 0.1840033 0.0756502 -0.0404442 0.0779125 0.1657159 0.2820130 0.1465422 0.0589445 0.1595851 0.5804047 0.2124415 -0.1627039 0.0133255 0.1319311 -0.1355041 0.1060516 0.1072604 0.3678443 0.2121080 -0.0222381 0.1437010 0.3330686 0.1853588 0.6258532 0.1151132 0.1159624 0.5627910 0.4400097 0.1438750 -0.1285563 0.3116825 0.4921791 -0.5339645 -0.4163930 -0.0232816 0.2713333 -0.1816829 0.5297052 -0.2652071 0.3652615 -0.2421934 0.1035216 -0.2799743 -0.4475616 -0.3135625 -0.4453274 -0.2873355 0.0789180 0.2996868 -0.2742538 -0.0336245 -0.3887317 -0.1589884 -0.3351102 0.0036010 -0.4035037 -0.4517819 0.5114000 -0.3592834 0.3640715 -0.4196431 0.1714082 -0.1921700 -0.7737292 -0.4768815 -0.3360797 -0.1489183 0.0477177 -0.1871234 -0.0522539 0.3785415 0.7074102 0.8259185 0.7516084 0.6224909 0.4251436 0.6002617 0.2923367 -0.0699399 0.0611321 0.6277063 -0.0850048 0.5003317 0.5849935 0.2519970 0.3224878 0.8258166 0.7031743 0.4151138 0.6129420 0.4637690 0.4853069 0.5730027 0.6443294 0.4780441 0.6539224 0.4850489 0.5487117 0.6221220 0.1441817 -0.1552977 0.3013696 0.0915768 0.2335457 0.4724891 0.5855231 0.2861546 0.3824531 -0.0696105 0.5280707 0.5436851 0.5334171 0.8125629 0.3665021 -0.1592451 -0.3009486
0.4129098 0.5874121 0.0105149 0.3552987 -0.0706852 0.5860355 0.0000000 0.0876321 0.7799402 -0.3325354 -0.1196732 0.8550504 -0.1587180 -0.0058953 0.7201411 -0.2998773 -0.6172788 0.7017737 -0.2553624 -0.5267931 0.8339527 -0.3158102 -0.5040724 0.6476390 -0.2899072 -0.4924009 -0.5555744 0.3578066 0.8118166 0.1589903 -0.2500471 -0.4492949 0.5721651 0.8120211 -0.5332923 0.6233081 -0.5456966 -0.5000854 -0.2578582 -0.2506269 -0.1647020 0.4663006 -0.5131461 0.1692983 0.4136895 -0.5119610 -0.4449690 -0.3829757 0.5097229 -0.4414066 -0.4448964 -0.4890536 0.6987745 -0.2355824 -0.4303129 -0.4949904 -0.4937430 -0.3198422 -0.0216761 -0.4794031 0.2014024 -0.5909626 -0.2876397 0.3377230 0.6149764 -0.4025759 -0.4487182 -0.5283276 -0.4952982 -0.3145925 -0.3535612 0.5382132 -0.4441646 0.3742883 -0.2869796 -0.0861441 0.6204058 -0.2168841 -0.1098256 0.3721094 -0.1987517 0.0860011 0.1383931 0.5979792 0.5432841 0.2578102 -0.4849685 0.0613348 0.0441157 0.2287456 0.1829641 0.7301895 0.5253040 0.2858713 0.1575460 0.5742154 0.5213406 0.5659221 0.0900960 0.4185842 0.2797926 0.6737568 0.5479309 0.2519445 0.3682102 0.3801086 0.4155883 0.6623290 0.3277996 0.5310046 0.3855495 0.4934350 0.4811961 0.2481462 0.3179490 0.4872026 0.3340381 0.4899348 0.4539259 0.5285355 0.5208070 0.3588554 0.2897720 0.5218216 0.5682697 0.5491153 0.3973313 0.1707166 0.5331052 0.4637510 0.4795023 -0.0371446 0.4177695 0.1957792 -0.0086723 0.0183261 0.3777388 0.4184103 0.1687525 0.5640176 0.0409177 0.3195050 0.0556532 0.2791156 0.0930542 0.0894419 0.1390668 0.0313882 0.0169718 0.1352868 0.3985846 -0.0482275 0.4237833 0.0032038 0.4562698 0.0345722 0.1600645 0.1624202 -0.0838606 0.3542068 0.3021728 0.4513712 0.0346299 0.3719945 0.4459001 -0.0543244 0.1022871 -0.0634647 0.1048442 0.2343471 0.3258906 0.2156654 0.4725913 0.3622315 0.7679973 0.6813361 0.8076756 0.2246682 0.7345877 0.4009673 -0.1203439 0.0025511 0.2290103 -0.0318667 -0.0960695 0.3376359 -0.1208725 -0.1250844 0.4080048 0.6644234 0.4263561 0.4807607 0.2821932 0.5155604 0.4609202 0.5185240 0.4539094 0.4671658 -0.0491863 0.4844793 0.6231831 0.2007791 0.1845371 0.3632335 0.0457626 -0.2693658 0.4442438 0.2602173 0.2263582 0.4095933 0.1359300 0.3829559 0.2884535 0.5014266 0.6269764 -0.1389274 0.1896095 -0.1253515
0.4045081 0.6949253 0.6398196 0.8590773 0.4886043 0.7641390 0.0876321 0.0000000 0.3195401 0.7500139 0.9052505 0.1460978 0.7913893 0.3743493 0.0271390 0.7791520 0.3319214 0.2425096 0.8035606 -0.1517764 0.4414012 0.7934296 0.5827679 -0.1998303 0.7078684 0.6156850 0.3812266 -0.2678368 0.2455650 -0.1796714 0.6673915 0.6247600 -0.2917965 0.2270835 0.5103352 0.5202554 0.5623130 0.5522736 0.0149908 -0.2010146 0.5865381 0.5527333 0.3636761 -0.2110253 0.6066244 0.5769208 0.4925992 0.4121371 0.1411525 0.5988472 0.4239526 0.0625583 0.6194186 0.0697028 0.5844176 0.5716969 0.5438336 0.3754848 0.5539728 0.4102259 0.7473123 0.0093993 0.6459801 0.7568656 0.5068667 0.5372628 0.4001727 0.1381352 0.4148228 0.6278092 0.5072801 0.5973332 0.2351880 0.6421460 0.5731493 0.6926840 0.5494838 0.6160708 0.6346438 0.6327583 0.6431343 -0.1046867 0.1346535 0.3306252 0.3131912 -0.5492450 -0.2553724 -0.3449556 0.0215433 0.4690493 0.7368425 -0.0374270 -0.1541180 -0.2683171 0.2045328 0.0725052 -0.0551708 -0.2931329 0.0840150 0.3884796 0.0640162 -0.1247277 -0.2265447 0.0504397 -0.2202509 0.1242469 -0.1614310 -0.1728845 -0.0990220 -0.1773175 0.1805184 0.2659804 -0.0789772 -0.3173100 -0.0690451 -0.0252915 -0.2197922 -0.0150262 0.0071832 0.2563375 0.0860004 -0.0939447 0.0339893 0.1469169 -0.0646294 0.4208223 -0.0202939 0.0201671 0.3204293 0.2457298 -0.2257987 0.0153371 -0.0571611 0.5883407 -0.3718792 -0.2544818 -0.4246627 -0.0093517 -0.5132033 0.3448333 -0.0508433 0.2856459 -0.0367183 -0.0615556 -0.5468715 -0.3491511 -0.6668670 -0.7610093 -0.0332276 0.0456513 0.1519573 -0.3658461 -0.4036445 -0.2186106 -0.4711123 -0.3768148 -0.0085340 -0.7197171 -0.2437520 0.4797302 -0.6014168 0.2337683 -0.5557302 0.0716850 -0.4432734 -0.8720219 -0.4860801 -0.1469958 -0.0759786 0.0562826 -0.2726380 -0.0038965 0.1294108 0.5318950 0.4012584 0.3245042 0.3681100 0.3431329 0.4878421 0.2192571 -0.0146225 0.1630688 0.7032333 0.0308138 0.6152670 0.5349788 0.4196042 0.4527523 0.6186968 0.4174143 0.4075523 0.4023482 0.3093044 0.3766700 0.4886153 0.4215324 0.4531150 0.4163729 0.6463918 0.4254095 0.3467323 0.2206742 -0.2731757 0.3246082 -0.0597406 0.6011965 0.3359836 0.4273920 0.2247634 0.2229633 -0.0810091 0.3740200 0.3372702 0.3590972 0.6152795 0.6073496 -0.3811793 -0.2512494
0.4319198 0.6777346 0.2537437 0.4029846 0.2795777 0.6516534 0.7799402 0.3195401 0.0000000 0.0612092 0.1271284 0.6810441 0.1023637 0.2462408 0.7628453 -0.1262238 -0.4133526 0.6181485 -0.2215891 -0.5151413 0.7078146 -0.2076159 -0.3144936 0.5118520 -0.3039542 -0.3466747 -0.4175995 0.1822752 0.7514095 0.1719376 -0.1598435 -0.2944392 0.4175960 0.7360022 -0.4365132 0.6319788 -0.4123374 -0.4009764 -0.1142570 -0.2180069 -0.0851148 0.4843842 -0.4352761 0.0540555 0.4603240 -0.3280994 -0.3744833 -0.2198990 0.4693971 -0.1935500 -0.4162719 -0.4166171 0.7076521 -0.2781983 -0.2085557 -0.3186936 -0.3382784 -0.2909935 0.1920053 -0.4488626 0.3578905 -0.5801965 -0.0538645 0.4051388 0.5264828 -0.2355678 -0.3939387 -0.5987244 -0.2946399 -0.1822048 -0.2417617 0.4985150 -0.4349289 0.4482183 -0.1021096 0.0274141 0.5369611 -0.0447447 -0.0272139 0.4976028 0.0232276 -0.0084832 0.1191260 0.5196495 0.4247606 0.1388515 -0.5790121 -0.1355172 0.0106909 0.2313483 0.4042739 0.6361708 0.3430421 0.2329756 -0.0530416 0.4183331 0.4983362 0.4053270 -0.1399001 0.5424785 0.1656668 0.4690380 0.5265832 0.4176996 0.4966551 0.2935148 0.5109500 0.4436563 0.4889381 0.2991922 0.3791674 0.6032951 0.1770159 -0.1598663 -0.0582364 0.1601089 -0.0075565 0.2628984 0.2025571 0.3972642 0.2735725 0.1002375 -0.0435136 0.2969057 0.3677582 0.4284896 -0.0018165 -0.0024871 0.4517386 0.1901831 0.3073894 -0.2156983 0.1458154 0.1175100 -0.2365627 -0.2041446 0.2919261 0.3025504 0.1342286 0.4193201 -0.0631640 0.1777286 -0.1471395 0.1136775 -0.0378090 0.0065711 0.0460693 -0.1045639 -0.0618966 -0.0514066 0.0915463 -0.3015986 0.2816827 -0.0300918 0.2631627 -0.0224508 0.0293710 -0.0644913 -0.1527478 0.2233433 0.0614319 0.3188772 -0.0584991 0.1601714 0.2774208 -0.2823868 0.0587634 -0.0414362 -0.0295671 0.1222510 0.2515612 0.2837278 0.4621401 0.5222724 0.7012467 0.6059741 0.7139298 0.5835490 0.7074883 0.4905921 0.1150226 0.2504039 0.3958372 0.1279853 0.1983254 0.4540122 0.2293646 0.2018850 0.4392751 0.5562488 0.3155407 0.4815341 0.2556771 0.3910622 0.3517996 0.4460335 0.3387276 0.4334430 0.2648310 0.3437331 0.7579156 0.0150385 0.0878791 0.1866928 -0.0800765 -0.0860601 0.3476462 0.1683855 0.0635767 0.4577391 -0.0789426 0.4675550 0.3046725 0.3097252 0.5944302 0.0163581 0.0490665 -0.4336030
0.2065800 0.3717260 0.6686319 0.4584667 0.5469559 0.4413766 -0.3325354 0.7500139 0.0612092 0.0000000 0.8375103 -0.2649768 0.8161004 0.4635562 -0.2470745 0.7447793 0.7355418 -0.1848598 0.6533402 0.2563858 -0.0406568 0.7471423 0.7725945 -0.4391119 0.6078237 0.6393625 0.7597872 -0.3595459 -0.1778757 -0.1165728 0.6652876 0.7378891 -0.4502523 -0.1773648 0.6177121 0.0142067 0.6283272 0.6603170 0.3356169 0.1709359 0.4962233 0.1372399 0.6354878 -0.1619719 0.3031227 0.6794191 0.5129319 0.5290775 0.0280948 0.7262683 0.4568111 0.4608936 0.1772683 0.3873814 0.6974927 0.6916795 0.6298722 0.6175996 0.4554934 0.4951848 0.4663054 0.4158641 0.6968952 0.4077221 0.0045533 0.5892842 0.4896183 0.4079672 0.5912430 0.6609763 0.5275378 0.1324935 0.4272829 0.2835388 0.6139533 0.5789571 0.0649090 0.5729143 0.4957073 0.4397734 0.4729037 -0.1668683 0.0060388 0.0605494 0.0790181 -0.4366472 -0.1207236 -0.2183025 0.3165333 0.0690395 0.4539525 -0.4592861 -0.2612335 -0.3212866 -0.1607953 -0.3496807 -0.4193206 -0.3865158 -0.2065684 0.0083343 -0.1632651 -0.4388771 -0.4583414 -0.1339830 -0.3359510 -0.1289833 -0.1944873 -0.5080130 -0.1431238 -0.3401187 -0.0876098 0.0793678 -0.3028826 -0.4186583 -0.2571242 -0.2747575 -0.3874567 -0.2639724 -0.2658030 0.0091820 -0.1881018 -0.2594742 -0.0873749 -0.2372190 -0.3291982 0.1423116 -0.2502776 0.0228897 0.0561458 -0.0667297 -0.3626527 -0.1124321 -0.2190059 0.2474416 -0.4675708 -0.4189972 -0.4157965 -0.1738401 -0.3937123 -0.0466704 -0.2977573 0.0422137 -0.2448947 -0.1208633 -0.3726760 -0.4790441 -0.4864054 -0.5674041 -0.3205177 -0.0690062 -0.1056692 -0.2260445 -0.4629544 -0.3731638 -0.6932736 -0.1209789 -0.0105507 -0.6291815 -0.2454778 0.1779626 -0.7177166 -0.0501850 -0.3891467 -0.1241549 -0.6068828 -0.6495367 -0.4724826 -0.3121023 -0.0904221 -0.0792476 -0.5280499 -0.1411227 -0.2654764 0.4518705 0.0208818 0.0348394 -0.1238939 0.2127777 -0.0675905 -0.1908559 -0.0622466 -0.0180641 0.3600312 -0.0913481 0.4567703 0.2439967 0.3379020 0.3871778 0.2631842 -0.0697273 0.1832980 0.1369881 0.0613571 0.0720929 0.2486418 0.0547923 0.1167972 0.0559303 0.5513497 0.1047339 -0.0071172 0.0066196 -0.2745991 -0.0743225 -0.0862757 0.3091430 0.0726460 0.1621763 -0.1546536 -0.1592348 -0.1508756 0.0365100 0.0106617 -0.1227438 0.1290945 0.4260920 -0.4817768 -0.3093063
0.3600626 0.5550587 0.6919146 0.6585580 0.4712139 0.6578704 -0.1196732 0.9052505 0.1271284 0.8375103 0.0000000 -0.0334261 0.8987400 0.1913458 -0.1028113 0.8830631 0.5845288 -0.0243138 0.7799252 0.1255413 0.2257372 0.7900842 0.7537207 -0.4532340 0.6983703 0.7534071 0.5098644 -0.4595936 0.0379584 -0.3296034 0.7200251 0.7471194 -0.4866651 0.0067950 0.6710796 0.3906902 0.6865923 0.6771054 -0.0084250 -0.1714544 0.5489986 0.5509868 0.5151154 -0.3240606 0.6519498 0.6986605 0.6610548 0.5131978 -0.0157250 0.6955567 0.5703657 0.2213641 0.4614236 0.1627868 0.7398410 0.7123150 0.7358898 0.5823267 0.6709685 0.5622679 0.7983292 0.2858017 0.7491504 0.6680951 0.3089859 0.7377420 0.5807094 0.4523362 0.6292948 0.8257080 0.6911661 0.4417728 0.5358374 0.5653524 0.7668719 0.8138554 0.3785278 0.7935123 0.7531507 0.6365025 0.7151389 -0.2796803 0.1547356 0.2825370 0.1637034 -0.4348865 -0.1623467 -0.2594509 0.1509938 0.3173184 0.5141299 -0.2576768 -0.2274112 -0.3993647 0.0610565 -0.1848293 -0.2548682 -0.3196562 0.0181491 0.2543476 0.0620184 -0.2078630 -0.2415968 -0.1263570 -0.2444584 0.0654462 -0.0767090 -0.1928488 0.0037698 -0.3560524 0.1704225 0.2564051 -0.1039080 -0.3925073 -0.2656765 -0.2075836 -0.3864243 -0.2362873 -0.2084711 0.1075670 -0.1489505 -0.2941152 -0.1070369 -0.1333875 -0.1028836 0.2604024 -0.1898262 0.0363021 0.2170817 0.0614214 -0.2032956 -0.0798562 -0.1018253 0.3944416 -0.4681623 -0.3740236 -0.4049397 -0.0584071 -0.4738764 0.0807222 -0.1868710 0.2069363 -0.1388041 -0.2505145 -0.3961307 -0.4724113 -0.5518333 -0.6647256 -0.2062782 0.0375110 0.0487695 -0.3102853 -0.3748260 -0.3418533 -0.7274760 -0.3765952 -0.0271115 -0.6120555 -0.3110283 0.3883839 -0.7340694 0.0790240 -0.5634229 -0.0599984 -0.5049222 -0.8239617 -0.5666868 -0.2545058 -0.1736237 0.0202115 -0.3418588 -0.1191579 0.0235323 0.4999354 0.2299483 0.1865521 0.0383035 0.1553198 0.2236548 0.0827557 -0.0632416 0.0321738 0.6742446 -0.0555589 0.6943058 0.3497705 0.3992454 0.4068088 0.4985421 0.1537380 0.2465808 0.2801293 0.1467584 0.0870268 0.2789641 0.1298157 0.1640558 0.2200797 0.7082106 0.1908574 0.0697010 0.1738512 -0.1561274 0.1125358 -0.1548432 0.5025913 0.1014041 0.3748259 0.0911773 0.0743368 -0.0650872 0.0847572 0.1633740 0.0568019 0.3517371 0.6287051 -0.2670020 -0.1800525
0.3233295 0.5029822 0.1319967 0.2864594 -0.0946693 0.5048591 0.8550504 0.1460978 0.6810441 -0.2649768 -0.0334261 0.0000000 -0.0702694 0.0531501 0.8005656 -0.0788703 -0.3561795 0.7301191 -0.1308653 -0.6377465 0.9310630 -0.2557291 -0.2662299 0.6480007 -0.1398803 -0.2094184 -0.4050915 0.3867545 0.8355076 0.0993941 -0.2369235 -0.1964699 0.5681752 0.7975963 -0.2336206 0.5797000 -0.2095664 -0.2909734 -0.0374742 -0.0285484 -0.0940447 0.4545677 -0.2248994 0.2673727 0.5908114 -0.2417336 -0.1427697 -0.2026518 0.5669600 -0.2604235 -0.1127620 -0.1850432 0.7223113 -0.0206813 -0.1735710 -0.2098168 -0.1927063 -0.1125175 -0.0257509 -0.1656392 0.3517787 -0.3094184 0.0022192 0.4247547 0.6648776 -0.1565238 -0.1791451 -0.2917051 -0.1952631 -0.0296428 -0.1271358 0.5356290 -0.2135123 0.4412291 -0.0585829 0.1814485 0.7198449 0.0174510 0.1711469 0.5094203 0.0766673 0.1074353 0.3036247 0.6147730 0.3606674 0.2922777 -0.4519555 -0.1387028 0.1017187 0.2627186 0.2442724 0.7187592 0.6576723 0.0406401 0.1562692 0.5814659 0.5223497 0.5912521 0.2187642 0.3181539 0.3369761 0.6712106 0.6002202 0.0175175 0.4856580 0.4019155 0.4835762 0.6103136 0.4296517 0.2620597 0.4323101 0.4207681 0.4237230 0.3033934 0.1876824 0.4007524 0.2224543 0.4052356 0.3075039 0.5567257 0.4060595 0.2495908 0.1912591 0.3984500 0.6036773 0.5859691 0.3570760 0.1684706 0.5826625 0.4333804 0.5152664 -0.0262691 0.3300282 0.1339671 0.0657406 0.1617929 0.3083634 0.4406615 0.1011965 0.6506024 0.1648515 0.3739463 0.0397328 0.2080432 0.1815379 0.2298184 0.1049359 -0.0172299 0.1070808 0.2125326 0.5492974 -0.0434931 0.4310967 0.1451073 0.3324650 -0.0284843 0.1839736 0.1371459 -0.0512349 0.5949570 0.2818388 0.4745206 -0.0302867 0.4889800 0.4154483 -0.0699506 0.1928110 0.0647156 0.2113759 0.3091847 0.3701472 0.3952516 0.3620563 0.2977896 0.6517882 0.6715164 0.8008272 0.1447188 0.7380887 0.2505414 -0.3084717 -0.1928410 0.1586984 -0.1533097 0.0102790 0.4098470 -0.1336651 -0.0579303 0.4273674 0.6496436 0.4968099 0.6070269 0.3474182 0.4789821 0.5107377 0.4596933 0.4193554 0.4883169 0.1226361 0.4718318 0.5309630 0.1416961 0.3979231 0.3560987 -0.0840612 -0.0858209 0.3788417 0.2212693 0.1998922 0.3801963 0.2077451 0.3852397 0.0639327 0.4456700 0.5589655 -0.2164869 0.0938895 -0.0147994
0.3242444 0.4655923 0.7441016 0.5197731 0.6109738 0.6045679 -0.1587180 0.7913893 0.1023637 0.8161004 0.8987400 -0.0702694 0.0000000 0.2174100 -0.2272954 0.7848980 0.5286844 -0.0950193 0.6634141 0.2131239 0.1541985 0.7089579 0.7090449 -0.4262297 0.6359587 0.6219301 0.5612227 -0.4315054 0.0083072 -0.1687938 0.6885768 0.7418201 -0.4914279 -0.0472365 0.5906841 0.2415199 0.6077993 0.6416047 0.0630834 -0.0483552 0.5189387 0.4371748 0.4879946 -0.3377984 0.5378135 0.6266980 0.5878815 0.5737988 -0.0786470 0.6714871 0.5191041 0.2835821 0.3200074 0.1541374 0.7147711 0.6639973 0.6795605 0.4672043 0.6555804 0.5249418 0.7143268 0.2671934 0.7138279 0.5112800 0.1834364 0.7042650 0.5324332 0.3865704 0.5741976 0.7018821 0.6442000 0.3282607 0.4628559 0.4465265 0.7172958 0.6799568 0.2497423 0.7048795 0.6434406 0.5589429 0.5480300 -0.1155821 0.1779381 0.1936044 0.1236545 -0.4458475 -0.2499278 -0.1312848 0.0736785 0.0920067 0.4734550 -0.3592479 -0.1393304 -0.1957455 -0.1833613 -0.2418675 -0.2125993 -0.3038144 -0.1828360 0.1721974 -0.0836483 -0.2289774 -0.2563450 -0.0712609 -0.1617559 0.0444153 -0.1061624 -0.2149666 0.0594155 -0.4042479 0.0679028 0.2190585 -0.0988646 -0.4181026 -0.2501440 -0.2515734 -0.4259009 -0.2306355 -0.2624832 0.0761070 -0.1686329 -0.3017855 -0.0634179 -0.0855899 -0.1019089 0.2176191 -0.2189489 -0.0723810 0.1692121 0.0369223 -0.2103749 -0.2135262 -0.1467257 0.2431092 -0.5459996 -0.4529644 -0.4026536 -0.1662432 -0.5228021 -0.0132190 -0.2252095 0.0917251 -0.1073383 -0.2800951 -0.3986093 -0.4250615 -0.5464080 -0.6400100 -0.2500725 0.0196379 0.0010537 -0.3365575 -0.3925370 -0.3076887 -0.6611337 -0.2501721 0.0763533 -0.6117567 -0.1962328 0.2533859 -0.6849688 0.0004326 -0.3831954 -0.0527713 -0.5438208 -0.6908613 -0.4275620 -0.2146242 -0.0545544 0.0441789 -0.3604420 0.0242369 -0.1058286 0.4146444 0.1369416 0.0857991 -0.0164473 0.0667657 0.0981409 -0.0998534 -0.1794348 0.0271491 0.6016012 0.0778430 0.6883595 0.3665011 0.4871792 0.4932379 0.4157172 0.0812607 0.1954830 0.1237781 0.0499111 0.0412759 0.2859046 0.0641489 0.0129433 0.0932798 0.5761513 0.0547408 0.0789328 0.0819088 -0.3015287 -0.0714341 -0.1094447 0.3139325 -0.0567464 0.2138059 -0.0713756 -0.1016253 -0.2118112 -0.0418860 0.2578719 -0.0439759 0.2016649 0.5956944 -0.3547758 -0.2121417
0.0208752 0.2991644 0.0693164 0.3512694 0.2496793 0.2188596 -0.0058953 0.3743493 0.2462408 0.4635562 0.1913458 0.0531501 0.2174100 0.0000000 -0.0001430 0.1280354 0.1495659 0.3970326 0.2645149 -0.3925207 0.2323497 0.4078344 0.1781410 0.3887445 0.2848234 0.0545981 0.4800398 0.4649002 0.2950271 0.5394236 0.2812871 0.2116963 0.3337002 0.2872620 0.1369072 0.1220007 0.1492042 0.1645585 0.7280489 0.5301323 0.2330230 -0.0402026 0.3449107 0.4840323 -0.0037276 0.2259818 0.0089658 0.0468855 0.4766388 0.3126052 0.0444910 0.3337332 0.1464784 0.4335311 0.1848334 0.2108264 0.0392549 0.2106527 0.0275675 0.0975038 -0.0514372 -0.0277190 0.3138990 0.1968811 -0.0914773 -0.0647560 0.0879615 -0.1585797 0.0321035 0.0643760 -0.0542473 0.0797455 -0.1497844 0.0121876 0.0080378 -0.0132956 0.0447057 0.0558955 -0.0314920 0.0565082 0.0850991 0.0661977 -0.2820392 -0.0209815 0.0771579 -0.4530340 -0.2428678 -0.1173184 0.1440636 -0.0557974 0.4666225 -0.0819614 0.1115546 0.0134825 -0.1663925 -0.0121605 -0.3302936 -0.0196768 -0.2291859 0.0268204 -0.3582786 -0.2749970 -0.4302113 0.1917387 -0.3759007 -0.2134308 -0.3314516 -0.5020089 -0.3196931 0.1485422 -0.2661419 -0.2652682 -0.3160688 -0.0114158 0.1301123 0.0850528 0.0718371 0.1688492 0.1110204 0.3651653 0.2726170 0.2154119 0.0718980 0.2005000 0.0297800 0.3110911 0.1397965 0.2139530 0.3242469 0.1986536 -0.0710421 0.2272761 -0.1886025 0.5097619 0.0654172 0.0698590 -0.0983466 0.1987417 -0.1090503 0.3727485 -0.0236163 0.2255781 -0.0979755 0.2758602 -0.0914028 -0.2440113 -0.1870595 -0.1928515 -0.0145644 -0.0755966 0.0978692 -0.0449203 -0.1978528 -0.1726614 -0.1899289 0.0292384 -0.1167351 -0.3287487 -0.1003433 0.1270044 -0.3708030 0.0924858 -0.2203507 -0.0984891 -0.3544634 -0.2934541 -0.2252941 -0.2709502 -0.0444102 -0.2630217 -0.4585768 -0.1236739 -0.0900482 0.3730950 0.2569656 0.1866159 0.3093496 0.3092934 0.1869088 -0.2541355 -0.0555500 -0.0003133 0.1159347 -0.0801858 -0.0614837 -0.0113294 -0.0506151 -0.0269426 0.1185081 0.1292082 0.4995176 -0.0203615 0.1216591 0.5195252 0.4809548 0.3180075 0.3696655 0.1247172 0.0643134 0.4028146 0.1736794 -0.0662712 -0.3340001 0.0908698 -0.0560047 0.1998739 0.4856767 -0.0427941 -0.2782174 -0.1735294 -0.0218506 0.4312687 0.0510836 0.2518255 0.2900295 -0.0695273 -0.7177023 -0.3819732
0.2409601 0.3458936 0.0373732 0.0866005 -0.1165560 0.3137271 0.7201411 0.0271390 0.7628453 -0.2470745 -0.1028113 0.8005656 -0.2272954 -0.0001430 0.0000000 -0.1505596 -0.3243922 0.5587692 -0.3678806 -0.6059189 0.6948188 -0.4527076 -0.2875061 0.5348845 -0.4467740 -0.2539516 -0.5018396 0.2249615 0.6958037 -0.1055852 -0.3673499 -0.3147892 0.4873447 0.6427040 -0.3124518 0.5484105 -0.3322781 -0.3975394 -0.0783307 -0.1107786 -0.1205629 0.4290831 -0.3395939 0.1503108 0.5082558 -0.2503403 -0.2036483 -0.1776294 0.4156074 -0.2347931 -0.2189202 -0.2399531 0.5471519 -0.2014759 -0.1862613 -0.2300008 -0.2167307 -0.1963449 0.0769585 -0.2716736 0.2449523 -0.3299392 -0.0387103 0.2239998 0.4151780 -0.1309916 -0.2260481 -0.3750004 -0.1038729 -0.1219550 -0.1229867 0.2757925 -0.2226883 0.2962490 -0.0492893 0.0983839 0.4190983 0.0341844 0.0829163 0.4411693 0.1430188 -0.1903302 0.0933888 0.3784963 0.0662708 0.5103744 -0.3384946 -0.0813378 0.1608954 0.1603561 0.0382784 0.6691538 0.5081517 0.0909838 0.0453243 0.4298402 0.3965158 0.6219359 0.0992570 0.4903758 0.4002302 0.5914682 0.6608205 0.2049819 0.6387148 0.3165860 0.7266853 0.5871642 0.5623645 0.2438011 0.4001800 0.4591581 0.3161759 0.0753565 -0.0871407 0.1962663 0.0523120 0.2136939 0.1264129 0.3979759 0.1894914 0.0663087 -0.1504283 0.0454980 0.4970643 0.3879802 0.0584649 0.1943207 0.4694076 0.1501383 0.5690076 -0.0162447 0.2786883 -0.0902647 0.0326718 0.1758720 0.5089265 0.4537652 0.3484245 0.3988490 0.1416082 0.2269338 -0.1666830 0.0142944 0.3149521 0.2116082 0.3234403 0.1453698 0.1042647 0.0296506 0.1979258 -0.1066289 0.5428830 0.1627112 0.3105468 -0.0833676 -0.0748200 0.2571807 -0.1563113 0.2943941 0.3055973 0.3052058 -0.1016542 0.1622129 0.5670904 0.0042615 0.2484715 0.0744477 -0.0907226 0.0928283 0.4946707 0.2656815 0.3498601 0.2803399 0.4936803 0.5172794 0.5686384 0.3717354 0.6381569 0.4103937 0.0247332 0.0226622 0.2024638 -0.0130423 0.0261284 0.1838788 -0.0887378 -0.0381332 0.1934574 0.3539459 0.2860220 0.4534965 0.1971785 0.2305973 0.2283940 0.2233773 0.2092020 0.3721592 0.2327702 0.2730761 0.4390664 -0.1293176 0.3720426 0.1592023 -0.0974672 -0.0892217 0.2174053 0.1176577 0.0044467 0.3645644 0.0426385 0.3368877 -0.0765318 0.1351682 0.3666886 -0.2672744 0.1494790 -0.1795100
0.2420020 0.3166760 0.6282143 0.4303337 0.3405982 0.4076430 -0.2998773 0.7791520 -0.1262238 0.7447793 0.8830631 -0.0788703 0.7848980 0.1280354 -0.1505596 0.0000000 0.7211731 -0.2313975 0.8070166 0.0929677 0.1200958 0.7646052 0.8814188 -0.5834489 0.7574671 0.9298913 0.6263732 -0.5254779 -0.1689023 -0.4691329 0.6543106 0.8809136 -0.6339232 -0.2484194 0.8577530 0.2189755 0.8752896 0.8189508 0.1339945 -0.0243806 0.6270300 0.3890102 0.7120389 -0.3358262 0.5586231 0.8787766 0.8554966 0.6806614 -0.2062068 0.8047594 0.8106330 0.4832109 0.1977782 0.2704972 0.8436945 0.8817651 0.9027612 0.6017542 0.5949510 0.8009001 0.6632218 0.5289702 0.8240080 0.4549536 0.1415597 0.8654377 0.7884631 0.6111616 0.7808133 0.8551694 0.8502162 0.2189431 0.6930505 0.3802774 0.8202786 0.8396263 0.2018793 0.8402254 0.8327574 0.4734552 0.7964749 -0.1709093 0.3150049 0.2099936 0.0372397 -0.2747592 -0.0458735 -0.1984150 0.2196560 0.2538079 0.3846226 -0.3947696 -0.1537344 -0.4081067 0.0197362 -0.2414609 -0.3400867 -0.3288301 0.0403896 0.1124006 0.0504919 -0.2404854 -0.2732167 -0.2498184 -0.2269357 0.0387395 -0.0595630 -0.2681834 0.0073558 -0.4475256 0.0693811 0.1053337 -0.1423451 -0.3450140 -0.2720119 -0.2451245 -0.3769219 -0.2623124 -0.2816429 0.0974562 -0.1987990 -0.3353126 -0.0665959 -0.2104849 -0.1281187 0.2397413 -0.1706240 0.0362106 0.1911415 0.0350922 -0.1535452 -0.0615937 -0.0472166 0.2769693 -0.3647960 -0.2287334 -0.3631095 -0.1018504 -0.3958666 0.0264348 -0.1004550 0.1490357 -0.0797174 -0.1977608 -0.3066525 -0.3225222 -0.5096859 -0.6220263 -0.0917185 0.0186989 0.0971376 -0.1986470 -0.3955046 -0.1784951 -0.7337815 -0.3123505 -0.0180773 -0.6188035 -0.1873996 0.3786921 -0.7298356 0.0330004 -0.4804739 -0.0415004 -0.5178300 -0.6385432 -0.4186035 -0.1014097 -0.0643342 0.0501411 -0.3257063 -0.0241316 -0.0529833 0.3755716 0.0193547 -0.0006205 -0.0788229 -0.0553831 0.1197577 -0.1159199 -0.2867155 -0.1829580 0.4833675 -0.1355019 0.5629772 0.2216706 0.2377419 0.3056544 0.2960597 -0.0044397 0.2480156 0.1507701 0.0561031 0.0249796 0.2704421 0.0436367 0.0931840 0.0782131 0.6004044 0.1374979 -0.1068348 0.1627698 -0.1556343 0.1022472 -0.0605557 0.5831950 -0.0245216 0.2504255 0.0674658 -0.0354294 -0.0949020 -0.0137287 0.0600786 0.0244932 0.1210603 0.5697470 -0.3915948 -0.0416463
-0.0770746 -0.0694310 0.5055721 -0.0231868 0.2397957 -0.0226147 -0.6172788 0.3319214 -0.4133526 0.7355418 0.5845288 -0.3561795 0.5286844 0.1495659 -0.3243922 0.7211731 0.0000000 -0.5070435 0.5311002 0.4166070 -0.2995327 0.5463599 0.9042627 -0.5787608 0.5548722 0.8014280 0.8220016 -0.3684026 -0.4589726 -0.2961541 0.4913084 0.8086508 -0.5079938 -0.4795928 0.8527130 -0.3219436 0.8132425 0.7709739 0.4370306 0.4096759 0.3961087 -0.0921269 0.8943430 -0.0574728 0.1845014 0.8136097 0.7465505 0.6031252 -0.1063504 0.7022183 0.7364899 0.8130088 -0.1705578 0.6414595 0.7688117 0.8273668 0.8155458 0.8372609 0.2848677 0.7654171 0.2653690 0.8827585 0.7211546 0.1555590 -0.2355770 0.7138199 0.7273328 0.8092843 0.8289140 0.7936053 0.6596990 -0.1649113 0.7416841 0.0670452 0.6753714 0.6214088 -0.1618978 0.6140376 0.5835040 0.2587214 0.5181175 -0.2640093 0.0445439 -0.1321713 -0.2805378 -0.1534566 0.1286332 -0.1822925 0.4297810 -0.1260628 -0.0092881 -0.6310215 -0.2372572 -0.5657013 -0.1937779 -0.5615980 -0.5911154 -0.3566255 -0.0617032 -0.3758818 -0.1196814 -0.5163500 -0.4480419 -0.5865745 -0.3524886 -0.2670234 -0.1433692 -0.4875340 -0.1475266 -0.6039385 -0.2363262 -0.2159892 -0.3576539 -0.2273812 -0.3994738 -0.4378508 -0.4627373 -0.5076902 -0.5332594 -0.1929107 -0.4696841 -0.4562109 -0.1638160 -0.5748072 -0.3787208 -0.0988684 -0.3376122 0.1208812 -0.1276081 -0.2992054 -0.2870032 -0.0020263 -0.2325362 -0.0858427 -0.2087610 -0.1330560 -0.3435738 -0.2070538 -0.2284652 -0.2687673 -0.1600637 -0.0775451 -0.2941218 -0.2380112 -0.0379057 -0.2823961 -0.2208629 -0.2637033 -0.2397458 -0.0771672 -0.0907963 0.0009290 -0.3673704 -0.1948598 -0.7541689 -0.1281090 -0.0911559 -0.3015457 -0.2062640 0.1384679 -0.5490673 -0.2622736 -0.3448200 -0.1661555 -0.5218906 -0.3029180 -0.2903902 -0.1768784 -0.0952845 -0.1346221 -0.4206756 -0.1734764 -0.4608671 0.1444567 -0.3227662 -0.1593168 -0.5083027 -0.1608615 -0.4548965 -0.5181617 -0.2658389 -0.4067393 -0.0060314 -0.3662685 0.2675332 -0.0849204 0.0242258 0.1564084 -0.0125411 -0.3688024 -0.0202589 0.0412265 0.0039594 -0.2905109 -0.0470809 -0.3174685 -0.2150405 -0.1171823 0.4295196 -0.1689962 -0.4800804 -0.0842818 0.0504719 -0.2879245 -0.1260287 0.2297252 -0.2155875 0.0593307 -0.2366392 -0.2880279 -0.0019695 -0.2384069 -0.3899566 -0.3916934 -0.2812335 0.1362438 -0.3390357 0.0851053
