0.0000000 0.2504734 -0.1726065 0.1031968 -0.3508772 0.0489183 0.1408077 -0.1525208 0.1012863 -0.1751851 -0.1765359 0.1192386 -0.3842814 0.0281976 0.1713068 -0.0975065 -0.0817631 0.1283357 -0.0231776 0.0990969 0.0980604 -0.0402370 -0.1563578 0.1882002 -0.1367938 -0.0606878 -0.0168966 0.1944817 -0.0104268 0.0627327 -0.0958161 -0.3774335 0.0646021 0.0211302 -0.1259149 -0.1035343 0.0112626 -0.2251314 -0.0664149 0.2670460 -0.2536876 -0.1948983 -0.1062472 0.0187813 -0.0999897 -0.1608328 -0.0565832 -0.3256200 -0.1224307 0.0102392 -0.0742167 -0.0354303 -0.1649801 -0.0791219 -0.1960364 -0.1928526 -0.1907816 -0.1074010 -0.2975798 -0.0375402 -0.2972458 -0.0346610 -0.4001587 -0.2028101 -0.1625554 -0.2706486 -0.0604796 -0.1408439 -0.3660473 -0.1969417 -0.1278454 -0.1533659 -0.0820569 -0.2066282 -0.1930561 -0.2597622 -0.1833498 -0.2530770 -0.2621782 -0.3588842 -0.1641256 0.4272911 0.0851645 0.0480173 -0.1095656 0.1253082 0.3052888 -0.4802956 0.0756400 -0.0072765 0.3810322 0.2926203 0.5033437 -0.2562912 0.1026477 0.1625723 0.3093971 0.3119254 -0.1009032 -0.3062341 -0.1595829 0.1508765 0.3281317 -0.0522657 0.3974172 -0.0978751 0.2789352 0.4096271 0.4135191 0.2851578 0.2493593 0.1216525 -0.0396307 0.2151792 0.2613705 0.1096429 0.2887499 0.0770246 -0.0123639 0.0956668 0.0012548 0.2392758 0.5061863 -0.3725226 -0.2679707 0.0403929 0.2247267 0.3228779 0.1650952 -0.2457152 -0.1517184 -0.1793517 0.1088379 -0.2244290 -0.0154966 0.2891530 0.0610506 -0.0123663 0.2205121 0.1199083 0.2627710 0.0949268 0.3418996 0.0505012 -0.0468903 0.5854325 0.0415881 0.0995180 0.1366504 0.3320432 0.3903072 -0.0981959 -0.1872177 0.3784638 0.0012127 0.3853894 0.4688316 -0.1324087 0.4305390 0.5013070 0.4789755 0.2912284 0.2689290 0.4917109 0.3355233 -0.0360830 0.3395356 0.4342372 0.6221606 0.5653091 0.1947112 0.4973088 0.6055246 -0.0726403 0.0582992 -0.0557306 0.1533177 0.1447681 0.2873944 0.1854788 0.0648156 0.0948498 -0.2647468 0.0375057 -0.4567316 -0.3649912 -0.5979306 -0.4826776 -0.3500516 -0.1448020 0.0818427 0.1545834 -0.0291756 0.0877153 0.0621506 0.0500762 -0.0718225 -0.0344905 -0.1476391 -0.0019010 0.2335426 -0.2271249 0.1444988 0.1257298 -0.1027818 -0.0860925 0.2033062 0.4500361 0.1752463 -0.2135301 0.1619294 -0.0980523 -0.1385377 0.0209231 0.1077168 0.3565799 0.3096188 0.1542331
0.2504734 0.0000000 0.5916915 0.2260616 0.5277988 0.0249878 0.5042736 0.4866389 -0.0785304 0.0857767 0.2032454 -0.0306167 0.5668853 0.1030405 -0.1360525 0.1595673 0.1472835 -0.3111697 0.4222537 0.5890288 -0.2145338 0.7089308 0.2488477 -0.1705326 0.3131453 0.3128284 0.4514501 -0.1060498 -0.2237526 0.4649570 0.6413158 0.5108097 -0.2175508 -0.2053650 0.3259610 -0.2829386 0.3992920 0.4116392 0.3639126 0.0896550 0.6031665 0.1891164 0.3417553 -0.4202681 0.0351670 0.2773494 0.3929937 0.5452858 -0.3341277 0.3085806 0.4345729 0.3076914 -0.1199296 0.0400857 0.5704746 0.4506239 0.2938228 -0.1110168 0.3032852 0.3793047 0.3115837 0.2769249 0.5396356 -0.1092935 0.0615578 0.4247907 0.2936525 0.1072158 0.3767618 0.1257645 0.3004539 0.1594330 0.3048279 0.1838542 0.3464233 0.1170576 0.0935202 0.2965951 0.2107662 0.1098134 0.4770797 0.0079603 -0.4577685 -0.6570137 -0.4600771 -0.3986147 -0.2805774 -0.0718528 -0.3647572 -0.3735624 -0.1246361 -0.0421650 -0.1832451 -0.1856012 -0.1691926 0.0204697 0.0443484 -0.1953503 -0.1110465 -0.2647731 -0.4835434 -0.3749382 -0.3053499 -0.2665588 0.0552781 0.0992811 -0.4121451 -0.2852672 -0.2151896 -0.4223786 -0.3445145 -0.2442352 -0.0334876 -0.1149136 -0.2147342 -0.1865818 -0.1675151 -0.1895629 -0.2144213 0.0574490 0.0033783 -0.0222132 0.1528298 -0.0210898 -0.0669074 0.0338261 0.0756956 0.0997537 0.0183848 0.0484206 0.1388926 -0.2722360 0.0080125 0.0908705 0.0330309 -0.0427127 0.0428906 -0.0327304 0.1043964 0.0804297 0.4349704 0.0457172 0.0986579 0.0944540 0.0698299 -0.0154069 -0.1743152 -0.1343449 -0.1018961 0.1729672 0.1621988 0.0486714 -0.0022283 0.3766148 -0.4428066 0.1678752 0.2743079 0.0643797 0.0635135 0.2947065 0.1451360 0.4359080 -0.0479863 0.2478814 0.1973718 0.2056512 0.3800795 0.3559287 0.1633601 0.3568182 0.4337636 0.4025031 0.3205453 0.5160941 0.7468916 0.4673120 -0.1223716 -0.1177251 -0.1717060 -0.2154371 -0.3045635 -0.1413685 0.1251512 -0.1481299 0.2627882 0.0164242 0.3597948 0.4132089 0.4707378 0.6050110 -0.1654672 0.3550649 0.7543496 0.0719150 0.1811478 0.1424654 -0.1234227 0.1808792 0.6871070 0.1402001 0.4088639 0.3400604 0.4585499 0.5458099 0.2782736 0.4514242 -0.1719004 0.3344432 -0.0193904 0.4723836 -0.0046776 0.4190576 0.5643870 0.0618685 -0.0297991 0.4274410 0.3068691 0.7670486
-0.1726065 0.5916915 0.0000000 -0.0238623 0.8804884 -0.1152557 0.2608645 0.5851681 -0.3789173 0.1206742 0.2773161 -0.4746317 0.9359946 -0.1072193 -0.5975188 0.1667104 0.2478583 -0.5936713 0.1548456 0.7308089 -0.5716147 0.7563422 0.3016313 -0.5175681 0.3688251 0.2530130 0.3610416 -0.4354828 -0.4318673 0.2715613 0.7176296 0.8019523 -0.4128247 -0.3672908 0.3174802 -0.4954140 0.2622868 0.5990954 0.4313765 -0.1257310 0.8893488 0.0785317 0.3964852 -0.4779983 -0.1037880 0.3752777 0.3608126 0.9078897 -0.3010204 0.2976562 0.3908277 0.3557935 -0.1607488 0.0378429 0.7153017 0.4826839 0.3002509 -0.0452415 0.5728950 0.3243917 0.2651917 0.2088139 0.7440931 -0.1147073 -0.0166697 0.5349890 0.2066042 0.0846715 0.5549333 0.1982539 0.1932519 0.1288865 0.2933123 0.2413109 0.2325270 0.1746632 0.1200781 0.3189918 0.2975532 0.2164596 0.4045790 -0.2116877 -0.3620959 -0.6127838 -0.4394388 -0.4679764 -0.4628558 0.2883594 -0.4619135 -0.4813035 -0.4682843 -0.4427172 -0.4366776 -0.1789206 -0.3546709 -0.3331174 -0.3536939 -0.3119499 0.0145085 -0.4210180 -0.4905987 -0.1771040 -0.3450919 -0.6087871 -0.2067678 0.2713864 -0.3370050 -0.4141167 -0.3776697 -0.5623252 -0.5258884 -0.2813482 0.3810104 -0.1918947 -0.4020108 -0.1414028 -0.3296526 -0.1519890 -0.0880059 -0.0297828 0.0155386 -0.3245385 -0.4282262 0.3512937 0.3109095 0.0769914 -0.2131359 -0.0323471 -0.1297158 0.3606751 0.3231125 0.0329960 -0.1439164 0.3333043 -0.1358043 0.2347464 0.1305447 -0.0184315 -0.0067070 -0.1945246 0.2219086 0.0249300 -0.1289009 0.0018103 0.1940787 -0.1967987 -0.1046966 -0.1043122 0.0189441 -0.1776841 -0.1947384 -0.0605613 0.0045562 0.1965454 -0.5535762 -0.2419433 -0.1306382 -0.0378925 -0.2933953 -0.1179384 -0.3795916 0.1354349 -0.4007306 -0.1958541 -0.1466117 0.0423454 0.1954595 -0.0699468 -0.3014975 -0.0758398 0.2720279 0.1306614 0.0036402 0.4547878 0.6506152 0.4500059 -0.4295205 -0.1697612 -0.6300902 -0.6627284 -0.4836529 -0.4467395 0.0930218 -0.3243965 0.5754312 0.1159042 0.7552764 0.7178086 0.6452759 0.5530303 -0.2754325 0.0430798 0.6022666 -0.2473530 -0.0979040 -0.0282225 -0.2171772 -0.1968400 0.6680757 0.3035251 0.3051678 0.7008287 0.3063933 0.3712752 0.4809229 0.3120715 -0.1908981 0.2437141 -0.1230260 0.6325923 -0.2173187 0.5191751 0.4664079 -0.2186786 -0.1861524 0.2775191 0.1800677 0.5739224
0.1031968 0.2260616 -0.0238623 0.0000000 -0.2059101 0.6672708 0.2680513 0.6674272 0.7290893 0.8151605 0.8211938 0.5110552 0.0759841 0.4439075 0.5742461 0.7729489 0.7062579 0.0345242 0.6114287 -0.3738367 0.4229675 0.1828228 0.8173816 0.0828599 0.5298445 0.7550116 0.5951505 -0.0615363 0.5513345 0.3254908 0.1443631 0.2095909 -0.1845776 0.3294575 0.8382638 0.2287757 0.6765018 0.5466071 0.6821881 0.5841096 0.0893844 0.7126976 0.8163563 -0.0885647 0.7088941 0.5998088 0.7395333 0.2404081 0.3075387 0.6125487 0.7981150 0.7821137 0.6413939 0.7747934 0.4988309 0.6573821 0.6895266 0.7993082 -0.2770857 0.8380464 0.5544569 0.8465789 0.3910670 0.7674721 0.7426924 0.4937015 0.8554932 0.8232181 0.4754700 0.8322781 0.8204733 0.8246802 0.8231195 0.7789235 0.6826169 0.7842974 0.7809817 0.7009245 0.7139057 0.6586065 0.5415508 0.2709879 -0.2368990 -0.2044021 -0.0188299 -0.2520011 0.0321245 -0.4920264 -0.1568926 0.0131362 -0.0428551 -0.0128780 -0.2540418 -0.2442627 0.1497479 -0.0954184 0.1081482 -0.3118316 0.2085076 -0.1748084 0.0884793 -0.2527203 -0.2527274 -0.2038109 0.0445471 0.0251054 -0.1626516 -0.1250146 0.0548770 -0.1279398 0.2194005 -0.0775585 -0.2146842 -0.4580530 -0.3873839 -0.5583061 -0.4931221 -0.4655621 -0.4258630 -0.4560400 -0.4970351 -0.3324016 -0.0499213 -0.1120261 -0.5293521 -0.4655377 -0.2825295 -0.1964246 -0.2883292 -0.1904721 -0.4239200 -0.2025169 -0.1944807 0.2074697 -0.6186032 -0.0707441 -0.1862040 -0.1264288 -0.0821047 0.3037739 -0.0285728 0.0902017 0.2669276 0.4357219 -0.2978699 0.2554356 -0.2545066 -0.0128009 -0.2205273 -0.0396486 0.2312833 0.2428126 -0.3435665 -0.2353950 -0.1085872 0.2461212 0.1619302 -0.3755696 0.2258736 0.1457449 -0.1507883 -0.1282101 0.2251100 0.2185090 -0.1821166 -0.0827044 -0.0228993 -0.0824562 0.0118555 -0.0997300 -0.3710912 -0.0448174 -0.0596197 -0.2180742 -0.0573882 -0.3156436 0.0267815 -0.6523936 0.1967801 -0.0399685 -0.5295811 -0.3905314 -0.2069509 -0.3427891 -0.3292444 0.3437884 -0.2887217 0.2744628 0.3609260 0.4881110 -0.1075286 0.5800001 0.1062245 -0.1020577 -0.2952753 -0.0718631 0.3617500 0.4755522 0.4071932 -0.2491964 -0.1595132 -0.2600688 0.0656808 0.0581560 -0.5007667 0.4829082 -0.1884444 0.0105269 -0.0928138 0.1479286 0.1123783 0.2098497 -0.0007431 0.5575521 0.8120052 -0.0232748 0.4176986 0.4655009
-0.3508772 0.5277988 0.8804884 -0.2059101 0.0000000 -0.2530336 0.1385374 0.3993243 -0.4551329 -0.0554492 0.0820472 -0.6150451 0.9032198 -0.2657299 -0.6917308 0.0004740 0.0097552 -0.6417111 0.0261127 0.7302339 -0.6842876 0.7276978 0.1624627 -0.6145488 0.1732890 0.0889728 0.1558605 -0.5304273 -0.5604340 0.0566835 0.7234813 0.6954492 -0.3998527 -0.4471317 0.1633347 -0.5185517 0.0832869 0.4427380 0.2110490 -0.3278176 0.8693115 -0.1476171 0.1784286 -0.4508020 -0.3481006 0.0905640 0.1088307 0.8020495 -0.3591353 0.0513284 0.2155391 0.1105661 -0.3875412 -0.1109712 0.5452311 0.2651583 0.0814010 -0.2215501 0.7667119 0.1448496 0.0735823 0.0170059 0.6291260 -0.2819444 -0.2785449 0.4231646 0.0681149 -0.0896523 0.4379990 0.0294618 0.0383818 -0.1568445 0.1568213 -0.0411157 0.0565529 0.0219839 -0.0978454 0.1748613 0.1311167 0.0477550 0.2405794 -0.4306410 -0.4667216 -0.6251801 -0.4161537 -0.5359138 -0.6009756 0.4244256 -0.4891876 -0.4670305 -0.5417765 -0.5368703 -0.5872324 -0.1363777 -0.4500955 -0.4022411 -0.5515095 -0.5150993 -0.1438275 -0.3135998 -0.5865409 -0.3863314 -0.5580035 -0.5375874 -0.4084912 0.1249573 -0.5355508 -0.6763179 -0.6213542 -0.6899086 -0.6799024 -0.5088240 0.1346978 -0.2262667 -0.4195269 -0.1780866 -0.3463199 -0.2113498 -0.2060921 -0.0867231 -0.0247442 -0.3222135 -0.5342075 0.1322811 0.2584648 0.1118787 -0.3062157 -0.2433836 -0.2087690 0.1410225 0.1651093 -0.0174085 -0.3496079 0.0592887 0.0122712 -0.1047853 -0.1366035 -0.1542996 -0.2700431 -0.3621905 0.1305678 -0.1932323 -0.4182589 -0.2971653 0.0581955 -0.5552338 -0.3199249 -0.3398089 -0.0391920 -0.2613986 -0.3811872 -0.2747655 -0.0889142 0.0671029 -0.6374384 -0.3745057 -0.2798855 -0.1403605 -0.4779151 -0.3125918 -0.4309368 0.0805133 -0.5653482 -0.3795240 -0.2883968 -0.1643510 0.0358848 -0.1237554 -0.4000128 -0.1486150 0.2408058 0.0313385 -0.1878227 0.4702375 0.6574375 0.5241549 -0.5040949 0.0923979 -0.7018187 -0.6247809 -0.2169521 -0.2014184 0.2987756 -0.0995570 0.7952778 -0.0349444 0.9280755 0.6054152 0.5043031 0.3662437 -0.3595617 -0.1613699 0.6646854 -0.2653114 -0.0287464 -0.1080979 -0.4228501 -0.1606409 0.5366025 0.3695286 0.1144070 0.6316939 0.0730025 0.1413815 0.6733149 0.1927101 -0.2100787 0.0083493 -0.1934522 0.4680228 -0.4213952 0.3915254 0.5463914 -0.4536078 -0.4789270 0.1905066 -0.0045432 0.4003709
0.0489183 0.0249878 -0.1152557 0.6672708 -0.2530336 0.0000000 0.5769757 0.2717501 0.7147124 0.6360616 0.5082293 0.6898750 -0.0733841 0.5787257 0.5937037 0.5182249 0.5817977 0.2027185 0.4919814 -0.2993164 0.6949515 0.2222795 0.4676132 0.3221904 0.5097324 0.3474532 0.5227526 0.2085302 0.7092259 0.3997895 0.2288437 0.0197925 0.1190501 0.5663523 0.5459806 0.5973820 0.3629766 0.5515787 0.5928837 0.5668139 0.0897022 0.6919183 0.5850787 0.1197428 0.6967131 0.4901116 0.5328202 0.1730920 0.4536763 0.5579461 0.5270253 0.6717398 0.6206458 0.6999326 0.3783529 0.5443641 0.5077330 0.7195209 -0.3357264 0.5688091 0.4717103 0.5973452 0.1351467 0.7957760 0.6396986 0.2095107 0.5987415 0.6358565 0.1632131 0.6314909 0.6000893 0.6003443 0.5896388 0.5915526 0.4758847 0.7109966 0.7692779 0.4838817 0.6613095 0.7061095 0.3073412 0.2038135 -0.0644846 -0.2375382 -0.2895322 -0.3632114 -0.2018039 -0.4521951 -0.4048199 -0.2659006 -0.4127956 -0.2976483 -0.3095811 -0.2201479 -0.2971630 -0.4217171 -0.1455644 -0.2306800 -0.1786028 0.0121952 -0.0525275 -0.3614652 -0.2023533 0.0117378 -0.3229128 -0.4412736 -0.2934987 -0.1613231 -0.2191143 -0.1559216 -0.0685745 -0.0543711 -0.1274988 -0.3635706 -0.2242746 -0.4384696 -0.3540151 -0.2301447 -0.2418128 -0.2687697 -0.3219784 -0.2676673 -0.1352011 0.1788712 -0.3636159 -0.4950374 -0.1483914 -0.2103879 -0.0838628 0.0580527 -0.2009780 -0.0801785 -0.1111016 0.4441902 -0.7004859 -0.2298485 0.1164782 0.0639701 -0.0113162 -0.0511229 -0.3064210 -0.1678971 0.0260716 0.3358808 -0.0813084 0.0711251 -0.1283848 0.0635187 -0.1245266 -0.4207907 -0.1914644 0.2154995 -0.2718904 -0.3057280 -0.3259953 -0.0262184 -0.0900748 -0.3281094 0.0540778 -0.2412837 -0.2636328 -0.4523670 0.1428384 -0.0717182 -0.3992869 0.0292074 -0.3291892 -0.2162529 -0.0906017 -0.2515891 -0.5128823 -0.0919609 0.0019667 -0.2110709 0.0408657 0.0678412 0.4434235 -0.6667654 0.5763531 0.2988220 -0.6192692 -0.5819728 -0.1678994 -0.5518221 -0.4839469 0.3974506 -0.3090810 0.2956556 0.3982158 0.4010912 0.0049126 0.5555342 0.1635813 0.2446785 -0.0612009 0.2625565 0.6493198 0.5606320 0.2583638 -0.2696508 -0.0283496 -0.2722486 0.1489621 0.0931491 -0.5647397 0.2913023 -0.1479379 -0.1798895 0.2594745 0.2900228 0.3514575 0.2864955 -0.1226545 0.6047351 0.5066808 -0.1026460 0.6182471 0.1586490
0.1408077 0.5042736 0.2608645 0.2680513 0.1385374 0.5769757 0.0000000 0.2238369 0.2183255 0.2962906 0.2067905 0.5565570 0.2483239 0.5231404 0.2963937 0.1924156 0.3742809 0.1343035 0.4352631 0.2574051 0.3478192 0.6344045 0.1936140 0.3287939 0.4448579 0.2225537 0.6300790 0.3401792 0.3511556 0.6942695 0.5546896 0.2104285 0.2124896 0.3168299 0.3106785 0.1292685 0.2808347 0.5210833 0.4997207 0.5128608 0.4382675 0.5809036 0.3878355 0.0144105 0.5073018 0.4111007 0.3943426 0.3844479 0.1403689 0.4799251 0.3693658 0.4938455 0.3395563 0.3488756 0.5075611 0.5138035 0.3775737 0.2816270 0.0258390 0.4097579 0.5301350 0.3945383 0.3003523 0.3131142 0.4441741 0.3171707 0.3649869 0.3309838 0.1789423 0.2866103 0.4335828 0.3316991 0.4199015 0.4229400 0.4364563 0.4272358 0.4149034 0.3519298 0.4973426 0.4849674 0.4334600 -0.0994290 -0.3835801 -0.6665614 -0.8080296 -0.5008464 -0.3150818 -0.2613128 -0.5935670 -0.6061673 -0.3672604 -0.2281233 -0.2598860 -0.3289110 -0.4406287 -0.2975163 -0.0534947 -0.0359212 -0.5315643 -0.2164264 -0.5070753 -0.3395475 -0.0540424 -0.2235705 -0.1823879 -0.3931928 -0.5001974 -0.1863137 -0.3771245 -0.4269137 -0.5127489 -0.1628315 -0.0499925 -0.1229034 -0.1619106 -0.1740273 -0.1996545 -0.1479857 -0.1374295 -0.0572028 -0.0382354 -0.0834170 0.1388249 0.2141964 -0.1200900 -0.2463067 0.1898914 0.0983883 0.1416679 0.2865998 0.2417790 -0.2724740 0.1406791 0.3615799 -0.3546360 -0.1358230 0.3566991 0.1015793 0.1591538 -0.1405659 0.0590448 -0.2615701 0.1147485 0.0893806 0.1142541 -0.0494881 -0.0910491 -0.0310780 -0.1880204 -0.2315920 -0.1130760 0.1218882 -0.0555961 0.0830855 -0.4601843 -0.0437165 0.1106960 0.0862641 0.0415894 -0.0217371 0.1253469 -0.0080686 0.0019359 0.0758604 -0.0493631 0.2582905 0.0304994 0.1548250 0.0915567 0.0721748 0.0661710 0.1510461 0.2360628 0.1841560 0.5238214 0.3990373 0.2747562 -0.5100518 0.2145219 0.0719823 -0.5056776 -0.3454974 -0.0051350 -0.3305683 -0.1828158 0.3771441 0.1178737 0.5210424 0.5298556 0.6450383 -0.2274620 0.6929319 0.6064922 0.3967084 0.2153056 0.4412645 0.3793256 0.4780153 0.5911569 -0.1674301 0.3575504 -0.0614349 0.3129458 0.3612236 -0.0299771 0.4694239 -0.3280899 0.1815465 0.2916935 0.4984433 0.1793781 0.1793919 0.3273463 0.4668871 0.1451303 0.2432187 0.7742076 0.5639509
-0.1525208 0.4866389 0.5851681 0.6674272 0.3993243 0.2717501 0.2238369 0.0000000 0.2287139 0.6994967 0.8916067 -0.0038672 0.6693983 0.2040445 -0.0616924 0.8433935 0.7139117 -0.3918407 0.6878396 0.1133976 -0.1612432 0.5110775 0.8711613 -0.3492367 0.7193939 0.8760951 0.6941525 -0.3664140 -0.0114763 0.3935503 0.5154442 0.7619766 -0.4911877 -0.1630564 0.8505396 -0.2559490 0.7606380 0.8112684 0.6815148 0.2715556 0.5782107 0.5662290 0.8564467 -0.4804213 0.4439848 0.7806274 0.8766672 0.7454950 -0.1089760 0.7665144 0.9055958 0.7636685 0.2987167 0.5183315 0.8726703 0.8647512 0.8280346 0.4715956 0.0926691 0.8739840 0.6848389 0.7939209 0.8954481 0.4661180 0.5565176 0.8774729 0.8242181 0.6917809 0.8869495 0.7635763 0.8191597 0.7216610 0.8005809 0.7563118 0.8195256 0.7107987 0.6585202 0.8714299 0.7416125 0.6395764 0.8683045 0.1351610 -0.3710755 -0.4932108 -0.2319301 -0.4082167 -0.1534456 -0.1743097 -0.2973293 -0.1785347 -0.2397945 -0.1955598 -0.4317465 -0.2402522 -0.0122887 -0.1449046 -0.1026160 -0.4103317 0.2112133 -0.3398261 -0.1790000 -0.2263031 -0.3864836 -0.4496642 -0.0988939 0.1864612 -0.2970785 -0.3027377 -0.1890361 -0.3350854 -0.1432021 -0.1960835 0.0921432 -0.4231987 -0.5107489 -0.4477578 -0.5429010 -0.3931040 -0.3329552 -0.2424290 -0.2702610 -0.4155659 -0.3203901 0.1278388 -0.1285964 -0.3299752 -0.2575799 -0.1168340 -0.4039505 0.1829076 -0.0351736 0.0025246 -0.1090157 0.4667404 -0.3916672 0.1240023 -0.0090318 -0.2150105 -0.1121007 0.1019252 -0.0622375 0.0204557 0.1251169 0.4000020 -0.1238404 0.0806322 -0.2957592 -0.1845674 -0.4212067 -0.0977118 0.0616125 0.2638295 -0.3075711 -0.2588870 -0.3291480 0.0971563 -0.0682935 -0.2973573 -0.0531110 0.0212100 -0.3472407 -0.0673207 0.0007424 -0.0931605 -0.2773216 0.0127606 -0.0535268 -0.3459307 -0.3863188 -0.3110901 -0.2599555 -0.2331770 -0.0062171 0.0900024 0.2460508 -0.0071807 -0.2538972 -0.5360412 -0.2986265 -0.4524398 -0.6102483 -0.5913300 -0.2485612 -0.5278852 0.1181133 0.4793752 0.3194009 0.7175033 0.7418863 0.7606109 -0.1804742 0.4211632 0.4657439 -0.3195218 -0.3684163 -0.1799426 0.0984600 0.1917673 0.8215267 -0.0779797 0.0881388 0.3122850 0.2567544 0.3725554 -0.0632906 0.7601058 -0.2389675 0.2466810 -0.2156965 0.5475817 -0.0219629 0.6329556 0.4910847 0.3518171 0.5063602 0.2141126 0.2527845 0.6652204
0.1012863 -0.0785304 -0.3789173 0.7290893 -0.4551329 0.7147124 0.2183255 0.2287139 0.0000000 0.6756742 0.5045616 0.5683445 -0.2802420 0.7572827 0.8227810 0.5498061 0.5227089 0.5727110 0.6095397 -0.4148788 0.5804176 -0.1189121 0.5220778 0.4947380 0.5182909 0.4512522 0.4387340 0.3849512 0.8157523 0.4160893 0.0287561 -0.0383092 0.3360507 0.7345033 0.5473698 0.4568650 0.4614214 0.3369434 0.5915473 0.7031857 -0.2015315 0.5359506 0.5117570 0.4125432 0.6140836 0.4483124 0.4583725 -0.0896541 0.6748350 0.3249749 0.4923567 0.5855336 0.6889210 0.7528622 0.1994365 0.4179104 0.5197893 0.7540859 -0.3429240 0.5174254 0.2348885 0.5921904 -0.0119656 0.8020171 0.5218279 0.2002213 0.6165761 0.5947562 0.1620818 0.6313627 0.6149074 0.6179689 0.5671696 0.4291810 0.4659009 0.6295090 0.6107883 0.4616506 0.5555648 0.5242331 0.2077489 0.2172583 -0.2988205 -0.1804730 -0.0539783 -0.3717803 -0.1466918 -0.6792565 -0.2775787 -0.1895605 -0.0545205 -0.0225535 -0.2371991 -0.3408205 -0.0756435 -0.2692160 0.1234175 -0.3827469 0.0583190 0.0372307 0.1517046 -0.3662448 -0.3386377 -0.0121379 0.0108230 -0.1918345 -0.2441118 -0.1529639 0.0192387 -0.1514499 0.3176904 -0.1936466 -0.5167200 -0.5139643 -0.3610640 -0.6666720 -0.4734694 -0.4320933 -0.5263915 -0.5405032 -0.5402296 -0.3823406 -0.0248623 -0.1585845 -0.6483353 -0.7769529 -0.2819505 -0.5134657 -0.4058840 -0.2531134 -0.5873983 -0.4811486 -0.2402953 0.0895088 -0.6481675 -0.3659771 -0.2881787 -0.2048665 -0.3538776 0.1132421 -0.4085068 -0.0908437 0.1661266 0.1996928 -0.4791291 0.1939388 -0.3096531 -0.1682265 -0.1509539 -0.0715334 0.1691511 -0.0159181 -0.3092048 -0.2701217 0.0212420 0.1452449 0.2877135 -0.4770684 0.3994871 0.1242129 -0.1451079 -0.1359751 0.1223947 0.2705307 -0.1813253 -0.1925358 0.0043248 0.0466323 0.1783939 -0.0036914 -0.3821088 0.0256440 0.0011448 -0.0026908 -0.0272402 -0.1997590 0.1163192 -0.4607792 0.3574074 0.1468854 -0.2303859 -0.2393752 -0.1053119 -0.2552003 -0.4844188 0.0050320 -0.5182408 -0.1039555 0.0661185 0.1674638 -0.1815990 0.3628445 -0.1660152 -0.0874379 -0.4436052 -0.1974636 0.3299992 0.2801331 -0.0181162 -0.4597738 -0.5028252 -0.6300547 -0.3067296 -0.3182045 -0.6593268 0.1577022 -0.2918855 -0.4152733 -0.1870125 -0.2516483 -0.0128272 -0.0005527 -0.4034931 0.4150638 0.7040500 -0.3678906 0.4507210 0.1563076
-0.1751851 0.0857767 0.1206742 0.8151605 -0.0554492 0.6360616 0.2962906 0.6994967 0.6756742 0.0000000 0.9054642 0.3569422 0.1971120 0.6679748 0.4769045 0.8166480 0.9402219 0.1144109 0.6297229 -0.3138277 0.2645815 0.1095234 0.9102969 0.1402425 0.7090025 0.8168249 0.8179528 0.0204881 0.5412389 0.5698695 0.2095023 0.4535175 -0.0702363 0.3873584 0.9062086 0.1542760 0.7541764 0.7147936 0.8527395 0.6974139 0.2529769 0.8180109 0.9293694 0.0259515 0.7842244 0.8525122 0.8551139 0.4018428 0.4673804 0.7174142 0.8806852 0.9319767 0.7491111 0.9020013 0.6356128 0.8305004 0.9007221 0.9059947 -0.1968721 0.8968069 0.6751322 0.9493688 0.5417154 0.8809301 0.8217556 0.7078492 0.9155549 0.9662454 0.6831350 0.9402050 0.9038712 0.8807801 0.9155745 0.8110960 0.8102845 0.9150108 0.7913991 0.8528216 0.8909074 0.7477761 0.6646437 0.2278071 -0.1873391 -0.3215042 -0.1849912 -0.3615320 -0.0164897 -0.3942283 -0.2319560 -0.0780481 -0.1003705 -0.0126890 -0.3417442 -0.2026171 0.1145916 -0.1897992 0.1024903 -0.3606732 0.2966569 -0.0365909 0.1723916 -0.1387173 -0.2859158 -0.2107032 -0.0441928 0.0648993 -0.2041529 -0.1862072 -0.0293640 -0.2531147 0.1921917 -0.0972136 -0.1716258 -0.4868711 -0.4660386 -0.5671435 -0.5525853 -0.3804515 -0.3761260 -0.4519826 -0.3631401 -0.4137055 -0.2701155 0.1723133 -0.3033862 -0.6328807 -0.2452064 -0.3134530 -0.4881179 0.0871439 -0.2066768 -0.2415626 -0.2097448 0.3576242 -0.7165745 -0.1070080 -0.1304866 -0.3059978 -0.2419903 0.1370859 -0.3478554 -0.0120343 0.2051994 0.3536671 -0.3670152 0.0590050 -0.3332578 -0.1590855 -0.4256076 -0.1103326 0.1188703 0.2759715 -0.3527541 -0.4995464 -0.2015390 0.0538345 0.0559851 -0.4046147 0.1662670 0.0212845 -0.3985934 -0.1857845 0.0712297 0.0767377 -0.3037864 -0.1169656 -0.1912552 -0.2628608 -0.2105427 -0.3358092 -0.5322392 -0.2873030 -0.1059171 -0.1268382 -0.0166259 -0.2357379 -0.0270808 -0.6470232 0.0277543 -0.1980524 -0.5070911 -0.5294211 -0.2503190 -0.4654235 -0.2763939 0.4487044 -0.1025605 0.4525673 0.4769345 0.5676018 -0.3133368 0.4053655 0.0194387 -0.3385369 -0.6032748 -0.3052666 0.2801399 0.1879201 0.4393018 -0.4156193 -0.1807368 -0.1276435 0.0100686 0.0314666 -0.4172685 0.5822126 -0.3955250 -0.1721045 -0.0589154 0.2850595 0.1317242 0.2599190 0.0908958 0.4836894 0.8126919 -0.0885669 0.5101315 0.4913369
-0.1765359 0.2032454 0.2773161 0.8211938 0.0820472 0.5082293 0.2067905 0.8916067 0.5045616 0.9054642 0.0000000 0.2051470 0.3633277 0.4239059 0.2279179 0.9509343 0.8926747 -0.1504188 0.6960278 -0.1942727 0.0796489 0.2450892 0.9721594 -0.1354308 0.7004393 0.9438637 0.7583988 -0.2122792 0.2586133 0.4168388 0.3221092 0.5909269 -0.3744765 0.0553195 0.9497225 -0.0314569 0.8492929 0.7629448 0.7406721 0.4547300 0.3137077 0.7201134 0.9267442 -0.3101870 0.6488474 0.8554595 0.9145831 0.5100322 0.1206325 0.8173663 0.9488374 0.8649367 0.5220894 0.7177145 0.7659145 0.8778988 0.9174799 0.7222031 -0.1500076 0.9493806 0.7318362 0.9330392 0.7124407 0.7340533 0.7312006 0.7865591 0.9430740 0.8949118 0.8334096 0.9370850 0.9370326 0.8627873 0.9153477 0.8539218 0.8887613 0.8854834 0.8174483 0.9428737 0.8486704 0.7360835 0.8170316 0.3292388 -0.1930479 -0.3225624 -0.1356442 -0.3030885 0.0052806 -0.3384489 -0.1818467 -0.0721976 -0.1565948 -0.0836883 -0.4083579 -0.2512146 0.1254830 -0.1401015 0.0105568 -0.3899116 0.2903273 -0.2124823 0.0437701 -0.1422062 -0.2819893 -0.3322725 -0.0910932 0.0874033 -0.2025849 -0.1983124 -0.0617973 -0.1861334 0.0934620 -0.0688782 0.0013574 -0.4702298 -0.4763931 -0.5009728 -0.5668783 -0.4217295 -0.3742662 -0.3850715 -0.3715015 -0.4311445 -0.3405680 0.0793735 -0.3103374 -0.4893145 -0.2433132 -0.1953185 -0.5184855 0.1399059 -0.1840893 0.0029720 -0.1137550 0.4622166 -0.5793605 0.0657957 -0.0934480 -0.3397242 -0.2008674 0.1934232 -0.2990443 -0.0061698 0.2402776 0.4533623 -0.3168420 0.1594653 -0.3601574 -0.2150480 -0.5121253 -0.0850371 0.1310521 0.3473441 -0.4227811 -0.4392714 -0.1745549 0.1508005 -0.0191670 -0.4108435 0.0791995 0.0338259 -0.3427427 -0.1878099 0.1304736 -0.0305895 -0.2894132 -0.0615309 -0.2100931 -0.3882313 -0.3580707 -0.4097466 -0.5204771 -0.3445869 -0.0203542 -0.1331776 -0.0012933 -0.2621599 -0.1467797 -0.6304154 -0.0751091 -0.2562862 -0.5443161 -0.5945724 -0.3418768 -0.5656159 -0.1809877 0.5387829 0.0307431 0.5835745 0.6113720 0.6611212 -0.2000504 0.4150394 0.1860553 -0.3934138 -0.5376399 -0.3003617 0.2123983 0.2031469 0.6198100 -0.2128628 -0.0500708 0.0809259 0.1635578 0.1925724 -0.3371568 0.7373633 -0.3220705 0.0487830 -0.0812113 0.4527985 0.1362254 0.4524772 0.2980743 0.4763471 0.7370825 0.1417142 0.3331085 0.4931059
0.1192386 -0.0306167 -0.4746317 0.5110552 -0.6150451 0.6898750 0.5565570 -0.0038672 0.5683445 0.3569422 0.2051470 0.0000000 -0.4038720 0.5271460 0.8301834 0.2390426 0.2584410 0.5321130 0.3995165 -0.5267360 0.9001975 -0.0411196 0.1176821 0.6666637 0.2985221 0.1623064 0.3410756 0.5722562 0.7999792 0.4042904 -0.1659708 -0.3082854 0.4133353 0.6254737 0.2302949 0.6694503 0.1660923 0.1518487 0.2302114 0.6084432 -0.2608108 0.7017497 0.2609947 0.3483456 0.7800797 0.2738422 0.3060313 -0.2051279 0.4444284 0.3578840 0.2069548 0.3279251 0.6854876 0.4437824 0.0331894 0.2755455 0.2979657 0.4744299 -0.5259935 0.2872868 0.4971564 0.3503667 -0.1079764 0.5825475 0.6959524 0.0423811 0.3179234 0.4084758 -0.1370044 0.2896870 0.3812039 0.5148552 0.2525447 0.5007755 0.3682656 0.4270113 0.5407384 0.2307763 0.3991652 0.5419711 0.2184618 0.0595616 0.0199872 0.0605269 -0.1204760 -0.0144367 0.1314774 -0.4466148 -0.0802726 0.0309554 0.0485443 0.1603927 0.1313377 -0.0105100 0.0212149 0.1076378 0.3303025 0.2546077 -0.2508753 0.2584092 0.1441762 -0.1300409 0.2050034 0.3736010 0.1234319 -0.3929900 -0.0753059 0.2422721 0.1515054 0.1248398 0.1022369 0.1829307 -0.2273631 -0.1059732 0.0652548 -0.1539883 -0.0428813 -0.0619199 0.0021658 -0.0160582 -0.1354663 0.0662107 0.4603839 0.1214161 -0.3013670 -0.2012534 0.1595070 0.1750834 0.3655767 -0.0071349 -0.0301238 -0.1255029 0.2350077 0.2924960 -0.2624811 -0.1253666 0.3351128 0.3721483 0.3770206 0.2957698 0.0026602 0.0758614 0.2966530 0.4752512 0.1561736 0.2628613 0.2759460 0.3613667 -0.0994286 -0.0690039 0.1448148 0.4554667 0.1120784 -0.0622433 0.1203322 0.2898200 0.1720636 0.2083580 0.3019266 0.1053582 0.1930373 -0.1647287 0.5027603 0.2600283 0.0359881 0.4194947 -0.0668933 0.0733758 0.2599565 0.0704959 -0.2355605 -0.0315255 -0.0084462 -0.2817440 -0.2134569 -0.1296359 0.6047930 -0.6195526 0.7047526 0.5602449 -0.3498309 -0.1301889 -0.0826296 -0.1564932 -0.5932915 0.4581810 -0.5028027 0.0558112 0.1192271 0.2587925 0.2996177 0.7649765 0.0040307 0.6119794 0.3147477 0.5282281 0.7891351 0.7334224 0.1273575 -0.3678703 0.1249132 -0.4871920 0.2021149 0.1970899 -0.5645020 0.1936086 0.0743846 0.0653939 0.3193303 0.0489988 0.4656518 -0.0706413 -0.1694527 0.8317443 0.5342169 -0.1547704 0.4767872 0.1323917
-0.3842814 0.5668853 0.9359946 0.0759841 0.9032198 -0.0733841 0.2483239 0.6693983 -0.2802420 0.1971120 0.3633277 -0.4038720 0.0000000 -0.1112190 -0.5451285 0.2590649 0.2492009 -0.6155735 0.2562646 0.6365877 -0.4849679 0.7656897 0.3985750 -0.5832374 0.4346057 0.3285593 0.3584677 -0.5209929 -0.3580066 0.2237685 0.7136499 0.8466273 -0.4542368 -0.3402830 0.3910511 -0.4047898 0.2737720 0.6483609 0.4611922 -0.1584555 0.9030924 0.1443061 0.4559646 -0.4896774 -0.0560680 0.3828502 0.3942449 0.9394181 -0.2642577 0.2980328 0.4617403 0.3771126 -0.0956411 0.0909413 0.7514361 0.5290658 0.3586236 0.0249595 0.6269023 0.3885714 0.3224575 0.2569040 0.8317905 -0.0324381 0.0569567 0.6353920 0.2905137 0.1514340 0.6434868 0.2733059 0.2996098 0.1908907 0.3598890 0.3071356 0.3316078 0.2604315 0.1846568 0.4149041 0.3679596 0.3165914 0.4765038 -0.3722245 -0.5036081 -0.6676057 -0.3999193 -0.5613818 -0.5788525 0.2988360 -0.5338514 -0.4576212 -0.5522842 -0.5227237 -0.5798605 -0.1805969 -0.3988193 -0.3771749 -0.4551754 -0.4678111 -0.0436231 -0.3956059 -0.4870197 -0.3461470 -0.5245718 -0.6009904 -0.3041294 0.2249497 -0.4860142 -0.5634222 -0.5480202 -0.6362879 -0.5994538 -0.3890223 0.2628273 -0.2640799 -0.4648154 -0.2338044 -0.4202148 -0.2247937 -0.1587536 -0.0918749 -0.0407208 -0.3608738 -0.4811323 0.3055301 0.2633336 -0.0188387 -0.3026939 -0.1808569 -0.1978085 0.2674509 0.2223870 -0.0412573 -0.2334293 0.2889683 -0.1516350 0.0201453 0.0055667 -0.0136327 -0.1062707 -0.2233637 0.1509867 -0.0413462 -0.2561140 -0.0237369 0.1392796 -0.3579405 -0.1880830 -0.1657005 -0.0429433 -0.2612961 -0.2841793 -0.0801155 0.0159872 0.0451235 -0.5597517 -0.2997243 -0.2493197 -0.0694197 -0.4113094 -0.2478635 -0.4389436 0.0359694 -0.4338456 -0.3063867 -0.2767923 0.0052270 0.1031208 -0.1895312 -0.4373772 -0.2054326 0.1982101 -0.0116492 -0.1711084 0.4243019 0.6012931 0.4242646 -0.4323083 -0.2169180 -0.6315553 -0.6548383 -0.5048139 -0.4062545 0.1916043 -0.2619242 0.6807577 0.1984183 0.8544161 0.7904222 0.7097719 0.5786743 -0.3164815 0.0824207 0.6504111 -0.2102499 -0.0822257 -0.0086628 -0.1529728 -0.0277497 0.7250795 0.2524957 0.1201653 0.6109424 0.1698488 0.2911698 0.4493859 0.3895185 -0.2215770 0.0921999 -0.3011474 0.5813329 -0.3454715 0.5423357 0.5116179 -0.1592838 -0.1505892 0.1153728 0.0936849 0.5707810
0.0281976 0.1030405 -0.1072193 0.4439075 -0.2657299 0.5787257 0.5231404 0.2040445 0.7572827 0.6679748 0.4239059 0.5271460 -0.1112190 0.0000000 0.7183102 0.4123927 0.6418169 0.6957840 0.6339316 -0.1262671 0.4118148 0.0102557 0.4288401 0.6935093 0.6503675 0.4285805 0.7240079 0.6626050 0.7342389 0.8593165 0.2135379 0.2140142 0.5499682 0.7472327 0.4973441 0.2774804 0.5329343 0.4570356 0.7118574 0.8389043 0.0435102 0.6646985 0.5279084 0.4875358 0.7010589 0.6779821 0.5286838 0.1037577 0.6824970 0.4335491 0.4860227 0.6602818 0.7347943 0.7032636 0.3794981 0.5868277 0.6579629 0.6437175 -0.2573659 0.4985203 0.4418179 0.6006006 0.1526467 0.7189246 0.5860487 0.3577210 0.5471500 0.5806292 0.2789402 0.5627904 0.6074194 0.6277094 0.5444740 0.4597083 0.5750070 0.6179875 0.5331228 0.5108068 0.6381455 0.5410752 0.3731150 0.1721276 -0.2935731 -0.4103702 -0.4151097 -0.4310696 -0.1544192 -0.5782820 -0.3709793 -0.4126109 -0.0054755 0.1227429 -0.1697655 -0.3269534 -0.1090251 -0.1836005 0.3384957 -0.1705648 0.0220379 0.1016967 0.0732429 -0.1822193 -0.1414920 -0.0262830 0.1382944 -0.1155140 -0.2726381 -0.0506949 0.0512622 -0.2821433 0.1958779 -0.0903478 -0.3538803 -0.3873979 -0.3249391 -0.5016566 -0.3878535 -0.2695445 -0.3526575 -0.3592576 -0.2632181 -0.2977853 0.0707501 0.1800891 -0.3672900 -0.7200345 0.0152872 -0.3069785 -0.3192849 0.1619979 -0.1230143 -0.5588429 0.0108990 0.2790684 -0.5441815 -0.2017298 0.0204747 -0.2213033 -0.2077215 0.0988146 -0.3796220 -0.0769000 0.3514829 0.1828982 -0.3506105 0.1684118 -0.1977862 -0.1825607 -0.2632518 0.0616549 0.2617071 0.1148147 -0.1158641 -0.1259161 -0.0273018 0.1116721 0.4520114 -0.1801972 0.5174720 0.2845082 -0.0682761 0.1260248 0.0785193 0.3878336 0.0585402 0.0699135 0.1501012 0.2252582 0.2446128 0.1006885 -0.1569595 0.0973235 0.1957143 0.2900863 0.2482543 0.0166326 0.0962306 -0.4985687 0.1921509 0.0374598 -0.2276534 -0.2838531 -0.1078570 -0.3213620 -0.4547002 0.1253239 -0.3041509 0.1342232 0.2409863 0.4062334 -0.3073914 0.3973766 -0.0496780 -0.0950943 -0.4620690 -0.1867544 0.2718939 0.0474786 0.1657083 -0.5396810 -0.1776021 -0.4150995 -0.0712521 -0.0587863 -0.4575570 0.3085806 -0.5004799 -0.2836237 0.0087919 0.0345975 0.1266430 -0.0018366 -0.1938875 0.4238499 0.6147098 -0.1792332 0.6893928 0.4125712
0.1713068 -0.1360525 -0.5975188 0.5742461 -0.6917308 0.5937037 0.2963937 -0.0616924 0.8227810 0.4769045 0.2279179 0.8301834 -0.5451285 0.7183102 0.0000000 0.2446398 0.3116549 0.7715331 0.3982228 -0.5960022 0.7553508 -0.2618871 0.2077286 0.8059607 0.2844041 0.2131591 0.3273582 0.6873927 0.9145188 0.4380065 -0.2351200 -0.3478363 0.6069539 0.8318365 0.2965186 0.5597256 0.2579159 0.0569687 0.3337553 0.7737792 -0.3841789 0.6015227 0.2732341 0.6300288 0.7274378 0.2706811 0.2724496 -0.3423492 0.7317078 0.1801243 0.2157731 0.3662143 0.7717593 0.6262298 -0.0819079 0.2102171 0.3219661 0.6243896 -0.4767941 0.2874531 0.2902953 0.4151753 -0.2400711 0.6835759 0.5979364 0.0108366 0.3768033 0.4697551 -0.1468381 0.3763636 0.3920921 0.5335988 0.3259046 0.3690062 0.3033551 0.4440500 0.4623999 0.2143856 0.3986650 0.4344516 0.0741663 0.1214998 -0.1059820 0.0667238 0.0012520 -0.0758925 0.1486475 -0.5637639 -0.0118442 0.0307892 0.2386489 0.2889786 0.1104428 -0.0595170 0.1595700 0.0920048 0.4441512 0.0565192 0.0087316 0.3352514 0.3146634 -0.1271892 0.0363104 0.3256439 0.2549977 -0.1812188 -0.0455905 0.1436241 0.2967541 0.0233739 0.4022963 0.0142792 -0.5395949 -0.2996243 -0.1180978 -0.4115479 -0.2054177 -0.2435496 -0.2741380 -0.3141912 -0.3556624 -0.1165006 0.3817837 -0.0614570 -0.5000851 -0.4651161 -0.0377770 -0.1496638 0.0519937 -0.2301067 -0.3441322 -0.4079677 -0.0013189 0.0353481 -0.3863133 -0.2681605 -0.0134094 0.0821057 0.0098764 0.3042014 -0.1271439 0.0812580 0.3070767 0.2869085 -0.1930519 0.2456705 0.0502531 0.1456506 -0.0830085 0.0785718 0.3036535 0.1932254 -0.0343357 -0.1057498 0.2039498 0.2901491 0.4058410 -0.0475473 0.5215075 0.2772000 0.0940848 0.0036204 0.3524520 0.4718874 0.0784536 0.1062078 0.0966967 0.2598755 0.4379957 0.2134283 -0.2279055 0.0838477 -0.0642887 -0.1270564 -0.1940222 -0.2520436 0.3464779 -0.4416914 0.5173657 0.3721741 -0.0875570 0.0219080 -0.0410193 -0.0165774 -0.5983498 0.0859731 -0.6616845 -0.2402657 -0.1263144 0.0844655 0.0545743 0.5415839 -0.2593782 0.2559551 -0.0898449 0.0901988 0.4698650 0.4208345 -0.1276466 -0.5166689 -0.2203275 -0.6934977 -0.1373269 -0.1790936 -0.5992087 0.0088121 -0.1133982 -0.2152102 0.1103540 -0.3128107 0.2233399 -0.2957701 -0.4315351 0.5769237 0.6601601 -0.3557941 0.4656401 0.1212463
-0.0975065 0.1595673 0.1667104 0.7729489 0.0004740 0.5182249 0.1924156 0.8433935 0.5498061 0.8166480 0.9509343 0.2390426 0.2590649 0.4123927 0.2446398 0.0000000 0.8161712 -0.0620946 0.7874201 -0.2190743 0.1120499 0.2284060 0.8982664 -0.0850379 0.7306313 0.9229809 0.6919593 -0.1358781 0.2414901 0.3694081 0.3236625 0.4994982 -0.3392273 0.0416659 0.8736492 -0.0176354 0.8123170 0.7379503 0.6261317 0.4298741 0.1928206 0.6457124 0.8224977 -0.3152252 0.6029101 0.7950153 0.8808096 0.4199346 0.0612244 0.8359887 0.8954101 0.7751304 0.4343804 0.6439618 0.7230409 0.8259909 0.8755696 0.6273534 -0.2268666 0.8998050 0.6936496 0.8683228 0.6480484 0.6981533 0.6459613 0.7227081 0.9209358 0.8008023 0.7865636 0.8810084 0.9162561 0.8011252 0.8458943 0.7801103 0.8817735 0.8519411 0.8261041 0.9322310 0.8037766 0.7291877 0.8206775 0.3884733 -0.2203333 -0.2900997 -0.1307388 -0.3253611 -0.0216923 -0.4408615 -0.2138540 -0.1101859 -0.2131721 -0.1526345 -0.4341048 -0.3370778 0.0111020 -0.2044456 -0.0546081 -0.4273696 0.1545130 -0.2507617 -0.0439437 -0.2327923 -0.2953016 -0.2936524 -0.1709126 -0.0960176 -0.2618288 -0.2082691 -0.1066720 -0.1476712 0.0375337 -0.1212025 -0.0875018 -0.5331198 -0.5053772 -0.5536031 -0.6004539 -0.4972017 -0.4675415 -0.4092760 -0.4588810 -0.4903018 -0.3476879 -0.0591932 -0.4424916 -0.5483507 -0.2448290 -0.2406435 -0.5580668 0.1108916 -0.2791863 0.0492284 -0.0677627 0.5116046 -0.5416647 0.0401629 -0.0741974 -0.3704248 -0.2672702 0.1443588 -0.4142713 -0.1347768 0.2259542 0.4717788 -0.3591140 0.2359699 -0.4067810 -0.2938179 -0.6077702 -0.1375092 0.0974555 0.3329895 -0.5354787 -0.4687169 -0.1288888 0.2096061 -0.0441209 -0.4830319 0.0960574 0.0138315 -0.2794669 -0.2761512 0.1803960 -0.1082396 -0.3494077 -0.0869200 -0.2730263 -0.4734848 -0.3918086 -0.4569908 -0.6073643 -0.4084968 0.0775312 -0.1342231 -0.0159032 -0.2432657 -0.0942579 -0.6227273 0.0157704 -0.1637553 -0.5120102 -0.6239053 -0.4326849 -0.6494521 -0.2675442 0.5320299 -0.0444236 0.5132223 0.5878293 0.6221316 -0.1085044 0.4464509 0.2229752 -0.3319490 -0.5085091 -0.2727109 0.2493176 0.2664552 0.6009987 -0.2258404 -0.0811077 -0.0187850 0.1050312 0.1530693 -0.4225447 0.7477455 -0.2720130 0.0961334 -0.0910766 0.3892118 0.1303694 0.5208479 0.2882839 0.5335317 0.6943875 0.1760506 0.2891978 0.3690252
-0.0817631 0.1472835 0.2478583 0.7062579 0.0097552 0.5817977 0.3742809 0.7139117 0.5227089 0.9402219 0.8926747 0.2584410 0.2492009 0.6418169 0.3116549 0.8161712 0.0000000 0.0320674 0.6148478 -0.1903447 0.1270842 0.1943159 0.8764300 0.0990706 0.7161578 0.8253015 0.8805539 0.0162416 0.3836899 0.6239369 0.3155086 0.5126904 -0.1341329 0.2529803 0.8634834 -0.0199249 0.7640503 0.7677792 0.8412142 0.6359180 0.2993609 0.7586829 0.9093559 -0.0973407 0.7297036 0.9025662 0.8550583 0.4558800 0.3126649 0.8252901 0.8674293 0.9420221 0.6318065 0.8042472 0.7094894 0.8598813 0.9055325 0.8002531 -0.2715996 0.8926236 0.7063991 0.9405447 0.6024804 0.7920017 0.7710813 0.6805989 0.8898616 0.9253644 0.7585493 0.9271474 0.8919371 0.8373190 0.9057626 0.8234384 0.8338412 0.8924468 0.7840145 0.8741779 0.8750894 0.6967456 0.7327247 0.3774612 -0.0914475 -0.3706624 -0.3000689 -0.2999385 0.0365062 -0.3650474 -0.2363799 -0.1491662 -0.1156344 -0.0109154 -0.3106328 -0.2709835 0.0719323 -0.2189992 0.1068336 -0.2512944 0.3078121 -0.2021248 0.0858918 0.0063374 -0.1115652 -0.3036661 -0.0602780 0.0687045 -0.1156095 -0.0793330 -0.0284102 -0.1956417 0.1488933 0.0484933 0.0411834 -0.3650120 -0.4009827 -0.4192639 -0.4685296 -0.2962672 -0.2805589 -0.3590716 -0.2410173 -0.3518081 -0.3080486 0.2253086 -0.2358685 -0.5889439 -0.0486472 -0.1601653 -0.5317238 0.3176048 -0.0366328 -0.1262649 -0.0180848 0.4708182 -0.6540308 0.1138637 0.0175878 -0.3985900 -0.1851359 0.0742770 -0.3104601 -0.1066102 0.3449131 0.3174973 -0.3821270 0.1850541 -0.3614443 -0.2184804 -0.4402365 -0.0934239 0.1476463 0.2734925 -0.4198163 -0.4258551 -0.1726336 0.0108754 0.0770834 -0.3749288 0.2061499 0.0628646 -0.2715206 -0.1639790 0.0234913 0.0247902 -0.2203796 -0.1130282 -0.2059500 -0.2578211 -0.2429924 -0.3641095 -0.4660771 -0.2368311 0.1504822 -0.0587441 0.0800558 -0.1716432 -0.0303802 -0.6576065 -0.0092830 -0.2419481 -0.5368091 -0.6457931 -0.4496081 -0.6202321 -0.3661625 0.5295146 -0.0689191 0.5442511 0.5815645 0.6674273 -0.3324718 0.3637860 0.0865893 -0.3717976 -0.6149786 -0.3025900 0.2370068 0.0756455 0.5094187 -0.4018309 -0.0268105 -0.0409603 0.1391411 0.1563577 -0.4123403 0.7022984 -0.4946895 0.0273496 0.0172954 0.4287439 0.2019870 0.3574567 0.1895610 0.4828615 0.7399135 0.1701115 0.5702262 0.5107413
