0.0000000 0.2574817 0.1869502 0.0803612 0.1799470 0.1451688 -0.1787697 0.1177517 0.1932064 0.3135750 -0.0677807 0.3725196 0.1661706 0.3282292 0.0545776 -0.0707542 0.1536588 0.0651694 0.1557956 -0.1699167 0.5785154 0.1591717 -0.2702073 0.2900591 0.1660758 -0.0104099 -0.3143079 0.2499606 0.3147891 -0.2958718 0.1504889 0.1241209 0.3533488 0.2612030 -0.4753556 0.5264313 0.0208861 0.1102454 -0.4427634 -0.2916712 -0.1218812 0.2866435 -0.5905305 0.2560274 0.1199701 -0.1316611 -0.1319949 -0.0832704 0.3373898 0.0607312 -0.2737084 -0.3428004 0.3246008 0.1167574 0.1488604 0.1455458 0.0593621 0.2731015 0.4823112 -0.1623566 0.4692100 0.0746944 -0.4416486 0.2954453 0.3386531 0.3042408 0.3531058 0.1017021 -0.2471576 0.2105208 0.3560047 0.3818796 0.2037781 0.4298249 0.3205801 0.5393228 0.4604425 0.4999975 0.6750891 0.5333213 0.8350886 -0.1886172 0.3459999 -0.0805721 0.2625189 0.6802737 0.5453616 -0.4466895 0.3317936 0.4707317 -0.0333955 0.6109306 0.4054747 -0.6362651 0.5922977 0.5516667 0.1110955 0.4159738 0.2575269 -0.6108166 0.0813732 0.3585847 0.6285987 -0.4082386 0.2784508 0.4194840 0.6359194 0.6505828 0.2023904 0.7169202 0.4822444 0.4654034 0.6031526 0.6084928 0.6023245 0.5941978 0.5607593 0.5364457 0.5849605 0.4861177 0.4559069 0.5115263 -0.0357253 0.2441619 0.3730848 0.5167163 0.3603753 -0.0178554 0.2428852 0.1929421 0.2063230 -0.2872103 0.2155511 -0.0339998 -0.4717223 0.0382520 0.1600966 0.2187276 -0.0060163 0.5866449 0.1051438 0.3822882 0.1764163 0.7127641 0.2464506 -0.0283384 0.1982119 0.1685349 0.2047700 0.2966799 0.4160848 0.2825186 0.2909691 0.0475805 0.3955185 0.0962199 0.2927518 0.0856720 0.3275906 0.5572928 0.4468361 0.4250520 -0.4325358 0.4761593 0.3333128 0.0387782 -0.0387037 0.2555185 0.4170575 0.4598131 0.3600836 0.3094026 0.5497352 0.5751590 0.2932189 0.6074523 0.6782868 0.5523477 0.6148728 0.5299656 -0.1543017 -0.0926045 0.0862900 0.5082864 0.7195414 0.5548016 0.7494051 0.5318119 0.4872451 0.6659727 0.5534975 0.6507362 0.5202622 0.6286997 0.6067151 0.6687338 0.7773133 0.5823240 0.5203140 0.6900332 -0.4658196 -0.5980510 -0.3670181 0.3679072 0.0285642 0.6098328 0.3950151 0.1858402 -0.5661707 -0.0237624 -0.3930215 0.6323712 0.4194310 0.7227267 0.3929558 -0.1081334 0.2544050 -0.1581551
0.2574817 0.0000000 0.0243157 0.6572396 0.0839106 0.6915682 0.4093967 0.3875666 0.5252632 0.5219746 0.2829690 0.6648768 0.0017429 0.3051891 0.5722617 -0.1328460 0.3767569 -0.0498848 -0.0568157 -0.2439537 0.6146057 -0.0085851 0.0663950 0.3475252 -0.0292952 -0.1048489 -0.1753939 0.2346278 0.4927617 -0.0691607 0.2639490 -0.1601096 0.2211721 0.4540933 -0.0781803 0.5188239 -0.2915676 -0.0692734 -0.1376478 -0.0829105 0.0611467 0.1796855 -0.1945647 0.3033893 0.3551259 -0.2877489 -0.2506826 -0.0487862 0.4906783 -0.3495854 -0.2406529 -0.0414944 0.6617945 0.0907106 -0.0558861 -0.2629183 -0.2627478 0.4231486 0.1207778 -0.3140848 0.3375987 -0.0451687 -0.0405608 0.6048535 0.7142219 -0.2751435 -0.4801606 0.1929392 0.0465714 0.3593698 -0.5000623 0.5145149 -0.1175854 0.6163099 -0.4012489 0.1389786 0.3414089 -0.2734542 0.3536238 0.4649200 0.5088509 -0.1487410 -0.1071576 0.0967595 0.1254178 0.1965366 0.3360393 -0.3508753 0.0982556 0.2180499 0.5147381 0.2566094 0.0626040 -0.2569590 0.4562896 0.2678563 0.0413919 -0.0370964 0.3162023 -0.0812708 -0.1391479 -0.0556668 -0.0015012 -0.2049058 -0.1300678 -0.0615679 -0.0543480 -0.0142712 -0.2655126 0.0295596 0.0050967 -0.1509465 -0.0929261 -0.1001356 -0.1619036 0.0143076 -0.0679365 -0.1532294 -0.0427232 -0.1727945 -0.1982994 -0.0282214 -0.2363311 -0.1637274 -0.3141165 -0.0078241 -0.1221382 -0.4155752 -0.4599493 -0.3620253 -0.3689418 -0.5169052 -0.2592369 -0.3262938 -0.6039324 -0.3289295 -0.4023703 -0.3817242 -0.4111969 0.0154514 -0.3329089 -0.2361445 -0.1213589 0.3385383 -0.4073680 -0.2136999 -0.2855271 -0.2840810 -0.2571776 -0.2460262 -0.0997414 -0.0280205 -0.3078338 -0.2556897 -0.2965126 -0.1319490 -0.1889098 -0.3085499 -0.0607999 -0.0617589 -0.1983327 -0.2215719 0.1054744 -0.1588352 -0.3164194 -0.0887962 -0.1752300 -0.1627975 -0.3016773 -0.2799270 -0.2221719 -0.2710311 0.3960724 0.4756713 0.7045398 0.5945663 0.6628154 0.1918958 0.7010339 0.4882869 0.3542485 0.1779948 -0.2525390 0.0481024 0.5072060 0.7751732 0.5767639 0.4190311 0.4436657 0.6128180 0.0444101 0.5984146 0.2416325 0.1585137 0.0081248 0.0506499 0.5246598 0.2261170 0.4413487 0.1953369 -0.0538343 0.0838836 0.3754645 0.3620427 -0.0586386 0.3465399 0.1075322 0.2157378 -0.0849324 0.1370517 0.1164722 0.3863933 0.1649651 0.5143469 -0.0288365 0.1620352 0.1786874 0.1210349
0.1869502 0.0243157 0.0000000 -0.4608268 0.8347285 -0.4907916 -0.3682994 -0.0480846 -0.5450182 -0.5191037 -0.4311296 -0.3491906 0.6594645 -0.4037896 -0.5181974 0.1200900 -0.4717176 0.1520281 0.1054926 0.3588824 -0.1413929 0.0992479 -0.0547389 -0.4338918 0.0595849 0.0247268 -0.5682690 -0.3439857 -0.3761734 -0.4832461 -0.1079437 0.4802294 -0.4034664 -0.4744274 -0.0790672 -0.2258403 0.2005299 0.2640747 -0.3253016 -0.3152719 0.2395138 -0.1686567 -0.2174800 -0.4517933 -0.1883853 0.1921425 0.0187706 0.5622345 -0.4364793 0.4817355 -0.0145157 -0.0782461 -0.3715310 -0.4179322 0.3315779 0.5231564 0.3634388 -0.4282211 0.1221756 0.1619366 -0.1085422 -0.1535588 0.1242798 -0.5316498 -0.4221005 0.7024861 -0.0670098 -0.2496853 0.3573210 -0.4263888 0.0754729 -0.3157701 -0.1407968 -0.0458224 -0.0556474 -0.1675983 0.1504898 -0.1037880 -0.1539222 0.5055556 0.0854170 -0.7279541 -0.1355059 -0.1557149 -0.5386368 -0.1146140 -0.1091491 -0.2489284 -0.2153125 -0.2829402 -0.0731045 -0.0745472 -0.0602783 -0.2690258 0.0941809 0.0400559 -0.0172670 0.0104531 -0.2367053 -0.0752847 -0.2087333 -0.1092338 0.0673057 -0.3092151 0.0392923 -0.0448037 0.0483094 0.1931464 -0.1847036 0.2023059 0.0369915 -0.2611882 0.2534049 0.2755209 0.2600570 0.3418871 0.3452782 0.1624485 0.2050540 -0.0157201 0.3074252 0.4314410 -0.4239573 0.0479461 0.0887388 -0.1881624 0.2888495 -0.3922865 -0.0331760 0.0490359 0.0572928 -0.3635865 0.2287599 -0.2918273 -0.2025010 -0.3613629 -0.1059132 -0.1535245 -0.2045624 -0.0911705 -0.0375972 -0.1735557 -0.0451198 0.1240452 -0.0014130 -0.0676368 -0.0421475 -0.0647006 0.0421997 -0.0400176 -0.1410770 0.0560983 -0.0096677 -0.0130296 0.2909627 -0.1582921 -0.2213540 -0.1279780 0.0403071 -0.1574846 0.1286275 -0.0144843 -0.3799845 -0.1783963 0.0286703 -0.1018809 -0.3055050 -0.0106122 0.0088817 -0.0902219 0.0497390 0.0489499 0.0275739 -0.1928825 -0.2452574 -0.0073271 0.2279527 0.4394442 -0.0376510 -0.2167717 0.0880938 -0.2229315 -0.0748314 0.2220060 0.1715763 -0.1125186 0.3730674 0.6687867 0.4574417 0.2713015 -0.2462555 0.3761629 0.6504559 -0.2548526 -0.2081164 -0.1937207 0.0638557 0.4945085 0.4755428 -0.0943310 -0.0708291 0.0906353 0.2670394 0.2249787 0.5202143 0.2836576 0.0573714 0.2621889 -0.1036409 0.4307247 0.0232978 0.2044367 0.6050850 0.3816950 0.2834328 0.2782298 0.4742762 0.3016465
0.0803612 0.6572396 -0.4608268 0.0000000 -0.3688548 0.9190642 0.5315442 0.7409516 0.6935167 0.7840156 0.7607921 0.6312226 -0.0158486 0.4247818 0.6414320 0.1872971 0.6926503 -0.3480264 0.2690301 -0.5014120 0.4020523 0.2689573 0.3999681 0.5421380 0.2099848 0.1629070 0.2211933 0.4321056 0.5877317 0.3828121 0.3085784 -0.0595204 0.3498568 0.6005629 0.2463818 0.4025033 -0.0596042 0.1922975 0.3628658 0.3743486 0.1175465 0.2386677 0.2655100 0.4413429 0.3415250 0.0462688 0.1098913 -0.0714756 0.5711346 -0.1756480 0.1464359 0.2724631 0.7148802 0.5012210 0.1963619 -0.1629550 -0.0797861 0.6732863 -0.2055176 -0.0424872 0.3304960 0.2307605 -0.0673436 0.9009618 0.8425515 -0.4191599 -0.0168600 0.4389375 -0.0454001 0.7350759 -0.1690626 0.8407478 0.2379348 0.7585551 -0.0320933 0.4122555 0.5379805 0.0112569 0.4493943 0.0669537 0.3254519 0.3233375 0.0512936 0.4601715 0.5449657 0.3633438 0.2634180 -0.1180007 0.4154584 0.5319824 0.5991364 0.2013323 -0.0233321 -0.0600836 0.5293396 0.3497823 0.0964245 -0.0455591 0.5980512 -0.1019232 0.1847558 0.0114733 0.0661272 0.0981726 -0.0088239 0.1346094 0.0685619 -0.0731909 -0.0573638 -0.0130314 0.0874745 0.0153675 -0.1525856 -0.1700467 -0.1159239 -0.1018230 -0.1528068 -0.0888717 -0.1021320 -0.0235008 -0.2009329 -0.1936125 0.1187777 -0.0832839 -0.1297227 0.0853720 -0.0826867 -0.0623773 -0.1086675 -0.0764081 -0.0429493 0.0285774 -0.0391081 0.0087932 -0.1373693 0.0118280 0.0667986 -0.0322992 0.1474571 -0.0573796 -0.0866772 -0.0649177 0.2043643 0.2443526 -0.0110661 0.0493626 0.1681586 0.1683967 0.0709592 -0.0382632 -0.0167828 0.1247904 0.0474745 -0.0280813 -0.0046399 0.1730057 0.0514815 0.0910325 0.2032678 0.0011351 -0.0368935 -0.0696956 0.2464296 -0.0548707 -0.0053132 0.1376681 0.0451466 0.1281174 -0.2063504 -0.1730615 0.0220990 0.0554987 0.1748717 0.2727430 0.3512033 0.1685806 0.1775576 -0.2026889 0.3353541 0.2970153 -0.0464261 0.1274067 -0.2310267 -0.1071225 0.0348107 0.6385390 0.0791703 0.0011429 0.3447869 0.4631711 0.0801682 0.1605780 -0.2700761 0.0901833 0.0561776 0.0299476 0.1871554 -0.2947758 -0.0820914 0.0872160 -0.0614956 0.0465536 0.2006121 0.0572801 -0.4373438 -0.0210775 0.0972149 -0.0214805 0.1109235 -0.1089944 -0.0118596 0.0338919 -0.2121517 0.0862629 -0.0790310 0.0596326 0.0497426 -0.0707892
0.1799470 0.0839106 0.8347285 -0.3688548 0.0000000 -0.4109891 -0.4623996 0.0001894 -0.4313048 -0.3042100 -0.2374018 -0.4280050 0.7142745 -0.2124795 -0.4390263 0.2294880 -0.3857261 0.1040786 0.2039585 0.5764201 -0.2637256 0.2263814 0.0975153 -0.3835253 0.0563136 0.0621418 -0.5921900 -0.1610516 -0.4906539 -0.2166513 0.2002604 0.4751624 -0.3826911 -0.5242282 -0.0414887 -0.3899783 0.2222835 0.2990801 -0.3024360 -0.2319629 0.4208961 -0.5249034 -0.2281685 -0.2789649 -0.5036193 0.0636721 -0.0395818 0.6725025 -0.3426526 0.3957711 -0.0306943 -0.0834337 -0.3923110 -0.3270730 0.2548454 0.3054666 0.3629012 -0.2789186 -0.1969528 0.1428156 -0.4353224 -0.1799741 0.0235187 -0.4518008 -0.4358043 0.7483002 -0.1141037 -0.1064362 0.3586540 -0.3202067 0.0970688 -0.2627031 -0.0622550 0.0400273 -0.2082645 -0.2767847 0.2817355 -0.2625751 -0.2722500 0.6222847 0.0953710 -0.8588820 -0.0410126 -0.1711875 -0.5767442 -0.0599631 0.0267436 -0.2707808 -0.2597104 -0.2573953 0.0217102 -0.0130668 -0.0948532 -0.1548369 0.0870930 0.0066770 0.0320193 -0.0654348 -0.2046726 0.1275259 -0.2093761 -0.1282155 0.0799353 -0.0725672 0.0055603 -0.1369647 0.0099311 0.2115516 -0.2137843 0.1602869 0.0363248 -0.3081910 0.1841296 0.2291411 0.1486280 0.2121432 0.1770148 0.0206530 0.0344297 -0.1074714 0.1850160 0.2749343 -0.5869453 -0.0895843 0.0732861 -0.3601983 0.1497420 -0.5221432 -0.1061862 -0.0676502 -0.0146894 -0.5180368 0.1096566 -0.3663485 -0.1532947 -0.4901534 -0.0977187 -0.2519076 -0.1850855 -0.2417355 -0.0761604 -0.2748313 0.0248751 0.0036254 -0.0369388 -0.1632878 -0.0502363 -0.0135068 0.0781220 -0.1116038 -0.3746337 -0.2740613 -0.0578664 -0.0183175 0.2668681 -0.3468821 -0.1629375 -0.1637800 0.1003481 -0.3492018 0.2441694 -0.0708141 -0.5407096 -0.2292702 0.0287746 -0.2949674 -0.3527267 -0.0127690 -0.0108437 -0.1306881 0.0758572 0.0328709 0.1018498 -0.1437571 -0.2123322 -0.0778874 0.1780282 0.3306257 -0.1097324 -0.3138342 0.1937481 -0.3337580 -0.3491206 0.1196445 0.0320764 -0.1823712 0.3248753 0.7523919 0.5786659 0.2909330 -0.2897527 0.4800976 0.7731506 -0.3390593 -0.3257411 -0.3363736 0.0125498 0.6240373 0.6738656 -0.2483775 0.2035393 0.1063698 0.1730672 0.1415246 0.6136055 0.3388645 -0.1000454 0.4878891 0.0562254 0.5443647 -0.1637752 0.3217744 0.7671535 0.4413624 0.3161572 0.5318207 0.5639943 0.4005686
0.1451688 0.6915682 -0.4907916 0.9190642 -0.4109891 0.0000000 0.6124949 0.5946490 0.8352567 0.8622205 0.6874125 0.7824578 -0.1637105 0.5841743 0.7728574 0.0045708 0.7067596 -0.1012506 0.0856912 -0.4243989 0.5302219 0.0514541 0.1128697 0.7056176 0.0119681 -0.0674528 0.1258768 0.5477725 0.7017207 0.2819027 0.2343547 -0.2651404 0.5466963 0.7449895 -0.0654129 0.5002493 -0.2863308 -0.0282849 0.1044252 0.1267566 -0.0581223 0.2559471 -0.0045093 0.5643604 0.3073033 -0.1422727 -0.1143918 -0.2969943 0.7122364 -0.2898297 -0.1410872 0.0107995 0.8389316 0.3486464 -0.0488175 -0.3475191 -0.3519903 0.6168933 -0.1696003 -0.3750854 0.3288561 0.0481228 -0.1810169 0.9199099 0.9018741 -0.5383320 -0.1976549 0.2940171 -0.2661224 0.6558138 -0.2685047 0.8589829 0.0757181 0.7657778 -0.1253844 0.3786978 0.5406611 -0.0109671 0.5147813 0.1469313 0.4262564 0.3352796 0.1338583 0.3107903 0.5881439 0.3345814 0.3176064 -0.1288054 0.3430567 0.4929627 0.4809132 0.3035616 0.0179229 -0.0672774 0.4628685 0.3110821 0.0701528 -0.0675416 0.4932561 -0.1303257 0.1170667 -0.0180043 0.0346211 0.0346442 -0.0907717 0.0726059 0.0353436 -0.0718355 -0.1076350 0.0068387 0.0351357 -0.0093427 -0.1903266 -0.1707256 -0.0685044 -0.1152321 -0.1372846 -0.0459661 -0.0659872 -0.0354286 -0.2469263 -0.2180488 0.1291850 -0.1143054 -0.1767888 0.0928294 -0.0993289 -0.0370022 -0.1586886 -0.1160432 -0.1126033 -0.0394929 -0.1144010 -0.0299741 -0.2378212 -0.0224088 -0.0248893 -0.0444774 0.0643451 0.0503143 -0.0749464 -0.0304884 0.1104301 0.2470207 -0.0839020 -0.0871378 0.1009064 0.1082389 0.0618763 -0.0460720 0.0370537 0.0588405 0.0162552 -0.0815678 -0.0765745 0.0257110 0.0622034 0.0447697 0.1272354 0.0724917 -0.0265033 -0.0409444 0.1303331 0.0405060 -0.0066973 0.0751984 0.0041534 0.1098839 -0.1466031 -0.0992836 0.0313363 0.0580628 0.3337742 0.4505487 0.4276796 0.2703696 0.2604601 -0.1337096 0.4279858 0.3500697 -0.0767737 0.0206335 -0.3247721 -0.1248915 0.1372856 0.7160100 0.1949991 0.0476699 0.3525739 0.5309612 0.1297510 0.2606098 -0.2009278 0.2045671 0.1180861 0.1201063 0.3175114 -0.1705365 0.0208354 0.1529011 -0.1465296 -0.0851164 0.0842277 0.0253855 -0.4897589 0.0180218 0.1697653 0.0107656 -0.0673835 -0.2235804 -0.0866546 0.1134773 -0.2033818 0.2202268 -0.0468134 0.0482011 -0.0489446 -0.2165796
-0.1787697 0.4093967 -0.3682994 0.5315442 -0.4623996 0.6124949 0.0000000 0.2551888 0.5140557 0.4313117 0.3848968 0.5803681 -0.3937047 0.3406812 0.6186079 -0.0504993 0.5719980 0.0972870 0.0009265 -0.2064786 0.3180109 0.0873382 -0.0569841 0.3871851 0.1867156 -0.1391924 0.4325906 0.2022213 0.4309193 0.1890915 0.0006571 -0.1190969 0.2904279 0.4377989 -0.0710525 0.3607975 -0.2092675 -0.0560745 0.3210837 0.2118729 -0.1502657 0.3839237 0.1830928 0.3721988 0.4399321 -0.1389718 -0.2339681 -0.2905450 0.4334116 -0.2968744 -0.1113204 0.1011844 0.4494451 0.3281058 -0.0669630 -0.1406873 -0.3320020 0.4060326 0.1136606 -0.2095828 0.3923840 0.2188165 -0.2596090 0.4459817 0.4669724 -0.5387883 -0.1664325 0.2573403 -0.1748209 0.3955537 -0.2083452 0.3486919 0.2368048 0.1987417 0.1252488 0.3402411 0.0473981 0.1080550 0.2692848 -0.1451852 0.0246298 0.4655176 0.0318658 0.3118057 0.5181536 0.1169951 -0.0273504 0.2644188 0.2308316 0.3691525 0.3590605 0.2355514 0.1609480 0.2692804 0.2054561 0.1256337 0.1711405 0.0572613 0.3535590 0.1139462 0.4167377 0.1252039 0.0132808 0.2985886 0.0708659 0.0754508 0.0455691 -0.0866572 0.1678009 0.0201032 0.1147365 0.1414260 -0.0580895 -0.0507157 -0.0144425 0.0643255 0.1004564 0.0903740 0.1234872 0.0486841 0.0004470 0.0241301 0.4397710 0.3286952 -0.0010572 0.1703942 0.1161887 0.2982256 -0.0117087 0.1699775 0.1175738 0.1502242 0.0622671 0.4518907 -0.0756436 0.3608512 0.0992661 0.1209195 0.1836061 0.1733773 0.1671149 0.1717662 0.0555183 0.2815077 0.0304583 0.4247719 0.1640483 0.0813099 0.0596923 0.2081733 0.3322901 0.3366510 0.1035760 0.3196732 -0.0983139 0.2205623 0.1328881 0.2152614 0.1281970 0.2306387 -0.1765778 0.0693732 0.6010393 0.1460482 -0.0021843 0.4472804 0.5113263 0.2145810 -0.0249740 0.0847143 -0.0231649 -0.0058408 0.1699275 0.5059404 0.4702523 0.1580360 0.0812715 -0.1082953 0.3153702 0.3186105 0.1465036 0.4388386 0.1952727 0.2501506 0.0788775 0.3036131 -0.0354667 -0.2457756 -0.1145392 0.0566050 0.1205747 -0.0669266 -0.2565005 0.1043910 0.1175263 0.1576542 0.2433361 -0.1882389 -0.2581107 0.1447912 0.1665006 0.0598460 0.4402118 0.2934703 -0.1226526 0.0172064 0.2996187 0.0090770 0.1937435 -0.2483272 0.4739857 0.0558373 -0.1935940 0.1478899 0.2744747 -0.1761278 -0.0403822 -0.0319019
0.1177517 0.3875666 -0.0480846 0.7409516 0.0001894 0.5946490 0.2551888 0.0000000 0.1869017 0.4669781 0.7851531 0.1536339 0.5433040 0.0494295 0.0839029 0.7026462 0.4926664 -0.4819292 0.7622151 -0.1633460 -0.0272840 0.6714390 0.6167779 0.1085919 0.5998380 0.5089101 0.0081467 0.0559852 0.1124245 0.1864153 0.4719924 0.4876569 -0.1029786 0.1201177 0.4516189 -0.0060613 0.4388409 0.6409384 0.4046307 0.4869964 0.3843305 0.0270505 0.4408318 -0.0260284 0.0935357 0.4557601 0.5016053 0.2845780 0.0765841 0.2797342 0.4858605 0.5544418 0.2656681 0.5155572 0.6026472 0.3812315 0.4438904 0.4819458 -0.3436622 0.3417687 0.2186567 0.4918286 -0.1980573 0.5799619 0.4684176 0.0232233 0.2484202 0.5462089 0.2903078 0.6742548 0.0340825 0.6904180 0.4196921 0.7422246 0.0285416 0.3607042 0.6391558 -0.0588222 0.1817317 0.0830726 0.2168602 0.0850707 -0.1509902 0.4211891 0.2797434 0.2418395 -0.0889830 -0.0727733 0.4054544 0.4125641 0.4492443 0.0256260 -0.3220821 -0.0075845 0.5847175 0.2959563 -0.0959518 -0.2838815 0.6102785 -0.2312160 0.0438920 -0.2573299 -0.0122777 0.0856190 -0.1199816 -0.0130527 -0.0026834 -0.1725272 -0.2946105 -0.0458828 -0.0970866 -0.2107017 -0.1968046 -0.1946099 -0.0837758 -0.1027341 -0.0987412 -0.1384334 -0.1827299 -0.1943914 -0.1902296 -0.2096392 -0.1698719 -0.1799262 -0.1802871 -0.1124080 -0.1006031 -0.3335260 -0.1352013 -0.1155090 -0.0322343 -0.1759626 -0.0118164 -0.1381149 -0.1787569 -0.2144881 0.0487984 -0.1422460 0.1369427 -0.2445100 -0.2366719 -0.2767942 0.1583709 0.2357422 -0.0310622 0.0174142 0.1593370 0.1866348 0.1059849 -0.1904769 -0.2510035 0.0338914 -0.0138035 -0.0981325 0.2372823 0.2367389 0.0004552 -0.0085219 0.2620334 -0.1150785 -0.0178221 -0.2087684 0.0426451 -0.1186503 -0.0430582 0.0258265 -0.1961639 0.1544512 -0.1974972 -0.2857996 0.0303453 0.0901380 -0.1291963 -0.0385273 -0.0723268 -0.0939325 0.0234476 -0.0150644 -0.0133330 -0.0663192 -0.0488089 -0.0367155 -0.3452675 -0.0366424 -0.0986100 0.4547065 0.1490219 0.3104412 0.5652668 0.5409428 -0.2271154 0.0816276 0.0116189 -0.1939507 -0.1616377 -0.1299754 0.0461368 -0.0520310 0.0790049 -0.1181804 0.0139610 0.2480889 0.3606924 0.2588563 -0.1067305 0.0869014 -0.0256490 0.2491524 0.1573450 0.2548069 -0.0668723 0.0671281 0.2250972 0.1633005 0.1659003 0.2873900 0.3693566 0.1917269
0.1932064 0.5252632 -0.5450182 0.6935167 -0.4313048 0.8352567 0.5140557 0.1869017 0.0000000 0.8104864 0.3881666 0.8683103 -0.4194992 0.6664890 0.9416389 -0.2919652 0.4760647 0.1407128 -0.2122387 -0.3855896 0.6533418 -0.2059086 -0.1461997 0.9057137 -0.2892507 -0.2646516 0.0517084 0.7092367 0.8249316 0.2384531 0.1055008 -0.5030053 0.8176032 0.8789734 -0.3322785 0.6265099 -0.4791739 -0.3107382 -0.1204572 -0.1478180 -0.1952500 0.3081685 -0.3051171 0.8029580 0.2864391 -0.3787294 -0.3471884 -0.3839800 0.8976790 -0.4085480 -0.4284641 -0.3688763 0.8814246 0.1842250 -0.3493466 -0.5768411 -0.5266205 0.5178541 -0.0399223 -0.6137208 0.2969214 -0.1859067 -0.1325993 0.8155197 0.8268722 -0.4394487 -0.1999014 0.0519422 -0.4695335 0.4434077 -0.1123072 0.7241367 -0.0936664 0.5546566 0.0099923 0.3137639 0.4285139 0.1761326 0.6072485 0.1547165 0.4459279 0.3073414 0.4310610 0.1741582 0.6174374 0.4868561 0.5988999 0.0069632 0.3902941 0.5230868 0.4503783 0.4758559 0.3225974 -0.1113608 0.4164988 0.3600034 0.2761632 0.2207132 0.4586938 -0.1191546 0.3414264 0.2914471 0.2133132 -0.0081301 0.1683294 0.3201861 0.2314886 0.1882347 0.2851352 0.2117212 0.3229507 0.2757700 0.0371547 0.0931216 0.1588379 0.0701710 0.0578338 0.1841701 0.1682726 0.2885643 0.0075219 0.0095077 0.4145002 0.1214524 0.1279641 0.3540232 0.1582580 0.3209484 0.1833314 0.1100330 0.1096124 0.2058643 0.1334024 0.1596164 -0.0224735 0.2760366 0.1620330 0.3146252 0.2443660 0.3206981 0.2709488 0.3487433 0.2970189 0.2444338 0.1536436 0.0359817 0.2676246 0.2590117 0.2174995 0.2578781 0.3065682 0.2106266 0.2318682 0.1469014 0.0200803 0.0111037 0.3208963 0.3004561 0.2255460 0.2644082 0.1985727 0.2574898 0.0961646 0.2974414 0.2465007 0.2569608 0.2428556 0.2145150 0.1100901 0.1992841 0.2475303 0.2261566 0.5293121 0.5019197 0.3872221 0.2287194 0.1691487 -0.3264191 0.4542884 0.4182189 -0.2900186 -0.1228080 -0.1771911 -0.1458331 0.1565533 0.5685157 0.0771574 -0.1085063 0.1669147 0.3404093 0.4498276 0.2275462 -0.2897634 0.4351107 0.4080573 0.3122401 0.3191732 -0.2268378 -0.0986231 0.3327385 -0.2841078 -0.4070015 -0.1214698 -0.2188871 -0.5718156 -0.0176693 0.4306359 -0.1863427 -0.2555806 -0.5727037 -0.0573327 -0.0104713 -0.3546138 0.1493998 -0.0004189 -0.0940141 -0.1490497 -0.4348979
0.3135750 0.5219746 -0.5191037 0.7840156 -0.3042100 0.8622205 0.4313117 0.4669781 0.8104864 0.0000000 0.7254347 0.6930937 -0.1926617 0.6407029 0.6798957 0.0601645 0.7035737 -0.0282709 0.1918511 -0.2967313 0.5233658 0.1727312 0.1061105 0.7076495 0.1038580 0.0686552 0.0787864 0.6758869 0.6298261 0.4735237 0.2980804 -0.1554409 0.6166560 0.6616667 -0.1191524 0.4977204 -0.1128568 0.0979222 0.1227264 0.2178389 -0.0843967 0.1395956 -0.1122023 0.7742268 0.0695138 -0.0549151 -0.0966450 -0.2871297 0.7922516 -0.2073927 -0.1154169 -0.0604797 0.7272605 0.5130969 0.0194753 -0.4160879 -0.2180637 0.7761559 -0.1308262 -0.2936917 0.1608657 0.0807316 -0.3822226 0.8493536 0.7390616 -0.3267235 0.0509810 0.3788344 -0.4874502 0.6677141 0.0109621 0.7961072 0.2335126 0.7121100 0.0782598 0.4627592 0.5930558 0.1604029 0.5748481 0.1592533 0.5793721 0.2313358 0.2354336 0.0905845 0.4534917 0.5147990 0.4299494 -0.2826259 0.2875423 0.4618819 0.4268679 0.4519418 0.1788962 -0.2665387 0.4448006 0.3942806 0.1401787 0.1211191 0.4245138 -0.1627491 0.2133737 0.2476303 0.3027126 0.0837249 0.0736984 0.2947797 0.2800482 0.1992987 0.0952925 0.2020290 0.2044113 0.2504473 0.0902461 0.0784419 0.1091297 0.0665479 0.0037546 0.1072106 0.1040933 0.1708818 -0.0669938 -0.0870863 0.1894344 -0.0030062 0.0854849 0.2812599 0.0623833 0.1004974 0.0839551 0.0656208 0.0736648 -0.0202927 -0.0286615 0.1275544 -0.2032074 0.1248172 0.0688527 0.1412739 0.1405732 0.2460527 0.0756817 0.1789085 0.1675094 0.3523406 0.0769531 0.0634233 0.2053574 0.1910187 0.1749610 0.1134456 0.1443728 0.0519997 0.1745792 0.0816493 0.1458147 0.0177875 0.1035033 0.1269999 0.1429925 0.2150301 0.2115990 0.1598733 -0.0738453 0.1354037 0.2032996 -0.0037681 0.0703043 0.1689720 -0.0240443 0.1171417 0.1369117 0.1802405 0.5422043 0.5485590 0.3811470 0.3008071 0.2935697 -0.0533189 0.4217595 0.4072693 -0.1636424 -0.0163680 -0.2555630 0.0359815 0.1971597 0.6279203 0.2584131 0.1118877 0.3818598 0.4671551 0.3244609 0.3114014 -0.1177913 0.3770615 0.3322493 0.3284305 0.4087797 -0.0036573 0.1116824 0.3025214 -0.0806119 -0.3499264 -0.1012692 0.0285780 -0.5321048 0.2344736 0.1638585 0.1188790 -0.1084897 -0.2529231 -0.1780164 0.2621333 -0.1189227 0.3297727 0.0978550 -0.0568839 -0.0854247 -0.3649264
-0.0677807 0.2829690 -0.4311296 0.7607921 -0.2374018 0.6874125 0.3848968 0.7851531 0.3881666 0.7254347 0.0000000 0.2269990 0.1327977 0.1702957 0.2860400 0.6108269 0.5656871 -0.3471744 0.6147742 -0.2593794 -0.0086682 0.4905027 0.5096942 0.2284664 0.4216383 0.4251269 0.1044791 0.2389967 0.2033907 0.4949256 0.4162883 0.1782822 0.0720833 0.2386279 0.3705424 -0.0192122 0.2823732 0.4304931 0.4581887 0.5619014 0.1621106 -0.1122471 0.3886614 0.2987563 -0.0775669 0.3155647 0.3195980 -0.0400983 0.3159776 0.0570237 0.3671708 0.4227614 0.3319371 0.6011970 0.3258825 -0.0776125 0.1851240 0.6982717 -0.4029046 0.1902405 -0.0321947 0.3818418 -0.2286450 0.6707819 0.4551884 -0.1680275 0.1759395 0.6077449 -0.0433051 0.7512431 0.0456302 0.6526046 0.4562730 0.5861118 0.0271568 0.4001308 0.5229094 -0.0640816 0.1900438 -0.0509693 0.1014119 0.2488953 -0.0988496 0.2340757 0.2459658 0.2090246 0.0054938 -0.1484942 0.3778160 0.3280974 0.4314194 0.0354278 -0.2477528 0.1283437 0.2702218 0.1002885 -0.1207165 -0.2442307 0.4623169 0.0951899 0.1829100 -0.0871583 -0.0074487 0.3976289 -0.1546879 -0.0127668 -0.0074003 -0.1650256 -0.1581794 -0.1273881 -0.1161770 -0.0786133 -0.2253097 -0.2628596 -0.1892495 -0.2249855 -0.2519776 -0.1816970 -0.2409124 -0.1774667 -0.2973687 -0.3766576 -0.0111386 -0.1873790 -0.1304048 -0.0335012 -0.2112640 -0.1211501 -0.0461056 -0.0701573 -0.0119081 -0.0118401 -0.1137773 0.0451484 -0.0083113 -0.0520255 0.0386538 -0.0511552 0.1494697 -0.1694528 -0.1694235 -0.1865633 -0.0030676 0.0499554 -0.0300561 0.0911618 0.1117359 0.1106836 0.0506198 -0.1882755 -0.1974570 -0.0814057 -0.0205147 -0.0385576 0.1262415 0.1126809 -0.1464417 0.0217249 0.0200845 -0.1388679 -0.0778118 -0.1838285 0.0841972 -0.2098697 -0.0373040 -0.0808088 -0.0662148 0.0587637 -0.3064459 -0.2297628 -0.0657669 0.0021871 0.0250862 0.1064675 0.0540943 -0.0675762 -0.0578648 -0.1393541 -0.0583103 -0.0760958 0.0043124 -0.0248582 -0.3548569 -0.0961404 -0.1922120 0.3260151 -0.0280079 -0.0014252 0.3106029 0.2885099 -0.1519166 -0.0372988 -0.2251749 -0.0976321 -0.0960278 -0.0544456 0.0014892 -0.1841564 -0.0520409 -0.0858192 0.1439691 0.1159073 0.2014321 0.0623604 -0.3182981 -0.0101763 -0.1221350 0.1991072 0.1961060 0.0210652 -0.0693364 0.0099673 -0.0064485 0.0344677 0.0296906 0.1497831 0.1283360 0.0400348
0.3725196 0.6648768 -0.3491906 0.6312226 -0.4280050 0.7824578 0.5803681 0.1536339 0.8683103 0.6930937 0.2269990 0.0000000 -0.4200748 0.5821566 0.8721833 -0.4087286 0.4888130 0.2274373 -0.2946512 -0.5136446 0.8740596 -0.2480381 -0.2640738 0.8374681 -0.2417145 -0.3016099 0.0600627 0.5722190 0.9302092 0.0012864 -0.0661550 -0.4658464 0.7855842 0.9069223 -0.3895552 0.8482113 -0.4857554 -0.3013795 -0.2104629 -0.2118995 -0.3061413 0.6156710 -0.3851591 0.6986208 0.6074007 -0.3244813 -0.3454707 -0.4519572 0.8659900 -0.3564426 -0.4404659 -0.3742320 0.9363140 0.1384715 -0.2593033 -0.4024831 -0.4998893 0.4840712 0.3579922 -0.5632602 0.6151962 -0.1237208 -0.2483126 0.7925390 0.8805841 -0.4495789 -0.1932525 0.0151519 -0.4932631 0.3936918 -0.2069364 0.7031537 -0.1096230 0.5646997 0.0440220 0.4784282 0.3506031 0.2869997 0.7795586 0.2496312 0.6266520 0.2762306 0.3701275 0.1519974 0.5873183 0.5318238 0.6060937 -0.0908888 0.3743036 0.5554814 0.4209729 0.5669577 0.4388435 -0.2784837 0.5400911 0.4653649 0.2556799 0.3383384 0.4584468 -0.3133353 0.2503807 0.3413310 0.3126973 -0.1946078 0.1964834 0.3974430 0.3281485 0.3008515 0.2354046 0.3773183 0.3606805 0.3337665 0.2091210 0.2314233 0.2822125 0.2774951 0.2565873 0.3165800 0.3618865 0.3559150 0.1464885 0.2239259 0.4111009 0.2520263 0.1266338 0.4744678 0.2621089 0.2764372 0.1096393 0.1442344 0.0846223 0.1060719 0.1495279 0.1524782 -0.2336722 0.2756658 0.0452900 0.2440457 0.0674117 0.5129628 0.2221498 0.3792920 0.2200246 0.4976743 0.0740232 0.0744104 0.1652798 0.1206214 0.1377542 0.2822979 0.4982572 0.4141814 0.1881381 0.1267172 -0.0044433 0.1164477 0.2604267 0.2159590 0.1970295 0.4841699 0.1318204 0.2988579 0.1579603 0.3673126 0.1881464 0.3091053 0.2622268 0.2037957 0.1693614 0.2593309 0.1928685 0.1798740 0.6065532 0.6742270 0.5848594 0.5446444 0.5041104 0.0307557 0.7297259 0.6725906 -0.1558214 0.1035363 0.0990476 0.1166473 0.4985275 0.7635225 0.3598948 0.0275229 0.1890930 0.4970218 0.5313190 0.4019627 -0.1155173 0.5784859 0.5282566 0.5044148 0.6053408 -0.0334765 0.0202433 0.5564794 -0.4340086 -0.4529966 -0.0200925 0.0464709 -0.4929273 0.1879145 0.4983592 -0.1499147 -0.3652576 -0.4666988 0.0419096 0.2504230 -0.2702884 0.3809477 0.1110495 -0.2727946 -0.1619710 -0.4162403
0.1661706 0.0017429 0.6594645 -0.0158486 0.7142745 -0.1637105 -0.3937047 0.5433040 -0.4194992 -0.1926617 0.1327977 -0.4200748 0.0000000 -0.2462746 -0.4821947 0.6252246 -0.1253761 -0.3274131 0.5991359 0.3416088 -0.4144936 0.5664467 0.5128959 -0.3335761 0.3804012 0.4362797 -0.3292695 -0.1827052 -0.4343882 -0.0795477 0.3412784 0.7293125 -0.4423360 -0.4661725 0.3587201 -0.4505473 0.5553293 0.7005072 0.0362435 0.1452731 0.6590032 -0.3459393 0.2128964 -0.4716688 -0.3327836 0.5214846 0.5087461 0.8006999 -0.4631311 0.6897864 0.4612075 0.3665206 -0.3264231 -0.0158480 0.6802655 0.6502460 0.6848292 -0.1537639 -0.3833247 0.4795621 -0.2192240 0.1932060 -0.0836549 -0.1566372 -0.2171317 0.6413981 0.2350468 0.1389485 0.4132013 0.0556260 0.2017496 0.1172989 0.1546631 0.3750414 -0.0595967 -0.0415196 0.5472348 -0.1420461 -0.1926452 0.3875876 0.0794526 -0.6268480 -0.1449406 0.1447771 -0.2881192 0.0107257 -0.1628326 -0.0847329 -0.0110776 0.0024018 0.1023100 -0.1391170 -0.3697882 -0.0793236 0.3792022 0.1332133 -0.1421552 -0.2798760 0.1870537 -0.1115500 -0.1937337 -0.3518468 -0.0123632 -0.0077686 -0.0940033 -0.1017896 -0.0380335 0.0179810 -0.3731264 0.0781024 -0.0968885 -0.4336844 -0.0071535 0.0498345 0.1078944 0.0412969 0.0610553 -0.0496549 -0.1277447 -0.1813594 0.0641977 0.0690920 -0.5379654 -0.2129821 -0.0242851 -0.4288048 0.0819396 -0.5557335 -0.0828655 -0.0595161 0.0327044 -0.3343294 0.1522575 -0.4187337 -0.0275697 -0.4917051 0.0762501 -0.2328760 0.0484123 -0.4292304 -0.1529511 -0.3945212 0.2074193 0.0032864 0.0440996 -0.1842156 0.1260765 0.2088114 0.1839399 -0.1939328 -0.4654971 -0.1916853 0.0004839 -0.1032214 0.4308736 -0.0887129 -0.0488580 -0.0714345 0.2709189 -0.3528502 0.2463382 -0.1772965 -0.4912330 -0.2348831 0.0705079 -0.2315985 -0.4515648 0.0960679 -0.0557687 -0.2846900 0.1282462 0.1525447 -0.2284636 -0.3426926 -0.4910046 -0.3191118 -0.0359320 0.2683673 -0.3318631 -0.4383468 -0.0487052 -0.3923563 -0.4000529 -0.0415686 -0.2192435 -0.0485836 0.1423963 0.6778151 0.7258611 0.4317299 -0.4531557 0.2374336 0.5320915 -0.5109236 -0.4293015 -0.4278562 -0.1820999 0.3693177 0.4475557 -0.3832199 0.1240099 0.2702587 0.2531912 0.1207627 0.4144167 0.1616723 -0.2008308 0.4353371 0.1888230 0.6030415 -0.2445446 0.1473209 0.6108483 0.2343149 0.2829177 0.5747418 0.6699581 0.4406198
0.3282292 0.3051891 -0.4037896 0.4247818 -0.2124795 0.5841743 0.3406812 0.0494295 0.6664890 0.6407029 0.1702957 0.5821566 -0.2462746 0.0000000 0.5637174 -0.3648472 0.6865431 0.3424358 -0.2513765 -0.0300113 0.4471590 -0.1801305 -0.2074258 0.7661580 -0.1937876 -0.4509842 0.3146083 0.8812652 0.5308653 0.4373609 -0.1286131 -0.3169871 0.7616594 0.6266553 -0.4514783 0.4562942 -0.4568044 -0.1996796 -0.0862922 -0.0696323 -0.2502327 0.2087030 -0.2660392 0.7236540 0.1171887 -0.3452770 -0.4084511 -0.2953637 0.6881923 -0.2128497 -0.4053074 -0.3519856 0.5961305 0.1097678 -0.1888467 -0.3334920 -0.4647770 0.2501027 -0.1629216 -0.5207565 0.1087596 -0.2275292 -0.3365072 0.4982434 0.5168083 -0.3815433 -0.0790224 -0.0936471 -0.5282589 0.1783953 0.1039916 0.4785627 0.0210210 0.4000209 0.1511125 0.2427910 0.3565714 0.3483941 0.4820775 0.2728742 0.4912057 0.1779740 0.5255513 0.3361195 0.6563189 0.4545588 0.3752791 -0.0905457 -0.0483601 0.4032071 0.1638295 0.6390800 0.4806217 -0.1888397 0.2807262 0.5237214 0.5128068 0.3809683 0.0768917 -0.1484148 0.1609032 0.3202927 0.4468481 -0.0008186 0.3194311 0.3141668 0.4028286 0.3971979 0.2118309 0.3996516 0.3885108 0.3174482 0.2624127 0.3412818 0.3582507 0.2667724 0.2399272 0.3931867 0.3211776 0.3749710 0.2245563 0.2036359 0.2969949 0.2517087 0.3073445 0.1010471 0.2824959 0.2629839 0.0998271 0.2993254 0.2806208 0.1207851 0.1370829 0.2486253 -0.0114274 0.2159802 0.3512238 0.1934905 0.3517128 0.2338659 0.3769179 0.3064120 0.4229639 0.2988482 0.3359619 0.0385802 0.4128522 0.4152685 0.4823404 0.3882313 0.2147192 -0.0253628 0.4477365 0.3120698 0.1617963 -0.1433267 0.4463227 0.3478094 0.4400785 0.2905635 0.5086532 0.4729852 -0.2202696 0.3859177 0.4852160 0.1237916 0.2987169 0.4892401 0.3921760 0.4597689 0.4863793 0.4468478 0.4763071 0.6574624 0.3733847 0.2890967 0.2882648 0.0547611 0.3974604 0.3967146 -0.1417516 0.0441970 -0.1272349 0.1522923 0.1007649 0.3357662 0.0839044 0.0425882 0.2614042 0.3731376 0.4303679 0.4377099 0.1577592 0.3389725 0.2599136 0.2317970 0.3997439 0.1688481 0.1670578 0.2105682 -0.0584771 -0.5210018 -0.4332315 -0.0622611 -0.1951147 0.1733930 0.1566487 0.1587203 -0.0732195 -0.3124092 -0.4723876 0.3762136 -0.0724268 0.3076860 0.2051560 -0.0503115 -0.2195090 -0.3923456
0.0545776 0.5722617 -0.5181974 0.6414320 -0.4390263 0.7728574 0.6186079 0.0839029 0.9416389 0.6798957 0.2860400 0.8721833 -0.4821947 0.5637174 0.0000000 -0.3843857 0.3965165 0.1033933 -0.3445976 -0.3953434 0.6094150 -0.2516722 -0.1657964 0.8096386 -0.3593613 -0.3279173 0.1404940 0.5697804 0.7822102 0.1862976 0.0990615 -0.5649794 0.7057548 0.8053356 -0.2772798 0.5667434 -0.5474862 -0.3781626 -0.0856819 -0.1431384 -0.1193207 0.3021753 -0.2428328 0.6833180 0.3644990 -0.4484316 -0.3882369 -0.3466825 0.8024802 -0.5084425 -0.4104204 -0.3177216 0.8152028 0.1224947 -0.4099034 -0.6273526 -0.5913730 0.4547048 0.0391616 -0.5697845 0.2965832 -0.1458460 -0.0901578 0.7415986 0.7635512 -0.5304483 -0.3228207 0.0810211 -0.4302762 0.4139338 -0.2926688 0.6096839 -0.1195418 0.4338301 -0.1024441 0.2476997 0.2832785 0.0687683 0.4964444 0.0909434 0.2979071 0.2718871 0.3519870 0.1229236 0.5478612 0.3269408 0.5721221 0.1480317 0.3343078 0.5102319 0.4195889 0.3817504 0.2717317 0.0628782 0.3616756 0.1919429 0.1773722 0.1431616 0.4832808 0.0274395 0.3672171 0.2020997 0.0653211 0.1408082 0.0597343 0.2087091 0.0936286 0.0918564 0.2309843 0.1447229 0.2522291 0.1669332 -0.0401291 0.0197276 0.0731924 0.0073264 0.0074737 0.0963065 0.1025832 0.1828709 -0.0432796 -0.0025168 0.3856986 0.1348144 0.0355042 0.2581976 0.1032438 0.2911509 0.0890945 0.0384685 0.0119126 0.1938584 0.0864733 0.1283179 0.0308266 0.2646403 0.0862132 0.2100774 0.1578474 0.2398035 0.2541287 0.2663821 0.2408327 0.1557561 0.0427226 0.0545339 0.1699879 0.1912965 0.1252903 0.2138730 0.3049367 0.2201430 0.1126225 0.1536651 -0.1119911 0.0063404 0.2670293 0.2649487 0.1600278 0.1988943 0.0974820 0.1454751 0.2415798 0.2169555 0.1166983 0.2975191 0.3020150 0.1445145 0.0395074 0.0882068 0.1371593 0.1009898 0.4781856 0.5115310 0.4702728 0.2274054 0.1583569 -0.2999626 0.4383969 0.3868319 -0.1813642 -0.0510803 -0.0930792 -0.1868282 0.1306823 0.4784669 0.0058744 -0.1837945 0.0471964 0.2175479 0.3279281 0.1502843 -0.3241520 0.3009970 0.2941308 0.2036284 0.2467990 -0.2436133 -0.1453782 0.2310292 -0.1510354 -0.2542832 0.0415154 -0.2052677 -0.4739946 -0.1008625 0.3566749 -0.1843952 -0.0949518 -0.5098513 0.1251382 -0.0359199 -0.4063595 0.1071465 -0.0271325 -0.0893664 -0.0941115 -0.2736183
-0.0707542 -0.1328460 0.1200900 0.1872971 0.2294880 0.0045708 -0.0504993 0.7026462 -0.2919652 0.0601645 0.6108269 -0.4087286 0.6252246 -0.3648472 -0.3843857 0.0000000 0.0090142 -0.4795882 0.9218140 0.1946567 -0.5175306 0.7813728 0.7047275 -0.3674735 0.7075632 0.7675035 -0.1050360 -0.2494242 -0.4536359 0.2081302 0.4914008 0.6963726 -0.4810464 -0.4289801 0.5916873 -0.4624257 0.8072653 0.7558220 0.3956384 0.5531021 0.4859393 -0.2968273 0.4995602 -0.3058195 -0.2951927 0.6427839 0.7100511 0.4299891 -0.3700046 0.4705226 0.6896566 0.6036259 -0.3447934 0.4114293 0.6211260 0.4774395 0.7695804 0.2030640 -0.3716364 0.6215405 -0.1270763 0.5579456 -0.2109288 0.0087996 -0.1686742 0.4268273 0.4075765 0.4817313 0.3744442 0.3402875 0.3403443 0.1376789 0.4559929 0.2305001 0.1416276 0.1050411 0.3206579 -0.1032082 -0.2444205 -0.0946998 -0.1488022 -0.1521244 -0.3738392 0.1373012 -0.1869327 0.0292157 -0.3875496 0.0150947 0.2799967 0.0362240 0.1869065 -0.2084026 -0.4146881 0.1403573 0.2189960 0.0334027 -0.2373456 -0.3359912 0.3939573 -0.0122381 0.0777611 -0.2250904 -0.0513538 0.3182373 -0.1040481 -0.0901515 -0.0416453 -0.1771937 -0.1946383 -0.1010046 -0.2095291 -0.1828508 -0.1477799 -0.1507056 -0.1336253 -0.1156816 -0.0768658 -0.1835110 -0.2299595 -0.2187610 -0.0991731 -0.2235924 -0.2032948 -0.1378348 -0.0382204 -0.1501233 -0.0982336 -0.2700843 0.0298657 -0.0444784 0.0899978 -0.1606593 0.0359777 -0.0483813 0.0301192 -0.1405946 0.0889999 -0.0484517 0.1544295 -0.2904733 -0.2330826 -0.2597340 -0.0316375 0.0118052 0.0074784 0.1602342 0.0634242 0.0903978 0.0366609 -0.2729737 -0.3625054 -0.1004220 -0.1046118 -0.0063603 0.3380130 0.2516288 -0.1099809 -0.0148917 0.0460977 -0.2216250 -0.0288399 -0.2731473 -0.0116468 -0.2333413 -0.0660737 -0.0694568 -0.1522779 0.0477950 -0.2098940 -0.2709743 -0.0422715 -0.0289922 -0.3393102 -0.2744985 -0.3540401 -0.3508772 -0.2672717 -0.0016701 -0.4470141 -0.4353221 0.0469173 -0.1354282 -0.2491353 -0.0009346 -0.3162063 -0.0724773 -0.0770135 0.1999612 0.3072854 0.0999116 -0.3595298 -0.2144513 0.0721204 -0.3611637 -0.2630127 -0.1945268 -0.2172638 0.0786434 0.0637409 -0.2568060 0.2892273 0.3035081 0.4341457 0.3072000 0.2687475 0.1654578 -0.1879964 0.4547067 0.2765486 0.3197196 0.0403150 -0.0823900 0.4364010 -0.0087411 0.2555596 0.3689140 0.5352907 0.4541931
0.1536588 0.3767569 -0.4717176 0.6926503 -0.3857261 0.7067596 0.5719980 0.4926664 0.4760647 0.7035737 0.5656871 0.4888130 -0.1253761 0.6865431 0.3965165 0.0090142 0.0000000 0.0127013 0.2071018 -0.1895537 0.3379401 0.2380592 0.1527778 0.4735521 0.3674075 0.0081521 0.5702745 0.4954155 0.4678226 0.4810762 0.0399788 0.1026823 0.3857734 0.4685775 0.0313961 0.4132431 -0.0275654 0.2768109 0.4760508 0.4873023 -0.1433528 0.3313724 0.2917945 0.5041675 0.3050220 0.1137743 -0.0188704 -0.1858440 0.5234612 -0.0393437 0.1070978 0.2975499 0.5104486 0.6499957 0.3030595 0.0338188 -0.0950757 0.6478903 -0.1216625 -0.0125009 0.2329756 0.3150991 -0.4481254 0.6563125 0.5599757 -0.4672623 0.2118741 0.4228165 -0.2897273 0.6298079 0.0379607 0.5881334 0.4484368 0.5114004 0.2490312 0.5212230 0.3353692 0.3041333 0.4371870 -0.0222435 0.4119439 0.4159819 0.1911392 0.3850393 0.6114967 0.3767900 0.0521137 -0.0399398 0.0020249 0.4212001 0.3971297 0.4633489 0.2417596 -0.0902720 0.3626884 0.4723210 0.3228893 0.1877170 0.2402981 -0.1280737 0.1668810 0.1950406 0.2955823 0.0757012 0.1831977 0.2682620 0.2570729 0.1252963 0.0381079 0.1393169 0.2144808 0.2058565 0.0924454 0.0695596 0.0916095 0.0883226 0.0343934 0.1595804 0.1192617 0.1280224 -0.0004601 -0.0233898 0.2381554 0.1363355 0.0578570 0.0808138 0.1034689 0.1258573 -0.0585222 0.1846639 0.1374510 0.0591548 -0.0864215 0.2939063 -0.1529274 0.1755390 0.1207663 0.0026666 0.1989583 0.0756158 0.1017978 0.0772150 0.2792747 0.3310927 0.1255898 0.1846706 0.2646542 0.1935574 0.2084830 0.2132853 0.1208262 0.0285683 0.2883386 0.1647325 0.0403694 -0.0089984 0.2194576 0.0984744 0.3143378 0.2203877 0.1046843 0.2408312 0.0655132 0.1740421 0.2028709 0.0514566 0.2024626 0.2830036 0.0462883 0.1899598 0.1091521 0.1818462 0.1173851 0.4675276 0.3327001 0.2501295 0.2589161 0.1187964 0.3737638 0.4535437 0.0815403 0.4240865 0.0421065 0.3049266 0.0971230 0.4590028 0.1098404 -0.0050688 0.2115988 0.3352644 0.2179384 0.2188798 -0.0287511 0.1827400 0.1524993 0.1935157 0.3425866 -0.0030393 -0.0093865 0.1651951 0.0722698 -0.1487317 -0.0506125 0.2229096 -0.3499490 0.1523234 -0.0153332 0.0713703 0.1193261 -0.0214560 -0.0899488 0.3835027 -0.1614961 0.2202638 0.2184618 -0.2615693 -0.2467194 -0.3122220
