0.0000000 0.6578429 -0.0847843 -0.0442209 -0.1229991 0.4902461 0.5724211 -0.1803191 0.1747129 0.1504016 0.0702402 0.2815584 -0.2113481 -0.2608554 -0.0876324 -0.3080659 -0.0736092 -0.1879538 -0.4168929 -0.5766319 0.0798333 -0.4147414 -0.1294922 -0.4211040 -0.1594077 -0.3171449 -0.2715348 -0.5384346 -0.2414123 -0.3216106 -0.2871562 0.1862274 -0.5032830 -0.3480923 -0.1931595 0.3436505 -0.2425962 -0.0574087 -0.2417297 -0.4309311 -0.0657288 0.3534949 -0.1762025 -0.1837068 0.1963389 -0.0773593 -0.0490412 0.1959621 0.1382431 -0.1107553 0.0086594 -0.2104412 0.1979390 0.0974414 0.3189326 0.2590740 -0.0198493 0.2162378 0.2849098 -0.0000980 0.2217797 -0.0323750 0.3508776 0.1481606 0.2493659 0.0162315 0.1098088 0.0613128 0.3843176 0.0559143 -0.1295709 0.1162481 0.0077903 0.3003999 0.0789413 0.1080573 0.1220846 -0.0201670 0.1499833 0.2156655 0.0561797 0.2572401 0.6034192 0.2690117 0.3042443 0.3524324 0.2963769 0.4817003 0.4002107 0.3708100 0.1097519 0.0844138 0.0015623 0.2858012 0.3012447 0.2478089 0.2998641 0.2337318 0.3226160 0.1274530 0.1335954 0.3664568 0.4515196 0.1975388 0.4354326 0.2948502 0.4781773 0.2791086 0.2114226 0.0551986 -0.0315288 0.4014538 -0.0919467 -0.2129321 0.2117438 -0.3809950 -0.5149548 -0.4493456 -0.4852002 -0.1316148 -0.2928560 -0.3035663 0.2324030 0.0938802 -0.0931585 0.4009807 -0.0377578 0.0132647 0.3993527 -0.0433268 0.0685861 -0.0457924 -0.0096416 0.1346943 -0.0446134 -0.1168633 0.3045346 0.2819849 0.5285073 0.0845356 -0.1274379 0.2509216 -0.1704451 0.3395195 0.1986647 0.0331302 0.3652134 0.3337368 -0.0987287 0.0339263 -0.0296435 0.2089210 -0.0237135 -0.0299627 0.2171253 0.2117135 0.0429486 -0.0568474 -0.0121326 -0.1476628 0.1039540 -0.0883080 -0.1349430 -0.1446678 0.0189050 -0.0022349 -0.1414506 -0.0546956 -0.2319228 -0.2583781 -0.1107537 -0.0550476 0.5217471 0.6982688 0.6436710 0.1014582 0.1399962 0.0251477 0.1750451 0.1867544 0.1141146 -0.0241985 0.1639383 -0.0189348 0.1383563 0.1642955 0.1076403 0.2340496 0.1460052 0.0466754 0.1770062 -0.0744816 0.1308666 0.0478748 0.2195389 0.2405630 0.2180684 0.0699502 -0.0261203 0.3323138 0.0164550 -0.1121150 0.4478490 0.2227913 -0.2841774 -0.6139441 -0.1546108 -0.5769686 -0.0175990 -0.0780842 0.2468844 0.2795821 -0.2576877 -0.3020001 -0.4570744 -0.5139391 -0.2188206 -0.1271845
0.6578429 0.0000000 0.2729202 0.5576721 0.0457085 0.8840575 0.6271323 0.1832234 0.5083163 0.2057496 0.2915181 0.6214082 -0.0287981 -0.1514924 0.1379571 -0.0445812 -0.0435603 -0.1643590 -0.1518681 -0.4669456 0.5723127 -0.3077293 -0.3407302 0.0150170 0.0210393 -0.2619197 -0.5545417 -0.1317161 0.2343530 -0.0767359 -0.4869376 -0.2131378 0.0104695 0.1143011 -0.2602514 0.7867281 -0.4392844 -0.2919057 -0.0579004 -0.2273746 -0.3990731 0.7204842 -0.3227137 0.2016625 0.3032007 -0.2221758 -0.1999543 -0.0706846 0.4763851 -0.1966319 -0.2422799 -0.4395768 0.5333166 0.0504961 0.2327033 0.0091124 -0.2561597 0.2706890 0.4461614 -0.2343373 0.3501957 -0.3010483 0.0747989 0.3143075 0.5657560 -0.2682229 -0.1002998 0.0650447 0.0575937 0.0649065 -0.2090936 0.1085500 -0.0719729 0.4393717 -0.0463097 0.2109220 0.3849281 0.0116924 0.2267740 0.2753155 -0.0605179 0.2758917 0.7303511 0.7245222 0.7532117 0.7033721 0.1796040 0.8530197 0.6201930 0.7342297 -0.2182982 -0.2325266 0.1000478 0.6687404 0.2043105 -0.0597378 0.1501821 0.4990689 0.1744831 0.4584936 0.6324661 0.6209544 0.6370675 0.7321914 0.2275761 0.3286111 0.7388346 0.4370300 -0.0484288 0.3396426 -0.2419293 0.5532874 0.0308858 -0.1307465 0.4190653 -0.4174409 -0.5155137 -0.0544300 -0.3228679 -0.0082374 -0.1443933 -0.3048355 0.0342476 0.2706162 0.0623491 0.1434764 -0.0181339 -0.2626506 0.2985861 0.0766442 0.1405206 -0.0348239 -0.3542042 0.2622987 -0.3973798 -0.4979897 0.0152994 0.2549411 0.1793661 0.1198613 -0.3923156 0.2131125 -0.4918414 0.1015870 0.0605960 -0.4812268 0.1012962 0.0891613 -0.5563051 -0.3010445 -0.3709388 -0.0476760 0.0819543 -0.5434464 -0.2293753 -0.1953556 -0.3786016 -0.4093309 -0.4720986 -0.3392518 -0.5007478 -0.3812156 -0.3811080 -0.2624344 -0.5749128 -0.4227250 -0.4297030 -0.4505284 -0.5125236 -0.4838790 -0.5077580 -0.5138929 0.4987142 0.5060239 0.5975127 0.2945002 0.2616243 -0.0314823 0.5450934 0.5738611 0.3647765 0.3315661 0.4429024 0.1471452 0.1774892 0.3820210 0.1369578 0.2098102 0.1810149 0.2282448 0.2484799 0.1464245 0.0414800 0.3145722 0.2166394 0.3474213 0.2083612 0.3325794 -0.1340271 0.0975333 -0.1608448 -0.0196086 0.1815054 -0.1035033 0.1272713 -0.4179543 -0.1155355 -0.2271919 -0.3166243 0.2885232 -0.0000586 0.2877600 -0.0471122 0.2093873 -0.1060171 -0.3769870 -0.2350542 -0.4193513
-0.0847843 0.2729202 0.0000000 0.4623809 0.7968400 0.2499704 0.5783296 0.4786318 0.0770127 0.0302574 0.1003861 0.6633929 0.5256537 0.0827577 -0.2055894 -0.1252251 0.0308194 -0.2169165 -0.2670599 0.3739816 0.6166733 0.0395415 -0.4602959 -0.0019581 -0.1239904 -0.4912143 -0.1960026 0.0079477 -0.2096088 -0.1534017 0.1033907 0.2124718 0.0729184 -0.0075180 -0.4389582 0.3913353 -0.5737207 -0.1745461 0.0422143 -0.5096892 0.2778100 0.1914142 -0.2354905 -0.4227657 0.2598913 -0.4201781 -0.5539389 0.3126654 -0.3638602 -0.3439590 -0.5708086 -0.2296505 -0.0605889 -0.6077748 0.3824761 -0.3741836 -0.5825674 -0.5326308 0.3142481 -0.6203232 0.0174249 -0.6054923 0.3213268 -0.2903882 0.1768981 -0.4352191 -0.7218014 -0.5244518 -0.0246469 -0.5718887 -0.6306810 -0.2869396 -0.5402539 0.0932655 -0.2829403 -0.4503767 0.0419855 -0.3731065 -0.1092119 0.7475586 0.5838225 0.1571578 0.0201966 0.4031011 0.4067627 0.3146528 0.0045144 0.3100834 0.3100484 0.2983706 0.0207888 0.0447486 0.1779861 0.1841870 -0.0641771 0.1949379 0.1376661 0.3105762 -0.1184081 -0.1372223 0.1630693 0.2983298 0.3059008 0.1578486 0.0090062 -0.1964053 0.2979763 0.3368866 -0.1133170 0.2494344 -0.0213059 -0.1838880 0.2806777 0.3726012 0.2669805 0.3226955 0.2229970 -0.0414639 0.1473030 -0.3613245 -0.0979871 -0.1273899 0.1698895 0.0214249 -0.1509108 -0.4344551 -0.4651943 -0.0024407 -0.4583636 -0.5019459 -0.3496732 -0.0272356 -0.6436875 -0.0467389 -0.1300470 0.0099714 -0.1396430 -0.3387602 -0.2514617 -0.4330656 0.1041628 -0.3418452 -0.2246017 -0.0501017 -0.2992160 -0.1034780 -0.2128045 -0.1036510 -0.0931222 -0.4717590 -0.4225818 -0.3439528 -0.3893609 -0.0335052 -0.1151442 -0.0660755 -0.0348186 -0.4413076 0.0473329 -0.1104413 -0.0410724 -0.6062456 0.0028284 0.1641877 -0.2960554 -0.3724345 0.0123176 0.0119321 -0.0566788 -0.2292005 -0.1492993 -0.1102117 0.2046106 0.1952275 0.4872769 0.7533756 0.6556792 0.4634862 0.5383064 0.3285315 -0.2315083 0.0779003 0.4282489 0.2716186 0.3618724 0.2443437 0.4008297 0.6058029 0.5127271 0.4122108 -0.4398876 0.5287582 0.2556238 -0.2314712 -0.2326957 -0.1879879 -0.2028034 0.0683997 0.5348464 -0.3599757 0.3357650 -0.0761549 0.0768194 -0.1055348 0.6153004 0.5553143 -0.7134192 0.3571706 0.1801898 0.1893093 -0.0181955 0.0704862 0.7120254 0.4760498 -0.1343929 0.5843092 0.1813415 0.2729569
-0.0442209 0.5576721 0.4623809 0.0000000 0.1344581 0.7581838 0.1259962 0.8166374 0.4409190 0.5418225 0.7433466 0.3563661 0.4854912 0.2353776 -0.0043096 0.6311263 0.4307904 -0.0699943 0.4526624 0.1496631 0.4974022 0.4033058 0.0868910 0.1911179 0.4824835 0.2797176 -0.1910106 0.2253998 0.4966492 0.3124167 0.0652348 -0.1429059 0.3750103 0.3642274 0.2625640 0.4634873 0.0209723 0.0064044 0.5381036 0.0041328 -0.2822270 0.4423704 0.2103541 0.3606158 0.2145308 0.0870025 0.1475520 -0.1686492 0.4743248 -0.0028918 0.0589320 -0.1975745 0.5039761 0.1177629 0.1300947 0.0566930 0.0716727 0.2343851 0.0107619 0.0528714 0.1108149 -0.0991061 -0.1157651 0.3921832 0.4531585 0.0373415 0.0142606 0.1483411 -0.0853193 0.2213206 0.1152929 0.1674758 0.0257480 0.3834186 -0.0236595 0.3495506 0.4575051 0.2625990 0.3809663 -0.0151723 -0.2111870 0.1268627 0.2422984 0.5740246 0.4862421 0.4741720 -0.0913137 0.4172624 0.3256704 0.4160867 -0.3827839 -0.3757141 -0.0966189 0.3912863 -0.0000365 -0.3221303 -0.2519373 0.2190478 -0.0640709 0.2262776 0.4131403 0.2744417 0.1807349 0.5691994 -0.1535929 0.0972688 0.2866640 0.1503095 -0.3057197 0.2461448 -0.2824008 0.2702845 0.1902646 0.1507559 0.4913503 0.0233210 0.0415211 0.4457468 0.2331680 -0.1015168 0.0926629 0.0143256 -0.2121005 0.2115194 0.2047213 -0.4129708 0.0686253 -0.3042227 -0.1765715 0.0963046 0.0652782 0.0904841 -0.4969172 -0.0766289 -0.2466509 -0.4052683 -0.3697884 -0.0699971 -0.3557350 -0.2844163 -0.2313825 -0.1804760 -0.2956778 -0.3092578 -0.1593028 -0.6491297 -0.1838748 -0.1455745 -0.4450033 -0.4958403 -0.4890280 -0.3892417 -0.1066143 -0.5205189 -0.4085567 -0.4982987 -0.3375379 -0.3873693 -0.4375933 -0.3162640 -0.5922609 -0.3434510 -0.3868594 -0.1306003 -0.6279534 -0.5625901 -0.3021802 -0.3745519 -0.3451794 -0.3588128 -0.4364938 -0.4691747 0.1779420 -0.1478938 0.1541744 0.1666449 -0.0378606 -0.2128659 0.2573827 0.3527663 0.1816460 0.2461862 0.1099739 0.0575619 -0.1668274 0.2599331 -0.0649448 0.0230120 -0.0311112 0.1607938 -0.0871256 0.1802458 -0.2856451 0.0878278 -0.2277239 -0.1246126 -0.2601925 0.1333777 -0.3905019 -0.4283879 -0.2322247 -0.1351240 -0.3468431 -0.4288434 0.3617973 -0.1204779 -0.3041372 0.3285877 -0.2351008 0.2156430 -0.3114552 -0.0786666 0.1136272 0.5628360 0.1100180 0.0666621 0.1690969 -0.2603497
-0.1229991 0.0457085 0.7968400 0.1344581 0.0000000 -0.1063872 0.4174554 0.2144487 -0.0590147 -0.0590126 -0.0484840 0.4383736 0.5235721 0.0898109 -0.1113669 -0.2826364 0.0252768 -0.0718388 -0.3754507 0.4578352 0.4963463 0.0498836 -0.2609446 -0.1665341 -0.0857221 -0.4240877 -0.0323580 -0.0770106 -0.3080163 -0.1759470 0.1592166 0.3379190 -0.1598875 -0.2844817 -0.4110874 0.2890275 -0.6200120 0.0829786 0.0097332 -0.2347612 0.4833553 0.0956609 -0.0980823 -0.4402948 -0.0842199 -0.2582450 -0.4731411 0.5741186 -0.3668659 -0.0704731 -0.4391173 0.1781192 -0.1703309 -0.3682663 0.6154751 -0.1794784 -0.4883859 -0.4254887 0.3517902 -0.4674606 -0.0213269 -0.3266849 0.5673784 -0.2422913 0.1690135 -0.3206034 -0.5630563 -0.3532349 0.2246347 -0.4468956 -0.4839740 -0.2293898 -0.3411251 0.1286740 0.1208981 -0.3794173 -0.1065227 -0.1827111 -0.0648294 0.7025016 0.7471862 0.1173220 -0.1858055 0.2683676 0.1642006 0.1003431 0.1422500 0.0946955 0.1941506 0.1817607 0.2379121 0.3244126 0.2219554 0.0274591 -0.0753124 0.3981878 0.2947403 0.1099301 -0.0594821 -0.1402062 0.1384623 0.0896992 0.1547442 0.0344915 0.1094382 -0.1560319 0.1931886 0.2442165 0.1134129 0.1967182 0.3208253 -0.1293494 0.1690742 0.3680960 0.0469945 0.1422199 0.1001676 -0.0866476 -0.0545888 -0.4768723 -0.2321462 -0.1886343 0.0428032 -0.1592847 -0.2788871 -0.4478699 -0.5771977 0.1417568 -0.4506340 -0.6066518 -0.4948093 -0.1063611 -0.5580791 -0.2689306 -0.0064504 0.1617378 -0.3081918 -0.4330994 -0.3837448 -0.4508209 0.0477165 -0.4772914 0.1010088 -0.2610042 -0.4111121 -0.0208121 -0.3402275 -0.2920682 0.1605529 -0.5043613 -0.2888032 -0.3383133 -0.5365685 0.1369901 -0.1946846 -0.0033432 0.2256196 -0.3789157 0.3243509 -0.0070495 0.1009942 -0.3649718 0.2535903 0.2517804 -0.0616108 -0.0727060 0.2249064 0.1882635 0.1805655 0.0351320 0.0395678 0.1038557 0.2579264 0.1969601 0.3327383 0.5253760 0.5155221 0.3548878 0.4560315 0.2804185 -0.2750947 0.0486847 0.3936033 0.3762567 0.5059790 0.2224441 0.5398678 0.6843569 0.5158189 0.2014639 -0.5352595 0.3087997 0.1855799 -0.3853142 -0.3380327 -0.3618433 -0.4541966 -0.2386790 0.5656133 -0.4571690 0.2670863 -0.1587418 0.0364800 -0.1157176 0.5362852 0.6903354 -0.5324323 0.1123157 0.2158754 -0.0123983 -0.1260820 -0.1020898 0.7099455 0.0546223 -0.1927465 0.6018615 0.0334180 0.2350996
0.4902461 0.8840575 0.2499704 0.7581838 -0.1063872 0.0000000 0.5048601 0.4194973 0.6612243 0.4684624 0.5524110 0.5653367 0.0552406 0.0998515 0.1358500 0.3168526 0.2778641 -0.0437235 0.0460488 -0.2918596 0.4922676 -0.0418419 -0.1095787 0.1158441 0.1638533 -0.0111058 -0.3551661 0.0263548 0.3558087 0.2234436 -0.2307725 -0.1141981 0.1729229 0.3075020 0.0202894 0.6140747 -0.1402251 -0.2297079 0.2204781 -0.1749784 -0.3610749 0.6052411 -0.0707731 0.3081193 0.4001968 -0.0836659 0.0067869 -0.1522526 0.5528605 -0.1902351 -0.0354661 -0.3713911 0.6105865 0.1345229 0.1512327 0.0851640 -0.0300742 0.3134334 0.2265112 -0.0231516 0.2705331 -0.1348337 0.0060118 0.3597929 0.4948280 -0.0370328 0.0496651 0.1623295 0.0640197 0.1798931 -0.0227518 0.1281390 0.0250671 0.3728621 -0.0181875 0.3424201 0.4254811 0.1316861 0.3164471 0.0663438 -0.2098925 0.2925632 0.6621333 0.6242211 0.6091034 0.6816256 0.1752565 0.6884541 0.5085589 0.5744346 -0.2191741 -0.2626915 0.0682768 0.5832741 0.1819766 -0.1177890 0.0511511 0.4793677 0.1534280 0.3984969 0.5464053 0.6157646 0.6064709 0.6669209 0.1995367 0.3179358 0.6394997 0.4402610 -0.0847057 0.3384081 -0.2863388 0.5530667 0.1640000 -0.0281172 0.5051124 -0.2230060 -0.3168295 0.1078560 -0.0567400 -0.0087488 0.0185528 -0.1147121 0.0216874 0.3823405 0.2006220 -0.0431755 0.1256412 -0.2446576 0.2058518 0.2530689 0.2586954 0.0066812 -0.3312147 0.2647598 -0.3435528 -0.4419218 0.0415900 0.2129502 0.1002712 -0.0246046 -0.3620805 0.1353633 -0.5105275 0.0375708 0.1274929 -0.4779114 0.1147491 0.1237708 -0.5732959 -0.3083399 -0.4531770 -0.0920365 0.0399217 -0.5676543 -0.2660273 -0.3169137 -0.4070143 -0.4607529 -0.5283101 -0.4133695 -0.5287492 -0.3952408 -0.4204368 -0.3065871 -0.6182771 -0.5870107 -0.4588524 -0.4849295 -0.5385529 -0.5377850 -0.5419850 -0.5501904 0.3558033 0.2560859 0.5085013 0.2355336 0.1210213 -0.0843619 0.4000375 0.4366193 0.4086239 0.3003591 0.2482860 0.0165023 -0.0598269 0.2930754 -0.0642239 0.0341669 -0.0003881 0.1574569 0.1665080 0.1013270 -0.1325353 0.2274806 0.0622143 0.1758410 0.0501319 0.2632445 -0.3453241 -0.0751767 -0.0828689 0.0411642 0.1197336 -0.1148131 0.1462702 -0.4957629 -0.1734934 0.0596783 -0.1361406 0.2821189 0.0550117 0.1951155 -0.1217975 0.3101890 0.0196101 -0.2416821 0.0844735 -0.2530531
0.5724211 0.6271323 0.5783296 0.1259962 0.4174554 0.5048601 0.0000000 -0.0426057 0.4433253 -0.1170752 -0.1367320 0.8348524 -0.1279884 -0.1228531 0.0695480 -0.4866357 -0.1423330 -0.1388378 -0.7737788 -0.2235363 0.5581353 -0.5447817 -0.6149864 -0.0412592 -0.5721308 -0.7784675 -0.2911076 -0.1873414 -0.2873870 -0.1931352 -0.3072805 0.2330506 -0.1373654 -0.0229217 -0.6621786 0.5375359 -0.7028479 -0.4762609 -0.3095358 -0.5926141 0.1149124 0.4168285 -0.5003457 -0.3364152 0.4739542 -0.6226130 -0.6703340 0.2808471 -0.1661319 -0.5426268 -0.5925082 -0.3113037 0.1180411 -0.4149017 0.3710055 -0.3084717 -0.6611658 -0.3125100 0.4962332 -0.6206318 0.2456434 -0.4682162 0.4724384 -0.2799617 0.2328761 -0.5054434 -0.5829332 -0.3578500 0.1997727 -0.5376762 -0.7020592 -0.3156861 -0.4002652 0.0852843 -0.1425664 -0.3585348 0.0024499 -0.4002787 -0.1318100 0.7520311 0.5324611 0.4343380 0.5758499 0.4630918 0.5186149 0.5895446 0.3796400 0.5977615 0.5838871 0.4921961 0.2370299 0.1361453 0.4367934 0.4894083 0.2435924 0.4074576 0.4368254 0.6567439 0.1881258 0.2162026 0.3381690 0.7083458 0.8327026 0.3022265 0.4477652 0.0989705 0.7780079 0.7257182 0.1048118 0.4696496 -0.0573835 0.2480696 0.3423486 0.2278995 0.2664052 -0.0220206 -0.2840792 -0.3625583 -0.1997683 -0.1102600 -0.1206487 -0.2434986 0.3322317 0.3376781 0.0310321 0.0787871 -0.3401295 -0.0315646 0.1341758 -0.1768961 0.0218153 -0.2464680 -0.3893889 0.3792373 -0.1978346 -0.1298619 0.4298873 0.0363779 0.3580524 -0.0846646 -0.1254395 0.0570443 -0.5507874 0.4132293 0.2109099 0.0525165 0.2711853 0.3527283 -0.3556915 -0.2566833 -0.4255641 0.1828474 -0.2248185 -0.2147793 0.0735075 0.1463649 -0.2183321 -0.5657743 -0.1694343 -0.3618449 -0.0777118 -0.6712181 -0.1499475 -0.2111913 -0.3808073 -0.4563528 -0.3194261 -0.2584656 -0.4047055 -0.5196587 -0.4277735 -0.3341663 0.3598127 0.7175560 0.9384913 0.7924257 0.7698687 0.5761117 0.6399301 0.3373839 0.0473101 0.1054471 0.5249150 0.1351386 0.3949589 0.2508122 0.3064510 0.5118025 0.4812073 0.4184597 -0.0110000 0.4067509 0.5179771 0.0205456 0.1739543 0.2011342 0.1465278 0.2691190 0.5334129 0.0798043 0.5332897 0.2060254 0.5498719 0.3144369 0.2792439 0.0181222 -0.3831046 0.0492923 0.3252909 0.3213283 0.3623149 0.4164601 0.3614406 0.0658570 -0.0700490 0.1174799 0.0851707 0.2264561
-0.1803191 0.1832234 0.4786318 0.8166374 0.2144487 0.4194973 -0.0426057 0.0000000 0.1764789 0.5378924 0.7702586 0.1017015 0.7535827 0.2285495 -0.2241027 0.6520825 0.5282363 -0.0858523 0.4508531 0.4894062 0.1802221 0.5477923 0.2912781 0.0015543 0.4838190 0.3399938 -0.0006194 0.1021262 0.2189001 0.1710332 0.3257939 0.1342794 0.2011266 0.1228704 0.4049234 0.0663354 0.2105909 0.2332171 0.6441186 -0.1000171 -0.0023046 0.1099815 0.4350113 0.0896272 0.0124011 0.2114752 0.2007521 0.0367512 0.1616690 0.0435003 0.1525564 -0.0469982 0.2593306 -0.0002439 0.2011807 0.0937425 0.1397659 0.0202209 -0.2696658 0.0962867 -0.1219440 -0.0501819 -0.0632516 0.2669450 0.2534534 0.1138948 -0.0047638 0.0399756 0.0162301 0.1454833 0.1195338 0.1872981 -0.0381536 0.3265960 -0.0177684 0.1667492 0.3079950 0.1705530 0.2785110 0.0657242 -0.1226448 -0.1412955 -0.2387026 0.1619918 0.1446362 0.0108459 -0.4113385 0.0153672 -0.0815604 -0.0436094 -0.4520823 -0.4024771 -0.4161012 0.0709052 -0.2438015 -0.3671006 -0.4339183 -0.1740177 -0.3233430 0.0272410 -0.0345027 -0.1358726 -0.1712137 0.2816729 -0.3489264 -0.1974774 -0.1325390 -0.1144820 -0.4874143 0.0388572 -0.3518180 -0.2154741 0.1688332 0.1090123 0.3195790 0.1772485 0.1994657 0.3785274 0.4100195 -0.2040014 0.1341292 0.0634431 -0.2261690 0.2329512 0.1244845 -0.4076290 0.1318102 -0.2838202 -0.4100996 0.0494188 -0.0776148 0.1274173 -0.3007154 -0.2143315 -0.0454892 -0.1793201 -0.4498826 -0.3422480 -0.4693566 -0.5183739 0.0830165 -0.4478642 -0.1094508 -0.3526748 -0.3467854 -0.4784500 -0.2777922 -0.1921561 -0.1518335 -0.4984108 -0.4082285 -0.5283664 -0.3479414 -0.2267371 -0.2837158 -0.4504472 -0.1432416 -0.3266934 -0.1894871 -0.2523649 -0.3397733 -0.3251610 -0.3660915 -0.0019063 -0.4107779 -0.4358387 -0.1044002 -0.1339852 -0.1332349 -0.2493346 -0.2078132 -0.2275433 0.0443986 -0.2000482 0.0314762 0.0585527 -0.1773180 -0.2589121 -0.1198785 -0.0385696 -0.2881198 -0.2078483 -0.1779995 -0.2669176 -0.3003199 0.0695088 -0.1740904 0.0341694 -0.0390195 0.1783422 -0.2316141 0.1966470 -0.2609486 -0.0813422 -0.2520115 -0.2734380 -0.3330759 0.0303406 -0.1979967 -0.4465037 -0.1649502 -0.1276902 -0.5203516 -0.5349531 0.3655621 0.0821339 -0.4926484 0.3993793 -0.1002154 0.1915235 -0.4757762 -0.2788755 0.2637308 0.5835798 0.0148896 0.2533312 0.2761485 -0.0552076
0.1747129 0.5083163 0.0770127 0.4409190 -0.0590147 0.6612243 0.4433253 0.1764789 0.0000000 0.1552098 0.2586035 0.5908122 -0.1910244 0.2579506 0.6765018 0.2719112 0.2351584 0.4020824 -0.1275628 -0.0000770 0.4713016 -0.0302909 0.0164607 0.5234401 -0.0469774 -0.0692220 -0.0169869 0.4984850 0.3902921 0.6183968 -0.1664350 -0.0092520 0.4788852 0.5185545 -0.0427894 0.4503877 -0.1155292 -0.2069290 0.2158467 0.2017744 -0.2125633 0.4574392 -0.0105272 0.5095843 0.2206629 -0.1590955 -0.1151147 -0.0312681 0.5518278 -0.1980866 -0.0965891 -0.0788460 0.5189809 0.1810919 0.1196459 -0.0042498 -0.1536823 0.1452122 0.0350016 -0.0588313 0.0779175 0.0235838 0.0430910 0.1349110 0.1802965 -0.1019382 -0.0226921 0.1108300 0.0967113 0.0644735 -0.0539956 -0.0786134 0.0546756 0.0603236 0.2150720 0.1800824 0.1368163 0.0606167 0.0482256 -0.0142656 -0.2211284 0.2889383 0.5285916 0.5081936 0.4020793 0.4718321 0.3047136 0.5141645 0.3627959 0.3314949 -0.1246901 -0.2142621 0.2011749 0.6914003 0.0690450 -0.1295105 -0.0779995 0.3947588 -0.0355087 0.6429876 0.4439059 0.4838039 0.7261636 0.5096553 0.0101758 0.0901127 0.6473819 0.6973407 -0.1843967 0.7074416 -0.3394402 0.5405441 0.5645322 0.2352432 0.4146370 -0.0800672 -0.2565574 0.2192640 0.1533173 0.2464803 0.4127912 0.2424474 -0.2230938 0.6705115 0.4863616 -0.0284516 0.2967056 -0.3712741 0.2302337 0.5750185 0.4946081 -0.4087206 -0.0858641 0.4654912 -0.4734703 -0.4940712 0.1981221 0.0630530 -0.0384134 -0.0916766 -0.6597789 0.0190194 -0.5684120 -0.0829726 0.2783111 -0.4065648 0.0604367 0.1156442 -0.7144090 -0.3029361 -0.7088466 0.0808764 -0.0648335 -0.7372131 -0.3466222 -0.5186330 -0.6349063 -0.7433752 -0.6434932 -0.7656691 -0.6569384 -0.5233597 -0.4718291 -0.7000300 -0.7237689 -0.7438118 -0.6472517 -0.7132916 -0.6845208 -0.7032763 -0.7076447 -0.7203881 0.2772262 0.2037125 0.4370229 0.2850245 0.2775662 0.2161694 0.4066404 0.2461646 0.4510012 0.1408428 0.0926483 -0.1609292 -0.1696271 -0.0917332 -0.3329955 -0.1991032 -0.1975193 0.0306497 0.1999273 0.0094968 0.0179707 0.3036067 0.0686129 0.2261663 -0.1180252 0.2091098 -0.1988112 -0.1657532 0.1359355 0.3453795 0.1650738 0.2094063 0.3532740 -0.1638326 0.0549462 0.3634609 0.1030207 0.2704717 0.1127200 0.2679950 0.0724116 0.1673380 0.4164102 0.0449062 0.3227483 0.0432708
0.1504016 0.2057496 0.0302574 0.5418225 -0.0590126 0.4684624 -0.1170752 0.5378924 0.1552098 0.0000000 0.8284009 -0.0112083 0.5083887 0.4459868 -0.3648492 0.7354432 0.8087276 -0.0125991 0.4704735 0.2343720 -0.0049280 0.6032692 0.5586497 -0.3951091 0.7104273 0.6356131 0.2443075 -0.2029754 0.2115095 0.3251477 0.4009773 0.3101196 -0.2352669 -0.0856536 0.7396380 0.1131731 0.4914164 0.5487607 0.7378410 0.0595083 0.1090862 0.2467521 0.7136791 0.1498430 0.2410900 0.5883749 0.6766615 0.2154432 0.4571012 0.3818340 0.6657258 0.3444182 0.5102238 0.4752277 0.3985832 0.6842057 0.6831747 0.4886576 0.0385406 0.6484739 0.1839919 0.4843003 0.1880896 0.5902739 0.3639768 0.7054251 0.5857663 0.4908142 0.4548978 0.6192800 0.5726255 0.5187397 0.4534383 0.4978439 0.3007210 0.6247880 0.5351915 0.5882148 0.7022941 -0.2278927 -0.1827048 0.0882001 -0.0064970 -0.0509356 -0.1806010 0.1794431 0.2067864 -0.0772999 0.0285429 0.0436571 0.1003915 0.1242761 -0.0763045 -0.0571867 0.1899273 0.1432147 0.0610821 0.0070444 0.2813075 -0.0545004 0.2010697 0.1642282 -0.0128560 0.1658554 0.2742493 0.3410840 -0.0222397 -0.2142408 0.2526355 -0.1350679 0.1652732 0.3321782 0.0324253 0.0675580 0.4655816 0.0655028 0.1253663 0.3277084 0.2430250 -0.1877428 0.0720183 0.1069737 -0.1388587 0.0611179 0.0594936 -0.2747648 0.1120248 0.0167813 -0.0362758 0.0588569 0.0646332 0.2110136 -0.1449418 -0.1550802 0.0260049 0.0206657 -0.1742276 0.0897686 -0.1711603 -0.4181984 -0.1415217 -0.1587292 0.0880334 -0.2290343 -0.0041634 -0.2140730 -0.1154516 -0.1781804 0.1040180 -0.2947243 -0.1703269 -0.2081981 -0.1264499 -0.0445109 -0.2887337 -0.2546483 0.2015807 -0.1582876 0.0018494 -0.1009386 0.0261559 0.1968097 -0.0606074 0.0922827 -0.0066801 -0.2559195 0.0555797 0.0436509 0.0920021 0.0670420 0.0370089 0.0358318 0.2063580 -0.1415735 -0.0658871 -0.2192440 -0.4075349 -0.5340090 -0.1993436 0.0835290 0.0432824 0.1677438 -0.0626012 0.0618704 -0.1093528 0.2223163 -0.0416563 0.0523586 -0.0387648 -0.0968926 -0.0976244 -0.1479139 -0.5469531 -0.1139844 -0.2474602 -0.3142348 -0.3637503 -0.2172387 -0.5007776 -0.2516578 -0.0961380 -0.3020534 -0.0918136 -0.2860921 -0.0233974 -0.4537678 -0.3274609 0.0277090 0.0766580 -0.0596239 -0.1415019 -0.5020173 -0.1887223 0.1306166 -0.2406035 -0.0622102 0.2436302 -0.0773899
0.0702402 0.2915181 0.1003861 0.7433466 -0.0484840 0.5524110 -0.1367320 0.7702586 0.2586035 0.8284009 0.0000000 -0.0232487 0.5294024 0.1665745 -0.2278608 0.7847866 0.6528577 -0.1512263 0.5531441 0.1496181 0.0141617 0.5029269 0.5112786 -0.2604746 0.6808366 0.6188915 -0.0177962 -0.1168973 0.2734130 0.2717232 0.2000577 0.1823807 -0.0665100 -0.0338692 0.6770720 0.2137158 0.4787065 0.3979024 0.7456686 0.0884741 -0.1027165 0.3563731 0.6135066 0.2793550 0.0039211 0.5648961 0.5959539 0.0510071 0.5576139 0.3130572 0.5504688 0.0960258 0.5697684 0.5137065 0.2765216 0.4868071 0.5280996 0.5461192 -0.0979196 0.5221426 0.1746545 0.3643692 0.0316165 0.6966216 0.5102957 0.4562250 0.4955654 0.5232010 0.2419479 0.6305992 0.5116736 0.5383959 0.4032336 0.6319309 0.2713209 0.6871646 0.6197012 0.6061794 0.6964410 -0.1848836 -0.3045172 -0.0823381 0.0047326 0.1959468 0.1037456 0.1412975 -0.1379390 0.0921997 0.0861404 0.0794947 -0.3423169 -0.3404284 -0.3557784 0.1274237 -0.1296390 -0.3010158 -0.3279504 -0.0570470 -0.1288858 0.1561604 0.1762675 -0.0216875 -0.1062401 0.4327763 -0.0577005 -0.0112216 -0.0420469 -0.2006002 -0.1877108 -0.0707553 -0.2215536 0.2297095 0.0391756 -0.0391947 0.3655720 -0.0993887 -0.0584858 0.3174437 0.1761302 -0.1681821 0.0164829 -0.0354742 -0.4151380 0.2323477 0.1825039 -0.2356020 0.1876539 -0.2915405 -0.0368934 0.2206616 0.0828753 0.1364140 -0.1299257 -0.1329676 0.0413744 -0.2278895 -0.3505179 -0.0184662 -0.2652201 -0.3231080 -0.0451281 -0.2382600 0.0041117 -0.2367293 -0.0854397 -0.4567668 -0.0655190 -0.0734118 -0.1749579 -0.4287956 -0.2925059 -0.2884664 -0.1653985 -0.2906629 -0.2931702 -0.3138645 -0.0890214 -0.2766665 -0.2300411 -0.3170979 -0.3392302 -0.0671861 -0.3064183 -0.1540873 -0.3242459 -0.3945222 -0.2314371 -0.2465153 -0.2192005 -0.2249143 -0.2809540 -0.2881102 0.0579417 -0.1713867 -0.0344309 -0.1965754 -0.3887528 -0.5431689 -0.0987185 0.1213100 -0.0496642 0.1189305 -0.0480110 -0.0625432 -0.1989049 0.2486061 -0.0960005 0.0478594 -0.0177258 0.1201554 -0.0117629 0.0810498 -0.3675148 0.0536613 -0.1605346 -0.1847290 -0.2968313 0.0205547 -0.5255174 -0.3004759 -0.2452609 -0.2081659 -0.3531170 -0.4782946 -0.0195507 -0.3804107 -0.2096557 0.0965652 -0.1929009 0.0274339 -0.4599974 -0.3147034 -0.1956431 0.3369578 0.0278300 -0.1080402 0.0769351 -0.2863887
0.2815584 0.6214082 0.6633929 0.3563661 0.4383736 0.5653367 0.8348524 0.1017015 0.5908122 -0.0112083 -0.0232487 0.0000000 0.0076243 -0.0257742 0.2337252 -0.2338906 -0.1363057 -0.0958746 -0.4604022 -0.0285471 0.8294099 -0.2754938 -0.5220869 0.2260045 -0.2929227 -0.5988868 -0.3758508 0.1348468 0.0559405 0.0285318 -0.2519144 0.0521479 0.1849774 0.2939789 -0.5492407 0.7149364 -0.6098885 -0.4109404 -0.1452747 -0.3553320 -0.0185325 0.5300775 -0.4525530 -0.0850042 0.4807534 -0.4840710 -0.5853068 0.1605156 0.0586216 -0.4353125 -0.6044108 -0.3869498 0.2945918 -0.4013243 0.2491442 -0.2896280 -0.6182094 -0.2882679 0.4704337 -0.6062118 0.1864296 -0.5550494 0.2417478 -0.1515893 0.2216150 -0.4676491 -0.5651129 -0.3977448 0.0346800 -0.3937687 -0.6274280 -0.1957399 -0.4579431 0.0961203 -0.2226281 -0.2651171 0.1892206 -0.3240777 -0.0871611 0.6131340 0.3082133 0.2561695 0.5351984 0.5661090 0.5975522 0.6398784 0.3214797 0.6725384 0.5504536 0.5171089 0.0749157 -0.0058150 0.4183879 0.6130272 0.1645952 0.2380258 0.2532589 0.6397866 0.0852137 0.3418899 0.4430695 0.7049100 0.8116723 0.3684679 0.2383445 0.0881752 0.7567134 0.6356402 -0.0187855 0.6016177 -0.1815786 0.2807953 0.4317197 0.2890497 0.3944223 0.0496094 -0.1247894 -0.1202933 -0.0065511 0.0073027 0.1562262 0.0086765 0.0527609 0.4139951 0.1504034 -0.0671225 -0.1388011 -0.2514208 0.0791766 -0.0147943 0.1423059 -0.3411504 -0.3590691 0.4570487 -0.5281432 -0.3808858 0.2913705 0.0827448 0.1056971 -0.1075718 -0.3987694 0.0931184 -0.6238036 0.2034391 0.1738087 -0.2367388 0.0612401 0.1334258 -0.5191882 -0.2899274 -0.6007345 0.0327070 -0.0723927 -0.4564677 -0.1063639 -0.1665587 -0.4440999 -0.6593070 -0.3633133 -0.5008795 -0.3206052 -0.6888458 -0.2819083 -0.3788784 -0.5684914 -0.6318523 -0.4583040 -0.4261290 -0.5282182 -0.6243351 -0.5146444 -0.5068458 0.3959690 0.3997123 0.6686274 0.8068268 0.8146464 0.5841930 0.7821717 0.5164362 0.2354195 0.2686253 0.5546464 0.2149899 0.3054601 0.1327446 0.1447638 0.3321592 0.3843437 0.3618819 -0.0085524 0.3797643 0.3070390 0.1648314 0.0901354 0.2519851 0.0581618 0.3130122 0.3650786 -0.0493684 0.3422134 0.1788227 0.4034865 0.1475299 0.5661094 0.1233022 -0.3687695 0.1765410 0.1267012 0.3321144 0.2181120 0.2420302 0.4844754 0.3508310 0.0647670 0.2145650 0.1115658 0.1507867
-0.2113481 -0.0287981 0.5256537 0.4854912 0.5235721 0.0552406 -0.1279884 0.7535827 -0.1910244 0.5083887 0.5294024 0.0076243 0.0000000 0.3315153 -0.3670375 0.4292591 0.4813712 -0.0116230 0.3474286 0.7022543 0.1670312 0.6435372 0.3909882 -0.1970399 0.5839409 0.2897359 0.1319638 0.0018776 0.0744628 0.0295009 0.5396801 0.2784052 -0.0732971 -0.1324976 0.3346320 -0.0147278 0.1070601 0.5619192 0.5803085 -0.0030002 0.3558408 -0.0467766 0.4912338 -0.1356064 -0.1232801 0.3748226 0.2002739 0.4171860 -0.0443944 0.3726849 0.1444674 0.2080080 0.0612333 -0.0828096 0.4649275 0.3249119 0.1630983 -0.1128841 -0.1122111 0.0873071 -0.1767590 -0.0706326 0.1727228 0.1920489 0.0826326 0.2476181 -0.0328269 -0.1103138 0.2655098 0.1018400 0.0819408 0.2781053 -0.0924946 0.3023327 0.1463116 -0.0017007 0.1668352 0.1581422 0.2144362 0.1499220 0.1252260 -0.1942708 -0.4881989 -0.0636600 -0.1738444 -0.2255945 -0.2822700 -0.2292045 -0.2851908 -0.1986840 -0.1115020 0.0411327 -0.3863835 -0.2347821 -0.1866740 0.0132919 -0.1265468 -0.4138916 -0.1912224 -0.2388170 -0.1574552 -0.2701140 -0.3291627 -0.0286452 -0.1861556 -0.0754435 -0.2849012 -0.3134447 -0.0916704 -0.1514285 0.1040162 -0.3389335 -0.0665651 0.0598068 0.1289522 0.1180885 0.2249705 0.1878312 0.2285607 -0.4253592 -0.0055326 0.0311722 -0.0653274 -0.1559661 -0.2890355 -0.3721934 -0.0213969 0.0457528 -0.5167909 -0.3472602 -0.4013256 0.3146611 -0.1974472 -0.5292975 0.1294316 0.1526020 -0.6128247 -0.3816282 -0.5135528 -0.5047948 0.2035405 -0.5085517 0.3181133 -0.5510931 -0.6076956 -0.2293162 -0.5008544 -0.4942049 0.3168140 -0.3835546 -0.1003754 -0.6093220 -0.4042669 0.1860532 -0.2741821 -0.2895574 0.2607813 -0.1223012 0.2633098 0.1188580 0.0231176 -0.0527966 0.0590696 0.3253962 -0.0013217 -0.0078559 0.3280333 0.2963331 0.2924539 0.1430671 0.2446386 0.2242984 0.2866328 -0.1710104 -0.1490735 -0.0867530 -0.2096559 -0.2777571 -0.1823902 -0.0627451 -0.3815124 -0.2144887 -0.1806511 -0.0142842 -0.0304617 -0.0080137 0.0246613 0.2085596 0.0893952 -0.0437803 -0.4823012 -0.0363708 -0.4151585 -0.3599767 -0.3903857 -0.4412421 -0.4493444 -0.3510136 -0.0180225 -0.3961056 -0.1829955 -0.2761326 -0.3843549 -0.5850728 0.4179686 0.2816957 -0.5745434 0.0600312 -0.0086932 -0.0034018 -0.3420651 -0.4557458 0.4485107 0.2915567 -0.4047396 0.4044819 0.2639638 0.1163055
-0.2608554 -0.1514924 0.0827577 0.2353776 0.0898109 0.0998515 -0.1228531 0.2285495 0.2579506 0.4459868 0.1665745 -0.0257742 0.3315153 0.0000000 0.1028505 0.4640450 0.7725976 0.7787718 0.2087379 0.5876118 0.0509013 0.5800006 0.3476976 0.2700670 0.3908853 0.2973535 0.6523154 0.4645736 0.1557399 0.7789251 0.6836916 0.4029523 0.2404963 0.2887116 0.3668115 -0.2404560 0.2043966 0.4709279 0.6060550 0.3145841 0.5245991 -0.2373367 0.5766838 0.1198397 0.1288534 0.2561758 0.2641752 0.3942664 0.0712450 0.2846602 0.2990138 0.5827767 0.1425065 0.0678787 0.3927502 0.3933773 0.3207249 -0.0989065 -0.1778639 0.3181998 -0.2064257 0.3086898 0.3214762 -0.0412687 -0.2062364 0.5593143 0.1437115 0.0127462 0.4488747 0.0192354 0.2686910 -0.0363354 0.2115709 -0.1868879 0.3665114 -0.0098212 -0.1316328 0.0749690 -0.0841274 -0.2672361 -0.0701313 0.4763464 -0.1972665 -0.1767332 -0.4595423 -0.1045173 0.3121426 -0.3350456 -0.1867285 -0.1733396 0.3961862 0.5045479 0.1954459 -0.1556574 0.2115552 0.2899068 0.2741358 -0.1248951 0.2460874 -0.1250475 0.0963653 0.0676890 0.0437500 -0.2071283 0.0776259 0.2882803 -0.0417375 0.1356858 0.2964181 0.0673916 0.4497048 0.1614114 0.1338410 0.2394290 0.1888611 0.2774037 0.2903430 0.2731700 0.4044091 -0.2745580 0.1862139 0.2768704 0.3357455 -0.1342145 -0.1977367 -0.5141537 -0.0466309 0.4866017 -0.4735922 -0.1531098 -0.2357755 0.3748981 -0.2734047 -0.3681986 0.0928808 0.4040316 -0.2706873 -0.4137113 -0.4731847 -0.5431910 -0.1910787 -0.5182151 0.2085085 -0.5922783 -0.3037899 0.0740501 -0.5596442 -0.5465023 0.3196030 -0.3312962 -0.2731993 -0.2416907 -0.4309983 0.1569853 -0.5580703 -0.4005747 0.3375105 -0.2051855 0.2427844 0.0238399 0.0885067 0.0235901 0.2778264 0.2711878 0.0868497 -0.1067865 0.3840444 0.2985464 0.4376527 0.2701949 0.2895990 0.2931301 0.1562124 -0.2183751 -0.1056371 -0.1269114 -0.2049753 -0.0837865 -0.2831999 -0.3186963 0.0244517 -0.1313944 -0.3672860 0.1089632 -0.1675397 -0.2181879 -0.2136538 -0.1638839 -0.3875001 -0.4432292 -0.5067210 -0.4192520 -0.5392809 -0.4720606 -0.5721886 -0.5655060 -0.5665144 -0.5934278 -0.2577816 -0.4787403 0.2142093 0.1652529 0.1466226 0.1355458 0.3490445 0.1319613 -0.2873968 0.4761051 0.5439395 -0.0234622 0.3209328 -0.1572370 0.1302286 -0.1106628 -0.2206033 0.5840687 0.7448566 0.5356535
-0.0876324 0.1379571 -0.2055894 -0.0043096 -0.1113669 0.1358500 0.0695480 -0.2241027 0.6765018 -0.3648492 -0.2278608 0.2337252 -0.3670375 0.1028505 0.0000000 -0.0011677 -0.2350807 0.5880615 -0.1140371 -0.0306527 0.2075825 -0.1321881 0.0319995 0.7140724 -0.1528624 -0.0882367 -0.0507390 0.6676426 0.3825224 0.4812975 -0.2702386 -0.2887951 0.5482642 0.4441847 -0.2205915 0.1641823 -0.1363864 -0.1853941 -0.1994955 0.5163592 -0.2543976 0.1318328 -0.2241676 0.5131458 -0.1951874 -0.1408255 -0.1559356 -0.1645094 0.3543925 0.0046716 -0.1696712 -0.0831507 0.1698763 0.1484107 -0.1369925 -0.1371537 -0.1839521 0.0487858 -0.0499497 -0.0896962 -0.0802112 -0.0080959 -0.1898910 -0.0321513 -0.0983589 -0.1972792 -0.0197965 0.0167499 -0.1566394 -0.0033093 -0.0037820 -0.1678606 0.0288979 -0.2135975 0.3179703 0.0020437 -0.2654504 -0.0251436 -0.2785873 -0.2126015 -0.2294687 0.0285281 0.2966646 0.3605091 0.2176403 0.0607102 0.1537541 0.2693150 -0.0181205 0.0291366 -0.1853699 -0.1419355 -0.0076082 0.3417257 -0.2569365 -0.2637573 -0.1301830 -0.0291082 -0.3068451 0.3973858 0.1148513 0.0266255 0.3676325 0.2342874 -0.2522411 -0.1559559 0.2685699 0.4964995 -0.1402105 0.4274890 -0.2150432 0.2565323 0.2406748 -0.0370520 -0.0820522 -0.2598744 -0.3271733 0.0515886 -0.1716937 0.2701586 0.2450660 0.1819734 -0.1854436 0.2339579 0.1962707 0.1472817 0.2832991 -0.1530168 0.2537026 0.4950889 0.3464292 -0.4149732 0.2101094 0.2752951 -0.3588515 -0.2654513 0.0308126 0.0788076 -0.0926455 0.2696884 -0.5341080 0.1305467 -0.1070106 -0.2500404 0.0660133 -0.1456202 -0.0658813 -0.0927764 -0.4704016 0.0556035 -0.2500071 0.1007844 0.1706522 -0.4542655 -0.2915869 -0.3367253 -0.5007125 -0.3646294 -0.4069239 -0.3549254 -0.5295631 -0.1568992 -0.0786148 -0.5289097 -0.3741653 -0.1618431 -0.3451109 -0.5079400 -0.4157325 -0.3119987 -0.3876992 -0.4157391 0.1394020 -0.0160601 0.0371257 -0.0529855 0.1576037 0.2316055 0.3440149 0.1936396 0.5536224 0.0884132 -0.0598077 -0.1586069 -0.0862661 -0.2618624 -0.2881422 -0.3570511 -0.3323920 -0.2182329 0.1864792 -0.1947786 0.0012631 0.2396021 0.1107190 0.2896337 -0.0225960 0.0339639 -0.1375429 -0.0127028 -0.0749968 0.2653674 0.1495721 0.3205718 0.1438519 0.1326954 0.4555968 0.1435258 -0.0737842 -0.0518178 0.1944050 0.4577577 -0.0672991 -0.1747453 0.4358102 0.0041638 0.0971638 0.0173333
-0.3080659 -0.0445812 -0.1252251 0.6311263 -0.2826364 0.3168526 -0.4866357 0.6520825 0.2719112 0.7354432 0.7847866 -0.2338906 0.4292591 0.4640450 -0.0011677 0.0000000 0.6890399 0.1897030 0.8124582 0.3914399 -0.1078311 0.7958005 0.6956919 0.1268995 0.7731596 0.8466320 0.3724761 0.3318392 0.5368323 0.6077697 0.3927834 -0.0402744 0.3274032 0.2830686 0.8546119 -0.0615313 0.7030912 0.4892571 0.8086159 0.4246184 -0.1798178 0.1053852 0.7474598 0.5665394 0.0460967 0.5788527 0.7346462 -0.1558848 0.5712855 0.4103179 0.6732677 0.2629214 0.4205480 0.5082276 -0.0203207 0.4802188 0.6929312 0.4617609 -0.3356889 0.6728923 -0.0148098 0.4826359 -0.2898848 0.5293451 0.1212700 0.6032140 0.5743866 0.4778975 0.0240421 0.6377085 0.6964824 0.3995736 0.4563187 0.2506016 0.2173277 0.6077671 0.3832983 0.5818516 0.5287290 -0.5689464 -0.5378302 -0.0763605 -0.1165376 0.0157220 -0.1517412 0.0086581 -0.0673222 -0.1501134 -0.1415642 -0.0904758 -0.2736469 -0.2685903 -0.2983005 0.0116551 -0.0473255 -0.3676132 -0.4653512 -0.2167630 -0.0742066 0.0528403 0.0572908 -0.1370330 -0.2133228 0.1735497 -0.2769268 0.0460725 -0.2206581 -0.2193149 -0.1596653 0.0050949 -0.1807035 0.1857546 0.2145136 0.1514372 0.4311417 0.2105835 0.2936116 0.6624247 0.4988065 0.1404602 0.3971139 0.4094434 -0.4137156 0.1589746 0.3421929 -0.2658019 0.4162506 -0.2370835 -0.0721702 0.3792544 0.2926136 0.0828321 0.0271713 -0.1307945 -0.0263805 -0.1795355 -0.2885824 0.0399858 -0.3573434 -0.2909182 -0.2276451 -0.1353410 0.0778102 -0.4224955 -0.0126443 -0.3845606 -0.1589909 -0.1850933 -0.1526654 -0.1739039 -0.2122009 -0.2413067 0.0582012 -0.2985099 -0.3191410 -0.5259022 -0.1616037 -0.1014862 -0.3051270 -0.2062119 -0.3164791 0.2006204 -0.2511033 -0.1469827 -0.2082966 -0.3257962 -0.1309649 -0.2251030 -0.0902241 -0.0362055 -0.1310936 -0.1948192 0.0116215 -0.4446056 -0.3787902 -0.3868619 -0.5538569 -0.5317542 -0.3107926 -0.0302722 0.1466108 0.0971513 -0.3373987 -0.1757682 -0.4465368 -0.0579843 -0.3898240 -0.3653895 -0.3795089 -0.1806333 0.0346239 -0.1783053 -0.5552406 0.0994991 -0.2212482 -0.1862161 -0.3328799 -0.0915557 -0.6699750 -0.3017578 -0.3002040 -0.2235361 -0.4504426 -0.2850931 0.0480968 -0.2576494 -0.0554654 0.3344182 -0.1384014 -0.0790306 -0.2977614 -0.3509973 -0.1803705 0.3418162 0.1540127 -0.0130661 0.3522235 -0.1282339
-0.0736092 -0.0435603 0.0308194 0.4307904 0.0252768 0.2778641 -0.1423330 0.5282363 0.2351584 0.8087276 0.6528577 -0.1363057 0.4813712 0.7725976 -0.2350807 0.6890399 0.0000000 0.3973092 0.3332777 0.4884685 -0.0803531 0.6386678 0.5657952 -0.1399832 0.5540626 0.5388770 0.5701782 0.0768692 0.1093226 0.6150142 0.6580578 0.5272891 -0.0428533 0.0505318 0.6767201 -0.1890125 0.4323040 0.5573206 0.8569543 0.1685787 0.4164244 -0.0679153 0.8209424 0.1247159 0.1015426 0.4715236 0.5197880 0.3773289 0.2596891 0.3070063 0.5760407 0.6043786 0.3215623 0.3557424 0.4751921 0.5742156 0.5520563 0.2230850 -0.2344980 0.5592678 -0.0759149 0.5362803 0.3660156 0.2945846 0.1028068 0.6870723 0.4109136 0.3485787 0.5713938 0.3480852 0.4723978 0.2317028 0.4136305 0.1884776 0.4235068 0.3603045 0.2057038 0.3935481 0.3592207 -0.2565248 -0.1270255 0.3177954 -0.2227634 -0.1996720 -0.4056466 -0.0416914 0.1749180 -0.3214196 -0.0977509 -0.1396161 0.2362566 0.2673137 0.0254633 -0.1076552 0.2084350 0.1893263 0.0997321 -0.0890331 0.2475262 -0.0099406 0.1219192 0.0473060 -0.0524186 -0.0057913 0.1702381 0.2900342 -0.0693078 -0.0426672 0.1682317 -0.0031573 0.2871270 0.2199909 0.1429518 0.2138530 0.3129116 0.1978586 0.2123652 0.3499977 0.4451468 -0.2959872 0.1341965 0.1752947 0.0475469 0.1010496 0.0178711 -0.4917532 0.0459307 0.2181898 -0.3568007 0.0035222 -0.1150931 0.3337343 -0.2429937 -0.3346425 0.1948206 0.2319301 -0.2767469 -0.3417260 -0.3956250 -0.6387444 -0.0683764 -0.5366280 0.1156839 -0.4373671 -0.1704174 -0.1194866 -0.3290173 -0.3065391 0.2360170 -0.4613553 -0.3169406 -0.2669204 -0.5076141 0.0520196 -0.4328615 -0.3663805 0.3129982 -0.2513395 0.1463537 -0.1479173 0.0364353 0.0105746 0.0095060 0.1611822 -0.0164434 -0.2699589 0.1935104 0.1784249 0.2631202 0.1048757 0.1109924 0.1337751 0.0785934 -0.1767865 -0.0429425 -0.2066749 -0.4239815 -0.3849252 -0.4194532 -0.3198481 -0.1580697 -0.1458948 -0.3400037 -0.0386554 -0.2721646 -0.0186237 -0.1989988 -0.0614244 -0.2680179 -0.2486893 -0.3624229 -0.2766334 -0.5330765 -0.3701831 -0.4890441 -0.5919248 -0.5988989 -0.4466587 -0.4124212 -0.5064638 0.1115747 0.0391706 -0.1172115 -0.1718988 0.1636949 -0.1847556 -0.3497936 0.3592823 0.4194037 0.0477669 -0.0510836 -0.4306750 -0.0104322 0.0037607 -0.1671307 0.3339550 0.5881012 0.2614731
