0.0000000 0.4047605 0.2769156 -0.3836931 0.2715661 -0.3625122 0.0644854 -0.3609318 -0.2452710 -0.4375510 -0.4003894 0.0932542 0.0101897 -0.1322855 -0.1103056 -0.4319549 -0.3175806 -0.0592859 -0.4354218 -0.0791163 0.0413645 -0.0831252 -0.4089110 -0.1228723 -0.3978625 -0.4573442 -0.4094055 0.1145880 -0.1839623 -0.1071159 -0.1096354 -0.3923331 -0.1322037 -0.4878219 -0.3516966 0.3145485 -0.4473441 -0.1667273 -0.3823701 -0.3433106 -0.1551898 -0.1900528 -0.3545566 -0.1873238 -0.1910664 -0.1471946 -0.3496846 -0.0573322 -0.4116014 0.0646914 -0.3394750 -0.4846122 -0.5305356 -0.4724512 0.1355540 -0.1341042 -0.4336241 -0.4995493 -0.4536872 -0.4146197 -0.2621148 -0.5499577 0.2616260 -0.5179826 -0.3527173 -0.4502133 -0.4488496 -0.4129315 -0.1939910 -0.4548332 -0.4446576 -0.4462613 -0.2533785 -0.1593416 -0.4168061 -0.4402361 -0.3274597 -0.2407655 -0.3790173 -0.2906220 0.0235244 0.4624899 0.6893070 0.4715258 0.7010640 0.6772540 0.6587153 0.7001468 0.6847222 0.7423367 0.2629482 0.4415876 0.4762955 0.7283326 0.4915631 0.2805006 0.6275238 0.5632877 0.4983114 0.7090609 0.5046426 0.5067157 0.5655985 0.4489477 0.5721713 0.3249415 0.4197912 0.4652819 0.5336773 0.3035913 0.3259109 0.6596866 0.1049569 -0.0396987 0.3378674 0.2753322 0.4281934 0.4627040 0.5257082 0.5705096 0.6597996 0.4947707 0.4695538 0.4550331 0.6076719 0.6224690 0.4009096 0.4222428 0.4911632 0.2324804 0.4528065 0.5337142 0.3272622 -0.3361560 0.5317399 0.4870124 0.3073922 0.6594036 0.2993225 0.4355385 0.4120355 0.6103398 0.6433778 0.5137590 0.4906404 0.3259934 0.4809734 0.3249931 0.3785537 0.4916757 0.5026605 0.3506009 0.6897812 0.4468528 0.3321937 0.0710489 0.3546753 0.4873546 0.4940784 0.5123299 0.3672944 0.7119374 0.5206728 0.3791843 0.4849093 0.4525672 0.6571451 0.2905856 0.3993762 0.4441958 0.6206269 0.2566478 0.5810044 0.1397565 0.0185620 0.2856964 0.3620692 0.7295515 0.4632360 0.7024316 0.6523121 0.5467331 0.0426300 0.2256242 -0.1774220 -0.1826830 -0.1984987 0.1164976 -0.1196780 -0.3517216 0.1498257 -0.4126659 -0.2319103 0.4112226 0.6562829 0.6332233 0.4872572 -0.4371270 -0.3452888 0.5604913 0.0864896 -0.2422918 0.0320792 0.1066467 0.0823185 0.4983375 0.6709596 -0.2374736 0.2939911 -0.1951181 0.3199502 0.3287326 0.4464048 0.3850811 0.6100572 0.4359826 -0.0001613 -0.2644347
0.4047605 0.0000000 0.8881638 0.3408549 0.8827561 0.2712821 0.3925008 0.4198320 0.1907042 0.2710364 0.3414498 0.4326241 0.7124399 0.0369018 0.3288131 0.2829812 0.3776666 0.0952149 0.2032822 0.5305784 0.4080427 0.5797490 0.2543950 0.0060452 0.1187802 0.1465752 0.2534121 0.0921740 0.3027575 0.0900622 0.4417955 0.1656763 -0.0438006 0.1615312 0.2520578 0.4376725 0.1262836 0.4158108 0.1579159 0.2004003 0.2992145 0.1705334 0.1908305 0.0995323 0.3638942 0.2520367 0.1593470 0.4003043 -0.0122487 0.0662900 0.1699406 0.0705857 0.0757331 0.0541353 0.6178211 0.4608376 0.1627157 0.0910070 -0.2058661 0.1373397 0.3085820 0.0353842 0.8198090 0.1905400 0.2587294 0.2195160 0.1294080 0.2400331 0.4911840 0.1684309 0.1236930 -0.0005652 0.3172809 0.3716906 0.1929476 0.1800358 0.0092542 0.2149097 0.2597697 0.2727197 0.3908547 0.5602854 0.5220243 0.6199006 0.6070262 0.4750104 0.3663110 0.6067828 0.5528028 0.5226981 0.4056734 0.3083401 0.3180336 0.4076738 0.3248682 0.3916035 0.2167958 0.4358297 0.1920724 0.4713971 0.0562179 0.3951646 0.3855524 0.4341995 0.3980471 0.1700761 0.2342946 0.3131952 0.3963516 0.2889867 0.0956486 0.3318675 -0.4265564 -0.1843820 0.1887208 0.0084254 0.1865980 0.0074248 0.1338414 0.1897511 0.4273830 0.3360806 0.4059544 0.2124538 0.2513254 0.5356899 0.5097824 0.1276617 0.2910151 0.3453446 0.5314711 0.5162373 0.4035165 -0.0067036 0.5931322 0.2042396 0.3825280 0.3892694 0.2540227 0.1775635 0.2397022 0.4243165 0.4589958 0.2433851 0.4767546 0.1967006 0.4279648 0.3991325 0.0054214 0.4646475 0.4228160 0.3199262 0.5551704 0.1036598 0.1600291 0.0042999 -0.0642398 0.4399180 0.1827201 0.2547964 0.3352824 0.5093252 0.2789505 0.0624553 0.3879892 0.3140244 0.4156577 -0.0819742 -0.2091432 0.0359221 0.1484978 -0.2594358 0.4834950 0.5014663 0.7929479 0.6778243 0.3620953 0.5824989 0.3807211 0.4305622 0.6192296 0.5993402 0.2122587 0.5417147 0.1571810 0.5945354 0.2512502 0.6646134 0.0069730 -0.1989620 -0.2695806 -0.0441926 -0.0875989 -0.0720034 0.3220716 0.2440540 0.1093514 -0.0490227 0.0553279 0.6702432 0.2630416 -0.3191958 -0.0711884 -0.1862527 0.2745765 0.5831523 0.5641752 0.5921294 0.4156359 0.1570180 0.0648975 0.2599267 0.5195537 0.6872428 0.6738626 0.6327905 0.5545429 0.4382945
0.2769156 0.8881638 0.0000000 0.1955477 0.9108927 0.0714242 0.0987663 0.3412675 -0.0335153 0.1712935 0.3011635 0.1016991 0.7307659 0.0172278 0.0398973 0.2908480 0.3410247 -0.0188925 0.1890921 0.5576930 0.1652607 0.6031545 0.2970409 -0.1359505 0.0291765 0.1805069 0.3044085 0.0651005 0.0112180 0.1308365 0.4145170 0.1556343 -0.1277889 -0.0096175 0.3277903 0.1381987 0.1506058 0.4262712 0.1868874 0.1771685 0.3849073 0.0061333 0.2696564 0.0712202 0.2870299 0.0864549 0.1944921 0.5514559 -0.1224054 -0.0051237 0.2421432 0.0987372 -0.0582795 0.0043646 0.6322047 0.3683772 0.2005772 0.0331483 -0.0602792 0.2548792 0.2796220 0.0507298 0.7649585 0.1027805 0.1317172 0.2979927 0.2185371 0.1904223 0.4827215 0.1247715 0.1414211 -0.1175424 0.2141468 0.1539868 0.2127145 0.0678246 -0.1492846 0.0938291 0.1298899 0.2292242 0.1677076 0.5310708 0.4330307 0.6131507 0.3780483 0.3606268 0.1652942 0.4173076 0.4306932 0.2802313 0.3803744 0.0940496 0.2858424 0.1489344 0.0443166 0.4520950 0.2635732 0.2647218 -0.0555127 0.2764457 -0.0176589 0.2641497 0.3262087 0.1601232 0.3173275 -0.0880955 0.1198885 0.1263349 0.2555017 0.1080559 -0.0431523 0.1684843 -0.5211126 -0.2872889 0.1523233 -0.0562273 0.1744812 0.0030498 0.0538966 0.0753394 0.4206415 0.3429720 0.2278501 0.1008035 0.1506606 0.3765911 0.3240093 -0.0307957 0.0632544 0.1250043 0.2787028 0.3572957 0.2249150 -0.1505011 0.5091018 0.0251558 0.0296625 0.1739075 -0.0647756 0.1115387 0.0490177 0.2121463 0.2835670 0.0906062 0.1820902 0.0768474 0.1448084 0.1299932 -0.0918650 0.1972493 0.2616211 0.0626235 0.3078650 0.0090406 -0.0974697 0.0310549 -0.1987201 0.1921796 0.0265488 0.1745029 0.1366546 0.2697151 0.2634103 -0.0235597 0.1355971 0.1925832 0.3604188 -0.1395366 -0.3120084 -0.1371643 -0.0842208 -0.4161539 0.2936411 0.2981612 0.6159184 0.4627137 0.1475259 0.3778508 0.1571661 0.1651738 0.4076787 0.3835197 0.1283323 0.4615437 0.3256607 0.4542172 0.3726849 0.6688523 -0.1507415 -0.3004623 -0.3994313 -0.0731345 -0.1632811 -0.1434382 0.1374763 0.0734877 -0.0392374 -0.1706974 -0.0068876 0.4909659 -0.0123272 -0.2792466 -0.2487370 -0.3335140 0.3874094 0.3695788 0.3806734 0.6000193 0.1054855 0.0664092 -0.1475857 0.0708989 0.4615852 0.5140712 0.5215862 0.4601422 0.5148477 0.5173262
-0.3836931 0.3408549 0.1955477 0.0000000 0.2739492 0.7533768 0.4705116 0.9396851 0.6334187 0.9093827 0.9250444 0.3963009 0.6557045 0.2471059 0.5940643 0.8866680 0.8632512 0.1307431 0.7977158 0.3692498 0.2175118 0.5070848 0.8425169 0.1671483 0.7539103 0.8515740 0.7471709 0.0637968 0.5705827 0.3073779 0.6007334 0.7195023 0.2063385 0.8378650 0.7731866 0.2711492 0.7865032 0.6297047 0.7694101 0.6916168 0.2106084 0.4835683 0.7235440 0.5038081 0.7090295 0.7629121 0.7644695 0.1145906 0.6623212 0.2238759 0.7107670 0.7964173 0.8519045 0.8023554 0.1337471 0.7162213 0.7678332 0.8660198 -0.0676183 0.7161353 0.5205920 0.8124095 0.1657809 0.9252859 0.8692221 0.6873288 0.7618204 0.8786268 0.6552858 0.9041727 0.7674392 0.5897323 0.8924319 0.6823599 0.7644478 0.9539073 0.6186412 0.8424016 0.9423083 0.6464193 0.7118308 0.2238023 0.0206639 0.0577846 0.0928570 0.0149290 0.2102612 0.0283141 0.0083208 0.0180413 0.4387009 0.4358295 0.0786797 0.0450749 0.2357478 0.3209741 -0.0318448 0.1280688 0.0441553 -0.0923817 -0.1899910 0.1378328 -0.0276272 0.3268919 0.2280330 0.3258625 -0.1326750 0.0883316 0.1415592 0.0371350 0.2869661 -0.2350716 -0.4860832 -0.1660122 -0.4025520 -0.4729882 -0.4765306 -0.6069374 -0.5014797 -0.3742208 -0.3757619 -0.2368485 0.2218554 -0.3469793 -0.4267260 -0.0153718 0.3504861 0.2912265 -0.1772584 0.3852973 0.2139356 0.4485112 0.4529453 0.3963634 0.2186502 0.2192066 0.3597015 -0.2933894 0.0801193 -0.1338015 0.0219455 -0.2961373 0.1450494 -0.0133812 0.0202519 0.2585155 -0.0905745 0.0251674 -0.4346115 0.1512179 0.1847401 0.1156647 -0.1112026 -0.0504099 0.2197455 -0.0972692 -0.2640486 0.1670100 -0.2249475 0.2097969 0.4805703 0.1510390 -0.2659433 0.1838656 0.3828828 0.0820107 -0.0986337 -0.4206277 -0.3906702 0.0952942 -0.1071960 -0.1993006 0.1226262 0.5862008 0.7285578 0.1720404 -0.0746001 -0.0365447 -0.0344967 0.1181394 0.1309754 0.1055583 0.1041909 0.1311605 -0.1372869 0.8140875 0.0187072 0.0900540 0.3136042 0.3873630 -0.2601598 0.4809533 0.3302997 -0.3884328 -0.2146994 -0.2817524 -0.4467564 0.6208046 0.7007388 0.0295009 0.4994139 0.0906320 0.3354187 0.0793405 0.1416589 0.3345270 -0.2498277 0.6409971 0.5246449 0.4705254 0.2535336 0.1531005 0.1824508 0.5300041 0.2528029 0.3997674 0.3271152 0.3455493
0.2715661 0.8827561 0.9108927 0.2739492 0.0000000 0.1045085 0.2204164 0.3893415 0.0315225 0.2173068 0.3935136 0.1676521 0.7618247 -0.0312724 0.1051873 0.3275688 0.3550112 -0.0938177 0.1616418 0.5112657 0.1738518 0.4919014 0.3011627 -0.1885040 -0.0178089 0.1842479 0.2465416 0.0122281 0.1233006 0.0609481 0.4145113 0.0786657 -0.1522846 0.0625332 0.3248008 0.2980385 0.0916922 0.2826956 0.1279494 0.1217679 0.3047387 0.1993675 0.2559937 0.0155767 0.4245271 0.0904782 0.1278275 0.4070023 -0.1046101 -0.1216599 0.2085272 0.1029040 0.0313986 0.0434859 0.5081157 0.3176700 0.1314622 0.0590852 -0.0473376 0.2332953 0.3458289 0.1221166 0.7430334 0.1562841 0.2667551 0.2197517 0.2045404 0.2775274 0.4267711 0.1468354 0.1421124 -0.0739222 0.2824106 0.2249802 0.1717726 0.1250957 -0.1137368 0.1780034 0.2073303 0.2181847 0.2964374 0.6365107 0.5851610 0.6873363 0.4392806 0.4755362 0.2761263 0.5066464 0.4866001 0.3589034 0.3420901 0.1551718 0.3797785 0.2281431 0.1600247 0.4636264 0.2372481 0.3581101 0.0711064 0.3263081 0.1513762 0.4041057 0.4908875 0.2830637 0.2921034 0.1452230 0.2877393 0.3431205 0.2367270 0.3348176 0.0287317 0.2436070 -0.4071405 -0.0666641 0.2747850 0.0783018 0.2530746 0.0656602 0.1472771 0.1822481 0.5029024 0.4510844 0.2865676 0.1732795 0.2231987 0.4753341 0.4501059 0.0562751 0.1720554 0.2804178 0.4514863 0.3965589 0.2750194 -0.0477095 0.5998679 0.0877619 0.2206958 0.1849935 0.1307636 -0.0662525 0.2057394 0.1724371 0.3611247 0.0062231 0.3174549 0.0548558 0.2465873 0.2570006 -0.0177371 0.3005345 0.2561708 0.0998774 0.3596959 0.0490463 -0.0043526 -0.0661535 -0.1353875 0.2603760 0.0252159 0.1961511 0.2444481 0.3160480 0.1178594 -0.0055826 0.2441297 0.1835505 0.2845687 -0.1361940 -0.2520190 -0.0375056 0.0298464 -0.3230281 0.3809712 0.3449376 0.6510069 0.5135779 0.1892234 0.3321616 0.1025797 0.1639030 0.3957242 0.4921084 0.2762037 0.5734158 0.2711143 0.5366354 0.3175020 0.5937091 -0.1830133 -0.2805940 -0.3394725 -0.1253063 -0.2151653 -0.2508618 0.1800056 0.0364704 -0.1419036 -0.1462246 -0.0077198 0.4821351 -0.0377577 -0.3187476 -0.1822891 -0.2838016 0.3351296 0.4400165 0.3289057 0.5802254 0.0835829 0.0120611 -0.1530959 -0.0839366 0.3596848 0.4566450 0.4264808 0.3805934 0.4179236 0.4117043
-0.3625122 0.2712821 0.0714242 0.7533768 0.1045085 0.0000000 0.7773799 0.6170736 0.9158149 0.8198392 0.5353415 0.7154774 0.2241732 0.5145615 0.8675848 0.4829705 0.6753084 0.5518829 0.4792181 0.1882643 0.5941095 0.2594393 0.4795271 0.5543445 0.5248866 0.4699887 0.5509325 0.3338131 0.8210481 0.4263910 0.4155340 0.4546771 0.5079299 0.8598454 0.3904893 0.4029536 0.4732779 0.3155517 0.5873164 0.6794756 0.1864753 0.4272659 0.3579785 0.6038285 0.4261871 0.5142689 0.4733631 0.0642930 0.7958743 0.0662834 0.3930076 0.4585490 0.8170737 0.5954802 0.1815936 0.4406243 0.4789376 0.6323370 -0.0226631 0.3633102 0.3380816 0.4482870 0.1806477 0.7491593 0.6225758 0.4493322 0.4047098 0.5310444 0.3769057 0.6300454 0.4842303 0.7551488 0.5586039 0.7583153 0.4524333 0.7261346 0.7353217 0.5621438 0.7042948 0.4339589 0.5294922 0.0098705 -0.0382951 0.0669317 0.1197281 -0.1058222 -0.1019151 0.0363823 -0.0880296 -0.0524969 0.0058002 0.1127970 -0.1916119 -0.0406024 0.1098420 -0.1289420 -0.2899418 -0.0117206 0.0060150 -0.0119906 -0.2414919 -0.0341279 -0.1407907 0.2590399 -0.0257143 0.2137805 -0.1148173 0.0699739 0.0296134 0.0821692 -0.0072052 -0.2218668 -0.2048490 0.0832654 -0.3022047 -0.3229235 -0.4335257 -0.5220234 -0.4530032 -0.2211429 -0.3684222 -0.2130597 0.3000428 -0.1002197 -0.2149817 0.0926969 0.2451448 0.2660987 0.0705338 0.4062744 0.2987475 0.2937712 0.3847018 0.5917574 0.1721860 0.1217573 0.4874738 -0.0623561 0.3030358 -0.1146652 0.0093788 -0.0098223 0.0501884 -0.1263531 0.1736274 0.1999561 0.1755716 0.2415104 -0.3215869 0.2042484 0.0760578 0.2046787 0.0475231 -0.1231922 0.2174792 -0.3413000 -0.2692145 0.1209457 -0.1691227 -0.1657862 0.2306717 0.0368281 -0.3384360 -0.1094947 0.2167848 -0.0355646 -0.1544704 -0.2582594 -0.3456433 -0.1548961 -0.1313143 -0.2149627 0.1639045 0.3801145 0.6807983 0.4314563 0.2483682 -0.0938494 0.1761305 -0.0049959 0.0788147 0.0311188 0.0720577 0.0676230 -0.1065319 0.6448667 0.0626012 0.1124030 0.5570613 0.5627206 -0.0331172 0.5134359 0.4132571 -0.2621580 -0.0737555 -0.1746338 -0.1848881 0.7236331 0.6027030 0.0863658 0.5599769 -0.2364530 0.1553367 0.0543552 0.1234481 0.2868671 -0.1903734 0.4962142 0.5805495 0.2007670 0.0245731 0.2624051 0.2160902 0.4160660 0.0956642 0.3795250 0.4734940 0.3576936
0.0644854 0.3925008 0.0987663 0.4705116 0.2204164 0.7773799 0.0000000 0.3251984 0.8616027 0.5854309 0.2578105 0.8977028 0.0891460 0.5211251 0.9167931 0.1343485 0.5000516 0.6379921 0.0680728 0.1129145 0.6822391 0.0900067 0.1591626 0.5415166 0.1508207 0.1143872 0.3504526 0.3693432 0.8272841 0.3384899 0.2867822 0.1347099 0.4610343 0.6333286 0.0936744 0.5321239 0.1323187 -0.0032081 0.2995804 0.4912884 -0.0022477 0.2821461 0.0579827 0.4941395 0.1990460 0.2960597 0.1597168 -0.0946437 0.5925363 -0.1371680 0.0946675 0.1696671 0.5367146 0.3667238 0.1483219 0.2517278 0.1522723 0.3164622 -0.2746017 0.0148140 0.0991172 0.1485773 0.2702096 0.4279466 0.4166772 0.1085052 0.0173906 0.2327086 0.1664334 0.2640700 0.1662208 0.5180777 0.3372246 0.7185329 0.0818516 0.4247372 0.5779057 0.3454898 0.4166274 0.2394238 0.5098873 0.1184167 0.2338407 0.2438693 0.4665877 0.1528304 0.0726618 0.4509760 0.1729837 0.3226051 -0.0897865 0.1734270 -0.0943345 0.3597218 0.3742106 -0.1197172 -0.1905565 0.1655249 0.1961937 0.2537650 0.0153415 0.1443823 0.0944002 0.4748659 0.0404095 0.4220860 0.1906296 0.2962816 0.1460927 0.3824129 -0.0506478 0.1966631 0.1070241 0.2467752 0.1075316 0.1127663 -0.0102139 -0.0999016 0.0106874 0.2275469 0.0053560 0.0498881 0.4111922 0.2570638 0.2016820 0.4243719 0.3647477 0.3371661 0.4885837 0.4415310 0.5356138 0.3185345 0.4365142 0.5179252 0.3015971 0.2943156 0.6805265 0.3696382 0.6887432 0.1992333 0.3464750 0.4303292 0.3648564 0.1930468 0.6182923 0.2987473 0.6362043 0.6557499 0.1599618 0.4922034 0.2531657 0.5038091 0.5055266 0.1326096 0.5023031 -0.1385902 0.0631811 0.4377653 0.2398010 -0.0482745 0.3854536 0.3154189 -0.0243139 -0.0562774 0.4376070 0.2171390 0.1577865 0.1117506 0.0608107 0.0203789 0.3052939 0.1534898 0.3605212 0.4237042 0.6637416 0.7176219 0.5725223 0.2768997 0.3802507 0.1937443 0.3390083 0.1913270 -0.0036211 0.0510405 -0.2551058 0.4852398 -0.0776206 0.1578271 0.5219695 0.4280684 0.2828140 0.3136403 0.3896993 0.0906615 0.3616328 0.2503910 0.1590881 0.5374850 0.4096307 0.3488165 0.5917774 -0.2337797 0.1773075 0.0852419 0.0049720 0.3971517 0.1737969 0.2573021 0.6625117 0.2309461 0.1623948 0.4044659 0.2994500 0.4420073 0.3220832 0.4440706 0.4687751 0.1133926
-0.3609318 0.4198320 0.3412675 0.9396851 0.3893415 0.6170736 0.3251984 0.0000000 0.4207922 0.8430314 0.9491536 0.2441189 0.7615358 0.0317432 0.4621218 0.9369347 0.8448798 -0.0606708 0.9054957 0.4354059 0.1326153 0.6760221 0.8872670 -0.0938965 0.8484059 0.8989727 0.7126699 -0.1843255 0.4589393 0.1042598 0.6909060 0.8242495 -0.0583698 0.7142128 0.8349288 0.2822313 0.8537039 0.7919789 0.6994849 0.5563540 0.3821104 0.5545925 0.7641011 0.3362536 0.8354655 0.7942887 0.8180620 0.3216737 0.4746477 0.3443111 0.7401156 0.8283528 0.7462917 0.7859436 0.2914477 0.8429734 0.8467170 0.8730393 0.0692111 0.7776217 0.7102440 0.8657592 0.3461880 0.9035906 0.9028282 0.8241780 0.8333377 0.9415159 0.8390478 0.9277641 0.8776804 0.4467935 0.9137386 0.6007213 0.8908803 0.9109180 0.4688042 0.8877669 0.9405165 0.7336712 0.7704140 0.2177216 0.0533002 0.1576946 0.1211791 0.0174187 0.2021354 0.0542664 0.0635506 0.0788202 0.5542554 0.4264789 0.1043676 0.0483122 0.2563840 0.4381438 0.0183544 0.1116151 0.0732821 -0.0144203 -0.1293231 0.0862073 -0.0527346 0.3778970 0.2896972 0.3086733 -0.1893405 0.0132320 0.1664274 -0.0081371 0.3023922 -0.2060447 -0.4920065 -0.1568725 -0.3761504 -0.4766165 -0.4307285 -0.5480945 -0.4705862 -0.3448258 -0.2784824 -0.2226157 0.1147471 -0.2411605 -0.4080924 -0.0646239 0.3389001 0.1700623 -0.2537678 0.3530676 0.1877162 0.4149155 0.4132198 0.4402582 0.2050842 0.1349419 0.2670896 -0.3615769 -0.0576501 -0.1170169 -0.0106676 -0.2955126 0.1171944 -0.0297604 -0.0356276 0.2085457 -0.1399257 -0.0593555 -0.3895319 0.1487307 0.2292376 0.1029461 -0.1600015 -0.0418734 0.0977002 -0.0074777 -0.2717248 0.1393731 -0.1981641 0.2630992 0.4111788 0.1595953 -0.1915053 0.1464438 0.3244392 0.0985426 -0.0863204 -0.3642764 -0.4048190 0.1070559 -0.1265525 -0.2171058 0.0733278 0.6442821 0.7239462 0.1037818 -0.1565747 -0.0257413 -0.1252882 0.1120860 0.1235504 0.1838641 0.2269813 0.2552236 0.0777065 0.9045761 0.2197349 0.2973052 0.1412005 0.2194128 -0.3123648 0.4012574 0.2811891 -0.4324537 -0.2671978 -0.3549651 -0.4233262 0.5207553 0.7433532 0.0082719 0.4312031 0.1260237 0.2089177 -0.0651896 0.2279418 0.3641456 -0.2616769 0.7387715 0.4495644 0.4780774 0.1421500 0.0401929 0.2564754 0.5472485 0.2665881 0.4771767 0.3668579 0.4242195
-0.2452710 0.1907042 -0.0335153 0.6334187 0.0315225 0.9158149 0.8616027 0.4207922 0.0000000 0.7661391 0.4042052 0.7712683 0.0996439 0.7527774 0.8905644 0.2913882 0.6212161 0.7376993 0.2255156 0.1000266 0.5998192 0.0552179 0.3260074 0.7376582 0.2703049 0.2943183 0.5160022 0.5764713 0.8282985 0.6205611 0.2421189 0.2141609 0.7310647 0.8379613 0.2237147 0.3940760 0.2883182 0.0796158 0.5659871 0.7298861 -0.0876333 0.3079755 0.2123048 0.7265278 0.2175049 0.3519339 0.3113125 -0.1758682 0.8515978 -0.1081097 0.2613015 0.3243264 0.7669425 0.5103768 -0.0519087 0.2345229 0.2922598 0.4939013 -0.1574333 0.1893889 0.1190748 0.2752142 -0.0057147 0.6141399 0.4870924 0.2058217 0.1931002 0.3328703 0.1422264 0.4657882 0.2479723 0.7629337 0.4198174 0.7087953 0.2227870 0.6180124 0.7451310 0.4143297 0.5421442 0.2234649 0.3750629 0.0513410 0.0280200 0.0090229 0.1661700 -0.0678782 -0.0721835 0.1181798 -0.0990054 -0.0094889 -0.1268869 0.0536230 -0.1907844 0.0790402 0.1560065 -0.1887031 -0.3007677 0.0264068 0.0498794 -0.0543919 -0.1930390 0.0626117 -0.0683125 0.2358101 -0.0603425 0.2456323 0.0367074 0.1704929 0.0741648 0.2031675 -0.0258785 -0.0691616 -0.0961860 0.0505489 -0.1665230 -0.1383574 -0.2962875 -0.3635705 -0.2750600 -0.0334273 -0.2785251 -0.1586330 0.4504014 -0.0898886 -0.0651974 0.2396948 0.2330323 0.3892097 0.2785008 0.3821656 0.3434670 0.2847718 0.3952004 0.4698100 0.2034000 0.2681582 0.5540963 0.1240166 0.4691895 0.0374104 0.1696011 0.1140886 0.1969111 0.0459297 0.3264045 0.3062702 0.3047908 0.3823367 -0.1621603 0.2321324 0.1403002 0.3220583 0.1912218 0.0428683 0.3234616 -0.2302825 -0.0652367 0.2312419 -0.0231568 -0.1182623 0.2633385 0.1045243 -0.2306194 0.0444299 0.2750554 0.0933148 -0.0152931 -0.1211298 -0.1200674 -0.0687326 0.0300534 -0.0597811 0.2313875 0.3293703 0.5793946 0.4724323 0.3510008 -0.0198602 0.2674569 0.0526230 0.1400974 0.0038889 -0.0235741 -0.0829791 -0.2912959 0.4365035 -0.1665542 -0.1023073 0.6219852 0.6113974 0.1820253 0.4894183 0.4315901 -0.0314823 0.1716256 0.0633678 -0.1127921 0.6872820 0.4441172 0.1641451 0.5621270 -0.1395969 0.2882696 0.2290077 0.0284840 0.2004870 -0.0876051 0.2939353 0.5912320 0.2707539 0.1985519 0.3912186 0.1323753 0.3583870 0.1517208 0.2328221 0.4283500 0.1818291
-0.4375510 0.2710364 0.1712935 0.9093827 0.2173068 0.8198392 0.5854309 0.8430314 0.7661391 0.0000000 0.8433650 0.4781241 0.5075135 0.4955236 0.6715529 0.7917601 0.9070504 0.3490426 0.6998786 0.2906177 0.3493771 0.4283331 0.8263326 0.3018399 0.6752261 0.7887565 0.8170416 0.2000118 0.6627359 0.4941983 0.5359951 0.6617133 0.3729293 0.9249252 0.7195158 0.2599287 0.7543840 0.5338445 0.8776417 0.8156431 0.1889054 0.4731357 0.6995548 0.6839153 0.6060811 0.6796072 0.7513619 0.1151059 0.8085565 0.2030078 0.6815291 0.8104932 0.9215218 0.8644797 0.1181621 0.6432397 0.7499666 0.8799157 0.0374649 0.6594728 0.4964912 0.7564990 0.0726066 0.9254458 0.8414964 0.6659764 0.6393203 0.7487480 0.5523200 0.8573090 0.7092915 0.7285572 0.7574065 0.7111887 0.6928501 0.9105673 0.7076306 0.7680498 0.8568269 0.6247422 0.6102649 0.1380719 0.0400846 0.0824800 0.0665670 -0.0774177 -0.0070404 0.0566520 -0.1197620 -0.0542509 0.1809819 0.1812109 -0.0861651 -0.0108409 0.1282569 0.1320757 -0.2443308 -0.0221774 -0.0219099 -0.2070271 -0.1593710 0.0299234 -0.0895608 0.2416467 0.0649516 0.2371841 -0.1304162 0.0433329 0.0858207 0.0836912 0.1330515 -0.2166337 -0.4339961 -0.1906732 -0.4180508 -0.4328711 -0.5128399 -0.5911906 -0.5376754 -0.2466744 -0.3953661 -0.3658480 0.3011522 -0.2807885 -0.3102350 0.0341541 0.1746769 0.3053433 -0.0345104 0.3043966 0.1757154 0.3428373 0.4081960 0.4413056 0.1027827 0.1501502 0.3162241 -0.1846687 0.1632398 0.0232853 -0.0446923 -0.2043528 0.0782382 -0.0238112 0.0534781 0.1987694 -0.0222040 0.0577534 -0.3735383 0.1013086 0.1849187 0.1627818 -0.0863045 -0.0446476 0.0985868 -0.1057246 -0.2395485 0.1016942 -0.2153958 0.0979979 0.3298483 0.0708160 -0.2731424 0.1380897 0.2437570 0.1025273 -0.1055454 -0.3406419 -0.3261246 -0.0049893 -0.1190532 -0.1907773 0.0023061 0.4887092 0.6766757 0.2599879 0.1045481 -0.1290242 0.0342505 0.0325465 -0.0052041 -0.0098843 0.0854317 -0.0301240 -0.1071614 0.7158809 0.0018032 0.0033681 0.4166167 0.4979318 -0.0437463 0.6018306 0.5130117 -0.1866032 -0.0787733 -0.1800166 -0.2946561 0.7544186 0.7569125 0.0290434 0.5031075 0.1355441 0.4005820 0.2148173 0.2106185 0.2917728 -0.2721204 0.6677572 0.5076222 0.4822495 0.2590908 0.2723414 0.2168751 0.4949891 0.2459382 0.2841677 0.4681110 0.3465293
-0.4003894 0.3414498 0.3011635 0.9250444 0.3935136 0.5353415 0.2578105 0.9491536 0.4042052 0.8433650 0.0000000 0.1323067 0.7833474 0.1134631 0.3524027 0.9625390 0.8892014 -0.0678039 0.8284843 0.5236312 0.0183055 0.6352227 0.9242761 -0.0845772 0.7190056 0.9000244 0.7588849 -0.1064917 0.3788777 0.1964723 0.6862626 0.7264523 0.0090680 0.6961648 0.8460286 0.1966846 0.8078256 0.6944096 0.7428244 0.5736227 0.3381165 0.5311227 0.8000397 0.3664153 0.7809489 0.7063724 0.7746674 0.2867813 0.4911292 0.3042428 0.7399199 0.8423486 0.7392396 0.7722692 0.1857067 0.7525817 0.8058178 0.8410440 0.1548563 0.7766715 0.6578328 0.8560799 0.2048263 0.8637843 0.8406181 0.7712986 0.7924838 0.8764036 0.7170544 0.8727085 0.8009936 0.4262296 0.8372398 0.4692643 0.8094552 0.8640924 0.4135154 0.8075521 0.8577830 0.6116774 0.6178110 0.3026177 0.0900225 0.1811444 0.0587733 0.0699625 0.1776812 -0.0072755 0.0632492 -0.0280842 0.4774871 0.3211798 0.1143620 -0.0258464 0.2041916 0.4889761 0.0027743 0.0646938 0.0083849 -0.1760731 -0.1703035 0.1482643 0.0400136 0.2550816 0.1945096 0.2805623 -0.1267613 0.0212917 0.0801040 -0.0032523 0.2540529 -0.2383921 -0.5766891 -0.2185941 -0.3656922 -0.4620840 -0.4141204 -0.5311033 -0.4730731 -0.3117420 -0.2301520 -0.1878250 0.1188776 -0.3630326 -0.3961683 -0.0576656 0.3309103 0.1489284 -0.2760199 0.2871464 0.1368864 0.3989774 0.4081649 0.3581384 0.2294164 0.0868117 0.2096937 -0.4007748 -0.0836832 -0.1714183 -0.0684934 -0.4057868 0.1405785 -0.0573374 -0.0830636 0.1297879 -0.2199119 -0.0970793 -0.4504162 0.0908141 0.1752497 0.0203670 -0.1926795 -0.0865434 0.0826075 -0.0158245 -0.2743232 0.0973314 -0.2689400 0.2332515 0.4243488 0.0938401 -0.2472865 0.1526460 0.2839181 0.1020753 -0.1291977 -0.4207363 -0.4141745 0.0455884 -0.1561899 -0.2544983 0.0673398 0.5450632 0.6219018 0.0264087 -0.2406512 -0.1329346 -0.2104873 0.0438338 0.0610527 0.1525945 0.2457477 0.2296727 0.1067385 0.7784220 0.2013438 0.1643536 0.0593427 0.1853887 -0.3023504 0.3461197 0.1870653 -0.3923372 -0.2387209 -0.3668976 -0.5332341 0.4554855 0.6292233 -0.0625565 0.3664330 0.2645622 0.2789135 0.0269518 0.2979487 0.2668376 -0.2987132 0.6612687 0.3537993 0.5171227 0.1663211 -0.0382896 0.1783232 0.4032500 0.1777710 0.3029456 0.3361133 0.4346229
0.0932542 0.4326241 0.1016991 0.3963009 0.1676521 0.7154774 0.8977028 0.2441189 0.7712683 0.4781241 0.1323067 0.0000000 0.0080846 0.4154757 0.8746682 0.0130533 0.3012972 0.6397408 -0.0349824 0.0168353 0.8779373 0.0259106 0.0392156 0.6394295 0.1198521 -0.0170742 0.1686343 0.3642718 0.8594231 0.2824551 0.1078387 0.0323191 0.4856959 0.6177533 -0.0722776 0.5296386 0.0164150 -0.0696892 0.2366666 0.4819696 -0.0999782 0.1840048 -0.1069338 0.4917465 0.0190112 0.1970833 0.0180335 -0.1806509 0.5860938 -0.1051820 -0.0820133 0.0651655 0.5008638 0.3175938 0.1300008 0.1753606 0.0003162 0.2678152 -0.3730584 -0.1688179 -0.0050256 0.0377755 0.2296042 0.3860816 0.3469194 -0.0598928 -0.1446966 0.1301136 0.0912364 0.2022633 0.0196394 0.5914997 0.2423519 0.7979212 0.0079615 0.3573000 0.6560851 0.2616533 0.3443283 0.3241994 0.4384040 0.0074766 0.1074677 0.0998232 0.4614361 0.1796161 0.1033917 0.5242755 0.2154325 0.4211018 -0.0832252 0.1858181 -0.0681310 0.4515419 0.3834253 -0.2197695 -0.2867888 0.2698139 0.2781941 0.3212252 0.0902190 0.2208924 0.0707486 0.5022876 0.0583833 0.3862047 0.2606524 0.3366851 0.3015108 0.4482206 -0.0048104 0.2917116 0.1337932 0.2351053 0.1829727 0.2020296 0.0850511 0.0031127 0.1040832 0.2434481 -0.0289069 0.0309098 0.3944665 0.3098295 0.2659673 0.4194924 0.2583966 0.2970699 0.5978171 0.4578207 0.5407989 0.2553217 0.3152887 0.3312065 0.1285608 0.2746515 0.6428984 0.5464501 0.7291258 0.3162045 0.3457368 0.5923781 0.3342669 0.1905835 0.6560040 0.2449920 0.7083316 0.6940072 0.2277060 0.5484584 0.3345657 0.4861398 0.5932321 0.1376426 0.4049513 -0.1698494 0.1307930 0.4045332 0.3127861 -0.0425473 0.3060363 0.3784097 -0.0094653 -0.0389744 0.4129224 0.1568506 0.1328774 0.1172053 0.1052480 0.0830953 0.2812586 0.1615415 0.2872235 0.3883728 0.6593060 0.8369333 0.7596985 0.4315881 0.6837555 0.3593341 0.4145108 0.2082102 -0.0561090 -0.0129861 -0.3666474 0.4288843 -0.2162379 0.1444237 0.6965984 0.5406877 0.3453306 0.4374440 0.5189096 0.1848271 0.4099842 0.4211647 0.3675908 0.5938619 0.3635677 0.5674289 0.5716801 -0.2864509 0.3147764 0.2124913 -0.1328535 0.4874897 0.3981042 0.3383057 0.6325114 0.1716646 0.2985505 0.5892304 0.2004491 0.5387629 0.4256289 0.4250046 0.3134937 -0.0312695
0.0101897 0.7124399 0.7307659 0.6557045 0.7618247 0.2241732 0.0891460 0.7615358 0.0996439 0.5075135 0.7833474 0.0080846 0.0000000 -0.0304878 0.1523669 0.7545134 0.6843306 -0.1305362 0.6185084 0.6507565 -0.0364637 0.7748511 0.7160228 -0.2308307 0.4218218 0.6281242 0.5373638 -0.0760296 0.1171872 0.1215508 0.6823389 0.5140885 -0.1744903 0.3006084 0.6916744 0.1724529 0.5352237 0.7032527 0.4825212 0.3509116 0.4018831 0.2810039 0.6289539 0.1557662 0.6679727 0.4859973 0.5429820 0.4872023 0.0881483 0.2208897 0.5625908 0.5211095 0.3249410 0.3937299 0.4523550 0.6930102 0.5827042 0.4798155 -0.0316586 0.5981416 0.5301295 0.5292843 0.5736999 0.5252882 0.5795550 0.6171752 0.6062322 0.6601329 0.7620420 0.5915117 0.5395712 0.0716311 0.6585696 0.2808489 0.6465054 0.5343614 0.0696665 0.5641914 0.5701228 0.4554022 0.4784875 0.5709689 0.3318874 0.4804513 0.3408363 0.3478673 0.3583737 0.2596230 0.3620684 0.2369886 0.6468362 0.3944092 0.3651377 0.1476091 0.2566902 0.6904264 0.3228387 0.2811945 0.0698416 0.1116110 -0.0686649 0.3278352 0.3101970 0.3100778 0.4194655 0.1829541 0.0063859 0.1508872 0.2677480 0.0570159 0.2650578 0.0091301 -0.6329868 -0.3507943 -0.1258885 -0.2984929 -0.1231855 -0.2952082 -0.1737368 -0.1397419 0.1948154 0.1790389 0.2487255 -0.2172345 -0.1754600 0.2519971 0.4661778 0.1171356 -0.1978535 0.2469834 0.2415740 0.5073720 0.4336721 0.0676573 0.5540751 0.1685735 0.1361719 -0.1917917 -0.1418990 -0.0804191 0.0625440 -0.1918419 0.3277906 0.0839410 0.0014859 0.1765359 -0.1268464 -0.0673034 -0.3408729 0.1264866 0.3043250 0.0877431 0.0055729 -0.0064322 0.0739418 0.0944734 -0.2796418 0.1842025 -0.1820569 0.4144322 0.3517807 0.2609707 0.0567738 0.2255649 0.2673285 0.2092054 0.1666882 -0.3854651 -0.4424112 0.0726082 -0.1214150 -0.3947467 0.2311506 0.5914748 0.7056353 0.1582536 -0.1859667 0.2526202 -0.0927705 0.1881466 0.3561670 0.3493898 0.1925109 0.4415625 0.2007628 0.7185061 0.2891070 0.4498483 -0.1366101 -0.1495055 -0.4963208 0.1108947 -0.0900970 -0.3491428 -0.0348726 -0.1857720 -0.3968710 0.0432249 0.2704847 0.2721821 0.1572348 0.0021347 -0.0196228 -0.2091405 0.4265774 0.4066173 0.0875845 0.6470023 0.2542556 0.3596123 0.0942481 -0.0091628 0.4170785 0.5511022 0.4411374 0.4775443 0.4373002 0.4936276
-0.1322855 0.0369018 0.0172278 0.2471059 -0.0312724 0.5145615 0.5211251 0.0317432 0.7527774 0.4955236 0.1134631 0.4154757 -0.0304878 0.0000000 0.4986354 0.0179600 0.4167539 0.8124635 -0.0937098 0.0088587 0.3431592 -0.1510070 0.1322292 0.7955352 -0.1327106 0.0554435 0.4705219 0.8645292 0.4317080 0.9094756 -0.0791515 -0.0858259 0.8991890 0.5260954 0.0624954 0.0528430 0.0621139 -0.1112805 0.5494443 0.7227528 -0.3070574 -0.0357291 0.1083188 0.8128210 -0.1438499 0.0082238 0.1216712 -0.2754179 0.7053951 -0.2317153 0.1570648 0.1359933 0.4569755 0.2682054 -0.2260964 -0.1074249 0.0721022 0.1917348 -0.1314445 0.0698022 -0.1750067 -0.0159610 -0.2759666 0.2545219 0.0730517 -0.0426147 -0.0221762 -0.0680114 -0.1747007 0.1452095 -0.1045567 0.5596458 0.0213225 0.3007263 -0.0701927 0.2676594 0.4789333 -0.0136828 0.1107793 -0.1099818 -0.1579285 0.0269576 0.0087378 -0.1072275 -0.0468072 -0.1725731 -0.2426155 -0.0258131 -0.2485101 -0.2233353 -0.3035856 -0.2689100 -0.2842827 -0.0657833 -0.1648777 -0.2794962 -0.2761480 -0.1854153 -0.1640670 -0.2981412 -0.2506458 -0.0461897 -0.1106680 -0.1574659 -0.2007444 -0.1577574 -0.0361626 -0.0065724 -0.0162486 0.0057206 -0.1731022 -0.1275526 -0.2175688 -0.3024033 -0.2027906 -0.1476573 -0.2692853 -0.2759140 -0.2415564 -0.0232907 -0.2117552 -0.1871709 0.4428705 -0.2173789 -0.0535750 0.1873000 -0.0342689 0.3247366 0.2133570 0.0583119 0.0489221 0.0844459 0.2103855 0.0313226 0.1125749 0.1864761 0.1846700 0.1421100 0.2324611 0.1852180 0.0532335 0.0409235 0.1158229 0.0797714 0.1077221 0.2300096 0.0867818 0.1476017 -0.1096485 -0.1124290 -0.0084239 0.1064459 0.0696906 0.0827471 0.0971232 -0.1115014 -0.0039599 0.0571199 -0.0384254 -0.1497156 0.0020075 -0.0829848 -0.0886679 0.1766007 -0.0258900 0.0973583 0.1121039 -0.0570131 0.0010335 -0.1767073 -0.0852423 -0.1407010 0.0780607 -0.0414644 0.2072154 0.2941776 0.2813492 -0.0900015 0.1847345 -0.0842494 -0.0193785 -0.2146151 -0.1858045 -0.3303540 -0.2818416 -0.0397537 -0.2741290 -0.3128855 0.4850829 0.4682297 0.1605297 0.3792666 0.3007876 0.1827520 0.2412692 0.1747074 -0.0625665 0.4040997 0.0911977 0.0825792 0.2278483 0.0321936 0.2735225 0.3235827 0.0861351 -0.1223243 -0.0593859 0.0892172 0.2520672 0.2804920 0.2517223 0.4201431 0.0687523 0.1538046 0.1564573 -0.1110477 0.4060925 0.1527418
-0.1103056 0.3288131 0.0398973 0.5940643 0.1051873 0.8675848 0.9167931 0.4621218 0.8905644 0.6715529 0.3524027 0.8746682 0.1523669 0.4986354 0.0000000 0.2433451 0.5441617 0.7082444 0.2400321 0.1246030 0.7428161 0.1936180 0.2755618 0.6014366 0.3469588 0.2313020 0.3460505 0.3491831 0.9227316 0.3363381 0.3310082 0.2919545 0.4936473 0.7735744 0.1585661 0.5505941 0.2705206 0.1587151 0.4119577 0.6104664 0.0364983 0.3661597 0.1081003 0.5915300 0.2861316 0.4099931 0.2717382 -0.0749693 0.7184798 0.0173226 0.1394908 0.2898910 0.7038233 0.5166867 0.1530175 0.3955173 0.2860244 0.5108903 -0.2624504 0.0847359 0.2104022 0.2936853 0.2430196 0.6171062 0.5612879 0.2481459 0.1354735 0.3868749 0.3586377 0.4792270 0.2951447 0.7016723 0.4607272 0.8261801 0.3304963 0.5977584 0.7659988 0.5088760 0.5735693 0.4170132 0.5599831 -0.0596769 0.0086144 0.0731119 0.3932295 0.0152439 0.0052994 0.3381044 0.0834921 0.2768665 0.0135838 0.1992601 -0.1829078 0.3186300 0.3797855 -0.1198087 -0.2308138 0.1126251 0.2435944 0.2214741 -0.0627216 0.0519619 -0.0946463 0.5334385 0.0678846 0.4000414 0.0007085 0.1644503 0.2008015 0.2359364 0.0127947 0.0691751 0.0811947 0.2082892 -0.0196451 -0.0058972 -0.1468339 -0.1986484 -0.0861018 0.0975185 -0.1026712 -0.0002141 0.3602365 0.2240841 0.0622763 0.3024799 0.3910911 0.3234833 0.3461589 0.5461026 0.5192255 0.2917642 0.5078296 0.5961959 0.2550237 0.2948700 0.6844350 0.1994827 0.5905224 0.1886684 0.3384355 0.3326499 0.3249083 0.1023218 0.4605399 0.3296245 0.5100409 0.5366146 0.0992210 0.4175004 0.2864716 0.4613003 0.3098747 0.1260035 0.5049121 -0.1605865 -0.0096729 0.3330398 0.1715224 -0.0376582 0.3245391 0.2412515 -0.1364545 -0.0108602 0.3619791 0.1064826 0.0241647 0.0539688 -0.0404014 0.0377721 0.1515514 0.0755805 0.2806720 0.5675466 0.7039757 0.6014490 0.4579847 0.2323373 0.3810541 0.1877527 0.3020018 0.1110247 -0.0137705 -0.0030119 -0.2708427 0.6035571 -0.0620032 0.1614309 0.6911410 0.6187715 0.2205223 0.5393984 0.5310131 -0.0434141 0.2280773 0.1098358 0.0709396 0.7118889 0.5512989 0.3112544 0.6258333 -0.2462381 0.2028546 0.0867325 0.0399269 0.4008424 0.0764499 0.3747049 0.7012298 0.2918014 0.2219743 0.4642003 0.3127716 0.5226248 0.2857927 0.5172908 0.4415698 0.1118159
-0.4319549 0.2829812 0.2908480 0.8866680 0.3275688 0.4829705 0.1343485 0.9369347 0.2913882 0.7917601 0.9625390 0.0130533 0.7545134 0.0179600 0.2433451 0.0000000 0.8478888 -0.1707743 0.9021717 0.4980353 -0.0954658 0.6619917 0.9655760 -0.2069040 0.7894762 0.9587679 0.7888414 -0.1968771 0.2321666 0.1454732 0.7124110 0.8454836 -0.1134659 0.6128496 0.9322337 0.0327005 0.8937810 0.7765579 0.7559338 0.5214225 0.4514500 0.4304342 0.9064457 0.2912365 0.7812382 0.7777991 0.8688009 0.3751107 0.4065674 0.3949877 0.8418124 0.9025013 0.6716653 0.7704760 0.3000577 0.8030999 0.8963625 0.8424659 0.1583404 0.8783708 0.6175423 0.8963721 0.2007897 0.8277025 0.7946636 0.8621912 0.8728767 0.8798114 0.7367112 0.8687523 0.8684576 0.3234502 0.8180942 0.3831682 0.8461790 0.8316934 0.3319446 0.7826375 0.8410045 0.6646589 0.5970297 0.2364584 0.0164969 0.1475248 -0.0470981 -0.0249291 0.1178867 -0.1172588 -0.0406946 -0.1358770 0.4554505 0.3277782 0.0608361 -0.1577923 0.0522574 0.4370071 0.0238720 -0.0469835 -0.1448466 -0.2542704 -0.2449399 -0.0128398 -0.0480219 0.1272435 0.1626818 0.1249293 -0.2946415 -0.1167448 -0.0436518 -0.1696301 0.1963802 -0.3835082 -0.6560436 -0.3329928 -0.5318213 -0.6243815 -0.5595533 -0.6683782 -0.6240475 -0.4758584 -0.3405575 -0.2976228 0.0007240 -0.4376506 -0.5151737 -0.1927156 0.2352492 0.0673534 -0.4475242 0.1590701 -0.0140234 0.3387384 0.3662953 0.2843897 0.1406492 -0.0268606 0.0480354 -0.5047929 -0.2082452 -0.1832401 -0.2448030 -0.5138969 -0.0367596 -0.1110214 -0.2455157 0.0237129 -0.3510695 -0.2494933 -0.5475154 -0.0539551 0.0428472 -0.0998755 -0.3244924 -0.2218461 0.0352383 -0.0303618 -0.4313154 -0.0232420 -0.3932653 0.1919766 0.3752239 -0.0154218 -0.2576012 0.0761008 0.1857805 0.0113872 -0.1812436 -0.5177838 -0.5378106 -0.0402833 -0.2563708 -0.3319466 -0.0658525 0.4638195 0.5539444 -0.0705809 -0.3152635 -0.1880343 -0.3109845 -0.0451659 -0.0764412 0.0231839 0.1320774 0.1531629 0.1256119 0.7271729 0.2425219 0.1679690 -0.0101492 0.1148603 -0.4448412 0.3392428 0.1731518 -0.4296615 -0.3968523 -0.4712408 -0.5092835 0.4107750 0.6549399 -0.1776781 0.3038734 0.2419150 0.2137931 -0.0226025 0.3292497 0.2354687 -0.3551545 0.6655526 0.3004663 0.4600553 0.1174142 -0.0507026 0.2521531 0.3778586 0.1643202 0.3130928 0.3441664 0.4916117
-0.3175806 0.3776666 0.3410247 0.8632512 0.3550112 0.6753084 0.5000516 0.8448798 0.6212161 0.9070504 0.8892014 0.3012972 0.6843306 0.4167539 0.5441617 0.8478888 0.0000000 0.2680719 0.7098691 0.5822877 0.1469505 0.6666193 0.8721582 0.1418482 0.6125035 0.8100553 0.8848614 0.1388040 0.4694422 0.4249931 0.7555597 0.6977933 0.2128461 0.7288956 0.7920200 0.1592340 0.7697468 0.6569782 0.8158469 0.7146509 0.3953363 0.3741214 0.7644215 0.5521154 0.6258503 0.6619965 0.7743139 0.3735875 0.6094351 0.2680921 0.7285205 0.7910985 0.7287682 0.7471250 0.2945753 0.7393153 0.8131943 0.7800485 0.0984225 0.7172636 0.5267184 0.7237458 0.2400199 0.8039192 0.7275654 0.7826728 0.6849701 0.7224361 0.6674567 0.7759817 0.7350070 0.4647756 0.7266273 0.4909439 0.7116943 0.7981352 0.4611518 0.7049779 0.7529488 0.5168190 0.5353742 0.2878899 0.1073602 0.2759890 0.1715820 0.0569570 0.0465044 0.0571102 0.0570902 -0.0423987 0.3178994 0.1991069 -0.0353008 -0.0229845 0.1761741 0.3854059 -0.0356506 -0.0449233 -0.0974967 -0.2042320 -0.2976382 0.0504754 0.0095414 0.2117686 0.1185262 0.1833808 -0.1599351 -0.0528888 0.0258507 -0.0517143 0.0610884 -0.2159129 -0.5531074 -0.3005163 -0.3868175 -0.4609791 -0.4406128 -0.5567261 -0.4983480 -0.2247134 -0.2020888 -0.2048200 0.2242831 -0.3268368 -0.3030245 0.0690816 0.2976253 0.1673036 -0.1801275 0.1994507 0.1188686 0.4037151 0.4906121 0.4415054 0.2969293 0.0876593 0.2182055 -0.2652414 -0.0039682 0.0279007 -0.1167768 -0.2470733 0.1935214 0.0726161 -0.0029508 0.1793971 -0.0985194 0.0022577 -0.4315978 0.0880532 0.1768163 0.1462344 -0.0672865 -0.1158784 0.1906525 0.0180617 -0.3195356 0.1333579 -0.2285920 0.1371522 0.3867211 0.0774929 -0.1289355 0.0686891 0.2470571 0.1753212 -0.0163473 -0.3624226 -0.4119709 -0.1149041 -0.1407420 -0.2786367 0.0890188 0.5136260 0.6784513 0.1817154 -0.0904062 -0.0477165 -0.1283820 -0.0035363 0.1114071 0.0485110 0.0749327 0.0882889 0.1029933 0.6982934 0.2318200 0.1942694 0.1660111 0.2312653 -0.1856048 0.3881093 0.2652458 -0.1682868 -0.0681869 -0.2230383 -0.3673560 0.4970070 0.6323368 -0.0053726 0.5180036 0.2407289 0.2024849 0.0121900 0.4210586 0.2546966 -0.2121159 0.5881006 0.5120987 0.5885732 0.1579661 0.1629052 0.3818041 0.4338144 0.2736478 0.4009387 0.5988390 0.5459163
