0.0000000 0.4834774 0.4964878 0.2764345 0.4840287 0.4350057 0.5438494 0.3778208 0.2821226 0.4118287 0.0813849 0.4781000 0.5108780 0.4074755 0.2335779 0.0416669 -0.0204670 0.3166674 0.2268959 0.4544725 0.2958509 0.1897050 0.1485515 0.2274985 0.0520978 0.0464432 0.2753200 0.3184017 0.3462642 0.4245772 0.2705497 0.1883366 0.3406578 0.4887566 0.2055603 0.0114168 0.1136858 0.2884830 0.2410547 0.5189926 0.4125587 0.1626472 0.1923492 0.3527848 0.3518583 0.1328215 0.1062467 0.5718925 0.1749297 -0.0027402 0.1107014 0.0125223 0.3789353 0.1637450 0.4319253 0.0817326 0.0885430 -0.0642700 0.5159379 0.0882063 0.4412863 -0.0610864 0.4944316 0.0703524 0.6123393 0.1187408 -0.0863236 0.0123524 0.3308569 -0.0877182 0.0866346 0.3281052 -0.0241188 0.4822873 0.1938556 0.2194873 0.3169050 0.2361128 0.4079400 0.3186856 0.1728831 -0.0282986 0.0694657 -0.0354437 -0.1593546 0.2091051 0.1138368 0.0184938 0.0745217 -0.2066417 0.1142748 0.1082506 -0.0911359 -0.0985227 -0.0136179 0.0362647 -0.4175661 0.2139390 -0.0955875 -0.1138670 -0.1544836 0.2719425 0.2343483 -0.0227523 -0.0770618 0.0082734 -0.0415909 -0.1246282 -0.1401708 -0.1201234 -0.0152637 -0.0138728 -0.2025175 -0.0725416 -0.1340605 -0.1187373 -0.2422150 -0.2242553 -0.0676366 -0.1546741 -0.1482966 0.0572626 -0.1588506 -0.0653755 -0.3971181 -0.2504199 0.0850066 -0.2913510 -0.3575081 -0.1496652 -0.2897128 -0.2102125 -0.0398386 0.1965075 -0.0235094 -0.3967571 -0.1556290 -0.3577087 -0.2113045 -0.1137116 -0.0874832 -0.3709261 -0.0359628 -0.3038727 -0.1154805 -0.4489767 -0.3485843 -0.1638181 -0.0435600 0.0768327 0.1550329 -0.0543348 -0.4411767 -0.1879468 -0.1738177 -0.2905496 -0.3598999 -0.1643458 -0.0614745 -0.0802505 -0.0518151 -0.1746982 -0.3903634 -0.2609905 -0.1451076 -0.2239831 -0.2648924 -0.1141648 -0.0030787 -0.0984207 -0.0779597 0.0274715 0.2657304 0.0549586 0.3345597 0.3058906 0.3126651 0.0578674 0.1543484 -0.2814701 -0.0802853 0.2247497 0.4871567 0.6027336 0.6600559 0.4114444 0.3470325 0.3387877 0.2147206 0.1563250 -0.0315213 0.1800588 0.1051919 -0.2438317 -0.2701851 -0.2019911 0.0561322 0.2203164 0.1954380 -0.2372811 0.3462735 0.2418777 0.0282687 0.1750461 0.3877256 0.1811413 -0.1021534 0.2560827 0.4865777 0.1418272 -0.2533549 0.0043479 0.1899648 0.1383457 0.2713539 0.2215268 0.3779007 0.3460459
0.4834774 0.0000000 0.6661694 0.8003227 0.2527487 0.6292639 0.4420877 0.7657846 0.0705005 0.2058375 0.6582102 0.4803417 0.5046356 0.0725647 0.0938683 0.6394066 0.6340776 0.1840320 0.7577815 0.2404059 0.6079154 0.7398581 0.6627394 -0.0834873 0.7525100 0.7348075 0.6921420 -0.0200677 0.4798056 0.0995371 0.6523739 0.7707480 -0.0323332 0.2942175 0.7164275 0.5145716 0.7746746 0.6140765 0.6393052 0.6450197 0.7976344 0.6265813 0.7542529 0.0894984 0.6465080 0.6628408 0.7749930 0.5393254 0.3363137 0.2733523 0.7158020 0.6847868 0.5626242 0.5968604 0.1767502 0.5245468 0.7321428 0.5162771 0.3325234 0.6825167 0.3322330 0.5772440 0.1165666 0.5830518 0.5353009 0.6378122 0.5089659 0.5149351 0.3933049 0.5253419 0.5037895 0.5732711 0.4666559 0.3222453 0.4010475 0.5332102 0.3441137 0.3396340 0.4587474 0.3865242 0.1967283 0.4249583 0.4324362 0.3907022 0.3902326 0.3999824 0.3901327 0.0620014 0.3659341 0.1495148 0.3381537 0.3110918 0.1472680 -0.0815271 0.2975637 0.4731405 -0.1858707 0.2311813 0.0982595 0.1649459 0.1660489 0.3818145 0.3974743 -0.0100253 0.0698988 0.3392655 0.3511974 0.3614132 0.1768942 0.2872092 0.2514938 0.1838412 0.2377136 0.2795076 0.1085114 0.3257718 0.2076115 0.0420522 0.0582200 0.4442806 0.3802925 0.3356976 0.2031695 0.1920792 0.1539304 0.3277535 0.5687139 0.2454402 0.2914486 0.3531327 0.1574752 0.0311160 0.3701016 0.3781375 0.2375307 0.0371602 0.1153962 0.1608533 0.1499559 0.1689729 -0.2044665 0.0083921 -0.4171797 0.1639242 0.1651907 0.0162704 -0.0010032 0.0361187 -0.3303107 -0.0022066 0.0855992 0.3392714 -0.0906293 -0.3368835 -0.0583674 0.0968892 -0.3350353 0.1226046 -0.3392659 -0.0737897 -0.3697330 -0.3013806 0.1551121 0.1576118 -0.2842902 0.1332671 -0.1714086 -0.2704585 -0.1856684 -0.2414194 -0.1849986 -0.3364978 0.6225971 0.6281882 0.7375557 0.6460363 0.6227216 -0.2288443 0.5722906 0.2828763 0.0761276 0.2032544 0.3748153 0.1177748 0.2520674 0.0989689 0.1969380 0.2191275 0.1448106 0.0545437 0.3720662 0.2107834 0.1683722 -0.1431060 0.2388013 0.1657083 0.4072014 0.6566416 0.3334689 0.4201350 0.3333924 0.2906926 0.6014328 0.7372278 0.5243423 0.2938181 0.3925552 0.4578098 0.6188720 0.1918089 0.3323885 0.5752408 0.3354277 0.3367560 0.4406196 0.6392192 0.5816802 0.5120911
0.4964878 0.6661694 0.0000000 0.6356925 0.7509985 0.5011944 0.3818549 0.6963570 0.2014849 0.3233507 0.4138418 0.3152899 0.7810369 0.3131866 0.1542552 0.4122944 0.5382207 0.2080690 0.6174195 0.5405480 0.3219484 0.5972745 0.3979714 0.0232020 0.5167935 0.5008013 0.5726360 0.0959301 0.3160115 0.2342440 0.4506937 0.5647332 0.0905616 0.2615974 0.4919993 0.2751362 0.5418122 0.5282360 0.6025633 0.5437320 0.5790012 0.1549082 0.4688543 0.2307398 0.2620040 0.4759885 0.5706887 0.5957539 0.2028849 0.2732420 0.4273252 0.4077502 0.3946227 0.2849078 0.3806976 0.3980852 0.4644825 0.1829507 0.6090966 0.3815733 0.3565381 0.2771690 0.4660615 0.2301108 0.4722028 0.3917183 0.1694227 0.1573337 0.5019282 0.2041654 0.2179493 0.4176449 0.1129382 0.4811358 0.3611797 0.1701947 0.3320244 0.2897728 0.3804466 0.2377634 0.4003141 0.1694123 0.1956874 0.1234749 0.2261734 0.2548206 0.2109259 0.0256075 0.3168729 0.1639307 0.1622211 0.2537807 0.2694738 -0.0477042 0.1942580 0.3241028 0.2160503 0.2068862 0.1249464 0.1419766 0.0995934 0.2946688 0.2214632 0.1992995 0.1334464 0.3268667 0.2219915 0.1364117 0.0894500 0.2065579 0.2927510 0.2357447 0.2100083 0.2650868 0.2154814 0.2028675 0.0757138 -0.0591840 0.0491200 0.1100247 0.0669788 0.2689046 0.1534100 0.0286466 -0.2912098 -0.0159463 0.2922206 -0.0219694 -0.0776979 0.0124429 -0.1304391 -0.3297487 0.1277731 -0.1046708 -0.2256176 -0.1891258 -0.2192696 -0.0623415 -0.1043756 0.1107850 -0.3494759 -0.1687166 -0.2996283 0.0265686 -0.0921450 -0.0212100 -0.2833925 -0.2597270 -0.2506498 -0.1981059 0.0447883 0.2147492 -0.3816879 -0.1244509 -0.4087888 0.0695177 0.0135762 -0.1751894 -0.1212618 0.2048290 -0.4543060 -0.3791930 0.0045411 0.4688619 -0.4950873 -0.0945387 -0.2074191 0.0021124 0.1176196 -0.1099848 -0.3745237 -0.1777325 0.1972243 0.3300996 0.5188036 0.4160769 0.3409830 0.0098159 0.2715739 0.0906814 -0.1001951 0.2178016 0.2792224 0.1473493 0.4984964 0.3832700 0.5800031 0.6304614 0.3690003 0.2326797 0.1583744 0.3099287 0.3541338 -0.0567881 0.0029013 0.0546410 0.0475436 0.5784259 0.2225276 -0.0082954 0.4184141 0.5334302 0.4630674 0.4690171 0.5236397 0.4409062 0.2128930 0.2594112 0.5279700 0.3813776 0.2654283 0.3239399 0.4335633 0.0152272 0.1875210 0.4612908 0.5664429 0.5746150
0.2764345 0.8003227 0.6356925 0.0000000 0.2759757 0.6694295 0.2646032 0.9362226 0.0374172 0.3155582 0.9092001 0.4554531 0.6205609 0.0446911 -0.0338329 0.8979607 0.9176529 0.0072328 0.8875241 0.2015128 0.5633312 0.8799316 0.7898988 -0.2480037 0.8611703 0.8621722 0.8541669 -0.2160053 0.4546614 0.2448309 0.7198656 0.9473080 -0.2584016 0.1698121 0.8049649 0.5380920 0.8937019 0.5805250 0.7396513 0.5267792 0.8183725 0.6478276 0.8527515 -0.0916796 0.6628373 0.6763220 0.8510450 0.5073521 0.3641851 0.2653134 0.8571246 0.8223767 0.6180303 0.6843211 0.1736520 0.5876801 0.8170534 0.6746161 0.3001453 0.8330670 0.4471251 0.7114346 0.2605940 0.7469785 0.5369889 0.7711444 0.6979889 0.6014651 0.5433589 0.7367665 0.6616454 0.7510055 0.6058409 0.4555648 0.5657605 0.6643016 0.4550661 0.5885294 0.6078399 0.4715155 0.4143127 0.1637371 0.2091639 0.1074236 0.2539000 0.1545460 0.1411560 -0.3502028 0.1952996 0.0242765 0.2155430 0.1193932 0.0337075 -0.3107079 0.2456335 0.3484331 -0.1108031 0.0377204 -0.1037285 -0.0301548 -0.0421250 0.2405425 0.1570755 -0.0314247 -0.0876533 0.2200571 0.1932378 0.2461809 0.0043412 0.1497801 0.0857631 0.0698896 0.1773948 0.1930356 0.0188873 0.2131737 0.0153790 -0.0899379 -0.2028060 0.2404643 0.0968461 0.0659574 0.0258837 -0.0695706 -0.1012884 0.1626753 0.4193100 0.0251600 0.1702486 0.2392059 -0.0406774 -0.1120634 0.1613844 0.2314078 -0.0020670 -0.2606450 -0.2064831 0.0268827 -0.1054814 0.0558266 -0.2545201 -0.1863150 -0.1435692 -0.0632796 -0.1206258 -0.0968131 -0.2496214 -0.2335277 -0.1573519 -0.1485500 -0.1095130 0.1120919 -0.3117872 -0.2556239 -0.0991365 -0.0641990 -0.2250671 -0.1982270 -0.1119065 -0.0068091 -0.3994937 -0.5129192 0.0299137 0.2730140 -0.4900499 -0.1681330 -0.2500771 -0.1254211 -0.0297017 -0.3127706 -0.3643346 -0.1490426 0.6337691 0.4579370 0.3948390 0.4207847 0.5594833 -0.3640630 0.5031490 0.2655754 -0.0985321 0.1199130 0.4895731 0.1276867 0.3758359 0.1438094 0.2661981 0.3217279 0.3340994 0.2800228 0.3643249 0.3484039 0.3737899 0.1158420 0.2755578 0.1667734 0.2301965 0.6991794 0.4277268 0.1627881 0.4946183 0.2613555 0.4000554 0.7122558 0.3144198 0.3779036 0.1708318 0.4149240 0.5275786 0.2794589 0.2926297 0.5863638 0.4286282 0.2717696 0.2643686 0.6387261 0.6459061 0.4216791
0.4840287 0.2527487 0.7509985 0.2759757 0.0000000 0.2767104 0.3774165 0.4771523 0.2137165 0.2130755 0.0516859 0.2725416 0.7792379 0.3090119 0.1557078 0.1019445 0.1881864 0.1409832 0.3361287 0.3339643 0.0979617 0.2733841 0.0363013 0.0686888 0.1721619 0.1246182 0.2409449 0.1397714 0.1140894 0.2531679 0.2176016 0.2214187 0.1005931 0.1722397 0.0805348 -0.0671604 0.1570135 0.4207243 0.1304607 0.1255655 0.3338349 -0.0085916 0.0438853 0.0908205 0.1827869 0.1446495 0.1489974 0.6524290 -0.0669833 0.1658016 0.0173420 -0.0119759 0.2432357 -0.0997059 0.5772449 0.1698447 0.0824091 -0.1595979 0.7224886 -0.0069669 0.4980996 -0.0737434 0.7061226 0.0044017 0.5186351 0.1159858 -0.1644816 -0.1650557 0.5218919 -0.0835080 -0.0162208 0.3555808 -0.1649071 0.6582340 0.2765803 0.1052384 0.4555382 0.2817991 0.4281861 0.3429423 0.5675736 -0.3320406 -0.1575269 -0.2104227 -0.2076806 -0.0231598 -0.2587669 -0.1630622 -0.0614247 -0.1379231 -0.2261936 -0.0390015 -0.0157289 -0.1001182 -0.1782150 0.0127430 0.1156437 -0.0173533 -0.1168794 -0.0552679 -0.1860766 -0.0605187 -0.0446463 0.0936926 -0.2040251 -0.0305007 -0.1875008 -0.2159122 -0.2524854 -0.1611345 -0.0395358 -0.0802033 -0.0951386 0.0085153 -0.0559301 -0.1026866 -0.1937940 -0.2992193 -0.0421810 -0.1820337 -0.2908767 0.0329842 -0.3060920 -0.2342174 -0.6191846 -0.2560747 0.0839908 -0.4323451 -0.4273622 -0.3288971 -0.5130339 -0.6831767 -0.3390407 -0.3275316 -0.5970250 -0.4772689 -0.5404438 -0.4044736 -0.4325510 -0.0593303 -0.2251797 -0.4840174 0.0004118 -0.2913951 -0.3944376 -0.1713513 -0.5435096 -0.4903103 0.0083740 -0.2667113 -0.0045373 -0.0871900 -0.6443907 0.1034172 -0.4665509 -0.1918314 0.2600240 -0.4446435 0.1855435 0.2986096 -0.2281033 -0.4134082 -0.3425201 0.4443733 -0.4369074 -0.3744309 -0.2270812 0.2617988 0.3708955 0.0856420 -0.2796143 0.1242462 0.0177986 0.0279067 0.2940672 0.2119397 0.1998106 0.0363362 -0.0135480 -0.2520212 -0.2504269 0.0600845 0.2232544 0.2123689 0.6895443 0.6306320 0.8097341 0.7762196 0.5854809 0.4409010 0.0221775 0.4277189 0.5078984 0.0757025 -0.1442338 0.0139242 -0.0148812 0.3729524 0.3280724 -0.3112743 0.2481544 0.5255052 0.1270038 0.2535260 0.1397425 0.5506848 -0.0921868 0.2057584 0.3543757 0.5938899 -0.0298700 0.2177998 0.3972175 0.1939856 0.2535109 0.2441508 0.4861155 0.5112934
0.4350057 0.6292639 0.5011944 0.6694295 0.2767104 0.0000000 0.8123276 0.5290210 0.7201822 0.7795446 0.5007604 0.7897349 0.2897381 0.6616452 0.6411829 0.4006496 0.6128982 0.4860701 0.4408842 0.1917247 0.2634133 0.3737315 0.2978010 0.4434863 0.3690318 0.3130482 0.6388196 0.4604175 0.8135697 0.5594811 0.3747823 0.5286211 0.3639212 0.6230936 0.4730533 0.4170298 0.4027352 0.2730964 0.6335765 0.6030955 0.6025938 0.3853562 0.4893111 0.4400425 0.4169946 0.1726757 0.4373434 0.5572573 0.6126190 -0.1620568 0.5010591 0.3373140 0.6098677 0.5694771 0.1922044 0.1433813 0.3940439 0.3775005 0.5303398 0.4351561 0.2659342 0.3902995 0.3407278 0.4732872 0.3379894 0.4859428 0.3883715 0.3961084 0.3719925 0.4313688 0.3407201 0.3955636 0.3547765 0.3381081 0.3773821 0.4974836 0.4159590 0.3457306 0.4632473 0.4248779 0.3290176 0.0244740 -0.0611471 -0.0122126 0.0023240 0.0369957 0.0114452 -0.1803380 0.0399719 -0.0848979 0.0853511 0.1047222 -0.2196150 -0.1636704 0.1324375 0.1576651 -0.2404546 -0.1635453 -0.0762071 -0.1181297 -0.0584982 -0.0059374 -0.0707680 -0.1429397 -0.2012104 0.1298663 -0.1035935 -0.0495129 -0.1564774 -0.1942131 -0.0715474 -0.3271757 0.0717987 0.0667110 -0.2983376 0.0800956 -0.1905826 -0.2955874 -0.3730929 0.0163240 -0.2248317 -0.1383367 -0.1526596 -0.0954866 -0.2634451 -0.0570948 0.1096447 -0.0648116 -0.1384010 0.0901933 -0.2241742 0.0550507 -0.0394981 0.2803243 0.3489983 -0.3555745 -0.0594455 -0.3045932 -0.1938452 -0.2765185 0.1723627 -0.3296912 -0.0719326 -0.1813429 -0.1159535 -0.2882569 -0.3226976 -0.1169789 0.1232371 -0.3712404 -0.2615545 0.0872992 -0.3581913 0.1161118 -0.0577204 -0.0845665 0.0534840 -0.0922907 0.0989289 0.0285718 0.0369337 -0.3715957 -0.0079425 0.3623194 -0.1559445 -0.0371756 0.2156564 0.1370418 0.2197491 0.0776853 0.1540820 0.1569313 0.6909863 0.5260959 0.4071557 0.3196486 0.3038532 -0.0915054 0.0645248 0.1241192 -0.0698728 -0.0281931 0.3597656 -0.0019855 0.4513202 0.1427139 0.4842646 0.3535738 0.3648793 0.2325061 0.1948093 0.3586333 0.4047220 0.1970754 0.2170656 0.1924886 0.2324816 0.5402478 0.3851301 0.1162782 0.3845009 0.4086398 0.1679703 0.3739350 0.2281681 0.4497615 0.1220009 0.2233601 0.3402371 0.3949411 -0.0108840 0.4536654 0.5107782 0.2032100 0.3821834 0.3501478 0.6205732 0.4092592
0.5438494 0.4420877 0.3818549 0.2646032 0.3774165 0.8123276 0.0000000 0.2168762 0.8217302 0.6329977 0.0106093 0.8465345 0.1389701 0.6988676 0.7854662 -0.0615481 0.1660135 0.5998712 0.0983980 0.0990045 0.2070003 0.0253060 -0.1191150 0.6358207 0.0238471 -0.0721065 0.3078451 0.6794215 0.7409673 0.5044544 0.0398439 0.1292573 0.5929652 0.7099207 0.1096372 0.1785188 0.0312020 -0.0181934 0.3489453 0.5588556 0.2969589 0.1801084 0.1331482 0.5771133 0.2938296 -0.2011113 0.0433377 0.4284437 0.5172268 -0.4277654 0.1079501 -0.0232387 0.5114061 0.2874272 0.1427485 -0.2282374 0.0057872 0.0635701 0.5617380 0.0400795 0.2377383 0.0543306 0.2738512 0.1895229 0.3430452 0.1164471 0.0176971 0.1331334 0.1396144 0.0913925 0.0115618 0.1704954 0.0535387 0.3339760 0.1084989 0.2854177 0.4298913 0.1221265 0.3778772 0.4318524 0.3153685 -0.0260808 -0.1359195 -0.0896903 -0.1442338 0.0060841 -0.0665012 0.1148504 -0.0878574 -0.1960189 -0.1247267 -0.0060844 -0.4008753 0.0014740 -0.0777953 0.0086898 -0.3340747 -0.2400905 -0.1279287 -0.0105682 -0.1067442 -0.1367125 -0.1357182 -0.1198442 -0.2906459 -0.0061270 -0.3173346 -0.2416480 -0.3391912 -0.3381989 -0.2335450 -0.5087913 -0.0528871 -0.0448210 -0.4061971 -0.0739565 -0.2300151 -0.3015328 -0.3432277 0.0369108 -0.2903945 -0.1811971 -0.3228397 -0.0602709 -0.2691267 -0.0522083 -0.0446635 -0.2133100 -0.2507514 -0.0833045 -0.3857074 -0.0893868 -0.2703922 0.1900689 0.3084347 -0.3658791 -0.0525241 -0.4664975 -0.3045933 -0.3862646 0.3150957 -0.4165829 -0.0940380 -0.2255514 -0.1364760 -0.4132627 -0.3363773 -0.1245926 0.2085050 -0.4225481 -0.2531596 -0.0024434 -0.3354664 0.2183729 -0.1357139 -0.1688258 0.1428940 -0.0399219 0.1445601 0.0459861 0.2117955 -0.2554109 -0.2169790 0.2620418 0.0451460 -0.0303095 0.2540754 0.2410868 0.3081056 0.3254950 0.4242298 0.2744961 0.4410457 0.3159941 0.4844173 0.3990005 0.3042513 0.2254334 -0.0840497 -0.0485277 0.0196484 -0.0163768 0.2360764 0.0488115 0.4339516 0.2950519 0.5138098 0.3325343 0.4032001 0.2508598 0.2280780 0.3582939 0.3310564 0.2857530 0.2768179 0.3566712 0.3792682 0.3291733 0.3790684 0.1515748 0.1019274 0.4033200 -0.0661448 0.1756196 0.0946720 0.4880861 0.0584474 0.0801063 0.1953363 0.3773155 -0.2666764 0.3886331 0.3637488 0.2485266 0.5093737 0.0280421 0.5514585 0.4533939
0.3778208 0.7657846 0.6963570 0.9362226 0.4771523 0.5290210 0.2168762 0.0000000 -0.0832778 0.2110669 0.8394504 0.4039917 0.7777218 -0.0434883 -0.1686594 0.8501302 0.8293641 -0.0755208 0.9268079 0.1597587 0.6095215 0.8555670 0.7917438 -0.3732716 0.8550316 0.8476131 0.8219087 -0.2960913 0.3031335 0.2372796 0.6812384 0.9232071 -0.3473033 0.0901080 0.7711060 0.4443953 0.8810988 0.6559839 0.6508055 0.4740408 0.7825120 0.6396685 0.7912780 -0.1940460 0.7058865 0.7207292 0.8210749 0.5714704 0.2204427 0.3186033 0.7972930 0.7755228 0.6046039 0.5620431 0.2890712 0.6280966 0.7915760 0.5897258 0.3477488 0.7878430 0.5704358 0.6405177 0.3837095 0.6873732 0.6864687 0.7420230 0.6232993 0.5278747 0.6211498 0.6455880 0.6612978 0.8137377 0.5528725 0.5882241 0.6100258 0.6530047 0.5054324 0.6850229 0.6990795 0.5235675 0.5349105 0.0246307 0.1510939 0.0448375 0.1576466 0.1280251 0.0489705 -0.3856494 0.1528840 -0.0640409 0.1519510 0.0643677 0.0074432 -0.3479979 0.1529687 0.3047932 -0.1487950 0.0251998 -0.1701352 -0.0598523 -0.1273736 0.1825873 0.1533097 -0.0440779 -0.1742900 0.1536981 0.1039593 0.1416174 -0.0949000 0.0900611 0.0138912 0.0799061 0.0304617 0.0908427 -0.0002361 0.0703762 -0.0417696 -0.1295614 -0.1902693 0.2312292 0.0540795 0.0481965 -0.0776416 -0.1724361 -0.2500825 0.1154303 0.3875232 -0.1695073 0.0782878 0.0658309 -0.2032580 -0.3790101 0.0205198 0.0775162 -0.2714554 -0.3846884 -0.4065483 -0.0487061 -0.2395382 0.0784072 -0.4040477 -0.3140283 -0.1404330 -0.1805391 -0.2557311 -0.1793300 -0.3833485 -0.3919483 -0.2119491 -0.1878108 -0.0860683 -0.0204993 -0.4577607 -0.3238746 -0.2806763 -0.1518700 -0.1767056 -0.3651844 -0.0946765 0.0253370 -0.5317303 -0.6258077 -0.1368967 0.2619837 -0.6494677 -0.3141630 -0.3944620 -0.1104291 0.0202537 -0.3342940 -0.5044689 -0.1529574 0.5507261 0.3263786 0.3984948 0.4432827 0.6282823 -0.3015151 0.5411090 0.1511781 -0.1474526 0.1234166 0.5098437 0.2378463 0.4870275 0.3007195 0.3325624 0.4202910 0.4088302 0.3465018 0.3992996 0.3906632 0.4282317 0.1418790 0.2268281 0.1639204 0.1954629 0.7170032 0.4929637 0.0451536 0.4785644 0.3287722 0.4181490 0.7516614 0.2493760 0.4352253 0.0708450 0.4112700 0.5813568 0.4096143 0.3040158 0.5672615 0.3818953 0.3166641 0.2732528 0.6051040 0.6956559 0.4898791
0.2821226 0.0705005 0.2014849 0.0374172 0.2137165 0.7201822 0.8217302 -0.0832778 0.0000000 0.7723587 -0.1179085 0.6819666 -0.1466708 0.9057972 0.9484058 -0.2148827 0.0543203 0.7417093 -0.1649074 0.1390653 -0.1748035 -0.2100321 -0.2653139 0.8642085 -0.2249166 -0.2866620 0.0551582 0.8349041 0.7746371 0.5213241 -0.1475917 -0.0865171 0.7794980 0.7814833 0.0063973 0.1822835 -0.2099756 -0.2342935 0.3112137 0.4338626 0.0951985 -0.0790562 -0.0316129 0.7881634 -0.0310584 -0.3724248 -0.1228490 0.2767160 0.6386784 -0.5333234 -0.0201962 -0.1954225 0.3821562 0.2659055 0.0106825 -0.4012339 -0.1587096 -0.0071711 0.4591936 -0.0914172 -0.0471534 -0.0238201 0.2031779 0.0384659 0.0210182 0.0311068 -0.0254571 0.0735887 -0.0202929 -0.0030046 -0.0331769 -0.1074216 0.0112639 0.0790545 0.0172328 0.1178732 0.1702717 0.0193040 0.1112349 0.1489371 0.1679744 -0.0556685 -0.2297317 -0.1558198 -0.2215098 -0.1239274 -0.0927804 0.0042974 -0.1798330 -0.1831742 -0.1644634 0.0208003 -0.2735428 -0.0071901 -0.1251313 -0.1938765 -0.1486875 -0.2116863 -0.0782722 -0.1089709 -0.1324715 -0.1802227 -0.2638846 -0.1272891 -0.2290033 -0.1124040 -0.3262114 -0.2864448 -0.2399260 -0.3768439 -0.2084111 -0.4710860 -0.0420860 -0.1110056 -0.4121664 -0.1288422 -0.3272870 -0.3079901 -0.3281825 -0.2823624 -0.4874370 -0.3109626 -0.2927086 -0.1133410 -0.3867288 -0.3038454 -0.2928862 -0.2181057 -0.3959717 -0.1131435 -0.2956244 0.0228697 -0.2050475 0.0336726 0.3467648 -0.2952150 0.0136704 -0.4229713 -0.2143320 -0.4953981 0.3223449 -0.3398084 -0.0003638 -0.2285078 -0.0769633 -0.3058585 -0.2647157 -0.0312969 0.2766924 -0.4453654 -0.3451932 -0.0104142 -0.2615179 0.3491396 -0.1128262 -0.1153726 0.3970588 -0.0289494 0.2508733 0.1083447 0.2694071 -0.1530688 -0.1423722 0.3919059 0.0719123 -0.0239667 0.4191928 0.2994632 0.4258930 0.3976317 0.4021853 0.3634935 0.1766571 0.1621469 0.0271587 -0.0415723 -0.1737371 0.2328316 -0.3994778 0.0419750 -0.0674021 -0.1413001 0.0670361 -0.1503747 0.2394928 0.0960252 0.4674407 0.3058332 0.2171819 0.0772282 -0.1117382 0.1748529 0.2464746 0.2075068 0.0860403 0.1707531 -0.0114070 0.2090297 0.1342011 -0.0778443 0.1015279 0.3834334 -0.1319773 -0.1145345 0.0880297 0.3082910 -0.0336671 -0.1577090 -0.0589655 0.3341904 -0.2610163 0.0785761 0.3769172 -0.0485950 0.2378222 -0.1739734 0.2810989 0.1569906
0.4118287 0.2058375 0.3233507 0.3155582 0.2130755 0.7795446 0.6329977 0.2110669 0.7723587 0.0000000 0.1610693 0.5315045 0.1014949 0.8478595 0.6383665 0.0038791 0.3434454 0.4655680 0.0261702 0.3563201 -0.1276625 -0.0362086 0.0017072 0.5352990 -0.1054151 -0.0954759 0.4602230 0.5697202 0.6344477 0.7568392 0.1747984 0.1692094 0.4386787 0.5325307 0.2550114 0.1474754 0.0621958 0.0476949 0.4808934 0.4464058 0.3214974 -0.0093659 0.1774781 0.5578789 0.0362440 -0.0271854 0.1792262 0.4100431 0.4144923 -0.1930610 0.2215918 -0.0663741 0.2832259 0.2252358 0.2538400 -0.0233387 0.1099625 -0.0231475 0.3946479 0.1431605 0.1059605 -0.0121592 0.4298612 0.0151720 0.1120366 0.2409049 0.1019888 0.0678476 0.2647428 0.0062426 0.1054154 -0.0213687 0.0863772 0.1178123 0.1954449 0.1577986 0.1213310 0.1841162 0.2075844 0.1691546 0.1758924 -0.1445287 -0.2793848 -0.1881020 -0.1979110 -0.1735163 -0.0611122 -0.2508120 -0.0873879 -0.1986630 0.0912675 0.1779282 -0.0839859 -0.1742938 0.1004939 0.0014054 -0.1100690 -0.0619631 -0.1464595 -0.3921153 -0.2040362 -0.0295076 -0.2254389 -0.2115428 -0.0910662 0.0586907 -0.2178888 -0.2805265 -0.1456619 -0.3133896 -0.1286197 -0.2852546 -0.1528046 -0.1774986 -0.3688145 -0.1524781 -0.4198288 -0.3817010 -0.4630726 -0.3634021 -0.4957189 -0.3183457 -0.1060126 -0.3298432 -0.4951607 -0.4230765 -0.3042641 -0.2424596 -0.4640847 -0.2518198 -0.3415189 0.0201356 -0.1924602 -0.0152580 0.2002896 -0.4629879 -0.1759473 -0.4480677 -0.2781610 -0.3864284 0.0504994 -0.4407415 0.0269936 -0.2664782 -0.1851440 -0.5342665 -0.4241806 -0.1170029 0.1069040 -0.3990710 -0.2712227 -0.0113324 -0.4560416 0.0583308 -0.2269942 -0.0383306 0.0606470 -0.2053689 0.0765325 0.0323286 0.0499436 -0.2686545 -0.0502345 0.1973903 -0.2112028 -0.1254818 0.1545688 0.0958885 0.1910865 0.0379585 0.0086241 0.1373639 0.3457622 0.1400345 0.0194621 -0.0014062 -0.0936140 -0.0088089 -0.3555657 -0.0826723 -0.2265790 -0.1921978 0.2043768 0.0147789 0.3946512 0.1465141 0.3929849 0.3433029 0.1901450 0.1241442 -0.1603292 0.2355142 0.3399544 0.0719612 -0.1398115 -0.0879681 -0.1237531 0.2690098 0.1488702 -0.2870017 0.4929878 0.4921312 -0.0007323 0.0563162 0.2057357 0.2372166 -0.1737323 0.0477302 0.2688533 0.4161487 -0.1003626 -0.0224882 0.4366199 -0.0750191 0.0287442 0.1311814 0.2505618 0.0672509
0.0813849 0.6582102 0.4138418 0.9092001 0.0516859 0.5007604 0.0106093 0.8394504 -0.1179085 0.1610693 0.0000000 0.2309550 0.4655303 -0.1409482 -0.2073287 0.9630574 0.8693941 -0.1427068 0.9024487 0.0224253 0.4824787 0.8128814 0.9043238 -0.3735618 0.8907278 0.8819275 0.7491351 -0.3760776 0.3181124 0.0880529 0.5945006 0.9344601 -0.3910375 0.0438722 0.8300617 0.5530319 0.8811956 0.5613281 0.6301827 0.3726045 0.6910200 0.6982104 0.8695323 -0.2485313 0.6080455 0.7601265 0.8536839 0.3238271 0.3438076 0.2705692 0.9043146 0.8927935 0.5322273 0.7379638 -0.0152303 0.6389908 0.8619705 0.8160498 0.1434581 0.9130264 0.2849908 0.8554077 0.0826270 0.7967810 0.3619452 0.8099530 0.8337568 0.7454419 0.4718903 0.8467452 0.7763072 0.7163888 0.7451014 0.2755055 0.5970247 0.6747398 0.2392701 0.6054647 0.4715466 0.2579750 0.2423245 0.1801148 0.2874982 0.2387419 0.3410555 0.2445147 0.2031419 -0.4062231 0.2913047 0.1289477 0.3409426 0.1623966 0.0982434 -0.2935540 0.3031984 0.3513238 -0.0763563 0.0285726 0.0238692 -0.0156613 0.0355049 0.2394650 0.2292785 -0.0623656 -0.0247224 0.2304017 0.3122050 0.3142364 0.1545714 0.2267979 0.1453438 0.2001633 0.1965486 0.1793324 0.1229221 0.2174728 0.1073983 -0.0003402 -0.1158195 0.2610786 0.1947925 0.0896931 0.0824204 -0.0351525 0.0152762 0.2016759 0.4086611 0.0893100 0.2889635 0.3235406 0.1161126 -0.0225104 0.3051055 0.2664646 0.0142210 -0.1174540 -0.1002797 0.2221103 0.0641527 0.1551072 -0.3053730 0.0085157 -0.1398493 -0.0165608 -0.0108021 0.0849125 -0.0737596 -0.1012928 -0.1976244 -0.0088373 -0.0858590 0.1089707 -0.1503067 -0.2948896 0.0656439 -0.0259436 -0.1430159 -0.1467538 -0.0884948 -0.0835096 -0.4229041 -0.4441387 0.0949627 0.2200116 -0.4594513 -0.1181635 -0.2102931 -0.1764965 -0.0718942 -0.3852406 -0.4236916 -0.1644598 0.6354451 0.4823412 0.1978623 0.1802202 0.3985564 -0.4170177 0.5431298 0.3617799 0.0084051 0.1039134 0.4126601 0.0583572 0.2129322 -0.0927946 0.0915606 0.1209239 0.1241798 0.0886401 0.3225607 0.1438602 0.2183405 0.0770207 0.2252253 0.0643638 0.0530769 0.6080211 0.2606665 0.1667715 0.4360835 0.1251794 0.4877923 0.6222553 0.1848136 0.1893522 0.1368235 0.2625004 0.3406497 0.1666941 0.4618207 0.4623518 0.2272191 0.0988575 0.0363824 0.5138157 0.5311014 0.3279796
0.4781000 0.4803417 0.3152899 0.4554531 0.2725416 0.7897349 0.8465345 0.4039917 0.6819666 0.5315045 0.2309550 0.0000000 0.1914634 0.5504947 0.6602362 0.2292816 0.3381732 0.5715025 0.2705201 -0.0638076 0.5061465 0.2749093 0.1019963 0.4526289 0.2586240 0.1875612 0.3730594 0.4871569 0.8004442 0.4966937 0.1940382 0.3506923 0.4396623 0.7117090 0.2548262 0.4508266 0.2416034 0.0259397 0.4950095 0.6610486 0.4348478 0.3854538 0.2872845 0.4924681 0.5244704 -0.0925628 0.1556436 0.4701858 0.6810697 -0.3937088 0.2776735 0.2391461 0.7443150 0.5246297 0.1329738 -0.1324845 0.1784693 0.3297983 0.4075852 0.2449278 0.4119952 0.2641812 0.2694207 0.5125430 0.5684418 0.3356817 0.2763821 0.3149103 0.2014594 0.3612958 0.3059621 0.4600587 0.2888995 0.5069790 0.3020675 0.5451300 0.6568651 0.4537431 0.6335445 0.6904525 0.5602299 -0.0926036 -0.1904552 -0.2718878 -0.2240459 -0.1646285 -0.1654852 -0.1665350 -0.2487853 -0.3548055 -0.2543819 -0.2281164 -0.5556109 -0.2225651 -0.1556927 -0.1477214 -0.5415247 -0.3352171 -0.3267939 -0.0168603 -0.2532803 -0.2259395 -0.2578439 -0.0971246 -0.5202635 -0.2014030 -0.4343398 -0.2463819 -0.5242630 -0.4063790 -0.3691404 -0.5720407 -0.1439796 -0.1049941 -0.4851668 -0.1687730 -0.3048951 -0.2762867 -0.4422184 0.0801673 -0.3361234 -0.3263844 -0.4443889 -0.1326296 -0.3256520 -0.0054314 0.0286517 -0.3403976 -0.1348676 -0.0367265 -0.4527333 -0.2028136 -0.2700491 0.1619341 0.2366998 -0.5142428 -0.2774167 -0.4473046 -0.4561269 -0.4277684 0.2499618 -0.5391098 0.1172698 -0.3873269 -0.3552725 -0.4708875 -0.4711807 -0.3779394 0.2783711 -0.4723511 -0.3338140 -0.2417677 -0.4179526 0.1751365 -0.2328588 -0.3658705 0.0898532 -0.2663212 0.2289442 0.1052652 0.0740893 -0.4277987 -0.3432754 0.2748154 -0.1193523 -0.2397744 0.1406582 0.2282410 0.3831614 0.2669576 0.3105454 0.3703641 0.4617027 0.1308876 0.3192336 0.4149079 0.5325604 0.1303051 0.2155597 0.1122026 -0.0819479 0.0667131 0.4661331 0.1711710 0.4295527 0.3448477 0.3839547 0.3608057 0.5249905 0.4135405 0.3697548 0.4726658 0.4242593 0.4078439 0.4528832 0.4151755 0.4048659 0.5172783 0.6366798 0.1183933 0.1427484 0.2285532 -0.1463103 0.3807224 0.0207858 0.5419855 0.0721726 0.1552185 0.2783949 0.3883055 -0.3061397 0.5779052 0.4553696 0.4180537 0.6898742 0.1518065 0.6682269 0.3856602
0.5108780 0.5046356 0.7810369 0.6205609 0.7792379 0.2897381 0.1389701 0.7777218 -0.1466708 0.1014949 0.4655303 0.1914634 0.0000000 0.0390744 -0.1862858 0.5249841 0.4996918 -0.0608968 0.6837070 0.3918352 0.3710025 0.6528197 0.4680855 -0.2725962 0.5373723 0.5285927 0.5387714 -0.1593127 0.0219626 0.3044040 0.5559926 0.5565760 -0.2081910 -0.0221811 0.3120198 0.1044319 0.4938550 0.7135136 0.3471856 0.2477517 0.5689737 0.2877458 0.3311946 -0.1689548 0.4223863 0.4933833 0.4257982 0.6873414 -0.0707261 0.5035451 0.3065492 0.3507044 0.3039544 0.1232581 0.6483461 0.5951458 0.3827802 0.1213530 0.6073874 0.3144943 0.7064574 0.2076301 0.7314084 0.2780070 0.6632109 0.3219744 0.1387776 0.0701471 0.7490648 0.2113481 0.2250135 0.6731164 0.1036463 0.7650423 0.5466034 0.2994289 0.5554221 0.5079356 0.5962512 0.4550967 0.5770309 -0.1949507 -0.0348006 -0.1068476 0.0046551 0.0768907 -0.1332406 -0.1916959 0.1652622 0.0650431 0.0585814 -0.0193781 0.0616453 -0.0816555 0.1442707 0.2539740 0.0127084 0.0790349 0.0101470 0.0871449 0.0498072 0.1129366 0.1505482 0.2573710 -0.0934728 0.2397467 0.0515919 0.1068400 -0.1358801 0.0480279 0.1834594 0.0680710 0.0775048 0.2589668 0.1230770 0.1558829 -0.0307582 -0.2027648 0.0803874 0.0254462 -0.0443634 0.2532990 -0.1309453 -0.0314470 -0.4302345 -0.1150084 0.3556897 -0.2925765 -0.2017656 -0.0181281 -0.3293896 -0.4615870 -0.1435113 -0.0168895 -0.5249863 -0.4804910 -0.5350652 -0.2857281 -0.3942382 0.0374234 -0.2144722 -0.3925719 0.0943416 -0.3198795 -0.4391513 -0.1541348 -0.5410031 -0.5855394 0.0359181 -0.1297778 0.0225536 -0.1504035 -0.6221303 0.0206655 -0.3243588 -0.2887464 -0.0373432 -0.5272700 0.1684763 0.0916099 -0.2953064 -0.4050542 -0.3000783 0.2316151 -0.4679481 -0.4245136 -0.2663387 0.2128828 0.2139283 -0.1427968 -0.3902313 0.0796512 0.2723241 0.1815593 0.4121172 0.4234944 0.4925591 -0.0931916 0.3632276 -0.1353306 -0.1180900 0.3181143 0.4899722 0.4712574 0.7543246 0.5934354 0.5205550 0.5291790 0.5900446 0.5417443 0.2051288 0.5097102 0.5317307 0.0515000 -0.0356730 0.0231804 0.1108688 0.5217695 0.4370686 -0.1901412 0.3382958 0.2280493 0.1913421 0.4381193 0.2730403 0.5344624 -0.0061606 0.4398642 0.4403410 0.3624665 0.0495928 0.2736426 0.3995201 0.2600785 0.1652541 0.5929819 0.6069648 0.5501308
0.4074755 0.0725647 0.3131866 0.0446911 0.3090119 0.6616452 0.6988676 -0.0434883 0.9057972 0.8478595 -0.1409482 0.5504947 0.0390744 0.0000000 0.8788605 -0.2247766 0.0463987 0.8031055 -0.1609273 0.3803003 -0.3031045 -0.1693506 -0.2065283 0.8590793 -0.2708523 -0.2736824 0.0507355 0.8773117 0.6821852 0.6562857 0.0375307 -0.1163870 0.8007392 0.7403025 -0.0169149 0.1569814 -0.2436415 -0.0102077 0.3204682 0.4404196 0.1966250 -0.1328143 -0.1014434 0.8225790 -0.0602834 -0.2546726 -0.1115259 0.4599307 0.5406569 -0.2104851 -0.0766704 -0.2856741 0.2911264 0.1601097 0.3145557 -0.1746857 -0.1606927 -0.1664293 0.5382664 -0.1463875 0.0877266 -0.1484731 0.4638065 -0.0805223 0.1071823 0.0209971 -0.1056327 -0.0450630 0.1823614 -0.1367628 -0.0591628 -0.0910301 -0.0444472 0.1871046 0.1327555 0.0712138 0.1949791 0.0722653 0.1525851 0.1558842 0.1960549 -0.0635457 -0.2445058 -0.1530732 -0.2430822 -0.1203319 -0.0781641 0.0271170 -0.1102691 -0.1129838 -0.0414916 0.1132112 -0.0613438 0.0583475 0.0020420 -0.1124756 -0.0764505 0.0124071 -0.0131260 -0.1216319 -0.0197914 -0.0274142 -0.1344050 -0.0003535 -0.0995791 0.0289355 -0.2424613 -0.1774796 -0.1577112 -0.3575356 -0.0224627 -0.3742323 -0.0642541 -0.0421758 -0.4000551 -0.0621539 -0.4164589 -0.4243596 -0.1598304 -0.4902513 -0.5591945 -0.1723853 -0.2580602 -0.0818003 -0.5378936 -0.5558415 -0.2880627 -0.2861944 -0.6126338 -0.0959952 -0.2847330 0.0416771 -0.1771399 0.0222853 0.2332449 -0.3846088 -0.0690114 -0.5445282 -0.2723191 -0.5626774 0.2704923 -0.4441471 0.0742043 -0.3535120 -0.1547264 -0.3814338 -0.4098379 -0.1451231 0.3025621 -0.4264297 -0.3300131 -0.0491567 -0.4304067 0.3545193 -0.2232385 -0.2106338 0.3230275 -0.1674004 0.2729068 0.0424698 0.2437293 -0.1138671 -0.2000008 0.3354702 -0.0139957 -0.1601538 0.3893422 0.3350255 0.4439719 0.3575326 0.2574290 0.3508739 0.0887147 0.1198226 -0.0159968 -0.0254839 -0.2399944 0.2080122 -0.4751683 -0.0131251 -0.1391014 -0.0460765 0.1753643 0.0415043 0.3875701 0.2530075 0.4822939 0.3624864 0.2441696 0.1481639 -0.3424141 0.2487513 0.3229066 -0.0121782 -0.1661966 -0.0271963 -0.1501620 0.2632988 0.1306548 -0.3114270 0.1414603 0.3115156 -0.1162601 -0.1678271 0.3200727 0.3288116 -0.1365509 -0.0388669 -0.0066463 0.3062751 -0.3286947 -0.1559705 0.5352988 -0.0267192 0.1238819 0.0607890 0.2003167 0.0444936
0.2335779 0.0938683 0.1542552 -0.0338329 0.1557078 0.6411829 0.7854662 -0.1686594 0.9484058 0.6383665 -0.2073287 0.6602362 -0.1862858 0.8788605 0.0000000 -0.2496098 -0.0119896 0.8564506 -0.2178474 0.1752137 -0.2087236 -0.1713812 -0.3023570 0.9408139 -0.2344690 -0.2729382 -0.0734683 0.9043275 0.7823520 0.4511126 -0.0652375 -0.1586545 0.8697520 0.7953780 -0.0721778 0.2009632 -0.2643246 -0.1950281 0.2922713 0.4181273 0.1222681 -0.0655198 -0.0859970 0.8555940 -0.0151932 -0.4065418 -0.1827349 0.3035948 0.6504037 -0.4386743 -0.0996665 -0.2274740 0.3620665 0.2581485 0.0448013 -0.3953879 -0.2220708 -0.0544297 0.4497015 -0.1696274 -0.0228740 -0.0616697 0.1602571 0.0286407 0.0355008 -0.0515303 -0.0921949 0.0264985 -0.0734191 -0.0468898 -0.1052232 -0.1233355 -0.0405667 0.0572607 -0.0387152 0.1002650 0.1976790 -0.0802485 0.0522221 0.1834933 0.1194358 0.0547022 -0.1835400 -0.1098929 -0.1924316 -0.1464433 -0.0902010 0.1361570 -0.2088287 -0.1124796 -0.2134067 -0.0001893 -0.2258088 0.1095043 -0.1280602 -0.2024665 -0.1894585 -0.1076492 -0.0115287 0.0443424 -0.0008982 -0.1595533 -0.2106085 -0.0391438 -0.2371380 -0.0991316 -0.2672768 -0.0985797 -0.2039978 -0.2821051 -0.1141573 -0.4851137 0.1184616 0.0631554 -0.3567085 0.0581466 -0.2185682 -0.2359644 -0.1068251 -0.2261009 -0.3746816 -0.1377171 -0.2576725 0.1086541 -0.2688922 -0.2471123 -0.1376129 -0.1211572 -0.3379665 0.0797461 -0.1572719 0.1329846 -0.1385138 0.1632522 0.4059440 -0.1789039 0.1152824 -0.3768336 -0.1482541 -0.5369356 0.4453615 -0.2836841 -0.0172288 -0.1884983 -0.0234826 -0.1923992 -0.1872265 -0.0111704 0.3272611 -0.3978938 -0.3432256 0.0048246 -0.1779181 0.4510743 -0.0490921 -0.1521333 0.4029444 0.0414785 0.2405802 0.0223331 0.3403784 -0.0413572 -0.1349347 0.3647731 0.2008008 0.0320897 0.5258946 0.3450734 0.4087412 0.4425836 0.5044863 0.3686116 0.1171177 0.2258760 0.1031815 0.0784427 -0.1638971 0.2091652 -0.3843248 0.0876108 -0.0184750 -0.0641296 0.0369977 -0.1687517 0.1439539 0.0964774 0.3682401 0.1898997 0.1864589 0.0778806 -0.1356640 0.1937879 0.2407557 0.1203848 0.1443904 0.2594698 0.1181066 0.2588391 0.1575520 0.0558175 -0.0425979 0.2603123 -0.1242668 -0.0932676 0.2204494 0.3116524 0.1062715 -0.0160151 -0.1137857 0.2516965 -0.3188100 0.0795587 0.4207493 0.0747312 0.3244529 -0.0755991 0.2235912 0.1263986
0.0416669 0.6394066 0.4122944 0.8979607 0.1019445 0.4006496 -0.0615481 0.8501302 -0.2148827 0.0038791 0.9630574 0.2292816 0.5249841 -0.2247766 -0.2496098 0.0000000 0.8377939 -0.1290268 0.9224602 -0.0050290 0.5196696 0.8892183 0.9018071 -0.4129350 0.9357286 0.9440855 0.6561863 -0.4278993 0.2644657 0.0094892 0.6423433 0.9292210 -0.4118128 0.0095900 0.7849258 0.5635121 0.8779846 0.5941924 0.5942012 0.3205352 0.7030906 0.7013802 0.8335815 -0.2864566 0.6491344 0.7352343 0.8122890 0.3572635 0.3206530 0.3378638 0.8543707 0.8993630 0.5543990 0.7162463 0.0406383 0.6440244 0.8302255 0.8043476 0.1375024 0.8745601 0.3608177 0.8424987 0.1056794 0.8434567 0.4522797 0.7831711 0.8011866 0.7072966 0.4713170 0.8514359 0.7707667 0.8033533 0.7173476 0.3674889 0.5952534 0.7055119 0.3371250 0.6266589 0.5184571 0.3404803 0.3142529 0.1701258 0.2837569 0.1844500 0.2994033 0.1879190 0.1344280 -0.4013355 0.2043974 0.0941514 0.2224265 0.0519812 0.0831066 -0.3012830 0.2192940 0.2814046 -0.0945150 0.0626859 -0.0302193 0.0527153 0.0274818 0.2259195 0.2321894 0.0018665 -0.1003161 0.1451366 0.2842717 0.3939643 0.0937237 0.2457848 0.1367563 0.1798372 0.2320458 0.2494230 0.1314683 0.2596840 0.1272374 0.0283203 -0.0198687 0.2609792 0.2090218 0.1334939 0.0159631 0.0361451 0.0006292 0.2200235 0.5151504 0.0548064 0.2985933 0.3836349 0.1274329 -0.0817461 0.2819558 0.2430223 -0.0800661 -0.1281087 -0.1551225 0.2170736 0.0183686 0.1363937 -0.2861249 -0.0277103 -0.0828287 -0.0751285 -0.0655263 0.1497385 -0.1041247 -0.1996150 -0.1529354 -0.0030145 -0.0842496 0.0290692 -0.1620081 -0.2394037 0.0261535 -0.1231387 -0.1186081 -0.1951716 -0.0508359 -0.0712729 -0.4384783 -0.4457176 0.0190200 0.2422551 -0.4622255 -0.1907239 -0.2295238 -0.1387908 -0.0349155 -0.3444163 -0.4254706 -0.1313408 0.5525763 0.4279417 0.1848609 0.2254852 0.4520374 -0.4350070 0.6011623 0.3612269 -0.0363738 0.1581904 0.4304398 0.0935656 0.2072443 -0.0200562 0.0808520 0.1413101 0.1852094 0.1623657 0.3175366 0.1847408 0.2379478 0.0717862 0.2668919 0.1213133 0.0957229 0.6400079 0.3208527 0.1683305 0.3253895 0.0166811 0.4320203 0.6538076 0.2104072 0.2256595 0.1817662 0.3293261 0.3137276 0.1189058 0.3693437 0.4956818 0.2546262 0.2089179 0.1266652 0.5730851 0.5099631 0.2914959
-0.0204670 0.6340776 0.5382207 0.9176529 0.1881864 0.6128982 0.1660135 0.8293641 0.0543203 0.3434454 0.8693941 0.3381732 0.4996918 0.0463987 -0.0119896 0.8377939 0.0000000 -0.0449974 0.7857841 0.1431355 0.4122300 0.8004805 0.6911549 -0.2403875 0.7867770 0.7901525 0.8656647 -0.2094785 0.4112772 0.2728336 0.6646463 0.8722422 -0.3040290 0.0500537 0.7260408 0.4910901 0.8432894 0.4869859 0.7588500 0.4088061 0.6993869 0.5624026 0.7836438 -0.1075750 0.5254424 0.6151523 0.8238208 0.3697056 0.3281841 0.2492222 0.8130901 0.7834392 0.4996009 0.6168783 0.0843729 0.5546929 0.7608925 0.6409916 0.2243391 0.7780837 0.3727717 0.6786324 0.1941646 0.6571289 0.3497666 0.6939131 0.6794672 0.5438837 0.4822079 0.7059821 0.5633792 0.5956517 0.5553524 0.3084955 0.5054146 0.5430091 0.3631006 0.5013090 0.4720651 0.4075745 0.4188085 0.0950769 0.0539997 0.0285843 0.2530487 -0.0373050 0.0166908 -0.4112449 0.1290961 0.0888003 0.1492980 0.0933296 0.0365446 -0.2697128 0.2709963 0.3276868 0.0076438 -0.0916043 -0.0706599 -0.0264572 0.0053166 0.0476481 -0.0509059 -0.0381888 -0.1151807 0.2595555 0.1316965 0.2162121 -0.0152073 0.1450386 0.0674884 -0.0118883 0.2821445 0.2250005 0.0527256 0.2739356 0.0617133 -0.0691845 -0.2297646 0.2817593 0.0732847 0.0293633 0.0965631 -0.0896913 -0.0569049 0.1887528 0.3122206 0.0559834 0.2140145 0.2121968 -0.0621967 -0.0927043 0.0611605 0.1467941 -0.0557387 -0.2353084 -0.2651809 0.0468631 -0.1465994 -0.0003155 -0.2090136 -0.1658008 -0.1423926 0.0009400 -0.2018963 -0.0644900 -0.2513200 -0.2731428 -0.1084238 -0.3042920 -0.2667854 0.0753849 -0.2912632 -0.1226090 -0.1222518 0.0308699 -0.0392835 -0.2596251 -0.0649615 -0.0208411 -0.3795197 -0.5304346 0.1290013 0.3931180 -0.4969267 -0.1316756 -0.1061629 0.0148681 0.0160378 -0.3208281 -0.3570107 -0.1132497 0.5819381 0.4545883 0.3287004 0.3921185 0.4515637 -0.3831830 0.3584067 0.3006590 -0.0947636 0.0044311 0.3256537 -0.0993332 0.2240088 0.0815266 0.2025110 0.2305345 0.3294828 0.3068745 0.4199260 0.4034146 0.4968065 0.2815536 0.3988869 0.3039352 0.2611645 0.7142062 0.4332790 0.2330918 0.4845083 0.3342489 0.4071959 0.6885117 0.1913713 0.4043891 0.1878352 0.4095403 0.4030711 0.4143028 0.4327925 0.5988952 0.4344517 0.2072117 0.1336355 0.5729868 0.6077220 0.3932293
