0.0000000 0.6259590 0.4614345 0.2784865 0.3380970 0.1586521 -0.0470227 0.3818329 0.2562097 0.3605875 0.2759021 0.0937692 0.0614238 -0.0808161 -0.0758520 0.1542870 0.2770559 -0.5578922 0.2548189 0.3707320 0.1273084 0.1393682 -0.1534390 -0.1280236 0.2363362 0.1270266 0.1508602 -0.5292117 0.2365825 -0.4224919 0.2492930 0.2379137 -0.2034762 0.2059612 -0.1437964 0.1776065 0.1471352 0.2282032 0.1066678 -0.3345970 0.1553975 0.0465690 -0.4913802 -0.3024236 -0.0473756 0.1164230 -0.2979577 0.2383913 0.1133748 -0.0812089 -0.4382841 -0.4174778 0.2009022 -0.1235498 0.3054102 0.1380778 -0.0529879 0.3760096 0.1885380 -0.1966929 0.2011634 -0.0258793 0.3628569 0.4678387 0.5348594 0.0466734 0.0702606 0.1389980 0.0623646 0.3713288 0.3558545 0.5336623 -0.1649238 0.4882685 -0.0315301 0.2558535 0.5778828 0.4044799 0.3218907 0.2954464 -0.2764040 0.0734055 -0.0536743 0.0543236 0.0735481 0.0138203 -0.2077751 -0.0365278 0.0584090 0.0474373 -0.2456658 -0.0452194 0.2788768 0.2010232 -0.0035195 0.1096065 -0.0991610 0.0399886 0.3248294 0.3057614 0.2069241 -0.2048759 -0.0309690 0.3518046 -0.1388224 -0.1655652 -0.0203900 -0.0001213 -0.0451170 0.0694664 0.0210055 -0.0116520 0.1963664 -0.0227765 -0.1501863 0.0119066 -0.1077075 -0.1102308 0.0238513 -0.0754897 -0.0661709 -0.0410917 -0.2246844 -0.1570174 -0.1736949 0.0094917 -0.2118959 0.0393445 -0.2777733 0.0081789 -0.0806884 -0.1059630 -0.0752025 -0.2318816 -0.4331054 -0.1256592 -0.0163654 -0.3038987 -0.0064002 -0.1341839 -0.1391512 -0.1588239 0.0907243 0.0379836 -0.0719105 -0.2444759 0.0376422 0.1297723 0.2798947 0.1789649 -0.0458367 -0.1599726 0.0437425 -0.1214650 0.0276112 -0.4752876 0.0751623 -0.0484307 0.2552091 -0.0701859 0.2286921 0.1061111 -0.3679535 -0.1737427 -0.0277065 0.1871526 0.2447854 0.1968852 0.1741162 0.0273244 0.3260123 0.3479600 0.7838301 0.7416809 0.2386237 0.2992564 0.2178446 -0.0397564 0.2311419 0.1925036 0.1320818 0.1305355 0.2713633 0.1082026 0.3254684 0.3606009 0.3267118 0.2989384 0.5035109 0.2213592 -0.1217285 0.2019944 0.2749773 -0.1999396 -0.0220223 -0.1546134 0.0503930 0.2289121 -0.1230887 -0.0903643 -0.0682755 0.0038036 0.1202050 0.0479239 0.1753989 -0.1495101 -0.2129526 0.2912445 -0.1676823 0.0438731 0.0425794 -0.0713964 0.1644689 0.2987308 -0.3593185 0.0516377 0.0948040 -0.0194294
0.6259590 0.0000000 0.2974661 0.5310588 0.3078743 0.4256185 0.0279574 0.6757723 0.6223580 0.5866265 0.5554051 0.2179946 0.3470347 0.1224562 0.1937593 0.3002491 0.5977189 -0.3271466 0.2934887 0.2893341 0.2458099 0.3155559 0.3481653 0.2208626 0.1693182 0.1861563 0.4517233 -0.3199370 0.3017433 -0.1882328 0.3165707 0.3155841 -0.1606967 0.3168677 0.0465575 0.1894599 0.4057562 0.5337956 0.3438696 -0.2301657 0.4670766 -0.0631432 -0.2531061 -0.4430019 -0.0463379 0.3983105 0.1498969 0.3640463 -0.0308637 0.1133184 -0.0777235 -0.1629466 0.2500331 -0.0409399 0.4082342 0.2840939 0.2549551 0.2486590 -0.0505962 0.1403168 0.0275392 0.1884758 0.2748155 0.2843968 0.2682600 0.1950625 0.2796906 0.1391320 0.0820660 0.3317491 0.4142882 0.4720976 0.0400555 0.2688292 -0.0926994 0.2268398 0.4033782 0.3510602 0.2226889 0.2805594 -0.1095609 -0.0964556 -0.0833549 0.1127708 0.1253431 0.0889500 -0.0245021 -0.0099341 0.1364476 0.2816367 -0.2899890 -0.0499820 0.1073666 0.1582133 0.1076482 -0.1801157 -0.3535623 -0.1047249 0.5603105 0.3385298 0.0226853 -0.2812210 -0.1262215 -0.0135547 -0.2430485 -0.0014056 -0.2108110 -0.2115990 -0.2433265 -0.3152721 -0.1699823 -0.3504429 -0.0229897 -0.3174286 -0.4459683 -0.2812058 -0.3727179 -0.2339934 -0.2351363 -0.2651608 -0.1302601 -0.0868527 -0.3714308 -0.1982595 -0.4074530 -0.2872178 -0.1470478 -0.1865263 -0.5423944 -0.1826185 -0.3605534 -0.3696835 -0.2576322 -0.2865749 -0.3945206 -0.3460960 -0.3675770 -0.5165956 -0.3376801 -0.1135183 -0.4031339 -0.1607077 -0.0761768 0.0506815 -0.4333199 -0.4745086 -0.2126614 -0.2105506 -0.0393943 -0.0183135 -0.1901024 -0.0187337 -0.2774401 -0.4054546 -0.0378331 -0.4014737 0.0699842 -0.2855799 0.3179223 -0.0849605 0.0418729 -0.2374168 -0.4946354 -0.1278328 -0.2447330 -0.0394710 -0.2736583 -0.0791607 0.1941662 -0.1565406 -0.0840823 0.0594454 0.4448694 0.4478434 0.3727237 0.2807880 0.1584321 -0.1262925 0.1391394 0.1325957 0.0978544 0.3608514 0.1668519 0.3725327 0.2422617 0.0185800 0.1962627 0.2731634 0.3358869 0.0434954 -0.2971181 0.1645367 0.1551347 -0.5401185 -0.3746099 -0.3922752 -0.1316406 -0.0066350 0.0846202 -0.4412124 0.0350186 0.0828210 -0.1421075 -0.0899457 0.1243083 0.0535777 -0.0208800 -0.0510482 -0.0455933 0.1295871 -0.0919504 -0.3599592 -0.1033940 -0.0219501 -0.1674720 -0.2006781 0.1787029 0.2859665
0.4614345 0.2974661 0.0000000 0.3837396 0.8736520 0.0831417 0.2465373 0.4201947 0.1852704 -0.1580094 0.2053357 0.3832335 0.2982293 -0.3522032 0.2537926 -0.1639192 0.0752987 -0.1881710 0.0131635 0.2011631 0.3868382 0.1051646 -0.1352566 -0.1337336 -0.0373071 0.2123532 0.1464676 -0.4883304 0.3411449 -0.4761003 0.1698816 0.5615392 -0.5629499 -0.1306966 0.1404603 -0.1210879 0.4617816 0.1557907 0.1440678 -0.2804588 0.4737379 0.0380153 0.0499809 -0.5890976 0.0404739 0.3161889 0.2531124 0.2450121 -0.4401474 0.0945777 -0.0139558 -0.1307130 -0.1710272 -0.3435103 0.5285429 0.5263724 0.4501385 -0.0625822 0.2578351 0.1183723 0.2227876 -0.1692153 0.4585973 0.3019935 0.3544554 0.4502620 0.0294739 -0.1919718 0.6497100 0.0770823 0.4324275 0.2738343 -0.3583161 0.2731640 0.6288208 0.0005601 0.0274847 0.1236909 0.1451208 0.1071592 -0.3560584 0.0239247 -0.2065972 -0.1937290 -0.2278695 0.0152366 0.0367212 -0.3742164 -0.1254542 -0.1257300 0.0222824 0.2133180 0.2274232 -0.4028404 0.0120548 -0.1357298 -0.1370587 -0.1813210 0.3729958 -0.0152792 0.2842182 -0.2102374 -0.0614504 -0.1402823 -0.1273525 -0.1451118 -0.0825479 0.0483566 -0.0626499 0.2137791 -0.2106999 0.0798162 0.4103860 0.0262534 0.0119296 -0.0050488 0.0010861 0.1262230 0.2755931 -0.0476383 0.0402670 0.0645214 0.0327744 -0.1520865 -0.1012086 -0.2054657 -0.1973171 0.2947446 -0.3777416 -0.2468101 -0.3233526 0.1777020 0.0498496 -0.2426872 -0.3243305 0.1801369 -0.1700496 -0.3370458 -0.2248124 -0.1854095 0.2634302 -0.2478810 0.3186061 0.1004745 -0.1201258 -0.0847066 -0.0057461 0.0696698 0.2282367 0.0094376 0.1397996 -0.0225411 -0.0853285 0.2399370 0.2344694 -0.0736485 0.2492809 -0.1520376 0.5071851 0.1302260 0.2328391 0.0663489 -0.0618341 0.1197331 0.0958034 0.1897318 0.1668340 0.1452462 0.0097815 0.1005495 0.3455865 0.2938063 0.1107940 0.1723560 0.4881523 0.5221905 0.3821866 -0.1121731 0.1527270 -0.0844908 -0.1767991 -0.2386365 0.1367202 -0.0474595 0.4594259 0.4164303 0.5622381 0.5160077 0.1894284 -0.2605812 -0.2110600 -0.3976365 -0.0586039 -0.2555936 -0.2742631 -0.3043782 0.0630134 0.0884298 -0.2710917 -0.2208591 0.1048222 -0.1319448 0.0061206 -0.1023865 0.6839240 0.2811146 0.0162254 0.4850897 -0.0008482 -0.0850106 -0.0624617 -0.4133131 0.6288805 0.4314848 -0.5951357 0.1120221 -0.3141481 0.1337251
0.2784865 0.5310588 0.3837396 0.0000000 0.3206161 0.4476814 0.2219463 0.6171496 0.4841377 0.4148995 0.4631006 0.1405597 0.2831408 0.3299791 0.3779590 0.0415718 0.6629904 0.1340715 -0.0603766 -0.0598865 0.0545739 0.0152176 0.2017882 0.1215849 -0.0808412 0.1635870 0.5588724 -0.1201912 0.1546309 -0.0260061 0.1741679 0.4145672 -0.2664998 -0.0069881 0.1617956 -0.0435492 0.3745805 0.4043685 0.6432727 0.1905237 0.5266226 -0.0100922 0.3262504 -0.3258212 -0.1271691 0.3760528 0.3969065 0.4188356 -0.2469811 0.2003479 0.3087772 0.3595330 -0.0927074 -0.0508104 0.4548629 0.5218983 0.3341750 -0.1891105 -0.1088597 0.5043555 -0.0649480 0.3395562 0.2979121 0.3923515 0.0411073 0.2781249 0.2996591 0.0141717 0.1636567 0.3397178 0.2909334 0.5274765 0.1555448 0.3796829 0.3016277 0.2188689 0.3544449 0.2153541 0.2391987 0.1244569 -0.2080290 -0.3292159 -0.1167833 -0.0732812 -0.1372756 -0.1587956 0.0560811 -0.2476087 -0.0295501 0.0395568 0.1172715 0.3336667 -0.0689470 -0.0077568 -0.1746197 -0.3298723 -0.1042032 -0.3436793 0.5302611 0.3503175 0.0402397 -0.2636998 -0.1551623 -0.5315765 -0.0572556 -0.3418271 -0.2184410 -0.2525310 0.0178901 -0.3656720 -0.4419749 -0.1573799 0.0111610 -0.5274033 -0.4892480 -0.4243226 -0.3879755 -0.0239320 0.1766969 -0.0103874 0.2021774 -0.2589029 0.2271310 0.1655688 -0.0453992 -0.2181376 -0.1183395 0.2606610 -0.3060976 -0.4572379 -0.3229493 -0.0332569 -0.0218430 0.0689856 -0.3619513 -0.0163644 -0.2763161 -0.0352642 -0.0758043 0.1658602 -0.0848894 -0.0678139 0.0042265 0.1824864 -0.0653860 -0.3019527 0.0961478 -0.0934936 -0.3400995 -0.3646814 0.1932312 0.2325962 -0.2085244 -0.1474362 0.2372367 -0.3082090 0.0431610 -0.2001126 0.3223527 0.1976161 -0.1347903 -0.0292107 -0.0409311 0.2974957 -0.0446012 -0.1711821 -0.0075521 -0.1744410 0.0998171 0.0895952 -0.0898132 0.0717760 -0.1071177 0.1199662 0.4901374 0.3434912 0.1702096 -0.3268118 -0.1332872 -0.1635668 -0.0029455 -0.0542107 0.0555620 0.0109937 0.0344533 0.0454314 0.2308374 0.3319653 0.4612762 0.0316262 -0.1617415 -0.1253197 0.0109575 -0.3129142 -0.2573354 -0.2192696 0.0537930 0.0370016 -0.0656574 -0.3202242 0.1891758 0.0243821 0.1691475 0.1011230 0.4615949 0.1291056 -0.2006471 0.5458250 -0.0750592 -0.3020679 0.1660818 -0.1279948 0.3686961 0.0848734 -0.2165238 0.3723081 0.0713507 0.4154043
0.3380970 0.3078743 0.8736520 0.3206161 0.0000000 0.2588538 0.3762313 0.4056530 0.2612826 -0.2445161 0.2098465 0.5019553 0.1926205 -0.2834647 0.4257093 -0.1171627 0.2306346 -0.0357654 0.1132772 0.2286320 0.4802050 0.0919234 -0.0364756 -0.0193974 0.0178358 0.0726929 0.2424824 -0.3431018 0.4822557 -0.3591269 0.1357077 0.5436099 -0.4596660 0.0376905 -0.0048478 -0.0998071 0.4154530 0.1907665 -0.0012876 -0.3042567 0.4843578 0.1290064 0.0327426 -0.5492685 0.1331457 0.4451020 0.3185912 0.1732734 -0.4361474 0.1299362 0.0605544 -0.2238859 -0.0468459 -0.4963089 0.5011579 0.5800997 0.4930566 -0.0689384 0.2056925 0.2141787 0.2062857 -0.2496447 0.2451091 0.2020198 0.3109808 0.3787141 0.0948331 -0.2232478 0.5383618 0.0018397 0.4333875 0.0729512 -0.3452499 -0.0135775 0.5819667 -0.0665758 -0.1826842 0.1496617 0.1563082 0.0537580 -0.3018564 -0.0379737 -0.1690662 -0.1171576 -0.1252587 -0.0842921 0.0412359 -0.1578387 -0.1772129 -0.1166932 -0.0798994 0.0430354 0.0932276 -0.4771340 -0.0586534 -0.2980980 -0.2694435 -0.2860849 0.3441419 -0.0734038 0.0598140 -0.4428889 -0.1913009 -0.2004509 -0.2912752 -0.2079611 -0.2390304 -0.0750873 -0.2636225 0.0562065 -0.3999124 -0.0637737 0.1127759 -0.1493997 -0.1781428 -0.2386261 -0.2057701 -0.0383125 0.0213998 -0.2733716 -0.1777787 -0.1056221 -0.0003249 -0.1627708 -0.0609643 -0.4345793 -0.2613505 0.2222475 -0.4794342 -0.3279557 -0.4160110 0.0568528 -0.0888703 -0.2368979 -0.3410003 0.1672996 -0.3195153 -0.3931644 -0.2930195 -0.1107488 0.1122714 -0.1991987 0.2746324 0.0752129 -0.2288369 -0.0938393 -0.0945311 0.0043179 0.2112022 0.0679262 0.2176639 0.0193378 -0.0707929 0.1372872 0.1146261 -0.0524790 0.3485657 -0.2487705 0.4164423 0.2346836 0.1472430 0.0344271 -0.0599404 0.3482025 0.0419189 0.2369617 0.1870213 0.0535892 0.0461161 0.1197395 0.2529159 0.2032482 0.1251314 0.0958025 0.5253621 0.4880103 0.2404224 -0.1521532 0.0214226 -0.1115335 -0.0197942 -0.1198677 0.0998827 0.0433454 0.3111733 0.2881776 0.3720188 0.3548064 -0.1197895 -0.4593619 -0.3890101 -0.4763881 -0.0941390 -0.4191196 -0.4515938 -0.4452120 -0.1365305 -0.0634530 -0.2869661 -0.4540038 0.1388302 0.0034859 -0.0631951 -0.1216087 0.6689264 0.3304172 0.1727994 0.4038872 0.0770992 -0.0014303 -0.0244481 -0.4726653 0.5623541 0.5350405 -0.6656636 -0.0289581 -0.0821171 0.2216677
0.1586521 0.4256185 0.0831417 0.4476814 0.2588538 0.0000000 0.6933801 0.2575735 0.7546675 0.3139105 0.2811540 0.6883408 -0.1410983 0.5409869 0.7754824 0.0296536 0.5096788 0.5998618 0.3137920 0.0956255 0.5558247 0.0060817 0.2107154 0.6356946 -0.0441986 -0.0646312 0.4396401 0.3822531 0.5627439 0.3816605 0.3988332 -0.1605291 0.1439903 0.4161748 0.1888956 -0.0557976 0.1388496 0.2687666 0.2293818 0.2443574 0.3256772 -0.0324625 0.0484729 -0.0473446 0.0702287 0.5373414 0.3119125 0.0882839 0.0800960 0.1886756 0.1775215 0.0122833 0.2922514 -0.2532617 0.4579714 0.4621492 0.2087771 -0.0507153 -0.2762981 0.6358355 -0.2541446 0.1448430 -0.2312964 0.2663418 0.0162852 0.0265975 0.6063375 -0.0959712 -0.1436257 0.2838724 0.3959495 0.1581198 0.0386226 -0.1020010 -0.0934632 0.0843427 0.2296459 0.1084850 0.1791639 -0.3835104 0.0815240 -0.2299551 -0.4164363 -0.2886242 -0.2827510 -0.3053431 -0.3885734 0.0699915 -0.2431149 -0.2200268 -0.2969234 -0.1252594 -0.4779377 0.2883005 0.1335013 -0.2700817 -0.3906231 -0.3570433 0.3291196 -0.0848875 -0.1816762 -0.5134021 -0.4099011 -0.4742770 -0.5874020 0.0689050 -0.2663672 -0.3336580 -0.4968319 -0.4060253 -0.5571971 -0.4168641 -0.0649484 -0.3776250 -0.3991755 -0.3409722 -0.3585330 -0.0417954 -0.0509517 -0.5494137 -0.0763042 -0.4112158 -0.1208422 0.3343736 0.2598128 -0.6770588 -0.3196468 0.0838760 -0.5937757 -0.0694381 -0.2864309 -0.0641178 -0.3974089 -0.0266956 -0.2541142 -0.3128266 -0.6496266 -0.1014770 -0.5236784 -0.1045016 -0.4559525 0.0514471 0.1902333 -0.2030375 -0.2371337 -0.4116000 -0.1793421 -0.2623753 -0.0726645 0.0932410 0.2272422 -0.0636673 0.1829140 -0.4201855 0.1663412 -0.3100938 0.4168373 -0.1401817 0.4131019 0.3341519 0.2765746 0.3934219 -0.1203451 0.4596873 0.2955382 0.0116759 0.0930279 0.1994606 0.2887039 0.4982108 0.2763066 0.3580768 -0.0599799 -0.2436406 0.6438776 0.3018581 -0.0966257 -0.1379146 -0.3766568 -0.1894093 0.0439313 -0.0761938 -0.2586242 -0.0454387 -0.3830549 -0.2954432 -0.3302582 -0.3179083 0.0489538 -0.1188867 -0.7708784 -0.1369792 -0.0425302 -0.7384030 -0.6823774 -0.6469806 -0.5124278 -0.3087991 0.0363888 -0.6821720 0.1950095 0.2272147 -0.0844951 -0.1687167 0.5014365 0.5933796 0.4277377 0.2545631 0.2053461 0.1773371 0.1424849 -0.2825057 0.4446947 0.3966464 -0.2002924 0.0545720 0.6003230 0.6755333
-0.0470227 0.0279574 0.2465373 0.2219463 0.3762313 0.6933801 0.0000000 0.0608847 0.4140336 -0.0779691 0.2285368 0.9161274 -0.3913904 0.2488280 0.7614455 -0.0221376 0.2066972 0.5647075 0.1754177 -0.2247732 0.6835132 -0.4677051 -0.0654651 0.5497329 -0.3011996 -0.3161029 0.0005339 0.2839394 0.6014103 0.2278288 -0.0860359 -0.1966008 0.0549028 0.4564952 -0.1315569 -0.1107754 -0.1421343 -0.1425166 0.1002678 0.2645623 0.1125028 0.2935228 0.1998957 0.0130658 0.4762562 0.2105211 0.3222435 -0.1523492 0.1076925 -0.0834444 0.3490978 0.0432868 0.3773916 -0.0817458 0.1741136 0.2718127 0.2039122 0.0962784 0.0446074 0.5232306 0.2632090 0.1062086 0.0209582 0.4259279 0.3084376 0.1230007 0.5608231 0.1237914 0.2875141 0.3515261 0.5162568 0.1192257 0.0788280 0.0900090 0.3693366 0.1711234 0.1559915 0.3212715 0.2712792 -0.1418813 0.1066912 -0.2467216 -0.2007442 -0.0595628 -0.0310899 -0.1874320 0.0359282 0.1149102 -0.1736869 -0.0099824 -0.0640628 -0.0045059 -0.4108878 -0.1083741 0.1724324 -0.0634453 -0.2448502 -0.3376729 0.3824262 -0.2823159 -0.1006630 -0.3092764 -0.2190126 -0.5508190 -0.4651889 0.2481139 -0.0378183 0.0147557 -0.4425718 0.0387672 -0.3796477 -0.0255127 0.1627943 0.0209715 0.0801773 -0.0501266 0.0285801 0.3080530 0.1737575 -0.2699322 0.0872446 -0.0636836 -0.0338843 0.2235696 0.2025356 -0.4227931 -0.1784702 0.1713180 -0.4816407 -0.1560702 -0.4111658 0.2509545 -0.4354677 -0.0483500 -0.1189828 -0.1805918 -0.6485465 -0.1944966 -0.5853891 -0.1525625 -0.3045407 -0.0780183 0.1900598 -0.0322134 -0.3705117 -0.2832212 -0.2916998 -0.2980714 0.0586590 -0.1636267 0.1878164 -0.0270591 0.1805973 -0.2590615 0.1936808 -0.0740544 0.4110324 -0.2438683 0.3986824 0.2825476 0.1298005 0.3690892 0.0234806 0.4828208 0.3139060 -0.0731186 0.2860987 0.4793193 0.4963400 0.5623254 0.4571000 0.5957818 -0.2200664 -0.3026961 0.7927353 0.5861504 0.2540286 0.0707908 -0.1712599 -0.0783568 0.0613820 -0.0304465 0.0261044 0.0622852 -0.1065865 0.1383287 -0.0216933 0.0026178 0.1199358 -0.1817128 -0.5281860 -0.0463229 0.2107652 -0.4437755 -0.4776150 -0.4224585 -0.2852954 0.0033612 0.1430287 -0.3522893 -0.1906491 -0.2109152 -0.4153535 -0.1690002 0.5818929 0.7806056 0.6067339 0.2325074 -0.1231246 -0.1455536 -0.2156516 -0.2786002 0.5411112 0.7631631 -0.0483902 0.0156804 0.1168768 0.2882338
0.3818329 0.6757723 0.4201947 0.6171496 0.4056530 0.2575735 0.0608847 0.0000000 0.4562346 0.4989719 0.8141523 0.2367238 0.6419643 -0.0375504 0.2959856 0.5317233 0.4468560 -0.2682035 0.2632244 0.1651850 0.3412214 0.3242569 0.4642289 0.2824227 0.0887493 0.1687876 0.2272792 -0.3875474 0.4073048 -0.2538817 0.2687648 0.5752937 -0.2168413 0.3033396 0.0510488 0.3832030 0.5319207 0.6236581 0.5537091 -0.0335636 0.7121751 0.3433764 0.1427687 -0.4594419 0.2244232 0.4027096 0.4842567 0.6157160 -0.2312280 0.3397654 0.2530496 0.1537763 0.1269512 0.0759158 0.4932372 0.4820093 0.5296696 0.0540201 0.0059482 0.2364794 0.1547438 0.1559533 0.4083186 0.2271833 0.2964234 0.4830596 0.2195766 0.0447957 0.4872436 0.1845891 0.4710975 0.4736185 -0.0462461 0.2718974 0.2666772 0.0478467 0.0746263 0.0798245 0.1780520 0.2811780 -0.3137534 0.0001161 0.1625025 0.2729817 0.2478832 0.3187631 0.3442858 0.1282059 0.3736557 0.4409176 0.1852396 0.3114777 0.3623146 0.0495825 0.2326326 -0.0133386 -0.0442904 0.1179541 0.4247126 0.2549552 -0.1037225 -0.0438405 0.2122324 -0.1481924 0.0469215 0.0976230 0.1251164 0.0689660 0.0380222 0.0677047 -0.1016951 0.0123492 0.2176595 -0.1385966 -0.2233283 -0.0607886 -0.0893881 0.0919871 0.1705147 0.1509187 0.2044621 0.1506304 -0.0945969 -0.0154014 -0.1219552 -0.1770504 0.0468189 -0.0465078 -0.1800784 -0.2846578 -0.1533663 -0.0699768 -0.0709843 -0.2106145 -0.0300963 -0.0717901 -0.0297480 -0.1629175 0.0651186 -0.0654120 -0.0080286 -0.0429141 0.1803907 0.0691801 -0.1432471 -0.3712430 0.0671150 0.1320384 0.1224062 -0.0689365 -0.0283184 0.0867930 -0.2882467 -0.1227017 -0.1075210 -0.2444796 0.2249600 -0.2071652 0.5148817 0.0515145 -0.1254004 -0.1928105 -0.4431947 0.1404973 -0.2800297 0.0092589 -0.2248813 0.0920391 0.2268633 -0.1479870 0.0468880 0.1095191 0.0829274 0.1434064 0.4351722 0.5314846 0.2421780 -0.2494165 0.2715613 0.2135961 0.2323473 0.4577258 0.2721303 0.3813175 0.1842361 0.1924848 0.2406228 0.4582074 0.2446003 0.0095338 0.0564017 -0.0525886 0.0788688 -0.2700613 -0.2112280 -0.2048469 0.0690395 0.0084502 -0.0659170 -0.2538671 0.0386224 -0.0621046 -0.1978063 -0.1386366 0.2409146 0.0212873 0.0283596 0.1425390 -0.0982506 -0.2235293 -0.3173724 -0.4722872 0.0999447 0.0237685 -0.1040749 -0.1291642 -0.2240006 0.0542590
0.2562097 0.6223580 0.1852704 0.4841377 0.2612826 0.7546675 0.4140336 0.4562346 0.0000000 0.6189988 0.5725189 0.4883987 0.1413674 0.6476947 0.6880522 0.2409873 0.6289964 0.3220447 0.3090029 -0.0703935 0.4721302 0.2395319 0.4191534 0.7101522 0.1206018 -0.0016207 0.5951035 0.2501466 0.6104483 0.3694104 0.2762240 0.1819672 0.2469377 0.5658502 0.2224596 0.1424963 0.3238959 0.6768169 0.4958688 0.2371409 0.6603712 -0.0775700 0.0602319 -0.1444368 -0.0326811 0.8055428 0.4942793 0.5246374 0.2103040 0.4807052 0.2716741 0.1170703 0.4695727 -0.0348253 0.7662233 0.7060619 0.3994125 0.2369771 -0.3766715 0.6501571 -0.4065853 0.4203497 -0.2222999 0.4211827 0.1555125 0.2521925 0.5541093 0.0677280 0.0439816 0.5444579 0.5125971 0.4643745 0.1428817 0.0120523 0.0374036 0.2664877 0.2675326 0.2409586 0.2939133 -0.0972837 0.2016162 -0.4232093 -0.3975488 -0.0180548 -0.0126728 -0.0567241 -0.2050543 0.0755359 0.0486395 -0.0489699 -0.2200576 -0.2768598 -0.3568471 0.2491047 0.2044444 -0.3149894 -0.5387543 -0.1139637 0.4787823 -0.0440145 -0.3443716 -0.3110739 -0.2328960 -0.4378549 -0.5269054 0.0984515 -0.0940166 -0.1793357 -0.4145416 -0.2645945 -0.3642328 -0.4622522 0.0500825 -0.1073656 -0.1631247 -0.0648049 -0.0578740 0.0611191 -0.0097445 -0.3238604 0.0330727 0.0022454 -0.2751132 0.0500548 -0.1055579 -0.6034133 0.0549972 -0.1029909 -0.5578741 0.1645474 -0.2382573 -0.2204279 -0.0738648 -0.4251933 -0.3356680 -0.3484915 -0.5322945 -0.2817515 -0.3941121 -0.2344649 -0.4069276 -0.0312222 0.1665928 -0.3804613 -0.4051520 -0.4372790 -0.0521459 -0.0703421 0.1581987 0.1325902 0.0039546 -0.2342749 0.1887256 -0.3703632 0.2650734 -0.2140388 0.3603994 -0.0155199 0.4039144 0.1564234 0.4555399 0.2233857 -0.3328386 0.2926405 0.3686085 0.0131725 -0.0197610 0.2932854 0.3943717 0.3526218 0.3253647 0.4460897 0.0315508 -0.1321993 0.4429717 0.1748912 -0.1233638 -0.4609738 -0.3233052 -0.2706094 -0.2752090 -0.0184804 -0.2025875 0.0845115 -0.3011183 -0.3509287 -0.3128119 -0.2072666 0.1386316 0.1813739 -0.5064584 0.0234027 -0.0131032 -0.7059592 -0.6639642 -0.6759318 -0.5116859 -0.3724717 0.1747564 -0.7035802 0.1533078 0.0710260 -0.3097620 -0.4658078 0.2972946 0.4887199 0.2078473 0.0465550 0.1488458 0.1300470 -0.1434879 -0.5704324 0.3488152 0.2082727 -0.1295577 0.1237115 0.2912451 0.4118717
0.3605875 0.5866265 -0.1580094 0.4148995 -0.2445161 0.3139105 -0.0779691 0.4989719 0.6189988 0.0000000 0.7273947 -0.0222899 0.3221049 0.6052038 0.0673011 0.6172594 0.5977064 -0.0996517 0.4218037 0.0276035 0.2206103 0.3758438 0.5111427 0.3770260 0.4104445 0.1477386 0.4254693 0.0473364 0.3381956 0.2058587 0.3936129 0.2151453 0.3925293 0.5114446 0.2223212 0.5431898 0.3220823 0.7338074 0.6618209 0.2684740 0.5397294 0.0817132 0.0751728 0.0841924 0.0051758 0.4676643 0.3830433 0.6054016 0.5069864 0.3608306 0.2827117 0.3241284 0.5547733 0.4597093 0.3739438 0.3622800 0.2840876 0.3708596 -0.4567293 0.4339481 -0.3354593 0.6515821 -0.0003933 0.4657976 0.2769967 0.2619500 0.5349839 0.3183697 -0.0296587 0.5389124 0.4149597 0.7388990 0.3888355 0.3409853 -0.1948262 0.3564404 0.5416054 0.3097940 0.3987310 0.2812086 0.3473817 -0.2543152 -0.1614215 0.0810213 0.1160113 0.0222276 0.0664602 0.0985199 0.3207778 0.1337790 -0.0641564 -0.0033429 -0.0317262 0.3745124 0.2580038 -0.0313790 -0.2064607 0.1276504 0.2653209 0.0141413 -0.4011739 -0.0368450 -0.0715470 -0.1423924 -0.1942636 0.0542374 0.0150500 -0.2199586 -0.1385759 -0.2120224 -0.0514238 -0.3412978 0.0695138 -0.0542343 -0.0882407 0.0836333 -0.0004161 -0.0409535 0.0177056 -0.0345625 0.0212054 -0.0155104 -0.2316737 0.0415356 -0.2586934 -0.1695767 -0.0001921 -0.3090951 -0.0961634 0.0486501 0.0506478 -0.2979206 -0.1632638 -0.2855480 -0.0855056 -0.4146122 -0.0692274 -0.0185832 0.0066879 -0.0688362 -0.4166705 0.0373341 0.1029172 -0.3029270 -0.1071571 -0.5058000 0.0608310 0.0441154 0.0827690 -0.0201461 -0.0939819 -0.2408559 0.0698789 -0.5379492 -0.0303718 -0.2057596 0.1168683 0.0255435 0.3176428 0.0453850 0.0729737 0.0268978 -0.4184881 0.0666194 0.0549054 -0.1484576 -0.2603848 0.1071703 0.5272101 0.0884560 0.0989678 0.3051171 0.2515551 0.2098423 -0.0100038 0.0441933 -0.0735158 -0.4005766 -0.0150773 -0.1070776 -0.2182428 0.2013330 -0.1603084 0.0046810 -0.3316748 -0.1992239 -0.3660438 -0.1460591 0.3857982 0.6822751 -0.0444332 0.4936686 0.3661159 -0.3068793 -0.1665676 -0.2500175 -0.1525632 -0.0580875 0.4484264 -0.1809422 0.1719955 0.1893366 -0.0896858 -0.3220221 -0.0986857 -0.0394568 -0.0216897 -0.0067674 0.0824021 0.1836221 -0.2165537 -0.1781294 -0.1162026 -0.2834448 0.3870621 0.2616371 0.1595114 0.0976590
0.2759021 0.5554051 0.2053357 0.4631006 0.2098465 0.2811540 0.2285368 0.8141523 0.5725189 0.7273947 0.0000000 0.3299051 0.4862777 0.2810365 0.3197536 0.7682770 0.5327907 -0.1174731 0.4423095 -0.0071537 0.5002549 0.2685085 0.5707966 0.4848845 0.2360470 0.0372909 0.2007432 -0.1127995 0.5973904 0.0012103 0.1603405 0.4852016 0.2024589 0.6200554 0.0123378 0.5791853 0.4511684 0.7054649 0.6562142 0.2245254 0.7269581 0.4578421 0.2174810 -0.0865664 0.4270406 0.5186755 0.6688850 0.6884038 0.2797315 0.4695801 0.4622788 0.3052355 0.5598418 0.4030782 0.4552627 0.5373361 0.6382916 0.4111983 -0.2474189 0.4427869 0.0584903 0.4869838 0.1777662 0.4651452 0.4984270 0.6094340 0.5389068 0.2922741 0.5243728 0.4449239 0.7073051 0.6549026 0.2159422 0.3363439 0.3105907 0.1849295 0.2084971 0.3382779 0.3674274 0.4090890 0.1548345 -0.2171727 0.0377756 0.3050034 0.3427597 0.2498451 0.5086442 0.2650438 0.4468480 0.3938394 0.1212853 0.1628970 0.1645395 0.0848158 0.3800515 0.0272451 -0.1767580 0.1822602 0.4304066 -0.1258310 -0.4180032 -0.0276236 0.1219442 -0.2823905 -0.1744920 0.2247714 0.1611645 0.0321938 -0.2061734 0.1380524 -0.1245907 -0.1213904 0.2160109 0.0904066 0.0437890 0.1313695 0.1501796 0.2219667 0.1666179 0.1361711 0.1530459 0.2587422 -0.2206818 -0.0571071 -0.2763953 -0.2841563 0.0611700 -0.2835727 -0.1954439 -0.2014743 -0.1418546 -0.1856268 -0.2580559 -0.4339123 -0.0230977 -0.3364388 -0.1751237 -0.1801740 -0.0662865 -0.1598976 -0.3108920 -0.0611486 0.2128973 -0.2394493 -0.3443395 -0.5834772 -0.0290971 0.0565074 0.2219567 -0.1283081 -0.1498631 -0.2162835 -0.0531217 -0.4379410 -0.0354237 -0.1907112 0.2619046 -0.2131882 0.5404179 0.0248860 -0.0295787 -0.0946458 -0.5678586 0.2211021 -0.0377963 -0.1760693 -0.2743908 0.2847139 0.6540774 0.0196404 0.1866822 0.4113690 0.1344407 0.1140347 0.3710183 0.5294141 0.2030068 -0.3170593 0.1649767 0.0700684 -0.0379619 0.4141492 0.0778125 0.2278725 -0.0922192 0.1252643 -0.0769774 0.2282103 0.2782240 0.3698248 0.0574269 0.2828782 0.3983711 -0.3349028 -0.2919238 -0.3299852 -0.0756518 0.0260050 0.3429316 -0.2602252 -0.0010625 -0.0604038 -0.4338238 -0.4509173 0.1607727 0.1700725 0.1598968 -0.0122301 -0.0638760 -0.0870021 -0.6025524 -0.5491768 0.0559887 0.0402656 0.2613357 0.0010326 -0.2325801 -0.0886203
0.0937692 0.2179946 0.3832335 0.1405597 0.5019553 0.6883408 0.9161274 0.2367238 0.4883987 -0.0222899 0.3299051 0.0000000 -0.1798368 0.0914456 0.7649404 0.0545924 0.1758888 0.3949700 0.3277100 -0.1044797 0.8152173 -0.2725046 0.0083558 0.5598569 -0.1757135 -0.2053253 -0.0348088 0.0905290 0.6962711 0.0520046 0.0737015 -0.0551756 -0.0678405 0.4895310 -0.0361278 0.0028819 0.0705140 0.0004189 0.0213690 0.0515347 0.2597741 0.2656215 0.0251856 -0.1989468 0.4731847 0.2985199 0.3544175 -0.0185083 0.0344035 -0.0279249 0.2489312 -0.1396661 0.4076522 -0.1607159 0.2949856 0.3088978 0.3398267 0.1427796 0.0244837 0.4500521 0.2643392 0.0045991 0.0696484 0.3673370 0.3674708 0.2604800 0.5619979 0.0161746 0.4059377 0.2598655 0.6045499 0.1377268 -0.0769500 0.0235869 0.2999082 0.0535398 0.0766609 0.2216084 0.1880197 -0.1702955 0.0115219 -0.0923824 -0.1959006 -0.0568116 -0.0223568 -0.0659221 -0.0061826 0.1978561 -0.0794870 0.0728895 -0.2017910 -0.0572080 -0.2824648 -0.0962184 0.2959287 -0.0279144 -0.3208837 -0.2373918 0.4137779 -0.3018946 -0.1393425 -0.3223524 -0.1630192 -0.4176194 -0.5240436 0.4026758 0.0153987 0.0446181 -0.4983332 0.0957882 -0.3362880 -0.0542325 0.3035585 0.1026646 0.1254875 0.0489456 0.0927359 0.3638576 0.2209185 -0.2590334 0.1105498 0.0463391 -0.1880038 0.2160599 0.1709536 -0.4710749 -0.1650715 0.0814023 -0.6126590 -0.1030314 -0.4632154 0.1944109 -0.4442117 -0.2261173 -0.1456728 -0.2534127 -0.6644510 -0.4046864 -0.6822495 -0.3676731 -0.3334142 -0.1981052 0.2677376 -0.1089136 -0.4751735 -0.3631617 -0.4177857 -0.3300534 0.2023208 -0.0511171 0.0576304 -0.1499984 0.0619488 -0.2868509 0.0386192 -0.1412535 0.4548189 -0.3466633 0.5125924 0.1858442 0.1633898 0.2430467 -0.1849312 0.3445112 0.1832981 -0.0531075 0.1352678 0.5273916 0.4566222 0.4149437 0.4821369 0.5777924 -0.1008610 -0.2447537 0.8106890 0.6476484 0.3123160 0.1001968 -0.0583927 -0.0077727 0.0929259 0.0897983 0.0400049 0.1710542 -0.0167818 0.1154356 0.0124486 0.0514122 0.0516004 -0.2062364 -0.5357302 -0.0642184 0.2200836 -0.5397309 -0.5436849 -0.5128869 -0.2909509 0.0024296 0.1036403 -0.4207405 -0.1746236 -0.1434640 -0.5138955 -0.2545180 0.5978770 0.7445171 0.6656325 0.1555657 -0.0940071 0.0170091 -0.3209770 -0.4894354 0.4930266 0.6958510 -0.1113313 -0.2145449 0.0278751 0.2494597
0.0614238 0.3470347 0.2982293 0.2831408 0.1926205 -0.1410983 -0.3913904 0.6419643 0.1413674 0.3221049 0.4862777 -0.1798368 0.0000000 -0.1516881 -0.0095302 0.3771180 0.0876825 -0.1672000 0.3679579 0.2015280 0.0290526 0.7590930 0.5030421 0.0161731 0.4758336 0.6147418 0.0889060 -0.3302299 0.0382997 -0.2430104 0.3479892 0.6647389 -0.3312617 -0.1815960 0.4965173 0.3668926 0.8050541 0.6697156 0.3736324 -0.0987620 0.6538794 0.0610302 0.2220314 -0.4040687 -0.0156751 0.3873969 0.4804369 0.6458294 -0.3556840 0.6045253 0.2232626 0.1882550 -0.1816616 0.0253604 0.4459065 0.3979074 0.5760320 -0.2315785 -0.3053242 0.0925383 -0.2244177 -0.0940757 0.0730745 -0.2329759 -0.1338391 0.5385288 -0.0409152 -0.4694963 0.4054790 -0.3418581 0.1374651 0.1876480 -0.3724981 -0.0310954 0.1446310 -0.4792345 -0.3285694 -0.3788387 -0.3699318 -0.0301573 -0.2331593 0.3117692 0.1026508 -0.0577431 -0.1305661 0.4799203 0.3535501 0.0214030 0.4680182 0.1522462 0.1504245 0.4126620 0.5321267 0.1228494 0.2713309 0.0314768 0.2116611 0.4029728 0.0733635 0.0032194 -0.0441989 0.2390955 0.3246494 0.0918393 0.1977312 0.1882644 0.2086548 0.0658130 0.2011877 0.1392811 0.0310464 -0.0719142 0.3324120 0.0621098 -0.0622605 0.0902237 0.0942446 0.1161741 0.2692881 0.2895366 0.2445053 0.2296697 -0.1071520 0.1309266 -0.0213370 -0.1185461 0.0595467 -0.2090660 0.0779303 -0.1193689 0.1821034 -0.2289487 0.0774007 -0.1478329 0.0229254 -0.0821588 0.2404348 -0.0679367 0.0944993 -0.2826860 0.0705737 -0.2356533 0.1792933 -0.1793971 0.0158794 -0.3244094 -0.1195245 -0.0360245 -0.0882204 -0.0755931 -0.1761980 -0.1494246 -0.4583393 -0.1107267 -0.2419534 -0.1603248 0.0072429 -0.2988396 0.3303457 -0.1022106 -0.1010496 -0.4322537 -0.4698752 -0.1591658 -0.3710450 -0.1942669 -0.6428384 -0.2590695 -0.1684862 -0.5372989 -0.3029725 -0.3090054 -0.1260605 -0.1087323 -0.0392160 0.0828567 -0.0795129 -0.2192857 0.1400347 0.0198218 -0.1243465 0.1004044 -0.2109545 -0.1111881 -0.0405083 -0.2251213 -0.0155554 0.1326384 -0.1092114 0.0460290 0.2600155 -0.1886916 -0.1680948 -0.0539258 -0.0957741 -0.1048100 0.0643089 -0.1622264 -0.2050539 -0.0580610 0.3646891 0.2965408 0.0851789 -0.2950619 0.1139868 -0.1778361 -0.0613048 0.0528789 0.3340357 0.1868973 -0.1989170 -0.4261453 -0.0760269 -0.5181401 0.0443428 -0.1601891 -0.3323051 -0.0478888
-0.0808161 0.1224562 -0.3522032 0.3299791 -0.2834647 0.5409869 0.2488280 -0.0375504 0.6476947 0.6052038 0.2810365 0.0914456 -0.1516881 0.0000000 0.3354474 0.2294014 0.6495033 0.5662358 0.1956837 -0.2206322 0.1410959 0.0047188 0.4316846 0.5135252 0.1941004 0.0696602 0.6273651 0.6684301 0.1439775 0.7744470 0.1493260 -0.0606897 0.5835133 0.3292632 0.3083867 0.0699775 0.0777353 0.4535317 0.5500267 0.6780293 0.2950159 -0.2239890 0.3134726 0.4295599 -0.2582361 0.5433642 0.3666005 0.3281718 0.5014766 0.3273588 0.4156607 0.4924767 0.3647068 0.3345222 0.4063417 0.4394473 0.1352906 0.1733165 -0.4684902 0.7295120 -0.5621906 0.6747862 -0.4841020 0.3068078 -0.0970533 -0.0111670 0.6028474 0.1449497 -0.3592749 0.4765494 0.2149862 0.3014634 0.5213513 -0.0190842 -0.2248479 0.2829931 0.3587915 0.2371207 0.2492226 -0.1589635 0.5646822 -0.4156260 -0.2663691 -0.0504435 -0.0687409 -0.2028795 -0.2061963 0.0407868 0.0283060 -0.1986229 -0.0021146 -0.1198347 -0.4128103 0.3107123 0.1003607 -0.0985239 -0.1896559 -0.0028582 0.0944963 -0.1177739 -0.3743451 -0.0713447 -0.1850796 -0.4053374 -0.2456929 -0.0358056 -0.0336111 -0.1999852 -0.1676640 -0.3302720 -0.2024271 -0.2829655 -0.1210277 -0.1140584 -0.0442040 -0.0278691 -0.0207309 0.0437139 0.0173570 -0.2014902 0.0288201 -0.1818538 0.1686303 0.2973107 0.1326301 -0.2902952 0.1645425 0.0520284 -0.1014865 0.2824792 0.1547667 -0.0518301 0.0623001 -0.0738661 -0.0271786 -0.1507831 -0.2598416 0.2015576 -0.0616004 0.1469360 -0.3291658 0.2610075 0.1986660 -0.3309405 -0.0575006 -0.1340229 0.1362985 0.0184126 0.0476581 0.1118014 0.1963558 -0.1283108 0.3831936 -0.3069169 0.2865611 -0.0215169 0.2044957 0.2049517 0.1404818 0.2519784 0.3254773 0.3563299 0.0504054 0.3754576 0.4602540 -0.0762025 0.1085544 0.1826536 0.2998183 0.4030662 0.1528497 0.2333116 -0.1790521 -0.1770243 0.1132729 -0.1054325 -0.1838408 -0.2920599 -0.4046268 -0.3970300 -0.2643834 -0.1859520 -0.3678736 -0.2152636 -0.5847743 -0.4297979 -0.5912811 -0.4814858 0.1639009 0.4968283 -0.2640762 0.2609558 0.1105075 -0.2414105 -0.2189610 -0.2459510 -0.2347225 -0.2093738 0.3753563 -0.2913314 0.3484456 0.2862884 0.0744275 -0.1699337 0.0086816 0.2783564 0.0743669 0.1064245 0.3111983 0.1964192 0.1779911 0.0344027 0.1391690 -0.0228186 0.1714229 0.3666973 0.5082088 0.3967038
-0.0758520 0.1937593 0.2537926 0.3779590 0.4257093 0.7754824 0.7614455 0.2959856 0.6880522 0.0673011 0.3197536 0.7649404 -0.0095302 0.3354474 0.0000000 -0.0422469 0.3230190 0.6339830 0.2051400 -0.2928804 0.5238538 -0.0947323 0.1719853 0.7583843 -0.0898906 -0.1117828 0.2133554 0.2875843 0.6480057 0.3104986 0.0421153 0.0876094 -0.0177736 0.4603615 0.0725366 0.0042550 0.1276350 0.2836394 0.2218887 0.2390752 0.4076920 0.2086153 0.2515082 -0.2158327 0.2452175 0.5683626 0.4345310 0.1648438 -0.1443496 0.3530440 0.4254772 0.0633153 0.2653077 -0.2709691 0.5621559 0.5473127 0.2755551 -0.1698262 -0.1620146 0.5838861 -0.1059277 -0.0161370 -0.1856965 0.2048568 0.0133083 0.1122848 0.3458695 -0.2353335 0.1384572 0.1912005 0.3044068 0.1228369 -0.2114466 -0.1815922 0.2292950 -0.0445951 -0.1210084 -0.0586928 0.0896758 -0.3653753 -0.1770581 -0.3052296 -0.2601612 -0.0533967 -0.0732501 -0.0386107 -0.0997564 0.1644985 0.0334411 -0.0125469 -0.0480167 -0.0810078 -0.3991515 0.0218215 0.0608183 -0.3551299 -0.2991625 -0.2075365 0.3183598 -0.1015013 -0.3092574 -0.2959802 -0.1855359 -0.5411745 -0.4724933 0.1460923 0.0130805 -0.0123727 -0.3307352 -0.0752763 -0.4595005 -0.2055101 0.1630181 -0.0298332 -0.0599184 -0.0442026 0.0397240 0.2650439 0.2048936 -0.2407656 0.2143717 0.0022686 -0.1272631 0.3405883 0.3079670 -0.5862539 -0.0142471 0.0699045 -0.5011665 -0.0398308 -0.3298733 0.0346313 -0.2221672 -0.0697314 -0.2605765 -0.1748314 -0.5735845 -0.2162321 -0.4972379 -0.2903931 -0.3069572 -0.1582770 0.2113693 -0.1733564 -0.3397740 -0.3375864 -0.2831984 -0.2724349 -0.0259752 -0.0684533 0.2132435 -0.0424861 -0.0128032 -0.2486056 0.0730702 -0.1443432 0.5093936 -0.2689260 0.4050759 0.3523060 0.2090842 0.2474977 -0.1169569 0.5424335 0.2603048 -0.0376504 0.1025017 0.3148330 0.2665698 0.4227152 0.3647873 0.4251884 -0.3120978 -0.4792722 0.6287119 0.2668902 -0.1003578 -0.2643823 -0.4100653 -0.2199670 -0.0465496 -0.0916348 -0.1075402 0.0651219 -0.2902714 -0.3295424 -0.2268865 -0.1527696 -0.1106853 -0.2578419 -0.5141154 -0.2664172 -0.1425538 -0.5929564 -0.6383762 -0.5554117 -0.5028416 -0.3340557 -0.2176545 -0.5816779 0.0145298 0.0082997 -0.4156330 -0.3537741 0.4828826 0.5974294 0.4992331 0.2705315 0.0680587 -0.0642155 -0.1948861 -0.5531851 0.5472121 0.5334694 -0.1198273 0.0251965 0.1245159 0.2971151
0.1542870 0.3002491 -0.1639192 0.0415718 -0.1171627 0.0296536 -0.0221376 0.5317233 0.2409873 0.6172594 0.7682770 0.0545924 0.3771180 0.2294014 -0.0422469 0.0000000 0.3081168 -0.1894702 0.6017224 0.0277754 0.2850929 0.2554394 0.6477644 0.2892466 0.2865156 0.0304002 -0.0496667 -0.0199948 0.3168156 0.0835357 0.0328598 0.1691716 0.3256527 0.5062778 0.0272074 0.4508913 0.2272709 0.4733490 0.4486076 0.2252960 0.3475636 0.3695172 0.1276885 0.0877963 0.4597420 0.2013853 0.4182839 0.3878953 0.3466736 0.3464362 0.3148106 0.2126016 0.4896097 0.5150255 0.1038321 0.2019946 0.3680718 0.3736298 -0.1869781 0.1463338 0.0872409 0.2794879 -0.0244080 0.1041217 0.2549197 0.3177864 0.3060025 0.2463588 0.2668892 0.1621757 0.3773581 0.2920876 0.1744413 0.0547107 -0.0082064 -0.0019281 0.0420378 0.1927256 0.1219968 0.2798352 0.2851088 0.2183650 0.3681332 0.4441789 0.4623743 0.4526182 0.5432912 0.3951647 0.5027578 0.4291698 0.2642672 0.2619944 0.3379266 0.2746658 0.6871215 0.4368501 0.1300460 0.4230502 0.2235677 -0.1507588 -0.3339439 0.2645319 0.3880559 0.0342097 0.0839054 0.3889352 0.4106585 0.2688590 -0.0380907 0.3804566 0.2489783 0.1162440 0.2265899 0.2740462 0.2121266 0.2983199 0.2327859 0.1735324 0.0745291 0.1425371 0.0003945 0.2998513 -0.0663242 -0.0001533 -0.1293659 -0.0812083 0.1221872 -0.1715887 0.2236133 -0.0196041 0.2494639 0.0121267 -0.2379840 -0.2575114 0.3651127 -0.1258488 0.2260114 0.1606695 0.1814848 0.0267050 -0.1336630 0.2279550 0.1955075 -0.1650141 -0.0214179 -0.3052852 0.0956023 0.2717224 0.3636523 0.1205505 -0.0846431 -0.0783444 0.1494513 -0.3309447 -0.0832738 0.0644985 0.2951199 0.0169657 0.3251235 0.0685202 -0.0189060 0.0298298 -0.4314767 0.1298356 -0.0965477 0.0368644 -0.1753620 0.3530373 0.5761700 -0.0536431 0.1166598 0.2132733 0.1803205 0.1274336 0.0881061 0.3599787 0.0090662 -0.1794519 0.1355732 0.0398213 0.1042240 0.4418024 0.0170914 0.1348479 -0.1807680 0.1119052 -0.1948460 -0.0225103 -0.0046656 0.3093979 0.1765088 0.2636540 0.2410570 0.0193584 0.0008980 -0.0567387 -0.0133484 -0.1283826 0.3135277 0.0175327 -0.0024460 0.0802723 -0.2869936 -0.3896899 -0.0936337 0.0762933 0.2717317 -0.3151232 0.0147885 0.0053681 -0.4482459 -0.2112068 -0.1958984 -0.1061476 0.3609719 -0.1729709 -0.0526638 -0.1480803
0.2770559 0.5977189 0.0752987 0.6629904 0.2306346 0.5096788 0.2066972 0.4468560 0.6289964 0.5977064 0.5327907 0.1758888 0.0876825 0.6495033 0.3230190 0.3081168 0.0000000 0.1446867 0.1929756 -0.0042036 0.2471703 0.0017781 0.5493601 0.2947538 0.2376661 0.2091246 0.8126754 0.1904828 0.2141729 0.3385890 0.2154124 0.4449452 0.1746569 0.3099972 0.1579244 0.1472480 0.3806649 0.5878557 0.5999051 0.3541269 0.5039473 -0.1005738 0.2437010 -0.0219265 -0.2450407 0.5932501 0.4251379 0.3996605 0.1418525 0.1805845 0.4170385 0.3545836 0.2680996 0.2220727 0.4639716 0.5182416 0.3419226 0.1401361 -0.1500796 0.6495216 -0.1721768 0.5787471 -0.0185291 0.3527653 0.1299889 0.1441305 0.5429618 0.1655371 -0.1200910 0.4066912 0.3614649 0.4206677 0.4460233 0.1212147 -0.0824037 0.3145650 0.3648058 0.4091471 0.4238418 0.2089385 0.2042989 -0.3807854 -0.0753503 0.1346183 0.1194957 -0.1846474 -0.0091582 -0.0415085 0.1036278 0.1202509 0.0006652 0.0679802 -0.1136658 -0.1162343 -0.0856265 -0.2772815 -0.2533443 -0.1777741 0.3167989 0.1810723 -0.3282477 -0.3077629 -0.2446655 -0.3570617 -0.1890616 -0.3118158 -0.2445641 -0.3039737 -0.1665752 -0.4357432 -0.3256695 -0.2256414 -0.1813847 -0.4101458 -0.3456792 -0.3036914 -0.3503322 -0.1609369 -0.1207539 -0.2774620 -0.1398106 -0.3153421 0.2222192 0.1065064 -0.0987419 -0.2908650 0.0098790 0.1305176 -0.3577455 -0.2036921 -0.2233928 -0.1186354 -0.0985989 -0.0784616 -0.2049663 -0.0110069 -0.3607030 -0.1656434 -0.1254733 0.2957317 -0.3302213 0.1480173 0.2329279 0.0716344 -0.2473712 -0.1894969 -0.0003789 -0.0596498 0.0366477 0.0112549 0.2680291 0.1372616 -0.0418445 -0.2973901 0.0509076 -0.1109353 0.2817016 -0.1322676 0.3472888 0.3281814 -0.0108161 0.0165339 -0.0454988 0.4585050 0.0149732 -0.0079028 0.0355843 -0.0397481 0.2647120 0.1565922 -0.0059003 0.0700251 0.1126730 0.2976641 0.3386939 0.2077025 0.1970751 -0.2009018 -0.1044938 -0.2332782 0.0508239 0.1244782 0.0323046 0.1589462 -0.0857546 -0.0759624 -0.1069466 0.0779654 0.2482857 0.2314514 -0.2672771 0.2027896 0.2692983 -0.3464677 -0.2213353 -0.2282975 0.0244922 0.0721597 0.2109719 -0.3661257 0.3856178 0.3628036 0.0608910 0.0746888 0.1306405 0.0560354 0.0021524 0.2836658 0.1836410 0.1578602 0.1453623 -0.0850715 0.0489147 0.0737127 -0.0871218 0.1512832 0.3900900 0.4032690
