0.0000000 0.4845338 0.2994404 0.6889542 0.2380573 0.6135963 0.4770132 0.4169889 0.4730731 0.1194283 0.1855053 0.6140581 0.3143691 0.1021124 0.5243763 0.1837890 0.1517434 0.3536371 -0.0102814 -0.1249269 0.5526147 0.1715661 0.0454687 0.2107081 -0.0889556 -0.0366877 0.1466506 -0.0232166 0.6136362 -0.0088016 0.0249637 -0.2082879 0.0966643 0.2449054 0.0517707 0.4983774 -0.1567767 0.0777641 -0.0371179 0.0133709 0.1070830 0.6549740 0.0245471 -0.1455165 0.3696301 -0.0333846 0.0655358 0.0032708 -0.0647055 0.0520109 0.0598897 0.0293331 0.2175461 -0.1124498 0.1207974 0.0422442 -0.0634509 -0.2081740 0.4303319 -0.0018606 0.5017686 0.0189442 -0.0592404 0.0314231 0.3361713 -0.2349637 -0.0387275 -0.0203965 0.0422722 0.0565012 -0.2203911 0.3871821 0.0107060 0.4259617 -0.1095656 0.2174579 0.3460167 -0.0508904 0.1240221 0.4183993 0.0576958 -0.2679430 -0.2002222 -0.0130689 -0.0454298 0.0997672 0.2666487 -0.0674933 0.1133524 0.1635746 0.1029858 0.1498668 0.3701696 -0.1452665 -0.0763410 0.2215375 0.0249202 0.3472256 0.1976789 0.5815023 -0.0600963 0.1839893 0.0999639 -0.1725718 -0.0424015 0.2165814 0.3392626 0.1512343 0.1938267 0.2604889 -0.0608970 0.2013489 0.1394860 0.0525392 -0.0274277 0.0828643 -0.0784576 0.0104592 0.0338111 0.1814268 0.1242460 -0.1169559 0.0499484 0.0919169 0.0135755 0.1059723 0.3104071 -0.0779255 0.3726808 0.6106976 0.5388866 -0.2076983 0.3686437 0.5035284 -0.1676791 0.1287157 0.4404072 0.4015900 0.2667685 0.1829212 -0.2201919 0.1570125 -0.1236147 0.4269286 0.1948692 0.0941828 0.0730695 -0.1003013 -0.2534399 -0.1521545 0.0783226 0.3214132 -0.1376356 -0.2319224 0.0327052 0.3408385 -0.0097397 -0.0943627 -0.1166320 0.3975520 -0.2597260 0.0061434 0.3906638 0.4184045 -0.0644620 0.0171524 -0.2692060 0.0129578 0.0812512 0.1868651 -0.3942431 -0.0821458 0.6625419 0.5016269 0.5984965 0.5577843 0.5399226 0.3486279 0.5437797 0.5651822 0.5168036 0.7370941 0.6355266 0.7044716 0.5935104 0.4296979 0.4866332 0.3832330 0.4964294 0.4541637 0.1522352 0.5894803 0.5246099 0.4628359 0.2145760 0.4795383 0.5084068 0.4467190 0.3655983 0.2278510 0.0960334 0.0636132 0.2169592 0.3874636 -0.2609847 -0.2347838 0.2261080 -0.4245409 0.0479325 0.2628808 0.3853946 0.6106965 -0.0918819 0.0799599 0.4066219 -0.3628936 0.4553442 0.2615477
0.4845338 0.0000000 0.7172421 0.6218824 0.5871912 0.4413980 -0.0905327 0.6734476 0.5092780 0.3476846 0.3475545 0.4843564 0.5199973 0.3665336 0.4946690 0.1435848 0.2755307 0.3483136 0.0164161 -0.1133132 0.5871192 -0.0634315 0.0384449 0.0385676 -0.1585523 -0.1192732 0.2242816 -0.0134422 0.5135616 0.1552885 -0.1050137 -0.2308251 -0.2881654 0.0497864 -0.0706339 0.5342693 -0.2390241 -0.0636242 -0.0196678 -0.1749298 -0.1280216 0.7370835 -0.0358279 -0.1866287 0.5783695 -0.2261711 -0.1161854 -0.1431762 -0.0462245 -0.0739574 -0.0292894 -0.0324204 0.1497155 0.0124513 -0.0167660 -0.1289514 -0.1987399 0.1162638 0.6819104 -0.0553555 0.7534520 0.0577647 -0.1958464 0.2919102 0.3437740 -0.2991178 -0.0736542 0.1841721 -0.0598985 0.3052295 -0.0745072 0.4608384 0.0655119 0.5154479 -0.1885251 0.1075192 0.4310492 -0.2280213 -0.0505436 0.0919440 -0.1504593 0.0689711 -0.0081624 0.2764406 0.3086973 0.1358238 0.0010326 -0.0152527 0.0271301 0.0339548 0.0640399 0.0474566 0.1891319 -0.3385940 -0.2411884 -0.1524973 0.2611590 -0.0288717 -0.2922743 0.3539978 -0.0829419 -0.0734836 0.2199765 -0.0577429 0.0453965 -0.2498902 -0.0406799 0.0719257 0.1628218 -0.1311911 -0.2157674 0.0645330 -0.1322243 -0.3372571 -0.4092402 -0.1757740 -0.3115967 -0.4086893 -0.1065678 0.2396970 -0.0923319 -0.3569616 0.2832683 -0.2555872 0.0024059 0.3952978 -0.1818316 0.3769381 0.7050346 0.3074854 0.5544384 -0.0988112 0.2069483 0.2493079 0.2099821 0.3832440 0.5903261 0.6301785 0.5058245 0.2195284 0.1092485 0.2249228 0.4451715 0.5542820 0.3869880 0.3165641 0.1582318 0.1570479 0.0822148 -0.0304552 0.2632366 0.4312290 -0.2591253 0.0502220 -0.0579328 0.2778489 0.2035701 0.0651177 -0.3018349 0.4083552 -0.0754535 0.1524646 0.2560147 0.4174469 0.0094071 0.1094368 0.0192390 0.1420439 0.0850654 0.4611303 -0.1161918 0.0045648 0.1363082 0.2893037 0.8259792 0.2926060 0.1970915 -0.1464193 0.4198802 0.3527570 0.2012659 0.4982672 0.5616169 0.4409418 0.7772156 0.4148924 0.5129832 0.2299428 0.5593958 0.5335900 0.4204257 0.4332897 0.4532344 0.4523183 0.3905888 0.3107753 0.6129617 0.4514178 0.0913718 0.4917845 -0.0830637 0.0186725 0.1377271 -0.0460773 -0.1738580 -0.3312647 0.5322274 -0.1398186 -0.2732038 0.0745613 0.1888933 0.2324854 -0.2360724 0.4053152 0.2910766 -0.1851751 0.3360150 0.2124994
0.2994404 0.7172421 0.0000000 0.5983289 0.8452568 0.2058875 -0.0029200 0.6476781 0.1485151 -0.0762621 0.0689375 0.4564808 0.6820717 -0.1124255 0.1631140 -0.0941158 -0.1947521 0.0856096 -0.0191019 0.0406034 0.6041901 0.1026441 -0.2053009 -0.1187102 -0.1662116 -0.1860430 -0.2010732 -0.3658020 0.3543581 -0.3187994 0.1233323 -0.0975809 -0.2966615 -0.0081997 -0.1446050 0.4585382 -0.1533022 0.0661012 -0.3613634 -0.4476240 -0.0277844 0.4135829 -0.2370591 -0.5561524 0.3384263 -0.1356725 -0.0293549 0.0475605 -0.3364924 -0.0719266 0.0152093 -0.2768810 0.0485289 -0.3644472 0.1412355 -0.0401420 -0.0717125 -0.3817112 0.3382590 -0.0764584 0.5756943 -0.1250448 -0.0212471 -0.0918320 0.2162873 -0.0986267 -0.2443912 -0.2197212 0.0027052 -0.0620370 -0.2922063 0.4635234 -0.2287404 0.5304419 -0.1078640 -0.0904826 0.2434952 -0.4640283 -0.2667398 0.1536380 -0.4831345 0.0902239 0.0253508 -0.0185453 0.0700481 -0.1170905 -0.0244397 -0.2649390 -0.2293558 -0.2801759 -0.2484952 -0.4121006 -0.1017853 -0.5525722 -0.3148368 -0.3776900 -0.0939141 -0.1993824 -0.2962952 0.1311917 -0.2709420 -0.2713528 0.0145976 -0.3352819 -0.2400641 -0.5261905 -0.2688305 -0.1898483 -0.2249415 -0.3276151 -0.2914357 -0.2718319 -0.2797203 -0.4774108 -0.6177209 -0.3129164 -0.4310366 -0.4807100 -0.3171111 -0.0919038 -0.2916060 -0.4247147 -0.1338921 -0.2971488 -0.2816597 0.1154159 -0.2524287 0.0356266 0.3574738 0.3446323 0.3473476 -0.3265592 0.1912718 0.0578864 0.1127681 0.0544700 0.2116454 0.1433067 0.2067769 -0.3172157 -0.1305709 -0.2671221 0.2290586 0.1376646 -0.0437385 -0.0015155 -0.2278735 -0.2433040 -0.0338715 -0.2705418 -0.1998895 -0.1014014 -0.5251887 -0.2475939 -0.2675140 -0.0404922 -0.2499479 -0.1755123 -0.5232325 -0.0200784 -0.2892764 -0.1884185 0.0331465 0.0290940 -0.2748191 -0.1375262 -0.2692369 -0.1504619 -0.2354516 0.0089548 -0.2211323 -0.1253667 0.1533747 0.3028950 0.4227862 0.3583084 0.3098123 0.0527210 0.4623607 0.3460079 0.3637751 0.3439513 0.1819897 0.1362181 0.5930460 0.4816400 0.6692504 0.4960775 0.6289696 0.6326023 0.0747023 0.7342984 0.7148759 0.2448250 0.0549488 0.1333926 0.7919809 0.6700636 -0.0324419 0.2921541 0.0461181 -0.1256830 0.2600942 0.2063625 -0.1853583 -0.3441226 0.2424597 -0.0610891 -0.1099023 -0.0346319 0.1966752 0.2261304 -0.3587017 0.4051124 0.2525265 0.0003001 0.3086791 0.1085870
0.6889542 0.6218824 0.5983289 0.0000000 0.5691142 0.7533320 0.4770615 0.7922332 0.5971235 0.2397803 0.3510061 0.8231522 0.7006813 0.0028519 0.5759621 0.1432333 0.0128608 0.3185233 0.1045221 -0.2033725 0.8106838 0.2202264 -0.1014382 0.1701790 -0.0635975 -0.1168203 -0.1047017 -0.3159766 0.7856278 -0.2126682 -0.0782108 -0.2465515 0.0315588 0.2810541 -0.0557691 0.7107206 -0.2281436 0.1523648 -0.3091063 -0.2974610 -0.0278478 0.7636532 -0.1874263 -0.3743179 0.5234529 -0.0551384 0.0119953 0.0518974 -0.0825836 0.0447486 0.0127241 -0.2382519 0.3451134 -0.3816364 0.2150341 0.0274954 -0.1421230 -0.3479952 0.4223378 -0.1010084 0.6777301 -0.1593337 0.0113824 0.1303709 0.4934200 -0.3084385 -0.1943425 -0.1589967 -0.0052923 0.0303801 -0.1543513 0.6888480 -0.0459951 0.7454221 -0.0853465 0.2911841 0.5573623 -0.0929094 0.1306466 0.4619977 -0.0970436 -0.0279595 -0.0782797 -0.0135809 0.0068793 0.0476751 0.0733352 -0.0631084 -0.0396521 0.0449086 -0.0642397 -0.0931295 0.1052588 -0.3225474 0.0290749 0.0380539 -0.0990785 0.1238261 0.1855141 0.4420368 -0.1279427 -0.0636567 0.1312075 -0.1804322 -0.1996575 -0.0440369 0.0210119 -0.0589748 -0.1101474 -0.1132264 -0.1197463 0.0180581 -0.0259976 -0.2345396 -0.3083063 -0.1399391 -0.2658332 -0.1918463 -0.1274595 0.1008249 -0.0796859 -0.2711089 -0.0857038 -0.0131662 -0.1254319 0.1072044 0.1366781 -0.1436580 0.5188313 0.6744889 0.6298502 -0.2375524 0.4696833 0.3655578 -0.0789790 0.0709742 0.5164138 0.4753132 0.4894759 -0.0254464 -0.1748689 0.0191186 0.0378843 0.4296914 0.2287353 0.1732858 0.0117893 -0.0944252 -0.2058737 -0.0853980 -0.0101441 0.2316454 -0.2781331 -0.2317123 -0.1982821 0.4097014 -0.1733630 -0.0271485 -0.2864762 0.2566488 -0.2164229 -0.0030777 0.4650708 0.2772190 -0.1009536 0.0581547 -0.1865907 -0.1655293 0.0604002 0.1737634 -0.2472825 -0.0170566 0.5195398 0.6446023 0.6277876 0.7294162 0.6675494 0.3657087 0.7132160 0.6229460 0.5625703 0.7308038 0.5547167 0.6456455 0.7088375 0.6806842 0.7610164 0.5274229 0.7382840 0.7312292 0.2150339 0.8173531 0.8147819 0.4744118 0.1959191 0.4403880 0.8279167 0.7573845 0.4933013 0.3447967 0.0217519 -0.0272460 0.3482990 0.3576341 -0.4081815 -0.3419400 0.2496594 -0.3997940 -0.0916089 0.2813543 0.4752827 0.6285447 -0.3608338 0.2279767 0.6555306 -0.3753449 0.4876379 0.2636161
0.2380573 0.5871912 0.8452568 0.5691142 0.0000000 0.2552286 0.0508036 0.7384820 0.0580770 0.0009109 0.2540882 0.4328033 0.8428354 -0.1182233 0.0105355 0.1192665 -0.0989485 -0.0885663 0.2476352 0.1747600 0.6081431 0.2889105 -0.0463170 -0.2892005 0.0697811 0.0326186 -0.2414236 -0.4170306 0.3045748 -0.2830573 0.3077701 0.0797958 -0.2090281 -0.0183875 0.0059085 0.5000734 0.0973606 0.2663579 -0.2829314 -0.3453895 0.2002340 0.4675961 -0.1004969 -0.4366942 0.4529266 0.0804225 0.1604135 0.2572062 -0.2409270 0.1534344 0.1622137 -0.1288595 0.0095161 -0.2737665 0.3305805 0.1350277 0.1512162 -0.2849763 0.4490541 0.0953361 0.6425277 -0.0158371 0.1721005 0.0095432 0.1866984 0.1023823 -0.0077350 -0.0990122 0.1114763 0.0249024 -0.0442102 0.4410586 -0.0063318 0.6153193 0.1177891 0.1779144 0.4575510 -0.1418349 0.0247127 0.3948902 -0.3113316 -0.0363479 -0.0401264 0.0149229 0.0417897 -0.0748228 -0.1093301 0.0144818 -0.0939561 -0.0320124 -0.1161535 -0.3140127 -0.1193609 -0.3068847 0.0775030 -0.0518383 -0.1958308 -0.0372921 -0.0431569 0.0036590 -0.1786722 -0.0656286 -0.1171841 -0.2990325 -0.2184169 -0.2253191 -0.1833016 -0.2909641 -0.1697532 -0.2710897 -0.0796533 -0.1261360 -0.1396675 -0.3926210 -0.4100916 -0.1350450 -0.2880524 -0.3562686 -0.1867031 0.0147283 -0.1690310 -0.2700486 -0.0471921 -0.0248465 -0.2076925 0.3009690 -0.0406164 -0.0747718 0.3881684 0.3573959 0.2349431 -0.0868522 0.1667325 -0.0966155 0.1842276 0.0060700 0.1044151 0.1545977 0.1461734 -0.3534969 -0.0629877 -0.3022976 0.1835386 -0.0327115 -0.0708798 -0.1093560 -0.2619577 -0.1849758 0.0211495 -0.2478642 -0.3282323 -0.2203642 -0.4335508 -0.1574388 -0.3407040 -0.1106192 -0.2546590 -0.1167862 -0.4890442 -0.0932325 -0.2240781 -0.1977743 -0.0871383 0.0008000 -0.2381657 -0.2272795 -0.2382308 -0.2183947 -0.2283598 -0.0511178 -0.0474960 0.0569431 0.0404360 0.5375891 0.3823127 0.4587202 0.3574026 -0.0036893 0.4775061 0.3498189 0.3925899 0.4055001 0.1826535 0.1865355 0.6870842 0.5378922 0.7621588 0.5834733 0.7968624 0.7486990 0.2044631 0.7419584 0.7141713 0.2723825 0.2209599 0.2837839 0.6483246 0.6717902 0.1551114 0.4192623 0.0220786 -0.1929647 0.1640702 0.0714884 0.0557704 -0.2830264 0.1771970 -0.0237346 0.0384009 -0.0385632 0.1602020 0.1530895 -0.0671910 0.3464814 0.1803830 -0.0139925 0.4003184 0.0828509
0.6135963 0.4413980 0.2058875 0.7533320 0.2552286 0.0000000 0.5679265 0.6389359 0.7748568 0.6526676 0.6497842 0.6898850 0.4426552 0.3736085 0.6205839 0.5146041 0.4416947 0.4107051 0.2555157 -0.0670043 0.5865808 0.1316982 0.3181056 0.2402445 0.0734208 0.1588837 0.2605178 -0.0205452 0.7442385 0.2530470 -0.1178168 -0.1086946 0.0941958 0.3037273 0.2258140 0.6328718 0.0838854 0.0230682 0.1435514 0.2202409 -0.0513138 0.7874889 0.2071571 0.0659879 0.4998595 -0.0207767 0.0675347 -0.0736334 0.3029288 -0.1375981 0.1305331 0.1689661 0.4254262 0.1341300 0.0741327 -0.0460607 0.0460265 0.1662853 0.5347409 0.1389091 0.5951211 0.1887387 -0.1513718 0.6005706 0.6453041 -0.0686196 0.1279840 0.2857903 -0.1119508 0.4195331 0.1953717 0.6568463 0.2875884 0.7014251 -0.1450776 0.5227727 0.5222227 0.1407574 0.4246967 0.5812958 0.1831211 0.1657916 0.1278120 0.2835851 0.2884827 0.2950300 -0.0663054 0.3362484 0.2257082 0.4469943 0.1542911 0.3227626 0.3021963 0.1844380 0.2207901 0.0916953 0.0213211 0.3016734 0.2605180 0.3458466 0.1757950 0.1728712 0.0863100 0.3260779 0.0053633 0.2868485 0.3085579 -0.0337647 0.1601678 0.1025552 0.0540349 0.2871559 0.1459265 0.0266294 0.0579923 0.1771031 0.0743745 0.0784163 0.1573565 0.2482629 0.1166100 -0.0552754 0.2128219 0.1923208 0.1072871 0.3240549 0.3587425 0.1356880 0.5009283 0.4682204 0.5319654 0.1460997 0.4834357 0.2219904 0.2353345 0.3760810 0.5612205 0.6411794 0.5429582 0.4139184 0.2539575 0.4308629 0.3035292 0.5781834 0.3840997 0.4000380 0.4183527 0.3623404 0.1361045 0.4062410 0.3983725 0.4020510 0.1705114 0.1656013 0.2511275 0.7059472 0.1591109 0.4066008 0.0647833 0.3605336 0.2328637 0.4282345 0.6293700 0.3421253 0.3351704 0.4396076 0.1965161 0.1455217 0.2653739 0.4362838 0.0597228 0.2219653 0.6771548 0.4424632 0.5643294 0.4716635 0.4213372 0.1578889 0.5585100 0.5157599 0.2313871 0.7132976 0.6933540 0.7782092 0.5653525 0.5972216 0.4583442 0.2776640 0.3884136 0.3095413 0.3112626 0.4261384 0.4208592 0.4360418 0.3493902 0.5507451 0.5065763 0.4115894 0.5834451 0.4981394 0.1003054 0.1443517 0.2819574 0.2732949 -0.1255898 -0.1585699 0.2861955 -0.2417170 -0.0028465 0.3261644 0.4523968 0.5278402 -0.0218096 -0.0334476 0.6155780 -0.1655526 0.6321755 0.5048392
0.4770132 -0.0905327 -0.0029200 0.4770615 0.0508036 0.5679265 0.0000000 0.0967046 0.3793250 -0.0128044 0.0303806 0.6538657 0.0853706 -0.0783169 0.3419424 0.0707221 -0.0730402 0.2572583 0.0098809 -0.2349972 0.4031056 0.1860104 -0.0839342 0.1659660 -0.0011922 -0.1332231 -0.0800475 -0.1442915 0.4706765 -0.2698812 -0.0937298 -0.1438093 0.3417549 0.2320589 -0.0718545 0.3565983 -0.0390389 -0.0049495 -0.2697076 0.0474796 -0.0677581 0.2793790 -0.1739565 -0.1053703 0.0232270 -0.0432648 -0.0291958 -0.0720295 0.1244457 -0.0962575 -0.0835824 -0.1509287 0.2456862 -0.2863798 0.0281805 -0.0404362 -0.0955781 -0.2880838 -0.0998549 -0.1238436 0.0569500 -0.1708759 -0.0633440 -0.0588853 0.3323397 -0.1338054 -0.1643840 -0.2699930 -0.1250701 -0.2421501 -0.1183041 0.1771020 -0.1016297 0.2232073 -0.0670427 0.1961193 0.0744881 0.1594946 0.1521930 0.3892665 0.1306196 0.2361807 0.1966798 -0.0707627 0.0356636 0.1237291 0.1077331 0.1528673 0.1767034 0.1863225 -0.0238040 0.0815701 0.0962294 0.0115593 0.1523814 0.2239689 -0.2466379 0.1746590 0.3349401 0.5046582 0.2044557 -0.0168296 -0.0058207 0.0506880 -0.0899300 0.2106892 0.2202974 -0.0588402 0.0154118 0.2057713 0.1909071 0.2049447 0.2179582 0.0700562 0.0989354 0.2698911 0.2457311 0.2085820 0.3282528 0.2381314 0.2069462 0.2199919 -0.2208649 0.4846475 0.0716491 -0.0007240 0.3033610 -0.3514023 0.2709156 0.4944723 0.3106179 -0.0330240 0.3046290 0.4717485 0.0323672 0.0737690 0.3175301 0.2836118 0.3073393 0.0306224 -0.0450310 0.0060976 -0.0405369 0.2673683 0.1612236 0.3123626 0.1095335 -0.0188510 -0.0086187 0.0358592 0.0269096 0.1326515 0.1074064 -0.0979573 0.1015037 0.5271493 -0.1579872 0.1421870 0.1332260 0.2887078 -0.0482205 -0.0417771 0.6060357 0.3059111 0.0410060 0.2302769 -0.0834605 -0.2132227 0.0376973 -0.0111267 -0.0256548 0.0839827 0.6633016 0.5471230 0.1882806 0.7355977 0.7587867 0.8238509 0.5055240 0.5569378 0.5922925 0.6128244 0.3356541 0.5503698 0.0803297 0.4193520 0.2364584 0.3845900 0.2433120 0.0748206 0.2481080 0.5319417 0.5434724 0.5976657 0.2813707 0.6529725 0.4156734 0.5888880 0.5336980 0.2836826 0.1721842 0.1370578 0.2635004 0.4376732 -0.3232260 0.0071496 -0.0161301 -0.4457765 -0.0340324 0.5013353 0.4511200 0.8144093 0.0705938 0.1683558 0.6492258 -0.4327994 0.4348006 0.3051812
0.4169889 0.6734476 0.6476781 0.7922332 0.7384820 0.6389359 0.0967046 0.0000000 0.4126678 0.4982437 0.6715923 0.5101568 0.8521097 0.1883150 0.2339489 0.4242183 0.2232953 0.1049684 0.4123395 -0.0452553 0.6396704 0.2189496 0.1691180 -0.0480365 0.1002730 0.1639735 -0.1095787 -0.3058393 0.5278406 -0.0001596 0.0892233 -0.0307408 -0.1215543 0.1204833 0.0830287 0.6242724 -0.0187010 0.2445642 -0.0998053 -0.2341887 0.0892967 0.7651660 0.0290634 -0.3385426 0.6216910 0.0555306 0.1097457 0.1501622 0.0062360 0.0194571 0.1485449 -0.0494365 0.2155298 -0.1070412 0.2513253 0.0828998 0.0864797 -0.0386889 0.6912615 0.0905138 0.8527861 0.1025896 0.0796412 0.4163968 0.3967395 -0.0194397 0.1076075 0.2330674 0.0760147 0.4133097 0.1705434 0.7432265 0.2473876 0.8451901 0.0892576 0.5027834 0.7480069 0.0087636 0.2530039 0.5421181 -0.1844321 0.0571561 0.0679238 0.2283312 0.1864022 0.2654626 -0.1760776 0.1796523 0.1665844 0.2653853 0.2061434 0.0750633 0.1390966 -0.0818385 0.2801775 0.1255222 0.1486386 0.2267374 0.0849156 0.1477684 0.0406294 0.1884726 0.1605954 0.0130120 0.0479945 0.0623433 0.1131925 -0.0669715 0.0970492 -0.0835062 0.0703146 0.1929978 0.0084521 -0.1525988 -0.2385546 -0.0338138 -0.1281745 -0.1559975 -0.0838744 0.1491325 -0.0217292 -0.1763147 0.1001749 -0.0757234 -0.0475504 0.3280094 0.1704524 0.1909916 0.5140929 0.4567455 0.4720967 0.0408270 0.2848156 -0.0062282 0.1239524 0.2463595 0.3991950 0.4820790 0.3855706 0.1057620 0.0853912 0.1588608 0.2524183 0.3375177 0.2188126 0.1944823 0.0961603 0.0934471 0.1107196 0.1346143 0.1231912 0.2184759 -0.1605770 0.1042632 -0.0686810 0.3294390 0.0766002 0.1599009 -0.3329536 0.1627572 0.0488389 0.2916139 0.2921981 0.2376617 0.1156178 0.1352607 0.1087218 0.1363611 0.2091299 0.3794117 0.1113702 0.2750521 0.2547355 0.4449792 0.5510269 0.4119188 0.3453500 -0.0440264 0.5678236 0.4681830 0.3033535 0.5635155 0.5269626 0.5273486 0.8621753 0.5958545 0.7017492 0.3804843 0.7659084 0.7864129 0.2766302 0.6369812 0.6133938 0.2797957 0.2487794 0.3430316 0.6630036 0.5908024 0.3104436 0.4053202 -0.0499789 -0.1100998 0.2945423 0.0603064 -0.0558889 -0.3751327 0.3448654 -0.0795966 -0.0454084 0.0151241 0.3007019 0.2458178 -0.1375320 0.1468027 0.4066734 -0.0777024 0.4797551 0.2327119
0.4730731 0.5092780 0.1485151 0.5971235 0.0580770 0.7748568 0.3793250 0.4126678 0.0000000 0.5415780 0.3832578 0.7651661 0.1251602 0.5877971 0.9186667 0.2543095 0.3933886 0.8399781 -0.1132341 -0.4617005 0.6903041 -0.1267821 0.1707648 0.6758620 -0.1440036 -0.1107173 0.3786828 0.3603993 0.8822615 0.3727717 -0.5252353 -0.3085777 0.4106929 0.6717414 0.0494717 0.7489698 -0.2307170 -0.2302469 0.1189575 0.1212004 -0.3064749 0.7258214 0.1007508 0.2523849 0.6193653 -0.2663947 -0.1588856 -0.2505887 0.5445552 -0.2656192 -0.0251070 0.1179715 0.7425877 0.2089891 -0.1836174 -0.2324778 -0.2424229 0.3033520 0.2888027 0.0177161 0.5806045 0.1757104 -0.3364198 0.5884284 0.8480016 -0.3476651 0.0529119 0.2654194 -0.2046022 0.3505812 0.1505086 0.7129430 0.2177758 0.5679777 -0.2514310 0.2371913 0.3119853 -0.0381939 0.1581899 0.2218311 -0.0660806 0.1287949 0.0823791 0.3110562 0.3192424 0.1919051 -0.1736376 0.2691497 0.0591320 0.2065585 0.1291829 0.3622107 0.1229982 0.0759138 0.0288186 -0.0336680 0.0703248 0.0776178 -0.1601383 0.4078363 0.0605469 0.0552311 0.0728285 0.3198968 -0.0286273 0.0468369 0.0824210 -0.0860481 0.0224942 0.0041872 -0.2279851 0.0671742 0.0698331 -0.0361037 -0.0647697 0.1338423 0.0323802 -0.0727555 0.0716123 0.2374757 0.0381045 -0.0811435 0.0798563 -0.0565905 0.0156327 0.2180810 0.1721328 0.1177113 0.4795138 0.3250399 0.4376926 0.0054794 0.2943735 0.2225781 0.2563539 0.3192787 0.5457748 0.6933039 0.5140782 0.5011272 0.3852568 0.4936924 0.2812396 0.5471078 0.4450684 0.4280034 0.4293847 0.4532970 0.0985060 0.3496384 0.5179193 0.4958110 0.1200772 0.2182490 0.2689559 0.5992836 0.3204124 0.3805978 0.0199587 0.4680792 0.2933604 0.3704357 0.5721513 0.4393604 0.3212434 0.4528135 0.2524846 0.1057031 0.4394266 0.5203297 0.0733544 0.2494180 0.4204794 0.3544557 0.5088022 0.3308320 0.4027013 0.1180559 0.6039512 0.5434441 0.1938207 0.6457164 0.4594532 0.5461139 0.3606641 0.6623307 0.3711368 0.0815413 0.1716575 0.1004415 0.3256083 0.2143730 0.3239621 0.4366438 0.2677113 0.4146663 0.5272838 0.3415675 0.3165182 0.4263477 -0.0717778 -0.0929902 -0.0957083 -0.0222823 -0.4255480 -0.4423186 0.4172570 -0.3053590 -0.2391165 -0.0082317 0.0346349 0.5452797 -0.2521551 0.0342686 0.7281565 -0.3095311 0.4669420 0.3480003
0.1194283 0.3476846 -0.0762621 0.2397803 0.0009109 0.6526676 -0.0128044 0.4982437 0.5415780 0.0000000 0.9018365 0.0862534 0.2727156 0.7241343 0.2390708 0.7889574 0.8136894 0.2308416 0.5622761 0.0579275 0.0990741 0.1578662 0.7138224 0.1719201 0.3876388 0.5479311 0.4652036 0.2870963 0.2828033 0.6863119 0.0346346 0.2594277 -0.0433795 0.1259388 0.4931248 0.3066307 0.3447937 0.1550352 0.5701931 0.4076955 0.1266845 0.5356544 0.5603216 0.4092538 0.3961304 0.1843490 0.2145765 0.0960357 0.5787726 -0.0181547 0.3209600 0.4731107 0.3086136 0.5896216 0.1071663 0.1140816 0.2899756 0.7161337 0.5961236 0.3948717 0.4823745 0.5592069 -0.0282346 0.9057823 0.4545511 0.2418709 0.5309026 0.7567710 0.1074461 0.8441163 0.6286171 0.4874937 0.6081683 0.5365954 0.1680252 0.6701941 0.5704338 0.3958979 0.5269763 0.4072083 0.2123852 0.1908275 0.3038998 0.6406214 0.5507399 0.6209250 -0.3116426 0.6048043 0.5633431 0.6923049 0.5639351 0.6664891 0.3918621 0.5448228 0.4401869 0.2290991 0.4938976 0.3819984 0.1474858 0.0985342 0.5006290 0.4646020 0.3307915 0.7513604 0.5027196 0.4867345 0.4373928 0.2513791 0.5628863 0.3216049 0.3919894 0.5525476 0.3514586 0.3369574 0.2984479 0.3826025 0.3697749 0.3007107 0.3823934 0.4641768 0.3600243 0.2193348 0.5935695 0.1824643 0.4325971 0.5678098 0.4366654 0.6128435 0.4545925 0.1948392 0.4001231 0.5074762 0.3388313 0.0243841 0.3872053 0.6250032 0.5276924 0.6440719 0.4507804 0.7845935 0.6198228 0.8172582 0.5015733 0.5700000 0.5269024 0.5747182 0.6817595 0.6821524 0.4693886 0.7774575 0.7276386 0.5721406 0.5030624 0.6430675 0.4471352 0.6691942 0.5757140 0.6588707 0.1295793 0.3493759 0.5835121 0.8055757 0.4421398 0.3363994 0.6362649 0.6660941 0.6822702 0.5646200 0.4671415 0.6808792 0.5096860 0.5007061 0.1077688 -0.0795359 0.4178915 -0.1505040 -0.1555114 -0.3606215 0.1700469 0.1820833 -0.2774731 0.3477578 0.5688574 0.5662289 0.4694130 0.2742903 0.0718932 -0.1195920 0.0990867 0.0582431 0.4886871 -0.1509247 -0.1520693 0.2207707 0.4492232 0.3169683 0.0981825 -0.0797226 0.2597595 0.5193778 0.0980630 0.2576317 0.2084855 -0.0512119 0.2850784 -0.1105010 0.5485840 0.2879600 0.0706736 0.0952633 0.2031236 0.0274559 0.2187249 -0.1834881 0.2767084 0.2563712 0.3972717 0.4550406
0.1855053 0.3475545 0.0689375 0.3510061 0.2540882 0.6497842 0.0303806 0.6715923 0.3832578 0.9018365 0.0000000 0.1288219 0.5228707 0.5668845 0.0912321 0.9135905 0.7484055 0.0287730 0.7595237 0.1681845 0.1881342 0.3447323 0.7333585 -0.0732944 0.5384870 0.6580796 0.3643462 0.1046592 0.2848192 0.5542066 0.2003723 0.3741950 -0.1439865 0.0424146 0.5607518 0.3507203 0.4238242 0.3473964 0.4990006 0.3775958 0.2735128 0.6104842 0.5732121 0.2295617 0.5270906 0.3523864 0.3774338 0.2697080 0.3674173 0.1283804 0.4583962 0.4737968 0.1593967 0.4918862 0.2490809 0.2592226 0.4027799 0.5584048 0.7550477 0.5080049 0.6256232 0.5764686 0.0855192 0.8140743 0.3409676 0.3023004 0.6266270 0.7693885 0.2225851 0.8653709 0.6660891 0.5146243 0.7263961 0.6985197 0.2969401 0.8732190 0.7990535 0.5080524 0.6928117 0.6569072 0.2623099 0.1471498 0.2838852 0.5575180 0.4880883 0.5971661 -0.2222878 0.6032534 0.5993516 0.7686577 0.4730415 0.5565461 0.3872280 0.5253939 0.5226238 0.2707977 0.4419247 0.4480004 0.3249070 0.1123266 0.5406622 0.4774007 0.3162888 0.6545727 0.4120857 0.5902713 0.5090015 0.1573851 0.5195733 0.2756289 0.4874373 0.5920339 0.2569074 0.2144325 0.1807746 0.3141925 0.2720974 0.1629207 0.2724862 0.3571099 0.2718614 0.1451259 0.4743483 0.2092925 0.2624162 0.6200073 0.4098684 0.4768394 0.4722475 0.2407520 0.3550043 0.4060962 0.2610790 0.0198716 0.3232127 0.5065504 0.3816912 0.5258659 0.3528233 0.5825866 0.4558868 0.5905613 0.4653514 0.3830176 0.3417459 0.4069723 0.4353505 0.4374908 0.4441715 0.5901453 0.5452501 0.3972384 0.3374595 0.5415646 0.2649142 0.5368564 0.4593665 0.4816891 0.0175349 0.2958500 0.4353890 0.6876459 0.3532825 0.3201535 0.4712451 0.4815503 0.5781429 0.4868519 0.4046128 0.5836771 0.4510488 0.5040372 0.1407009 0.1055901 0.4107114 0.0269385 -0.0050712 -0.2545243 0.2896874 0.3179024 -0.0097963 0.4636857 0.5966902 0.6103731 0.6606016 0.3853740 0.3196852 0.1856835 0.3793019 0.3369464 0.4101005 0.1008195 0.0508378 0.2166009 0.4626243 0.4064305 0.1822432 0.0819644 0.4488309 0.5752808 0.0175224 0.1324024 0.2336910 -0.0324514 0.2874472 -0.0314237 0.4075969 0.1791485 0.1186898 0.1078012 0.2424943 0.0777296 0.3083073 -0.0245055 0.2855531 0.2175346 0.4696643 0.3251118
0.6140581 0.4843564 0.4564808 0.8231522 0.4328033 0.6898850 0.6538657 0.5101568 0.7651661 0.0862534 0.1288219 0.0000000 0.3955512 0.1613206 0.7842685 0.0179043 0.0046745 0.5978525 -0.1396879 -0.4879549 0.9339521 0.0294745 -0.1603549 0.4005406 -0.2009002 -0.2885741 0.0273224 -0.0456106 0.9079858 -0.1392113 -0.3908869 -0.3740599 0.3652473 0.5473410 -0.1507638 0.8502164 -0.3382183 -0.0819298 -0.3043639 -0.1987197 -0.2454696 0.6987100 -0.2032782 -0.2080268 0.5825032 -0.2360758 -0.1229694 -0.1516677 0.1041609 -0.1361249 -0.0670553 -0.1668255 0.5315760 -0.2793881 -0.0315338 -0.1541966 -0.2963392 -0.2680209 0.1846184 -0.1314576 0.6035594 -0.0997689 -0.1960536 0.0996612 0.6498837 -0.4254644 -0.1933109 -0.1757733 -0.1569099 -0.0681951 -0.1754671 0.6478746 -0.0714131 0.6049762 -0.2142423 0.1228355 0.3087264 -0.1821741 -0.0023959 0.3000819 -0.2126076 0.0771959 0.0085544 -0.0190095 0.0683341 -0.0302794 -0.0703920 0.0175119 -0.1360826 -0.0443489 -0.1683459 -0.0465660 -0.0310678 -0.3044872 -0.0565551 -0.0368217 -0.2370174 -0.0107558 -0.0809043 0.4501627 -0.1232163 -0.1382412 0.0046462 -0.1427465 -0.3233890 -0.1162067 -0.0606834 -0.2174509 -0.2510520 -0.1526618 -0.3000389 -0.1023357 -0.0618982 -0.2767363 -0.3503945 -0.0377975 -0.1628231 -0.2951701 -0.1016885 0.0682557 -0.1218293 -0.1737743 -0.2877863 -0.0256470 -0.2764792 0.0320941 0.0602325 -0.3081643 0.4419705 0.5018880 0.3864720 -0.3388445 0.2337841 0.3160400 0.0120765 0.0231553 0.3612137 0.4435837 0.3616340 -0.0297504 -0.0482491 -0.0507904 0.0798115 0.2798871 0.1253282 0.1783651 -0.0535002 -0.0593129 -0.1634209 -0.1516567 0.0397698 0.1292435 -0.3058005 -0.2136472 -0.1308817 0.3547178 -0.0690799 -0.0273052 -0.1647149 0.3891453 -0.1663505 -0.0952011 0.4817166 0.4088174 -0.1306600 0.0366340 -0.1700959 -0.2590113 0.1723945 0.1486980 -0.2222650 0.0296357 0.4965572 0.7615263 0.5044476 0.7937201 0.8364254 0.5240046 0.8517513 0.7719790 0.6439566 0.7798491 0.3281947 0.4869548 0.4555232 0.7948117 0.6851845 0.4776645 0.5342724 0.4570486 0.2033197 0.7123193 0.8136939 0.5373627 0.1772353 0.4880859 0.8017328 0.8017462 0.4088791 0.3619504 -0.0530025 -0.2324049 0.0308208 0.1591862 -0.6110579 -0.4662875 0.1437778 -0.5793238 -0.2122316 0.1157868 0.1617728 0.7903153 -0.3359715 0.2980270 0.8219783 -0.5345864 0.5255785 0.1990288
0.3143691 0.5199973 0.6820717 0.7006813 0.8428354 0.4426552 0.0853706 0.8521097 0.1251602 0.2727156 0.5228707 0.3955512 0.0000000 -0.0989037 0.0027983 0.3633882 0.0581694 -0.1759905 0.5661365 0.2361891 0.5402228 0.5448663 0.1072811 -0.2972687 0.3412618 0.2659680 -0.2107874 -0.5169106 0.3427324 -0.2126007 0.4002772 0.2372698 -0.2720142 -0.0737113 0.2276461 0.4712246 0.1967212 0.5877074 -0.1443460 -0.2799877 0.4049171 0.5364739 0.0474636 -0.3624014 0.4316118 0.3772623 0.4233843 0.4960880 -0.1783575 0.3840201 0.3773789 -0.0908620 -0.0082358 -0.2367457 0.6107082 0.4212449 0.3378504 -0.2368448 0.5521616 0.2423699 0.6424002 0.0743732 0.4121796 0.1452287 0.1667410 0.2021558 0.1506611 -0.0008696 0.3982768 0.1689914 0.1025140 0.5167360 0.0731274 0.7372667 0.3582872 0.4462893 0.6916477 0.0629258 0.2369152 0.5555223 -0.1643547 -0.0758095 0.0061057 0.0820893 0.0347427 0.1647633 -0.0000629 0.0441480 0.0981149 0.1820269 0.1074083 -0.1340141 0.1537258 -0.1755823 0.3012243 0.1128306 -0.0017879 0.2843386 0.2870793 0.1295486 -0.0090427 0.1465445 0.2035994 -0.0901259 -0.0071895 0.0545015 0.0934450 -0.0169159 0.0294042 -0.0916197 0.1761870 0.1220788 0.0110939 -0.1907257 -0.2789497 -0.0912076 -0.2165347 -0.2089855 -0.1267402 0.0889447 -0.0367544 -0.1882731 0.0444862 0.0853427 -0.0902603 0.2834785 0.1732623 0.0175391 0.3981017 0.5785633 0.4263495 -0.0672851 0.3392136 0.0823121 -0.0525497 0.0849737 0.2264912 0.2135293 0.2087458 -0.1940742 -0.1585157 -0.1347659 0.1843599 0.1311907 -0.0472633 0.0287003 -0.1832138 -0.2135034 -0.0243179 -0.0980577 -0.1812505 -0.0880770 -0.3584059 -0.1361004 -0.3198524 0.1350826 -0.1312523 -0.1325472 -0.4606384 0.0056067 -0.2071565 -0.0201767 0.1043676 0.0764990 -0.1990842 -0.1319615 -0.0989733 -0.0521294 -0.0952490 0.0355103 -0.0305311 0.0998704 0.1278042 0.4449702 0.4679199 0.4793450 0.3445839 -0.0245353 0.4789991 0.3790618 0.3286837 0.4824794 0.3656980 0.4304937 0.7905171 0.4939959 0.7422790 0.5283381 0.8104529 0.8075982 0.2148260 0.7106490 0.6609324 0.2478194 0.1823518 0.3149143 0.6500371 0.6068974 0.3236482 0.3964276 0.1433584 0.0362285 0.4038749 0.3044381 0.0147405 -0.3150910 0.2484855 -0.0433882 0.2171836 0.1691045 0.4253689 0.2572159 -0.2025351 0.1075280 0.2433651 0.0288299 0.3666564 0.0905512
0.1021124 0.3665336 -0.1124255 0.0028519 -0.1182233 0.3736085 -0.0783169 0.1883150 0.5877971 0.7241343 0.5668845 0.1613206 -0.0989037 0.0000000 0.3855016 0.6010794 0.8749721 0.5033723 0.2561943 -0.2865111 0.2083380 -0.0521174 0.7075685 0.3919703 0.2228336 0.4309533 0.7673944 0.7283103 0.2854812 0.8738277 -0.2177533 0.1411473 0.2552603 0.3242260 0.4144445 0.4137092 0.1749175 -0.0715388 0.6894462 0.5270976 -0.0369605 0.4061147 0.6301000 0.5514702 0.4170184 0.0007797 0.0942750 -0.1045905 0.5673956 -0.0977636 0.3056260 0.6868244 0.3454400 0.7561270 -0.1522958 -0.0193676 0.1153228 0.7647007 0.3889508 0.4129743 0.4522960 0.7398722 -0.1811251 0.7220796 0.4112422 0.0841649 0.5783982 0.7715065 0.0439458 0.7350938 0.5708753 0.3704959 0.5806116 0.2922834 0.0795836 0.3621190 0.2350442 0.2240998 0.2779518 0.0891221 0.0607846 0.1410446 0.2116165 0.4697685 0.4748184 0.4033687 -0.5239860 0.4161881 0.3262566 0.3758303 0.3868781 0.5915131 0.1917749 0.3205316 0.1367128 0.0814142 0.3760825 0.1024224 -0.3383447 0.0398194 0.4061063 0.3314414 0.2532715 0.5792864 0.3186647 0.2691361 0.2341883 0.1946855 0.4333909 0.2214598 0.0851903 0.3303752 0.2071378 0.1916618 0.0149561 0.3012599 0.2855814 0.0541753 0.2412530 0.3197403 0.1661558 0.1694014 0.3378680 -0.0897646 0.1495744 0.4490800 0.2173264 0.4325904 0.3413406 -0.0703055 0.0699074 0.2349414 -0.0630139 0.0073633 0.3167674 0.4799065 0.3077051 0.5080872 0.1580010 0.7393055 0.5901067 0.6810318 0.4220403 0.3235917 0.3606394 0.4311192 0.4458100 0.5622160 0.3278878 0.4592659 0.6712069 0.4130671 0.2683542 0.5043015 0.3352393 0.3557723 0.6411055 0.4489805 0.0776412 0.5383579 0.3741198 0.5363485 0.2184227 0.5184775 0.3846658 0.4347689 0.5132718 0.4350117 0.4758483 0.5527039 0.3047057 0.3203238 -0.1285867 0.0302016 0.2994106 -0.1740678 -0.0170898 -0.2588156 0.3059279 0.3306431 -0.1944089 0.2979206 0.2481506 0.2387850 0.2756165 0.3055715 -0.0065218 -0.1600405 -0.0979559 -0.1565409 0.4396660 -0.2926430 -0.1815225 0.2269877 0.3819601 0.1911273 0.0582798 -0.0536492 0.0052850 0.4394291 0.0203395 -0.1040213 -0.1714620 -0.3780288 0.0703107 -0.2442681 0.4549635 0.2053283 -0.0282092 -0.2059485 -0.2991002 0.0687376 0.3044271 0.0760158 0.3522782 0.1793067 0.3780138 0.3821930
0.5243763 0.4946690 0.1631140 0.5759621 0.0105355 0.6205839 0.3419424 0.2339489 0.9186667 0.2390708 0.0912321 0.7842685 0.0027983 0.3855016 0.0000000 -0.0139364 0.1858593 0.8242577 -0.3741011 -0.4845711 0.6991059 -0.2416576 -0.0699766 0.6552462 -0.3171300 -0.3336227 0.3357213 0.3260875 0.8894216 0.2214136 -0.6191776 -0.4631349 0.3549540 0.6560457 -0.1041428 0.6857058 -0.4044037 -0.3480467 -0.0287052 0.0220525 -0.4138096 0.6448741 -0.0682327 0.1486054 0.5881350 -0.3864227 -0.2705101 -0.3535777 0.3188507 -0.2656527 -0.1550287 -0.0125017 0.6689273 0.0406687 -0.2884160 -0.3263527 -0.4258944 0.0986230 0.1677518 -0.1282193 0.4617727 -0.0183922 -0.4363473 0.3148850 0.7415252 -0.5545104 -0.1569142 0.0427448 -0.3004611 0.1161729 -0.1106755 0.5566990 0.0411687 0.4051305 -0.4242399 0.0120475 0.1595539 -0.1925620 0.0083985 0.0554942 -0.0379613 0.0070890 -0.0834731 0.1349111 0.1777695 -0.0551246 0.0152015 0.0560738 -0.1636938 -0.0165745 -0.1469604 0.1547487 0.0347887 -0.1218537 -0.2453881 -0.1822609 -0.0668248 -0.0900692 -0.2048268 0.4321424 -0.1557484 -0.1634501 -0.0229088 0.0701301 -0.2461610 -0.1090182 -0.0639788 -0.1432406 -0.1825578 -0.1276060 -0.4646274 -0.1469393 -0.0966524 -0.1960433 -0.1818732 -0.0571381 -0.1811280 -0.2530429 -0.1086723 0.0754171 -0.1138105 -0.2465138 -0.0255280 -0.1748574 -0.1409980 0.0688491 -0.0341546 -0.0602270 0.3912903 0.2471762 0.3744283 -0.2269536 0.2300022 0.2890427 0.1282342 0.1252549 0.4360944 0.5389304 0.4428794 0.2871080 0.1655165 0.2608372 0.1413167 0.4321402 0.3232010 0.2248507 0.2294985 0.2418613 -0.1131948 0.0725511 0.3344467 0.3868538 -0.0635109 -0.0245040 0.0953903 0.3882727 0.1513133 0.1351595 0.0391767 0.4219251 0.0704561 0.1058632 0.4480014 0.3650327 0.1000072 0.2261427 0.0119122 -0.0781894 0.2976931 0.3492501 -0.2016579 0.0082297 0.4117997 0.3950144 0.4946165 0.3751811 0.4253927 0.1849759 0.5538559 0.4931871 0.2896492 0.5767622 0.3459635 0.4098676 0.2436440 0.5884338 0.3874338 0.1441795 0.1459780 0.1066907 0.1494052 0.2424519 0.3477404 0.3704982 0.1463183 0.2881265 0.4902900 0.3108684 0.2946572 0.2874203 -0.1680168 -0.1527283 -0.1923696 -0.0115388 -0.5666119 -0.3538944 0.2382931 -0.4813776 -0.3228925 -0.0021397 -0.0186458 0.5350846 -0.3734457 0.1350827 0.6460371 -0.4611273 0.3319455 0.1812195
0.1837890 0.1435848 -0.0941158 0.1432333 0.1192665 0.5146041 0.0707221 0.4242183 0.2543095 0.7889574 0.9135905 0.0179043 0.3633882 0.6010794 -0.0139364 0.0000000 0.8134694 0.0098211 0.8235846 0.2772570 0.0596172 0.5129100 0.8984803 -0.0733322 0.7278224 0.8431293 0.5517030 0.2919939 0.1603253 0.6662760 0.3511554 0.5927420 -0.0374796 0.0582663 0.7754024 0.2414067 0.6305007 0.4693207 0.7018180 0.6355225 0.4753222 0.4272973 0.7898063 0.4331893 0.3996959 0.5593244 0.5926061 0.4304913 0.3821748 0.2957486 0.6795868 0.7108526 0.0842232 0.6685953 0.3497986 0.4473964 0.6032411 0.6080660 0.6403405 0.7477158 0.4629256 0.7785782 0.2177746 0.7328400 0.2332145 0.4873147 0.8454349 0.8224486 0.4019224 0.8353934 0.7755554 0.3510232 0.8121651 0.5616297 0.4667746 0.8936483 0.6795547 0.6588885 0.7950424 0.7153261 0.3831229 0.0501841 0.2336868 0.4499637 0.3987778 0.5407596 -0.1728310 0.5659990 0.6148124 0.7853298 0.4508705 0.5741328 0.4073524 0.6171903 0.5221446 0.2900285 0.3545946 0.4962791 0.3966857 0.1200270 0.6286263 0.5344096 0.2722384 0.7093692 0.3904288 0.7144959 0.5992158 0.1763349 0.5693544 0.3819350 0.5755044 0.6049867 0.2836181 0.2762378 0.2174454 0.3775685 0.3183421 0.2172789 0.3016981 0.2986587 0.2755733 0.1950777 0.4064031 0.3041489 0.2195645 0.6221637 0.4753867 0.3568712 0.3283004 0.1959189 0.1963951 0.3861779 0.1678912 0.0832823 0.2673515 0.4167109 0.2080287 0.3471289 0.1346730 0.5718085 0.4115019 0.5363743 0.3657303 0.2010422 0.1897969 0.2883452 0.3275040 0.3347374 0.4046449 0.5011326 0.4636583 0.2407004 0.3415977 0.4832701 0.2529348 0.4069661 0.4261547 0.3767888 0.0070332 0.2786894 0.3495123 0.5536413 0.2118296 0.2944346 0.3568951 0.3942933 0.4957762 0.4364557 0.2992786 0.4028539 0.3804372 0.4299405 0.1123079 0.0688145 0.2249040 -0.0304646 -0.0069084 -0.1845597 0.2427446 0.3211153 0.0238883 0.4343881 0.4854372 0.5415836 0.5170962 0.3279676 0.2349630 0.2548571 0.2383179 0.1502801 0.3507013 0.0032711 -0.0651696 0.1941997 0.4532119 0.4308965 0.0404578 -0.0339754 0.4806752 0.5708617 0.1270318 0.1075283 0.1414216 0.0157745 0.3495106 0.0872636 0.3242351 0.2343790 0.3106027 0.0969973 0.1362685 0.1024892 0.5017726 -0.0230962 0.2267630 0.3385991 0.4667898 0.3133340
0.1517434 0.2755307 -0.1947521 0.0128608 -0.0989485 0.4416947 -0.0730402 0.2232953 0.3933886 0.8136894 0.7484055 0.0046745 0.0581694 0.8749721 0.1858593 0.8134694 0.0000000 0.1512235 0.5592675 0.0221541 0.0576180 0.1866035 0.8732520 0.0892639 0.5062392 0.7034356 0.7745420 0.5636626 0.1502025 0.8946166 0.0786402 0.4063596 -0.0116628 0.0593386 0.6694907 0.2954523 0.4602468 0.1963585 0.8181448 0.6591854 0.2282923 0.4099629 0.8067938 0.5092740 0.3635708 0.2827339 0.3647792 0.1065656 0.3843620 0.1140983 0.5218999 0.8034233 0.0959452 0.7792222 0.0748335 0.2188848 0.3779438 0.7290987 0.5457846 0.6027790 0.4041715 0.8353512 -0.0202752 0.7064730 0.2220205 0.3096248 0.7241677 0.8285355 0.2185730 0.8291088 0.6464815 0.2437967 0.6567126 0.3223713 0.2253123 0.5750000 0.3963066 0.4157874 0.4834186 0.2789943 0.3360918 0.0920850 0.2620138 0.5426681 0.5287377 0.5115084 -0.3906225 0.5051536 0.4981410 0.5954435 0.4079484 0.6545125 0.4057790 0.4825292 0.2059398 0.1835572 0.4277562 0.2894365 -0.0106911 -0.0031492 0.5125751 0.4549284 0.3621818 0.6530397 0.4184290 0.5323387 0.4651957 0.3737486 0.6006943 0.3748334 0.2928342 0.5055556 0.3126265 0.3150841 0.1751804 0.3491225 0.3323229 0.1739765 0.3258973 0.3860176 0.3060380 0.2472047 0.5699932 0.1322679 0.2801854 0.6101455 0.3385233 0.5041366 0.3569682 0.0175309 0.1477539 0.3206276 0.0584513 0.0922508 0.2701717 0.5580858 0.3069889 0.4375631 0.1627227 0.7373557 0.5140120 0.6781541 0.4596037 0.3375934 0.3114253 0.4091349 0.4252781 0.4816967 0.3499083 0.4917393 0.6429966 0.3609691 0.3155881 0.5040386 0.2687370 0.3771958 0.6207719 0.4039697 0.2266235 0.5256782 0.2939675 0.5685120 0.2269034 0.4879079 0.3519148 0.3860035 0.5481899 0.5443054 0.4094495 0.5055026 0.2905527 0.3074945 -0.0909725 0.0055121 0.3611033 -0.1985986 -0.1206609 -0.3325679 0.2264482 0.2901569 -0.2286530 0.3239634 0.3668753 0.3691616 0.3671650 0.2102604 0.0060517 -0.0597288 -0.0201026 -0.0468904 0.4452254 -0.2772218 -0.2572498 0.1892908 0.4783424 0.2148216 -0.0583001 -0.1553268 0.1807962 0.5264494 0.1679644 0.1457147 0.1014390 -0.1489399 0.3136164 0.0171696 0.3566351 0.2578807 0.2112528 0.0456826 -0.0186348 -0.0123156 0.4724729 0.0110549 0.2023503 0.2923123 0.3988038 0.3972908
