0.0000000 0.0733356 0.5006856 -0.1990019 0.6122600 -0.5223539 -0.0960781 -0.2370751 -0.3532961 -0.3796660 -0.4136838 -0.1345223 0.1540624 0.1628025 -0.4115199 -0.2695260 -0.1757406 -0.0366476 -0.2475363 -0.1558701 -0.0498205 0.1401861 -0.3863112 -0.1796638 0.1918248 0.0694710 0.0458104 0.2372015 -0.3059156 0.3038995 0.1913615 -0.0459273 -0.0961718 -0.3905437 -0.0432989 -0.2034798 0.1505939 0.1801577 0.2392867 0.1266134 0.2123039 -0.2196659 0.1310164 -0.1026581 -0.2926727 0.0548386 0.1171651 0.3581094 -0.1406851 -0.0395923 0.0727242 -0.1516118 -0.2613142 -0.3170700 0.2051884 -0.0189848 0.0666819 -0.2247473 -0.0306351 -0.2191457 -0.1100958 -0.2771400 0.1795923 -0.1280883 0.0811604 0.1196868 -0.2037270 -0.4872282 0.0450293 -0.2621682 -0.2094411 -0.1115832 -0.4584052 0.1642036 0.1404585 -0.2267439 0.3742624 -0.0007377 -0.2942704 0.5367212 0.1730534 -0.1023637 -0.0765531 -0.2213330 -0.0510780 0.1330241 0.3146449 -0.0630303 0.1384967 0.0353983 0.0280278 -0.1179786 -0.1257698 -0.4502526 0.1338028 0.0288113 -0.2078869 0.1155387 -0.0438633 -0.0372163 -0.0938230 0.0090048 -0.1736902 -0.2735567 -0.1412616 -0.0437239 -0.0379290 -0.1193476 -0.2694718 -0.1863413 0.0369599 -0.1441995 -0.0174646 0.0689819 0.0525476 0.0845621 0.1192295 0.2204909 0.3631758 0.1078165 0.0737584 0.2960262 -0.1427626 0.3022956 0.1793836 0.1314801 0.0884996 -0.2937187 0.2181611 -0.0506206 0.1288048 -0.1390488 0.2223230 -0.2302858 -0.6070181 -0.2833651 -0.1160673 -0.1658752 0.0999904 -0.1129693 -0.1493901 -0.2005742 -0.2271868 0.3331782 0.1121050 -0.2695319 -0.1135935 -0.0893837 -0.2001401 -0.2629605 -0.1737132 0.3372204 -0.0759004 -0.2543254 -0.0265880 0.4509660 -0.0287175 -0.2022720 -0.2162050 0.1239577 -0.1071106 -0.2309298 0.2858969 0.0315143 -0.2654592 0.3305475 0.1305284 -0.1560027 -0.3327648 -0.1843089 -0.2400449 -0.1140238 -0.1374664 0.3768132 -0.2353801 0.0746290 0.4765532 0.6645503 0.3047578 -0.0427876 0.5251389 -0.1231016 -0.1603991 -0.0815075 -0.0177579 0.6346058 0.3824866 0.6327201 0.5662507 0.5193551 0.0130561 0.6145432 0.6702856 0.2318618 0.1968437 0.1987734 0.2659811 -0.0874151 0.5436018 0.1875506 -0.2174544 -0.1545332 -0.1430118 -0.0989108 0.2427050 -0.3392711 -0.0057801 0.1826464 -0.1828168 0.0754562 -0.1681051 0.1816653 0.3910245 0.4525870 0.3242594 -0.0617582 0.2302314 0.2621524
0.0733356 0.0000000 0.4758135 0.7210905 0.0160832 0.6281453 0.6505955 0.5234192 0.3875067 -0.0904141 0.2484366 0.7484109 0.7139151 -0.3133926 0.2453198 -0.0567336 -0.2949849 -0.6170548 0.2146807 0.2707539 0.5915964 0.2272443 0.1123301 0.1672276 0.4390119 0.5565513 -0.1711786 -0.1179685 0.5502400 -0.0705274 0.0644564 -0.0705796 0.3357520 0.6566005 0.2909949 0.4493918 0.0840748 0.2295481 0.4888859 0.1638208 0.2800294 0.4781665 0.2603698 0.3136644 0.5884534 0.1364400 0.1059678 0.4130858 0.3962900 -0.0730694 0.1210826 -0.1823859 0.6959127 0.1978727 0.2743160 0.0627441 0.1482190 0.3305453 0.1468063 0.1886746 0.6965920 -0.1015509 0.0665760 0.4847789 0.7163492 0.0031836 0.1566470 0.1831985 0.1742583 0.1993427 0.0259159 0.4921279 -0.1097837 0.6292665 0.0146097 0.0682493 0.4520981 -0.0364188 -0.0258036 0.3911335 0.0526229 0.2987700 0.4775568 0.6109035 0.5445359 0.4842942 0.2832177 0.1948133 0.6291572 0.4970785 0.4488757 0.2557526 0.1697618 -0.0823138 0.5557098 0.2221020 0.0088104 0.1682571 0.4904489 0.1782123 0.3389172 -0.0951647 0.1808834 -0.3827299 0.1688973 0.4854855 0.4058411 0.3353565 0.1212071 0.2635893 0.3672886 0.2877255 0.2666405 0.1495568 0.3643219 0.0504532 -0.1364397 0.3123380 0.2985124 0.2218135 0.2514195 0.2014043 0.1327089 0.6508558 0.1761823 0.4000225 0.2558595 0.3185118 0.2452985 0.3018555 0.2152054 0.3659972 0.2405610 0.6076571 0.0789529 0.4260959 0.4167398 0.0655337 0.0899953 0.0725620 0.0693074 0.0727688 -0.2176322 0.4480401 0.3306705 0.3993774 0.1465577 0.1940319 0.2021108 0.0344891 -0.1292358 0.3269191 0.0429807 0.1102293 0.0480698 -0.0047516 0.1623859 0.4224181 0.0065232 0.0927491 0.2098642 0.0491270 -0.0275755 0.2546124 0.0503446 0.1354437 0.1723093 0.3046043 0.0955865 0.1878996 0.3418970 0.1832665 0.1408579 0.3899951 0.7158163 0.8072269 0.5331709 0.4030394 0.4436463 0.2895491 -0.0513322 0.1335977 0.3594381 -0.0437558 0.2562019 0.2590123 -0.1237725 -0.2039868 0.4350001 0.5902087 0.1480896 0.3670778 0.3216091 0.2206081 0.3990987 0.5181915 0.5243801 0.7765595 0.2375342 0.4817397 0.2473165 0.2856477 0.0989914 0.0454329 0.3989515 0.0278853 0.3845572 0.3452627 0.0864819 0.3310124 0.2163461 0.2181927 0.2374199 0.3945456 0.5468356 -0.1107786 -0.4006720 -0.1980988
0.5006856 0.4758135 0.0000000 0.3141648 0.7072682 0.0819000 0.2079459 0.1999183 -0.0380176 -0.2230220 -0.1120187 0.0271896 0.5959217 0.1330420 -0.1556519 -0.2311981 -0.1929615 -0.2921606 -0.2535923 0.3350476 0.0457725 0.6861248 -0.3572718 0.0555615 0.2564337 0.2769198 -0.0076466 0.2960947 -0.0099511 0.3554549 0.4919211 0.0277387 0.2763434 -0.0361106 -0.1759769 0.1232141 -0.0600799 -0.0417419 0.1737918 0.4098548 0.5874120 0.1414173 0.0045115 0.4881028 0.0519616 -0.2752308 -0.1382585 0.6416436 0.3169319 -0.4066631 -0.0807063 0.0235624 0.0215231 0.1842701 0.0868416 -0.2821320 -0.1494827 0.2236181 0.1134336 0.0165837 0.3389225 0.0540937 0.4994624 -0.0109896 0.1157003 -0.1234233 -0.1014760 0.0104570 0.0807006 0.0660465 -0.2484971 0.0063466 -0.3180693 0.2631492 0.2602138 -0.0045578 0.2464456 0.3796393 0.1028340 0.4554790 0.5640546 0.3724694 0.2816768 0.1991143 0.2709812 0.2083391 0.4013841 0.0669765 0.1782719 0.2937860 0.2059618 -0.1280262 0.0424865 -0.4677394 0.0256314 0.0866103 -0.1979464 0.0969571 -0.0796180 0.1257712 0.2231191 0.0445848 -0.1760264 -0.2626039 -0.1179746 -0.0533614 0.0360479 0.2336917 -0.3146947 0.1613478 0.0000676 0.1067301 0.2314326 0.1187629 0.3114542 0.1107600 -0.0645804 0.2213122 0.1715089 0.1173794 0.2890114 0.3133283 0.2261392 0.3373588 0.1666135 0.1154805 0.2480589 0.2288261 0.1437421 0.2482313 0.2491607 0.2185753 0.1951663 0.1491201 -0.4042535 0.0932166 -0.0144007 -0.0410862 -0.0808545 -0.0242604 -0.1298200 -0.1694754 0.0390512 0.4099180 0.0031590 0.2516511 -0.3726847 -0.3151742 -0.2066368 -0.1810044 -0.0248142 0.4178279 -0.2542398 -0.0886899 -0.3691757 0.6164517 0.3535445 0.0250498 -0.0347199 0.3941130 -0.2949321 -0.1287800 0.6227582 0.4632659 -0.4375802 0.5946254 0.6248973 -0.2733620 -0.1918612 -0.0807417 -0.3240202 -0.3193504 -0.3732686 0.2835288 0.0973631 0.3308023 0.4988045 0.5128504 0.5778462 0.5075327 0.7065049 0.2487465 0.1068029 0.0628668 0.3241578 0.5138384 0.6163328 0.6055804 0.3965979 0.3238574 0.1134444 0.2309940 0.2423334 0.3716952 0.2393904 0.1993105 0.0875282 0.0722835 0.6155403 0.1080825 0.0609253 0.2761568 -0.0924415 0.0158240 0.4491037 0.3112252 0.2629964 0.2636243 0.1246748 0.4568547 -0.0844343 0.2114630 0.6334053 0.3374302 0.4747431 0.2586316 -0.0241309 -0.0371975
-0.1990019 0.7210905 0.3141648 0.0000000 -0.0278404 0.7564219 0.7398198 0.8488507 0.4074077 0.2318301 0.4968659 0.5788970 0.6666485 -0.1466602 0.3470197 0.2503749 -0.0559993 -0.1624964 0.3407692 0.2162661 0.4093543 0.3618160 0.3260176 0.3186582 0.2523887 0.4102888 -0.1780628 -0.0618207 0.4747319 -0.0985165 0.1978722 0.0723878 0.4590308 0.6077885 0.2059875 0.4455166 -0.0137123 0.1864552 0.3299947 0.2698813 0.4097978 0.4260136 0.1214144 0.4643263 0.4241449 0.0626693 0.0101331 0.3067010 0.5440015 0.0164846 0.0530367 0.0904501 0.5925288 0.3219588 0.3256722 0.0914665 0.0968139 0.5005855 0.3592586 0.3335894 0.6817130 0.1611331 0.2416656 0.4930583 0.4987158 0.2173622 0.2727740 0.4491190 0.3722517 0.4395873 0.2454651 0.4353761 0.2926967 0.4210849 0.2118536 0.3382773 0.1206024 0.0701566 0.3235025 0.1472191 0.0461890 0.3779235 0.3774437 0.4890422 0.4438674 0.2990751 0.1573660 0.4173006 0.4118105 0.4899585 0.0463774 0.0621491 0.2223257 0.2863846 0.3945027 0.1270660 -0.0338902 0.2121404 0.5440428 0.2626875 0.4382384 0.1310577 0.1447807 0.2042115 0.0815506 0.4666899 0.3071683 0.2057576 0.2108134 0.2846107 0.3112575 0.1778129 0.3104075 0.2510009 0.4607432 0.1550834 0.0492855 0.2276383 0.1114620 0.1374549 0.2334503 0.3198801 0.0133435 0.3539952 0.1113043 0.2308385 0.2362859 0.1838243 0.1225450 0.3028467 0.2276314 0.1502529 0.0892782 0.4955068 0.2945496 0.1872521 0.1940274 0.1231183 -0.1255077 0.0071309 -0.0262898 0.0351577 -0.0949553 0.1211789 0.1719486 0.2543304 -0.0413613 -0.1706004 0.0996222 0.0484254 -0.1450222 0.0755956 -0.0630523 -0.0647334 0.0181480 -0.2570596 0.0734878 0.1243416 0.0614821 -0.0574832 0.0265058 -0.0637236 -0.2047054 0.0665536 -0.0775885 -0.1127668 0.0117073 0.1530474 0.0684520 0.0315874 0.1446739 0.0363323 0.0787839 -0.0970263 0.6753959 0.4858926 0.1067459 -0.0305988 0.1384462 0.2297962 -0.1741341 0.3408486 0.5030900 0.2524227 0.5174531 0.0609002 0.0155084 -0.2329686 0.0627544 0.1647237 -0.0270041 -0.0531941 -0.0585869 -0.0951413 0.0979508 0.1661174 0.1290865 0.5489950 0.0519086 0.2096754 0.0474768 0.0699563 -0.1771395 -0.1814572 0.3031731 0.4367474 0.2862429 0.2872828 -0.0230145 0.0861483 -0.0647181 -0.0967004 0.1543403 0.2005455 0.4345493 0.1275930 -0.2981666 -0.1685227
0.6122600 0.0160832 0.7072682 -0.0278404 0.0000000 -0.3063403 0.0124503 -0.1818496 -0.4338171 -0.3687266 -0.4889384 -0.2825748 0.1791176 0.2503921 -0.5416822 -0.4056016 -0.3060860 0.0479699 -0.3352761 0.2327527 -0.2647922 0.4955690 -0.4446913 -0.1607813 -0.0236325 -0.0716129 -0.0497368 0.2604465 -0.3884061 0.3995728 0.3539414 0.1158686 0.0649289 -0.3223055 -0.1545664 -0.2185953 -0.0066639 0.0674981 -0.1182608 0.2564538 0.3890420 -0.2518139 -0.1370023 0.2206461 -0.3272174 -0.1774832 0.0093866 0.5405255 0.0449691 -0.0720304 -0.0226461 -0.1505903 -0.2877089 -0.3257968 0.1962695 -0.1441275 -0.0999979 -0.1939980 -0.1104045 -0.2210090 -0.1058306 -0.2211073 0.2799659 -0.2892411 -0.0773306 0.0667527 -0.2289127 -0.4219884 -0.0125002 -0.2417864 -0.2100314 -0.2078869 -0.3908568 0.1421013 0.3096558 -0.2618876 0.3145357 0.3037329 -0.1623754 0.4125428 0.4708997 -0.0287472 -0.1876413 -0.1760061 -0.0852709 0.0557794 0.1744118 -0.1209111 -0.1302229 -0.0233561 -0.3211383 -0.5160676 -0.2545469 -0.4730850 -0.1159396 -0.2082078 -0.3415277 -0.0425648 -0.3092854 -0.3516192 -0.1110719 0.0723988 -0.2148456 -0.2319428 -0.3248580 -0.3423080 -0.2252951 -0.0551404 -0.3483193 -0.1543677 -0.2660411 -0.2902369 -0.0163665 0.0510469 0.0365152 0.0042821 0.0060036 -0.0278812 0.0832726 -0.0286611 0.0667390 0.4219176 -0.1916175 0.1096174 0.0170192 0.1029802 0.1791773 -0.2408360 0.1389851 0.0076066 0.1005673 -0.3668261 0.0634001 -0.1602576 -0.8210322 -0.3146424 -0.2321653 -0.2043763 -0.0014271 -0.1904086 -0.4890373 -0.3857433 -0.1592398 0.3621547 -0.0021488 -0.2164726 -0.4261093 -0.3501675 -0.5977049 -0.4994302 -0.2807258 0.4002729 -0.4636958 -0.4986670 -0.3766903 0.7410154 -0.0328542 -0.3454385 -0.3700204 0.0515489 -0.5142230 -0.4799823 0.5715037 -0.0224083 -0.7210126 0.5757883 0.3579768 -0.5792190 -0.5786567 -0.4400098 -0.6645340 -0.5705933 -0.2137546 0.0542422 -0.1199122 -0.0200277 0.2870996 0.4955361 0.2273380 0.1740818 0.6794745 -0.0141624 -0.1874663 -0.0963988 -0.0311560 0.5434418 0.6106089 0.7109531 0.4971795 0.2738008 0.0479233 0.3462789 0.4634552 0.2099283 0.0863805 0.0572086 0.0841693 -0.1327853 0.5868961 0.0702770 -0.0446608 0.1378725 -0.2738164 -0.0734147 0.1837238 0.3050801 -0.0539874 0.0595872 0.0780007 0.4280721 -0.3507484 0.1037332 0.4901122 0.0913051 0.4347702 0.1294324 0.3315399 0.2029439
-0.5223539 0.6281453 0.0819000 0.7564219 -0.3063403 0.0000000 0.6388174 0.7536661 0.8014539 0.5433921 0.7254059 0.6637227 0.6085337 -0.0803510 0.6548376 0.3812916 0.2063354 -0.3521316 0.5629099 0.1993512 0.5588430 0.0627464 0.4492845 0.6394687 0.3638577 0.5702467 -0.0968736 0.0807280 0.7982909 0.0259042 0.1275695 -0.0540682 0.6870933 0.8848245 0.2011420 0.7139068 0.0764600 0.2763905 0.3206413 0.3178162 0.2460446 0.7425169 0.0205737 0.6116956 0.7644066 0.2095760 -0.0337687 0.1331891 0.7636085 0.0477757 -0.0693648 0.0964867 0.6828584 0.5842030 0.2103318 0.2082269 0.2029338 0.7194837 0.3207208 0.3710819 0.7091354 0.2113366 0.1961017 0.7102597 0.4457403 0.2078041 0.3390767 0.4790625 0.4541126 0.6593105 0.3728590 0.4450805 0.4149659 0.3130546 0.1657512 0.5438467 0.0848835 0.0596654 0.4197580 0.1177012 -0.0348036 0.5868921 0.6762328 0.7842110 0.6839547 0.5565583 0.1861798 0.3599123 0.5519660 0.6731344 0.3184696 0.2829425 0.4319281 0.0904538 0.4357665 0.3289346 0.1702564 0.3100851 0.6006304 0.3222014 0.6321867 0.2052217 0.4199459 0.0202627 0.3124065 0.6141696 0.5645008 0.4509461 0.4263695 0.5348986 0.4624571 0.4465958 0.4802068 0.3457535 0.5269581 0.2194239 0.0391561 0.3789988 0.2250207 0.3213765 0.4402669 0.1944936 0.0922284 0.3887254 0.3149655 0.3284412 0.2926592 0.3985311 0.3499002 0.5720613 0.4409685 0.4906538 0.1888050 0.7723482 0.5759372 0.5448430 0.6232301 0.5235158 0.1382659 0.3492360 0.0612403 0.4569189 0.0894498 -0.0495697 0.3217388 0.5887922 0.2741864 0.2169826 0.4569883 0.3625566 0.1751105 0.0086813 0.1375036 0.1077816 0.1862187 -0.3868277 0.1156168 0.4878371 0.3315710 0.1016043 0.2233348 0.1676525 -0.3282767 0.1447323 0.1708540 -0.2428026 -0.0976597 0.4712584 0.3410978 0.2350525 0.4673325 0.3886272 0.0706563 -0.1438677 0.5704651 0.4864026 0.0334642 -0.0773116 0.1906744 0.3942747 -0.2862959 0.4126782 0.5813161 0.2520623 0.4330817 -0.2652622 -0.3334639 -0.4723096 -0.1196594 0.0791579 0.0566944 -0.1127160 -0.1596581 -0.0493074 0.1399630 0.2473869 0.1327498 0.5040986 -0.0860612 0.3013805 0.0025592 0.0826065 0.0741007 0.0393530 0.4556781 0.3579273 0.4349286 0.1085356 -0.1490362 -0.0142801 0.2560819 0.0910560 0.2075449 0.2389395 0.2590604 -0.0740577 -0.5412852 -0.3641801
-0.0960781 0.6505955 0.2079459 0.7398198 0.0124503 0.6388174 0.0000000 0.5862164 0.5462139 0.2364970 0.4307142 0.8257063 0.6768020 -0.0834513 0.5301006 0.3254349 -0.1094735 0.0355885 0.5153053 -0.0069869 0.7453471 0.0944223 0.3919507 0.3766036 0.1428130 0.3129810 -0.1704591 0.0284694 0.6916649 -0.0122980 -0.1391514 -0.0723385 0.4059368 0.6423728 0.4284791 0.6696500 -0.0146488 0.3867937 0.3458760 0.1809471 0.2559660 0.6109470 0.2343131 0.3253754 0.6174931 0.1584566 0.1799317 0.3738698 0.4304259 0.2380325 0.1613349 -0.1625451 0.4682118 0.1280478 0.4409005 0.2038722 0.1755822 0.4631457 0.4543244 0.2320652 0.7073047 -0.1598477 0.1033977 0.4562274 0.4280879 0.2165538 0.1707480 -0.0363132 0.3059558 0.3172417 0.2756570 0.2340575 0.0469353 0.1844391 -0.1377525 0.2269531 0.2537783 -0.3196366 -0.0269974 0.3519915 -0.2926592 0.4828463 0.4890087 0.6912169 0.5956518 0.4456837 0.1793729 0.4484931 0.5927938 0.6250523 0.1707673 0.2203469 0.3190847 0.2062087 0.4127976 0.1711096 0.1437598 0.2944091 0.5774436 0.2790606 0.5604867 -0.0084560 0.2018825 -0.0395053 0.2602610 0.4933510 0.3190482 0.2866773 0.4586053 0.4140177 0.4111322 0.3796168 0.2397203 0.1962059 0.4131341 0.0693579 -0.1566709 0.2720595 0.1764477 0.3015067 0.3045591 0.2446617 -0.2469370 0.5108094 0.1455593 0.4370100 0.1225872 -0.0093212 0.3328299 0.4072077 0.2492525 0.0733480 0.1216794 0.5930941 0.1275354 0.2269756 0.1920656 0.2807571 -0.0249912 0.2851973 -0.1760688 0.3112881 -0.2367993 0.0860722 0.3002068 0.2845320 0.2020892 0.0540733 0.1791783 0.2403186 -0.0619627 0.2287931 0.1282099 -0.2709953 0.3595163 -0.3376056 -0.2131242 0.2856130 -0.0270248 -0.0659848 0.1409272 0.1193512 -0.3600789 -0.2054952 0.0790251 -0.1264315 -0.2673204 0.2541955 0.1663890 0.1476742 0.2463003 0.1677667 0.3512116 0.1185220 0.7873238 0.6569359 0.3871465 0.2941006 0.3899144 0.2974903 -0.2161026 0.4599673 0.6562139 0.3336008 0.4484126 0.0358990 -0.2933525 -0.3715756 0.1415920 0.3282662 0.0474647 0.2469604 0.1629480 0.0926510 0.4163869 0.4646928 0.3461628 0.4179700 0.0481096 0.4288522 0.0625610 0.1611733 -0.0797585 -0.0706983 0.4058435 0.2277833 0.5376036 0.0753152 0.0434979 0.1366043 -0.0201826 0.0923556 0.3777882 0.4540019 0.5615339 -0.2054385 -0.1904790 -0.1052052
-0.2370751 0.5234192 0.1999183 0.8488507 -0.1818496 0.7536661 0.5862164 0.0000000 0.5674733 0.4809762 0.7247092 0.4426419 0.5825214 -0.0322374 0.5137098 0.5377080 0.3123819 -0.0838353 0.6155621 -0.0993391 0.4775057 0.2652361 0.4702392 0.3564573 0.4622887 0.5777570 -0.0948981 -0.1258227 0.5591848 -0.1997265 0.1836849 0.1495236 0.4039211 0.5261330 0.1214737 0.6208842 0.1000346 0.2298615 0.3412434 0.2445836 0.2961727 0.5847787 0.0896785 0.4611942 0.5341468 0.1920809 -0.0118804 0.0880607 0.6241200 -0.0152905 -0.0414061 0.2483290 0.4921186 0.6298234 0.2500333 0.1923068 0.2340345 0.7164382 0.5286755 0.3782702 0.7142173 0.2572061 0.4039664 0.6258031 0.3584070 0.3856168 0.3161981 0.4700906 0.5592876 0.6671441 0.4411608 0.4546255 0.4036337 0.2875355 0.2387732 0.6122885 -0.0022926 0.0203438 0.4869543 0.1159851 -0.0706961 0.5789324 0.5143226 0.5107842 0.4918967 0.3521135 0.1142413 0.5074202 0.3750572 0.5249016 0.1333430 0.1434795 0.5779341 0.3221613 0.3041350 0.2432565 0.1038573 0.4995593 0.5371995 0.5690768 0.5775031 0.3740665 0.2573368 0.4177778 0.2249318 0.4726084 0.5298654 0.4218111 0.3360723 0.4980035 0.4005383 0.4059099 0.6014723 0.5676375 0.6906605 0.4320858 0.3333584 0.5135825 0.3183996 0.3772706 0.5336875 0.4105719 0.0819912 0.3778406 0.3962481 0.2301532 0.2846682 0.2568584 0.2175118 0.4648930 0.4404398 0.3227920 0.1966742 0.5625327 0.5100286 0.3814510 0.2901193 0.2720496 -0.2731520 0.2265751 0.0704750 0.2892714 0.1090302 0.0310758 0.2083959 0.3963816 -0.1159922 -0.2486004 0.3100086 0.2883923 0.0971991 0.0377657 0.0028726 0.0218332 -0.0258319 -0.3336961 0.1792326 0.2133471 0.3216036 0.0846575 0.0552106 0.1032348 -0.2430456 0.1197578 -0.0027340 -0.2010074 -0.0169566 0.2705242 0.2925282 0.1116319 0.2592866 0.2057596 0.0836094 -0.0418110 0.4798596 0.3839291 0.0418720 -0.0616612 0.2612224 0.4461154 -0.1157579 0.5280368 0.6660681 0.5066048 0.7127670 -0.1096762 -0.0621348 -0.2743765 -0.0180030 0.1335156 0.0998159 -0.1710787 -0.2325791 -0.0333265 0.1294180 0.1558165 0.0359937 0.3210594 -0.0978191 0.1617502 -0.3197600 -0.2776785 -0.2289278 -0.1388593 0.2539409 0.3053942 0.2035546 0.1407579 -0.3355044 -0.3114400 -0.0139860 0.0077463 0.1466857 0.2946035 0.1271930 0.0747869 -0.4739628 -0.3104955
-0.3532961 0.3875067 -0.0380176 0.4074077 -0.4338171 0.8014539 0.5462139 0.5674733 0.0000000 0.7521618 0.8273240 0.6169559 0.5435905 0.1364054 0.8882674 0.5749884 0.5110067 -0.1549977 0.6654889 -0.1455744 0.6789996 -0.2376441 0.5263350 0.7752014 0.3429138 0.5255322 0.0810816 0.2597142 0.9234513 0.1339577 0.0052216 -0.2272285 0.6437275 0.7582446 0.1734660 0.8732482 0.0698241 0.3192490 0.3932981 0.2379674 0.1062550 0.9113698 0.0632828 0.4828962 0.8648289 0.2441741 -0.0691590 0.0040181 0.6956607 0.0354748 -0.1480636 0.1022176 0.4533244 0.6485454 0.1677303 0.2345532 0.2188536 0.8012506 0.4676121 0.2608188 0.6586256 0.1272901 0.2270013 0.7437736 0.1892026 0.1896925 0.2397853 0.2493887 0.4593597 0.7295705 0.4420333 0.2625564 0.3669196 -0.0303446 -0.0296312 0.6216246 -0.0426326 -0.1049590 0.3288602 0.1081543 -0.2663252 0.7790939 0.8084969 0.8235269 0.8208285 0.6133071 0.1702709 0.5585187 0.6421572 0.7969578 0.4868313 0.4502232 0.5424311 0.0340396 0.3913404 0.4034878 0.2530068 0.3644198 0.6594899 0.6272979 0.8429815 0.1524582 0.3612908 0.0251920 0.3827550 0.6741328 0.6087964 0.4629519 0.4714308 0.6012457 0.5378274 0.5976755 0.4569543 0.3326296 0.4776029 0.1724364 -0.0421729 0.4870711 0.2500801 0.3969130 0.5290874 -0.0004582 -0.0299550 0.4336255 0.4700106 0.2268114 0.1151010 0.2272112 0.4229419 0.7730462 0.6281474 0.5896192 0.1906990 0.7889835 0.6331356 0.5633099 0.6408513 0.6729574 0.1852895 0.5103264 0.0697788 0.6991282 0.0487133 -0.2597514 0.2250556 0.7464677 0.4067559 0.3045353 0.6649946 0.5639009 0.3429688 -0.1271958 0.3306859 0.0931426 0.4276327 -0.5680024 0.0121326 0.5362148 0.4004151 0.1744746 0.3151529 0.3388747 -0.5033474 0.1086710 0.3413722 -0.4401028 -0.3244423 0.6227218 0.5057177 0.3430824 0.5746407 0.5994194 -0.0051535 -0.1137662 0.3324848 0.3172266 0.0287930 -0.0189598 0.2802243 0.4046377 -0.3236796 0.5736222 0.7133667 0.4634441 0.5058093 -0.4441339 -0.5295630 -0.5270760 -0.2987692 0.0103484 -0.0762708 -0.0977521 -0.1969920 -0.0905902 0.1213771 0.1887800 -0.0092422 0.1606858 -0.2356557 0.1961331 -0.2540771 -0.0838550 0.0746063 -0.0069734 0.6043796 0.0729305 0.4885022 -0.0275089 -0.3892015 -0.2740739 0.2728374 0.0985131 0.4243523 0.4917509 0.1039610 -0.2196236 -0.5576556 -0.3579199
-0.3796660 -0.0904141 -0.2230220 0.2318301 -0.3687266 0.5433921 0.2364970 0.4809762 0.7521618 0.0000000 0.7113849 0.1519509 0.2967207 0.5058066 0.6789055 0.5818813 0.8701898 0.2400704 0.4725555 -0.1521506 0.2604753 -0.1700956 0.4631817 0.7523201 0.1027685 0.1727021 0.4532789 0.3370072 0.5706420 0.3127868 0.1965789 -0.0664647 0.5249880 0.4776860 0.0148294 0.5641120 0.1440928 0.2380773 0.2764603 0.2056324 0.1308581 0.5929174 0.0084324 0.3188124 0.4850863 0.2229562 -0.0336328 -0.1410978 0.5868428 0.1551408 -0.1141100 0.3127513 0.2296137 0.5457550 0.1139456 0.2686369 0.2483500 0.7115952 0.4882848 0.2662103 0.2738933 0.2717266 0.1924555 0.5764198 -0.1050200 0.3604183 0.2700613 0.2728310 0.3576663 0.7171373 0.4980731 0.1487882 0.5460719 -0.1513507 0.0955912 0.5878684 -0.2394282 -0.1071710 0.3914591 -0.1242105 -0.3076515 0.5873919 0.5137806 0.3994450 0.4485312 0.3733303 0.1208472 0.4545573 0.2197025 0.4881113 0.0311020 0.1449761 0.4077186 0.0904328 0.0109467 0.1604418 0.1810106 0.2457722 0.3478619 0.4728189 0.5828858 0.3458101 0.3264341 0.3562567 0.1569289 0.2718357 0.3796809 0.2492135 0.2705105 0.3917804 0.2710485 0.2567707 0.3772691 0.3040466 0.2558297 0.1961131 0.0876590 0.2253616 0.0590940 0.2023137 0.3108083 -0.0717466 -0.1085772 0.0085980 0.3147178 -0.0915406 0.2505163 0.0173219 0.1476321 0.5911331 0.4734242 0.3474511 0.2288980 0.4530783 0.5728108 0.1995093 0.3670075 0.4694800 0.0421890 0.2887665 0.0247022 0.4664294 0.0662060 -0.4866527 -0.0244581 0.3508712 0.2494473 0.0468491 0.5159187 0.4025873 0.2357347 -0.3865821 0.2316357 -0.0277288 0.4361939 -0.5861349 -0.1285372 0.1589270 0.3198590 -0.0293241 0.2111700 0.1594522 -0.5516613 -0.0662223 0.2614485 -0.6305072 -0.4950254 0.4297497 0.3876490 0.1223489 0.3103775 0.4924474 -0.1895730 -0.4891215 -0.0995804 -0.2333870 -0.3902939 -0.3347012 -0.1089970 0.1913434 -0.2997972 0.4242909 0.5610245 0.4946738 0.4844041 -0.4771946 -0.3349600 -0.3256218 -0.5229771 -0.3598799 -0.2236798 -0.3716232 -0.3765524 -0.3757107 -0.2415318 -0.2386142 -0.3713164 -0.1788812 -0.3358608 -0.1732994 -0.3436466 -0.2792259 0.0204948 -0.0470814 0.4034477 0.2971148 0.2393356 -0.1061294 -0.4379075 -0.4767516 0.1714334 -0.1303169 0.2181134 0.2420728 -0.1436818 0.0687878 -0.3310454 -0.2138736
-0.4136838 0.2484366 -0.1120187 0.4968659 -0.4889384 0.7254059 0.4307142 0.7247092 0.8273240 0.7113849 0.0000000 0.3913674 0.4427108 -0.0465514 0.8136479 0.8496086 0.5475959 -0.0598452 0.6814042 -0.1941513 0.4610241 -0.0067769 0.8014264 0.5565782 0.3760394 0.5834267 0.0811456 0.0051376 0.7254788 -0.1709642 0.1685176 0.1706374 0.4162952 0.5386231 0.3521400 0.7691816 0.2568136 0.3298057 0.4526488 0.2240031 0.2210628 0.8052929 0.2848199 0.3671470 0.6904195 0.3897180 0.1231736 -0.0494129 0.5143905 0.1822007 0.0886088 0.3825581 0.3160231 0.7886621 0.3335676 0.4474071 0.4058945 0.8712513 0.6768299 0.5303810 0.6909779 0.4713599 0.4845322 0.6635776 0.0889395 0.4562840 0.5287381 0.5614765 0.7068447 0.8581958 0.6624196 0.2641513 0.6420546 -0.0751640 0.1421354 0.8302570 -0.2762391 0.0407399 0.5861081 -0.1114433 -0.2334730 0.6203042 0.6089730 0.6436773 0.6732577 0.4269469 0.0652739 0.5240936 0.4883486 0.6336309 0.3345919 0.3437539 0.6065888 0.2326047 0.1898006 0.4137172 0.2549602 0.4608544 0.6034212 0.6163191 0.7459210 0.3140543 0.3048044 0.3216650 0.3783605 0.6748458 0.6716724 0.3900098 0.5199731 0.5518959 0.5450894 0.6338978 0.4916863 0.4601422 0.5498471 0.2528002 0.1376909 0.4633616 0.1215651 0.3106072 0.4912650 -0.0391564 -0.0464515 0.2729920 0.4489649 0.0556223 0.0684029 0.2211198 0.2204440 0.6329349 0.5744381 0.4844280 0.0189280 0.7055852 0.7434532 0.4792677 0.4603830 0.5831702 -0.0425661 0.3733083 0.1860962 0.6160645 0.2428440 -0.3541034 0.1049090 0.6717620 0.2304071 -0.0206543 0.5982029 0.5918190 0.3343027 -0.2540786 0.3181940 0.1441497 0.2721769 -0.5804458 0.1522551 0.3195587 0.5172416 0.1278297 0.2455946 0.3474841 -0.4830522 0.1643359 0.3278510 -0.4963794 -0.2198084 0.5258386 0.5217642 0.3143675 0.5088699 0.4830052 0.0226489 -0.2490602 0.2542800 0.1493074 -0.2226720 -0.2982634 0.1084923 0.3910621 -0.3157818 0.6245075 0.7610609 0.4990905 0.6988623 -0.4539034 -0.3238722 -0.5226041 -0.4022310 -0.2032673 -0.1422010 -0.3779833 -0.4554131 -0.2562580 -0.0627221 -0.0331440 -0.1831920 0.0770897 -0.3821397 0.0127392 -0.3650309 -0.2360142 -0.1417172 -0.2128078 0.3232396 0.0921472 0.2741779 -0.0014480 -0.4101554 -0.4695129 0.0485192 -0.1457996 0.1769676 0.1567932 -0.0711716 -0.0000427 -0.6577730 -0.4563492
-0.1345223 0.7484109 0.0271896 0.5788970 -0.2825748 0.6637227 0.8257063 0.4426419 0.6169559 0.1519509 0.3913674 0.0000000 0.6270078 -0.2953651 0.5936948 0.1703181 -0.1760669 -0.3577465 0.4757789 -0.0131426 0.8702402 -0.1338602 0.2927079 0.4170262 0.2748513 0.3458397 -0.2551228 -0.0011055 0.8175634 -0.0678540 -0.2714128 -0.1935915 0.4377071 0.8151786 0.4049144 0.6466668 -0.0021801 0.4059079 0.4282911 0.1531133 0.1580325 0.6326203 0.2023219 0.2689126 0.7430006 0.2190946 0.1002943 0.2923825 0.4106995 0.1556213 0.0909939 -0.3303205 0.6694651 0.1241202 0.2946937 0.1790597 0.1553040 0.3428177 0.1597107 0.1345900 0.6320275 -0.2785573 -0.0856042 0.5951773 0.6719130 0.0706431 0.0972122 0.0014628 0.2125932 0.2256827 0.1315288 0.3485140 -0.0243450 0.3121988 -0.3453596 0.2163170 0.3360375 -0.4682693 -0.0623638 0.4241022 -0.4115781 0.3829948 0.5625011 0.7321448 0.6121414 0.4771227 0.2606476 0.3387125 0.7227280 0.6135811 0.4301535 0.4329423 0.2602523 0.1257768 0.5555007 0.2966283 0.2000754 0.2011486 0.5878865 0.2228978 0.5146490 -0.2087466 0.2198564 -0.2973952 0.3560061 0.6228845 0.4034130 0.2223512 0.4376210 0.3056926 0.4788562 0.3838213 0.1531833 0.0444951 0.3523477 -0.0180965 -0.2458969 0.3892024 0.3112254 0.3381750 0.2850253 0.0897206 -0.1499553 0.6485079 0.2229166 0.5541448 -0.0163950 0.1391516 0.4321551 0.3621056 0.2675914 0.3329663 0.0731475 0.6144610 0.3174831 0.3840411 0.4312115 0.3668917 0.1795592 0.3272249 -0.0172018 0.4273102 -0.2585904 0.0630773 0.4295409 0.3692487 0.4449704 0.4383487 0.4263336 0.2866835 -0.0220068 0.2305942 0.1903400 -0.0394431 0.3936314 -0.4667709 -0.1784684 0.5518655 0.0868895 -0.0480606 0.2976034 0.1631890 -0.4945757 -0.1283747 0.3071449 -0.1886761 -0.3248383 0.5161563 0.2538258 0.2586133 0.5516287 0.4557776 0.4101619 0.2711608 0.6836907 0.7741049 0.4407844 0.3230037 0.3631622 0.1661934 -0.4065952 0.2414145 0.4889090 0.1147779 0.1552617 -0.0214738 -0.5782093 -0.5373687 0.1769654 0.4820522 0.0667260 0.3726722 0.2460695 0.1124669 0.4654778 0.5923398 0.5598275 0.6854277 -0.0034460 0.6223858 0.1010056 0.0903932 0.0672254 -0.0329048 0.4889626 -0.1510680 0.6298035 0.1700339 -0.0399279 0.0677169 0.1470407 0.1672124 0.2165784 0.5297004 0.5257240 -0.3950747 -0.4081814 -0.2185961
0.1540624 0.7139151 0.5959217 0.6666485 0.1791176 0.6085337 0.6768020 0.5825214 0.5435905 0.2967207 0.4427108 0.6270078 0.0000000 0.1880910 0.5219536 0.1856082 0.1535086 -0.3229263 0.2279008 0.3108717 0.6138214 0.4928490 0.1296971 0.5619115 0.5338586 0.4718766 0.1782871 0.3722124 0.6561499 0.3496405 0.4182903 0.1768071 0.5924059 0.6042956 0.2321989 0.6367406 0.2567098 0.4625762 0.5669857 0.5802450 0.6607759 0.6604149 0.2873323 0.5398261 0.6021257 0.2029621 0.1141957 0.7027301 0.6333879 0.0385253 0.1312694 0.1323323 0.5185330 0.4258737 0.4909712 0.2200297 0.2733914 0.6664255 0.4174667 0.3829000 0.7321849 0.1475041 0.3064187 0.6548607 0.4959163 0.2664294 0.2605536 0.2481320 0.4661286 0.5651249 0.2367155 0.4290765 0.1642898 0.4493248 0.1063179 0.4859011 0.3702495 0.0276378 0.3594495 0.5672087 0.0962518 0.5454813 0.5785436 0.6007528 0.6481143 0.4825060 0.3977665 0.4165028 0.5890547 0.7238531 0.2955568 0.0838882 0.2099119 -0.3161779 0.2291797 0.1432045 -0.1240252 0.2293454 0.4526230 0.2888943 0.6906235 -0.1141962 -0.0266427 -0.2323409 0.0239437 0.4730297 0.3836200 0.1885611 0.0464143 0.2579322 0.2864234 0.3065496 0.2560938 0.1340071 0.4164787 -0.0007636 -0.2293515 0.3738964 0.2292155 0.2059316 0.3825935 0.1404930 -0.1096701 0.5820310 0.2307956 0.3413610 0.2410655 0.1118348 0.3686120 0.6354304 0.5346358 0.3959243 0.1648760 0.6508314 0.0728087 0.1816586 0.4455348 0.3093491 0.1918526 0.1643193 -0.2240746 0.2329142 -0.2019238 0.1765027 0.2770730 0.4201765 0.1731025 0.1157760 0.2014132 0.1276790 -0.0668581 0.2862631 0.0560196 -0.2585228 0.2115676 -0.1161079 -0.0488220 0.3929468 0.0415484 0.1076533 0.0197693 -0.0349298 -0.1403888 0.1549761 -0.0058640 0.0256375 -0.0199187 0.2010074 0.0484665 0.0002707 0.1909747 0.1892771 -0.0646288 0.0885555 0.3490987 0.5054772 0.3697276 0.3591811 0.4361461 0.3237461 0.0352658 0.3175571 0.5449250 0.1560371 0.4986136 0.2988807 0.0049099 0.0172252 0.2303503 0.3484833 -0.1658888 0.2260223 0.1651811 0.0032459 0.2312767 0.3108861 0.2026893 0.4877032 0.3592486 0.3605378 -0.0029718 0.0794999 -0.1482553 -0.2505589 0.7721318 0.1153281 0.6438594 0.4935593 -0.0857147 0.1622366 -0.0386414 0.0685093 0.5892160 0.5688105 0.7341192 0.1130700 -0.3590674 -0.1459828
0.1628025 -0.3133926 0.1330420 -0.1466602 0.2503921 -0.0803510 -0.0834513 -0.0322374 0.1364054 0.5058066 -0.0465514 -0.2953651 0.1880910 0.0000000 0.1171176 -0.0345475 0.6546408 0.4653791 -0.0271993 0.1385305 -0.0825302 0.0763026 -0.2630541 0.4138235 0.0801293 -0.1218404 0.6411382 0.6235459 -0.0068609 0.7157110 0.3273466 -0.0496488 0.2426930 -0.0897160 -0.3648626 0.0664029 0.1481747 0.0940776 -0.0910037 0.2737026 0.0399251 0.0501161 -0.1902601 0.1159642 -0.0699686 -0.0173635 -0.1015680 0.1122604 0.3288225 -0.0007041 -0.1918761 0.3916530 -0.1197111 0.0953803 0.0108979 -0.0232620 0.0347208 0.2337374 0.1941650 0.0106905 -0.0917276 0.1232186 -0.1589156 0.1628593 -0.3076268 0.1051967 -0.0752454 -0.1516893 0.0215819 0.3178525 0.1570557 0.1201208 0.2199489 -0.0186730 0.3192896 0.1391467 0.2052479 0.1989133 0.1720417 0.1666165 0.2242887 0.2051734 0.0326363 -0.1566075 -0.0145285 0.0812845 -0.0527386 0.1849272 -0.1754484 0.1545436 -0.2490748 -0.2476497 -0.0718182 -0.3983532 -0.1760580 -0.3195384 -0.2553874 -0.0442349 0.0444505 0.1709964 0.2375519 0.0138297 -0.1312007 0.1353936 -0.3630801 -0.1856274 -0.1973675 -0.0781395 -0.2820866 -0.0056329 -0.2662392 -0.2108010 0.0002431 -0.0307315 -0.1836553 -0.0365177 -0.0407602 -0.1556868 -0.0532252 -0.0888516 0.0237511 0.0597215 -0.1237652 -0.1774996 -0.0814605 -0.1636810 0.3139073 -0.3313552 0.0807058 0.3901649 0.2445515 -0.0974338 0.3223615 -0.0126176 -0.2023493 -0.3449783 0.1301998 0.0378660 0.2760572 0.0359291 -0.4164162 -0.0303432 -0.1825324 0.0156960 -0.0558594 -0.1656935 0.0579419 0.0526917 -0.1522362 -0.0636116 -0.0025324 -0.0363534 0.0894462 -0.4611178 0.3220525 0.0349216 -0.3197073 -0.0702831 -0.2144413 -0.0110470 -0.1328060 -0.1443894 0.0127267 -0.0996781 -0.1540666 -0.0599102 -0.2259673 -0.1925055 -0.1406593 -0.2642237 -0.2806620 -0.0670088 -0.3603228 -0.3249110 -0.3362083 -0.4238857 -0.0859251 0.0737671 -0.0304931 -0.1252440 0.1200653 -0.0010192 0.0516031 0.1855314 0.1784397 0.1478496 0.2005614 0.4032458 -0.0556947 -0.1448337 -0.2628405 -0.0025432 0.0325167 -0.1606166 -0.2069995 -0.2416812 -0.3911392 -0.3939529 0.2672361 -0.2560063 -0.1096376 -0.0661912 -0.0125359 -0.0368305 0.3612729 0.2494128 0.0564606 0.1587985 -0.1203376 0.0081429 0.0503007 0.0597604 0.4490175 0.3571788 0.1333929 0.2887107 0.4555953 0.4778332
-0.4115199 0.2453198 -0.1556519 0.3470197 -0.5416822 0.6548376 0.5301006 0.5137098 0.8882674 0.6789055 0.8136479 0.5936948 0.5219536 0.1171176 0.0000000 0.6004980 0.5018805 0.0050767 0.5901572 -0.1198730 0.6726447 -0.1752131 0.5288105 0.6611545 0.3429766 0.3552741 0.1134987 0.2079719 0.8801336 -0.0078901 0.0265929 0.0094883 0.4397549 0.6168525 0.1905643 0.8471321 0.0537824 0.2417619 0.2607310 0.1535286 0.0697620 0.8506117 0.1166564 0.2828415 0.7498300 0.1842706 -0.0763689 -0.0249999 0.4972814 0.0340558 -0.1124859 0.2074157 0.3701540 0.6107933 0.1569201 0.2398311 0.1788188 0.7423915 0.5563053 0.2910840 0.6199777 0.2174163 0.1618305 0.7061332 0.1557929 0.1574692 0.1977237 0.3354249 0.4441084 0.7177437 0.4600890 0.2922328 0.4412381 -0.1008346 -0.1817775 0.6916169 -0.1256320 -0.1679424 0.4609098 0.0461861 -0.3286856 0.6913261 0.6468406 0.6595082 0.6194790 0.3449630 0.0235386 0.5741100 0.4501396 0.6286984 0.3468558 0.3286330 0.4620685 0.1628780 0.1095382 0.1854841 0.1456748 0.3260255 0.5645537 0.6109655 0.8268465 -0.0724581 0.1015470 0.1986816 0.2490813 0.6376164 0.4950761 0.1884578 0.3985275 0.3939176 0.3398277 0.5430303 0.1947208 0.1572724 0.3157623 -0.0394640 -0.1688360 0.3238915 0.0292779 0.1767162 0.3264851 -0.2084187 -0.1878905 0.2517475 0.2128557 0.0780848 -0.1561558 0.0488084 0.2237485 0.6410428 0.4659935 0.4383033 -0.0914796 0.6302708 0.6509899 0.3245044 0.4633602 0.5378770 0.0574406 0.3722783 -0.0408626 0.6150438 -0.0245574 -0.4115874 0.0737463 0.6424567 0.3391427 0.2348671 0.5513903 0.5380180 0.2229325 -0.2416598 0.3010435 -0.0486506 0.4131446 -0.7299828 -0.1787031 0.4303326 0.2668083 0.0045040 0.2061267 0.3118112 -0.5809380 -0.0659646 0.3781987 -0.5365931 -0.4279732 0.4606975 0.4499992 0.2220837 0.4695412 0.4723277 0.0485983 -0.1121319 0.2568269 0.2309275 -0.0670747 -0.1533992 0.1913036 0.2786199 -0.4367597 0.5770096 0.7565775 0.5265619 0.5455693 -0.4151633 -0.5316357 -0.5745489 -0.4051717 -0.1317460 -0.2645601 -0.2363600 -0.3831697 -0.2123800 0.0263209 0.0774891 -0.1332209 0.0969335 -0.2979269 0.0725354 -0.2476147 -0.1941945 -0.0554505 -0.2208159 0.5107766 -0.1051408 0.4852541 0.1476492 -0.2920075 -0.3579850 0.0918393 -0.1055139 0.3415100 0.3960801 0.1401275 -0.0623371 -0.5016304 -0.3523270
-0.2695260 -0.0567336 -0.2311981 0.2503749 -0.4056016 0.3812916 0.3254349 0.5377080 0.5749884 0.5818813 0.8496086 0.1703181 0.1856082 -0.0345475 0.6004980 0.0000000 0.5100853 0.2598264 0.6984663 -0.4772517 0.3644120 -0.0201172 0.8345285 0.3310492 0.2079758 0.4514775 0.0961464 -0.0642973 0.4578559 -0.2323971 -0.0615488 0.2191355 0.1539648 0.1796472 0.4716676 0.5744520 0.3516972 0.4392118 0.4535233 0.2237565 0.1549211 0.5776907 0.4300172 0.1981485 0.4567627 0.5103784 0.3616505 -0.0646377 0.2338138 0.4316720 0.3283789 0.4015643 -0.0604001 0.6487621 0.4424320 0.5782940 0.5349164 0.7238470 0.6859715 0.6083858 0.4817911 0.4477319 0.4685532 0.3481618 -0.1979539 0.5913030 0.6293174 0.3081055 0.6977857 0.6697169 0.6814665 -0.0320188 0.5371843 -0.3540762 0.0870521 0.7048469 -0.3656809 -0.1104967 0.3753295 -0.1262032 -0.3570871 0.4185673 0.4050640 0.4496257 0.5307868 0.2775071 0.0137500 0.4303420 0.4017200 0.4985006 0.2654247 0.4000605 0.6679286 0.2779762 0.0902058 0.4802862 0.4003333 0.5194852 0.4663009 0.5755947 0.5506460 0.4167108 0.3304146 0.3441437 0.4935499 0.4591203 0.5224888 0.4414002 0.6533992 0.6086650 0.6034569 0.6824555 0.5381668 0.5325252 0.5547304 0.4213252 0.2897577 0.4694166 0.1788904 0.4555557 0.5404988 0.0367824 -0.0295083 0.1980457 0.4802450 0.1372343 0.1072802 0.1633936 0.2602410 0.4793192 0.4686286 0.3213926 0.0989836 0.5033629 0.5784034 0.4160094 0.2178414 0.5723436 -0.1010453 0.5207383 0.2797375 0.6783914 0.3867377 -0.2715618 0.1895863 0.4187371 0.2357842 -0.1168960 0.5292087 0.7133625 0.5059268 -0.0781275 0.4769518 0.1431750 0.3681653 -0.4555705 0.1708700 0.2671621 0.5852156 0.2415813 0.3345818 0.5203006 -0.4211775 0.0854157 0.4276627 -0.3563487 -0.2215116 0.4786200 0.5903908 0.4119516 0.4857441 0.4546460 0.2366785 -0.1537802 0.1580893 0.0251660 -0.1664445 -0.2142768 0.1322351 0.3206288 -0.2090332 0.5194176 0.6118046 0.4156815 0.5978872 -0.4141858 -0.2571080 -0.4105958 -0.3586708 -0.2193397 0.0339242 -0.2765444 -0.3719864 -0.1087394 0.0916746 0.0278721 -0.1556306 -0.1910008 -0.3870451 0.0349285 -0.4155409 -0.2608414 -0.1517473 -0.1133517 0.0379846 0.0290867 0.1972838 -0.2655475 -0.3594075 -0.5449792 -0.0285687 -0.0115600 0.0200793 0.0702104 -0.2364139 -0.1426049 -0.4114490 -0.2705329
-0.1757406 -0.2949849 -0.1929615 -0.0559993 -0.3060860 0.2063354 -0.1094735 0.3123819 0.5110067 0.8701898 0.5475959 -0.1760669 0.1535086 0.6546408 0.5018805 0.5100853 0.0000000 0.2678405 0.3544137 -0.1685442 0.0892519 -0.0717646 0.3330425 0.4968859 0.2477275 0.1605442 0.6767113 0.2704559 0.3214718 0.2835641 0.2897028 0.1224669 0.2197903 0.1426569 -0.0663869 0.3963736 0.3236604 0.1800169 0.2401052 0.1392637 0.0523031 0.4243528 0.0965960 0.0803787 0.2963603 0.2733031 0.0435313 -0.1705650 0.3929702 0.0979940 -0.0474520 0.5401685 0.0688098 0.5753865 0.0410709 0.2765726 0.3221261 0.6093955 0.5001296 0.2880989 0.1454069 0.3901310 0.1525277 0.4810779 -0.2179661 0.3862378 0.2781467 0.2497851 0.3274030 0.6888522 0.5349443 0.2226476 0.5561445 -0.1148797 0.1997248 0.5644292 -0.1600480 0.0203865 0.4124127 -0.1136992 -0.1808807 0.4240119 0.3213102 0.1140438 0.2259833 0.2373995 0.0214561 0.3231464 0.0244738 0.2755954 0.0205857 0.0650787 0.3685130 -0.0693578 -0.1690329 0.0395113 0.1211787 0.2431486 0.1893992 0.4962763 0.4380579 0.3080350 0.1590657 0.3653125 0.0389186 0.0940089 0.3103947 0.1744905 0.0822469 0.2554074 0.1011297 0.1918344 0.2993352 0.2771725 0.0968009 0.1630120 0.1347354 0.1719139 0.0324822 0.1228734 0.2476431 -0.1614266 -0.0468009 -0.0698731 0.2883649 -0.2336562 0.2289667 -0.0683490 0.0340554 0.5315433 0.4514288 0.3013169 0.2407216 0.2864607 0.4355582 0.0868738 0.2900664 0.2728391 0.0285318 0.1958314 0.0180352 0.3432671 0.1066059 -0.3409252 -0.0977741 0.2347070 0.1502999 -0.0102391 0.4102568 0.3438931 0.2456928 -0.3462526 0.2628629 -0.0425290 0.3399280 -0.3906735 -0.0519005 0.0817638 0.2867120 0.0322514 0.1105106 0.1657160 -0.3511371 0.0607564 0.2147276 -0.4813294 -0.3441275 0.2900735 0.3573167 0.0779116 0.1945744 0.4018618 -0.2326348 -0.3830090 -0.3722254 -0.4231606 -0.3853232 -0.2937448 -0.0899754 0.1151403 -0.1564904 0.2864776 0.4282254 0.4364582 0.4678534 -0.2948400 -0.1417654 -0.0898087 -0.3854928 -0.3256634 -0.2254470 -0.3570758 -0.3834490 -0.3401209 -0.2973679 -0.3305383 -0.4386574 -0.3385602 -0.2486641 -0.2951328 -0.3915946 -0.3674824 -0.0041386 -0.0885737 0.2663383 0.0791392 0.0555131 0.0313113 -0.4325691 -0.5175694 0.1531865 -0.1011145 0.1597397 0.2094850 -0.2647246 0.2457162 -0.2010506 -0.0307882
