0.0000000 0.6422367 0.7138766 0.5760493 0.3107485 0.5689743 0.4704542 0.4110687 -0.2392439 -0.1248153 0.3140443 0.0703467 0.6787623 -0.1226338 -0.1891076 0.4157338 0.2285603 -0.0926667 0.0506835 0.2852866 -0.1782209 0.2397750 0.3850874 -0.2058598 0.3202031 0.2748143 0.0698971 0.2595045 -0.0579144 0.0527596 0.2102337 0.0003208 -0.3065238 0.3153171 -0.0441382 0.6606421 -0.1202460 0.2004262 -0.1344241 0.1047178 0.0045466 0.6333345 -0.1762367 0.2901643 0.6430078 -0.0861473 -0.2468431 0.1090519 -0.2654722 0.2034768 -0.1716139 0.1124719 0.3153876 0.0540672 0.3164824 0.1232199 -0.1851707 -0.3183054 -0.4526847 -0.1384604 0.2064865 -0.2007083 0.1787126 -0.1969491 0.0406263 -0.3239510 -0.2745385 -0.1016709 -0.0864175 -0.1925034 -0.3086884 -0.0631142 -0.3585141 0.0899907 -0.2694870 -0.0071543 -0.3244043 -0.1247493 -0.1715086 -0.1959667 -0.2860499 -0.2427590 -0.1250141 -0.3541444 0.2435363 0.3568127 0.6853825 0.2486181 0.6283629 0.7515680 -0.0906324 0.3566759 -0.3506355 0.5560892 0.1014189 0.4552713 0.1428492 -0.4488616 0.2589435 0.7371089 0.6542247 0.1749774 0.2660791 0.5660140 0.1252830 0.2883763 0.3584355 0.4014481 0.1115539 0.8551632 0.1465030 0.5317227 0.4486330 0.3687583 0.3981286 0.0772753 -0.0787264 0.2229790 -0.1305961 0.0616974 0.1901730 0.1180241 0.7072520 0.0628502 -0.1431552 0.0235866 0.1923537 0.6781511 0.0366868 0.3055701 0.3889708 0.8719129 0.2350072 0.4596098 0.2650547 0.9130815 0.5425227 0.0625014 0.3731282 0.2396539 0.7040036 0.4627031 0.4792638 0.1920082 0.4898950 0.6075633 0.5581360 0.4886531 0.1754873 0.6770968 0.6798610 0.1815933 0.4902000 0.5969752 0.5460132 0.4354566 0.6393970 0.5459167 0.2762369 0.4381079 0.6273891 0.5122601 0.4988101 0.5738204 0.7139126 0.4938921 0.6154741 0.3338589 0.4800333 0.5392978 0.5977258 0.4648255 0.4339928 0.2388186 0.2385759 -0.0924145 -0.0501182 0.0358318 0.3858151 0.5499976 0.4855962 0.5944167 0.1580156 0.3483654 -0.2053158 0.3108876 -0.7922105 -0.5394121 -0.5255746 -0.2602188 0.4810936 -0.2605435 0.0015747 0.0240797 0.0431721 -0.1452369 -0.1624046 0.2490316 -0.3299744 -0.1689441 0.3822808 0.0657711 0.0289145 -0.0985099 0.5938230 0.3163619 -0.1031665 0.3594860 0.2165752 -0.2528107 0.2370782 -0.1814183 0.4111183 0.6197813 0.0529039 0.3886283 0.3163775 0.2538558
0.6422367 0.0000000 0.4526807 0.8233529 -0.0096583 0.5777979 0.2453034 0.5772976 -0.0560400 -0.2862567 0.2441788 0.4056016 0.1960735 0.1242213 0.4194905 0.5221952 0.2373768 -0.2179085 0.3802459 0.0818524 0.3121462 0.1137011 0.5819689 -0.2570911 0.5529939 0.4848388 0.3610151 0.3115379 0.0887531 0.5220756 -0.1884880 0.0930155 -0.1511137 0.3345983 0.1732566 0.7063360 0.1935075 0.1765120 0.4344334 0.7150748 0.0118901 0.6593253 0.3391651 0.7417785 0.4435706 0.3474120 0.0642063 0.2389572 -0.3860028 0.3129946 0.0464563 0.4063744 -0.0336330 0.4330440 0.1020320 0.2324161 -0.0418387 -0.0621280 0.1423299 0.0426427 0.0887680 0.1195332 -0.0952262 -0.4702344 -0.2893980 -0.0348809 -0.0252155 -0.3123546 -0.0440129 -0.3200092 -0.1984072 -0.0328017 -0.6163887 -0.0505315 0.1690975 -0.4392614 -0.2607014 0.0646001 -0.5145793 -0.6183174 -0.1895902 -0.5610499 -0.2475494 -0.6115224 -0.3005039 0.7334725 0.6925482 0.4379733 0.8852856 0.6699967 0.4471360 0.6727444 0.2776674 0.4925040 0.7480131 0.8097377 0.4099240 0.2813589 0.8576277 0.4663051 0.5336555 0.6826669 0.2435014 0.2733533 0.2760989 0.7995532 0.7758705 0.5309972 0.5484070 0.5498113 0.7175268 0.7844634 0.7980224 0.6582840 0.5295939 0.4390959 0.4711743 0.7688787 0.2987821 0.4970141 0.7115572 0.6282468 0.4650582 0.5867772 0.2551876 0.2705738 0.6522552 0.2317281 0.5818588 0.7063962 0.9176371 0.3815027 0.7250488 0.0966937 0.4051694 0.6248351 0.7163101 0.7203746 0.8027472 0.7456781 0.5539771 0.8392047 0.0889384 0.5197089 0.6437499 0.6134572 0.8419581 0.7639781 -0.2796554 0.8068612 0.8366595 0.6085373 0.7907087 0.0912286 0.8077789 0.3925256 0.0856898 0.8042498 -0.4287945 0.8381576 0.7034323 0.8872043 0.1516403 0.5762998 0.8188950 0.7735861 0.0507327 -0.3268965 0.2445275 0.8026311 0.5837652 0.2962132 0.0712620 0.0138278 0.4523103 0.3299556 0.2556163 0.5479533 0.4134272 0.4870547 0.7167141 0.6968956 0.5722267 0.6063844 -0.2439515 -0.2498085 -0.4657668 -0.5399275 -0.1893798 0.0791470 0.5919566 -0.2505113 0.1526182 -0.0743643 0.2076105 0.0228608 0.2340280 0.3907526 -0.1717610 0.3191366 0.4460997 0.3253938 0.4729747 0.5305644 0.3083878 0.1450816 0.4282183 0.4627316 0.1597409 -0.0994690 0.6038369 0.3985732 0.0649060 0.5239074 0.5165592 0.0093982 0.7401158 0.6373230
0.7138766 0.4526807 0.0000000 0.5311779 0.7721686 0.5935901 0.5330066 0.5991778 0.0653620 0.0884994 0.2714372 0.3000909 0.9130630 0.0697646 0.0805066 0.1951841 0.3497915 0.2249572 0.2291481 0.4219840 0.1541679 0.5421181 0.1902014 0.1093668 0.2574602 0.0968506 0.1246752 0.4218323 0.1410782 0.2598460 0.3172003 0.1376633 0.0434002 0.5372877 -0.1729597 0.4008792 -0.1913324 0.4770815 0.0147826 0.1258424 0.3317455 0.5226703 -0.1047128 0.3874919 0.5733076 -0.0409308 -0.1977480 0.4986572 0.0681614 0.1693031 -0.2426330 0.0984750 0.6097383 0.2577844 0.7389098 0.3519924 -0.0814435 -0.1544491 -0.2058880 -0.1415911 0.2161789 -0.0811542 0.6242042 0.0300990 0.4610132 -0.0726959 -0.2494265 -0.1309245 0.3603080 -0.3651307 -0.1341189 0.3196343 -0.3470208 0.3567326 0.1326858 0.1424990 0.1228159 0.3632370 0.3663115 0.3006467 0.3290606 -0.0085368 -0.1427326 -0.3426260 -0.1797662 0.2375958 0.4913451 -0.0011416 0.5706708 0.5153002 0.0661338 0.4427198 0.0294650 0.2598251 0.2269788 0.2785310 0.3201815 -0.1979526 0.2553663 0.7108176 0.5115499 0.1547689 0.0993330 0.4039501 0.1556699 0.3196416 0.2676217 0.2807306 0.0928367 0.4672383 0.1753269 0.5595896 0.2511983 0.1609789 0.4345816 -0.0126136 0.0295882 0.3497428 -0.2552324 0.0943745 0.3452173 -0.1121635 0.6545904 0.0057386 -0.1268081 0.1965867 -0.0428389 0.6720406 0.1167038 0.1173467 0.3573960 0.8020574 -0.0733994 0.3171711 0.3224616 0.6275021 0.4345032 0.1132856 0.3610351 0.2916100 0.6785869 0.3706041 0.7677891 0.2264634 0.2090375 0.2051422 0.4916185 0.4318443 0.2944653 0.5229824 0.5994209 -0.2092644 0.3765339 0.4145655 0.5132001 0.6461494 0.3580375 0.3864668 0.2458732 0.3359805 0.5209716 0.3769214 0.6156471 0.2785353 0.5692379 0.3729411 0.4212168 0.1010815 0.1803829 0.2363431 0.5211181 0.5566418 0.4515351 0.4332865 0.3454366 0.1634458 0.1334314 0.0725224 0.3138251 0.2289596 0.1962823 0.3993689 -0.0165625 0.1009761 -0.0442544 0.1975113 -0.3706334 -0.0199840 0.1263661 0.2255915 0.2510341 0.2832757 0.4536352 -0.0969107 0.1952565 -0.0200132 0.1206709 0.4687935 0.1706712 0.0063692 0.3555065 0.2559965 0.1679940 0.2008774 0.6454963 0.5444614 -0.0209184 0.3402569 0.0718439 0.1227209 0.3680624 0.0834473 0.5525533 0.5196474 0.0293624 0.3108490 0.2821959 0.4066969
0.5760493 0.8233529 0.5311779 0.0000000 -0.0179110 0.9008606 0.0212003 0.7587772 0.2857142 -0.2983823 -0.0566396 0.2229370 0.3193902 0.0853516 0.6213919 0.2163645 0.0369756 0.0861683 0.2639216 -0.2317402 0.4131578 -0.0809295 0.2529833 0.1660718 0.3001110 0.2929173 0.0055333 0.4750679 0.4915658 0.5483819 -0.4261961 -0.0546416 0.2209511 0.6066215 0.0380403 0.5020400 0.0825073 0.0920179 0.2216729 0.5284886 -0.2140927 0.4911387 0.0483883 0.5647361 0.3373635 0.1116624 0.0739593 0.1567522 -0.0978978 -0.0325648 0.1063957 0.1073452 0.1540490 0.3359323 0.0983260 0.0155307 0.0072973 0.1363071 0.0892711 0.0472864 -0.2138023 0.0487337 -0.1944662 -0.0832172 -0.1156754 0.0142654 -0.0032398 -0.1336105 -0.1468911 -0.1964963 -0.1903879 0.1233972 -0.4720787 -0.1656627 0.0157388 -0.2478429 -0.0954717 0.0186013 -0.4918487 -0.4941299 -0.2405284 -0.1749404 0.0430968 -0.2845491 -0.0920733 0.6500246 0.4455079 0.4943367 0.7977272 0.6540847 0.4833027 0.5022117 0.3302622 0.5352162 0.6723867 0.5796457 0.6714017 0.3147093 0.7098381 0.5235938 0.6287900 0.7068908 0.4311112 0.4298050 0.5215224 0.5896766 0.7491627 0.8683668 0.7013954 0.5185514 0.6493414 0.6606709 0.8556006 0.5892148 0.6236645 0.4300111 0.3720514 0.7910339 0.1663215 0.2114391 0.5348103 0.3137630 0.4687001 0.5152842 0.0122942 0.0664091 0.2647787 0.3752622 0.3551994 0.6575079 0.7019553 0.3368218 0.3070529 0.3934558 0.4658847 0.6062532 0.6931123 0.5720248 0.6896372 0.6029287 0.4998864 0.7848861 0.1063576 0.4592658 0.5332020 0.4773351 0.8519411 0.7767895 -0.1210238 0.8575257 0.8411364 0.4123120 0.8347354 0.0929376 0.8108785 0.2840516 0.0253485 0.8739269 -0.3891465 0.7191835 0.5440231 0.7829824 0.1939032 0.4246666 0.8055790 0.5791365 0.0444325 -0.1988223 0.1699836 0.5735659 0.6558814 0.3549087 0.1660675 0.0986667 0.1023962 0.0762601 -0.0407283 0.3217768 0.0730656 0.1926170 0.3868589 0.3983685 0.3459168 0.3913358 -0.4998400 -0.4853591 -0.5610636 -0.6366835 -0.1287677 0.0004886 0.1791996 -0.1423817 0.4070671 -0.4027523 -0.0016146 -0.2405092 -0.0204287 0.3705635 -0.1192610 0.1402954 -0.0371279 0.1077415 0.5237388 0.3411527 0.1608925 0.0870492 0.1112995 0.0575015 -0.3289206 -0.4065926 0.7053223 0.2962800 -0.0631527 0.4053982 0.1550963 -0.2843766 0.4376105 0.4395027
0.3107485 -0.0096583 0.7721686 -0.0179110 0.0000000 0.0423434 0.6407345 0.2434535 -0.2479609 0.3553448 0.4322833 0.3076156 0.7374609 -0.1422320 -0.2197569 0.0587436 0.1771211 -0.0205329 0.1653654 0.4923762 0.0698561 0.5981492 -0.0674173 -0.1363085 0.0422583 -0.1021819 0.0184778 0.0188554 0.0571189 -0.1029121 0.5132643 0.0727510 -0.2078758 0.3091296 -0.1829661 -0.0571441 -0.3003591 0.4605963 -0.0812086 -0.2004301 0.5134938 0.1825411 -0.1164553 0.1834188 0.4363418 -0.0190718 -0.2705612 0.4833565 0.3919264 0.0671871 -0.3013808 -0.1117308 0.6871791 0.1197717 0.6803268 0.3571245 -0.0934754 0.0550737 -0.2101203 -0.1812572 0.3262897 -0.1065142 0.8115545 0.2990210 0.7563359 0.0050641 -0.2322503 0.0451306 0.5654232 -0.0893919 -0.0227503 0.5756289 -0.1755494 0.7243460 0.2546302 0.4854977 0.4459067 0.4372748 0.8300048 0.7403520 0.7090067 0.2315765 -0.0459927 -0.2178995 -0.2851903 0.0795419 0.2521460 -0.2670577 0.2681290 0.2159951 -0.0707978 0.2844460 0.1002250 -0.1264105 -0.0008538 0.0701509 0.0842878 -0.1730142 -0.0731026 0.4314020 0.2414065 -0.0645455 -0.0594359 0.1381577 -0.0411904 0.1644871 0.0478331 -0.1930218 -0.2574722 0.1016011 -0.1319089 0.2919936 -0.1631736 0.0119339 0.3127155 -0.0012218 0.1324865 0.0921788 -0.1134748 0.0276588 0.2654291 -0.1114752 0.2803561 -0.0881352 -0.0204238 0.2248775 -0.0358264 0.4492834 -0.1055581 -0.0988967 -0.0257609 0.5236181 -0.1799665 -0.0233067 -0.0456469 0.2442608 -0.0788084 -0.2116708 -0.1271543 0.0936789 0.4750036 -0.1054322 0.8589177 -0.0056627 -0.2460266 -0.1651758 -0.0767402 -0.1485990 0.5316130 0.0152889 0.0858259 -0.4667422 -0.1324693 0.4511994 -0.0199651 0.6480125 0.3927860 -0.1445894 0.4633370 0.0283815 0.1520076 -0.0798956 0.5667843 0.1710591 0.1498192 0.1802582 0.4397099 0.2112392 0.1584373 -0.0797819 0.3145244 0.5470401 0.4195457 0.4879558 0.3884678 0.3140498 0.3004731 0.1060399 0.2852592 -0.0681524 -0.0803970 0.0276152 -0.4038225 -0.3170536 0.2808549 0.4068169 0.1062335 0.5150645 0.5112886 0.4631098 0.0380111 0.6450840 0.4089996 0.0442381 0.2717552 0.1554980 0.2815489 0.3641539 0.5253357 0.0218448 0.4043211 0.1862789 -0.1665303 0.2492431 0.4880431 0.4862759 -0.0359647 0.2649119 0.2880118 0.3498638 -0.0875174 0.1914812 0.6445039 0.2858216 -0.0353884 0.3304901 -0.0333036 0.1000288
0.5689743 0.5777979 0.5935901 0.9008606 0.0423434 0.0000000 0.0785832 0.7848895 0.4992741 -0.0556699 -0.0832251 0.1767650 0.5226735 0.1426861 0.5915945 0.0830449 0.0399043 0.3561619 0.1176658 -0.1382126 0.4295934 -0.0135853 0.0706776 0.4360505 0.1629780 0.1517804 -0.1226549 0.5757766 0.5837571 0.5087100 -0.3219535 0.0567319 0.4293244 0.6079015 -0.0320231 0.4217360 0.0202740 0.1485130 0.0626053 0.2947346 -0.2093525 0.4830912 -0.1366704 0.2827897 0.3174959 -0.1180489 0.0127873 0.1494605 -0.0067134 -0.2167792 0.1044959 0.0271429 0.3110338 0.1592262 0.2495101 -0.0432275 0.0394494 -0.0328474 0.0748495 0.0744449 -0.1358555 -0.0946889 -0.0291849 0.0373998 0.0396042 -0.0185898 -0.0205393 -0.1939232 -0.1150580 -0.2930580 -0.2321986 0.0702255 -0.3778436 -0.2842259 -0.1922606 -0.1927883 -0.0390990 -0.0957583 -0.3192053 -0.2840989 -0.1901690 0.1067907 0.0398038 -0.1612010 0.0284561 0.3077609 0.2733668 0.2186401 0.5275431 0.4483048 0.1730574 0.1725562 0.0897119 0.3417946 0.3376754 0.2022265 0.4856327 0.1564071 0.4071114 0.4314130 0.4510846 0.4627375 0.2405287 0.3371544 0.3283663 0.2432187 0.4670049 0.7936718 0.4641410 0.4017288 0.3499502 0.3723329 0.5872980 0.2561307 0.3897764 0.1004282 0.0475633 0.5486469 -0.1843043 0.1054741 0.3057949 -0.0935742 0.5675917 0.1424556 -0.0492279 0.1040900 -0.1193566 0.4152764 0.2648670 0.3006081 0.4317689 0.3808624 -0.0910559 0.4295645 0.3955271 0.5429651 0.5148846 0.4047146 0.4839346 0.4408933 0.4433051 0.6397033 0.1984153 0.3196311 0.3014044 0.2564501 0.7127952 0.6876745 0.0013923 0.7433034 0.7448847 0.0841765 0.7200170 0.0347459 0.7201622 0.1666590 0.0673085 0.7296349 -0.1793823 0.5183044 0.4793883 0.5975592 0.1926546 0.2711869 0.6992959 0.2330868 0.0040595 -0.1187472 0.1286228 0.3637026 0.5505590 0.3584453 0.4083374 0.3179898 0.0297613 -0.0301470 -0.1152149 0.1142509 0.0383375 0.1118421 0.1458637 0.2399994 0.1503386 0.2021708 -0.4097489 -0.3634063 -0.5298141 -0.5291780 -0.1981225 -0.0746661 0.0225969 -0.0989837 0.3112054 -0.3328741 0.0603169 -0.1816622 -0.0905220 0.3703116 -0.0920638 0.0489815 -0.2561489 -0.1480617 0.3033854 0.0628356 0.3245173 0.2971469 -0.0041939 -0.0581800 -0.5159853 -0.4898526 0.5365057 0.1153751 0.1139422 0.4256774 -0.0151405 -0.1641269 0.2175757 0.2457654
0.4704542 0.2453034 0.5330066 0.0212003 0.6407345 0.0785832 0.0000000 0.3993450 -0.4066205 0.7108196 0.9113348 0.4852213 0.5998796 -0.0402330 -0.1518459 0.5851644 0.2048874 -0.2677431 0.3276900 0.7429400 0.2051235 0.6699477 0.2732269 -0.3907742 0.4271884 0.3503051 0.2386720 0.0461237 0.0634152 0.0727403 0.6003954 0.4801072 -0.4103933 -0.1108328 0.3386732 0.2183121 0.1462851 0.6105402 0.2399812 0.0166171 0.5876115 0.4670177 0.2273081 0.2205429 0.4336138 0.2455448 -0.0620504 0.4912670 -0.0110227 0.0719535 0.1128198 0.2526038 0.3650137 0.1526765 0.5264051 0.4732908 0.1498989 -0.1688056 -0.0181334 0.2442256 0.6204034 -0.0734773 0.7382637 -0.1273877 0.3659100 0.1094832 0.0971726 -0.2320198 0.5580968 -0.1642986 -0.0811048 0.1615931 -0.3999961 0.4047931 0.0477622 0.1180785 0.0820236 -0.0105809 0.4822399 0.2585825 0.5155967 0.1422664 -0.3394491 -0.5894643 -0.3216108 0.1200774 0.5300916 -0.4638138 0.3104567 0.1081396 -0.3556692 0.1096377 -0.0870933 -0.3269810 -0.0751847 0.1330874 -0.3146890 -0.0425323 0.0011351 0.0687470 0.0402568 0.1135218 -0.4590931 -0.1865818 -0.4828304 0.2484325 0.1938737 -0.3236518 -0.3963572 0.0601128 -0.2168398 0.0634536 -0.1806034 -0.0205796 0.0085436 -0.1078006 0.1286328 0.0629145 -0.1815880 0.3960815 0.4918679 0.1057377 0.2773143 -0.2272358 0.4358539 0.5630758 0.3070147 0.0269804 0.2661507 -0.1246222 0.1963798 0.3546651 0.1087429 -0.3899427 -0.2206268 0.2481201 -0.1982069 0.1183429 -0.1031781 0.4698091 0.5397712 0.2097671 0.6447969 -0.1041490 -0.3235541 -0.1785450 0.0150644 -0.0511681 0.3499538 0.1970291 0.2985472 -0.3138378 0.1530235 0.2380206 0.1922194 0.3020810 0.5437726 0.0289631 0.3737356 0.4231115 0.4935705 0.2658842 0.0857824 0.5887645 0.4401073 0.0704650 0.1598631 0.0242457 0.5478181 0.4460139 0.4519953 0.6450093 0.8003246 0.6281030 0.7308944 0.5294961 0.5181190 0.5225919 0.6633303 0.2063837 0.2186340 0.1840578 -0.2837386 -0.1993913 0.3924092 0.4579872 0.0964776 0.3319429 0.1144729 0.2025964 0.3144097 0.1895735 -0.1270584 0.3526069 0.6284814 0.4849561 0.4438477 0.2773635 0.2868244 0.1980762 0.4584970 -0.2408557 -0.5683366 0.1770003 0.7302772 0.6594363 0.3998397 0.5501923 0.5173739 0.0914668 -0.4267116 0.3466304 0.8950828 0.4749878 0.4703420 0.6136743 0.2224620 0.0616012
0.4110687 0.5772976 0.5991778 0.7587772 0.2434535 0.7848895 0.3993450 0.0000000 0.3095346 0.2172680 0.3227278 0.2198102 0.5175524 0.3555752 0.6430485 0.4925498 0.2447281 0.2812605 0.6633853 0.1946164 0.4923348 0.3894756 0.3744012 0.3343169 0.5971040 0.5869092 0.2257105 0.7132787 0.5820065 0.7562491 0.0266267 0.4726327 0.3789035 0.2478862 0.4762037 0.2964276 0.4784722 0.6190099 0.5392388 0.5275920 0.3198926 0.3182552 0.3751668 0.5687236 0.0502761 0.4465776 0.4398806 0.6171081 -0.1442238 0.0548519 0.5232625 0.3704275 0.0815708 0.6282534 0.4591673 0.4643803 0.5239898 0.2177588 0.1140896 0.5480366 -0.1417183 0.3549614 0.2902035 -0.1115343 -0.0245759 0.5182325 0.4616553 -0.0259406 0.4559519 -0.1594266 0.2338050 0.0734766 -0.2703025 -0.0667707 0.3025668 -0.1089605 -0.1137320 0.2614536 -0.0649833 -0.2565420 0.2134968 0.1283534 -0.0921238 -0.3330984 -0.2540502 0.4238470 0.4785317 0.1107412 0.6202218 0.2826092 0.3483271 0.4283991 0.4629073 0.1483265 0.5086297 0.3395277 0.5160433 0.3767459 0.4576257 0.2312257 0.4168529 0.6362248 -0.0591016 0.2064769 0.2431329 0.5026075 0.5729224 0.5178501 0.5138096 0.1282240 0.3750829 0.2884027 0.4320784 0.1830182 0.2963433 0.1349604 0.2707346 0.5510629 -0.1950674 0.1498697 0.5956459 0.0726084 0.2200945 0.1114948 0.0627735 0.2069794 0.1724067 0.0338310 0.3586185 0.2955054 0.6142209 0.2035553 0.0081721 0.1441996 0.3710247 0.2686568 0.4168876 0.5529035 0.5011958 0.6363379 0.5277107 0.7852628 0.3108192 0.0605110 0.1379859 -0.0130716 0.7189861 0.6337800 0.0560837 0.7833784 0.8480380 -0.0616240 0.8532833 -0.0434523 0.8334176 0.0115332 0.0596369 0.7556302 -0.1888865 0.7567902 0.6605964 0.7773872 -0.1474987 0.4520937 0.8037051 0.1534690 -0.1768817 -0.2112826 0.3849377 0.6293522 0.7026004 0.6266148 0.5227324 0.2551611 0.2189204 0.1911496 -0.0019093 0.4471620 0.0895885 0.0123384 0.1818392 0.1827914 0.0503482 0.1015454 -0.4178405 -0.4267876 -0.2249232 -0.2500336 0.1619333 -0.0167908 -0.0313236 -0.0798377 0.5219610 -0.4407365 0.1509187 -0.1168282 0.0691462 0.1418399 0.0225105 0.0939563 -0.1141512 -0.0945768 0.1509606 0.2474884 0.3046858 0.2954642 0.2358227 0.2002008 -0.1566759 -0.2146235 0.3729143 0.4047870 0.3148600 0.1946138 0.4045669 -0.0031534 0.4867569 0.4659515
-0.2392439 -0.0560400 0.0653620 0.2857142 -0.2479609 0.4992741 -0.4066205 0.3095346 0.0000000 -0.0081474 -0.5390987 0.0773506 0.1106343 0.5396764 0.6683625 -0.3678019 0.1751711 0.8369401 -0.0295179 -0.1044163 0.4360047 0.0076263 -0.1578977 0.8892336 -0.0667963 -0.1614153 0.0440691 0.5491353 0.2556430 0.5568807 -0.2588078 0.2500350 0.9320503 0.2422005 -0.1577555 0.1034748 0.1012925 0.0793294 0.1509549 0.2083481 -0.0763191 0.0905575 -0.0114351 -0.1287941 -0.2155642 -0.1997263 0.2037849 0.1578681 -0.0629729 -0.1384606 0.0752210 0.1748422 -0.0132771 0.0858605 0.2717984 -0.0113512 0.1519079 -0.2568718 0.4737241 0.1001408 -0.1332516 0.0892235 0.0041274 -0.0802136 -0.0864063 0.1256780 0.0843918 -0.3352896 -0.0064120 -0.5424255 0.0458156 -0.1728475 0.0622207 -0.5415642 0.0192034 -0.4116565 0.0301928 0.1368658 -0.1260174 -0.0499777 -0.0090659 0.0856505 -0.1778221 0.0929000 -0.1919696 -0.4104472 -0.3450572 -0.2040956 -0.2710697 -0.4055661 0.0289281 -0.2564890 0.0753624 -0.1407956 0.0229298 -0.4249114 0.1311016 0.2448497 0.0397761 -0.1552731 -0.3287573 -0.0511633 -0.2225371 -0.1960998 -0.0139130 -0.2476692 -0.2557879 0.2451239 0.1634991 -0.3401744 0.0868278 -0.1590574 -0.0626066 -0.4563786 -0.3166546 -0.4596189 -0.3583480 0.0753702 -0.5046290 0.0585744 -0.1284205 -0.5710417 0.1669952 -0.2747427 -0.0678601 0.1004778 -0.6094030 -0.0898392 0.3115040 -0.3362044 0.0655107 -0.1554582 -0.4936699 0.1215689 0.2932075 -0.2718492 0.1782393 0.3251552 0.3026425 -0.0019942 -0.3038982 0.1717634 -0.2653077 0.1311359 -0.0021264 -0.2755488 0.2918044 0.4121845 -0.3961318 0.0487797 0.1351549 -0.2495606 0.2084217 -0.6606319 0.3062465 -0.2229721 -0.6654454 0.1457426 -0.3957828 -0.1277133 -0.0331901 0.0583689 -0.1394194 -0.6018783 -0.0972748 -0.3958895 -0.5843915 -0.5100187 -0.5972242 -0.2894700 -0.3318337 -0.3548094 -0.0715537 0.0413896 -0.1723401 -0.0854750 -0.1141466 -0.2424652 -0.1988781 -0.0757987 -0.2101475 -0.0023158 0.2958288 0.1700644 -0.0950423 -0.3948019 0.0945012 -0.0248666 0.0511986 0.0656361 -0.1591812 -0.0265558 0.1708355 -0.1189714 0.0380613 0.0298532 0.0111256 0.1701782 -0.0210094 0.1256872 -0.4442930 0.0106272 0.4056513 -0.0515230 0.0313640 0.2030111 0.0605540 -0.1604358 -0.6619772 0.0308946 0.4605385 -0.0809184 -0.2021636 -0.0867599 -0.1168095 -0.1626220 0.0528719 0.2191114
-0.1248153 -0.2862567 0.0884994 -0.2983823 0.3553448 -0.0556699 0.7108196 0.2172680 -0.0081474 0.0000000 0.6663291 0.4540921 0.2920885 0.0551597 0.0580105 0.1958302 -0.0301774 -0.0070179 0.0913626 0.5193274 0.4419262 0.4226782 -0.1683107 -0.0166173 0.0541653 0.0340957 -0.0010969 -0.0306192 0.3159029 0.0333001 0.3767957 0.5281056 -0.0097164 -0.2218232 0.2939443 -0.2330540 0.1507622 0.4159974 0.1632281 -0.2210375 0.4136842 0.1332451 0.1283833 -0.2166995 0.0510344 0.0290693 -0.0080063 0.2860434 0.2538134 -0.3555699 0.2384940 0.0606133 0.3123302 -0.1215974 0.3262623 0.1959912 0.2400348 -0.1217912 0.3419516 0.3433784 0.5437326 -0.1784514 0.6211978 0.1092580 0.4205653 0.2171384 0.2291916 -0.3100381 0.4803897 -0.1454582 -0.0581221 0.1262674 -0.2132135 0.0986293 -0.1111070 0.0671672 0.3458408 -0.2155157 0.5701905 0.4303429 0.6181875 0.5793624 -0.2096022 -0.2600916 -0.3291318 -0.3500413 -0.0845646 -0.8191028 -0.2798035 -0.4940684 -0.5841352 -0.4821940 -0.1042328 -0.8386352 -0.4007554 -0.4793062 -0.5613658 0.1835495 -0.3501177 -0.5170285 -0.5256973 -0.1247594 -0.7497600 -0.6570107 -0.7149078 -0.2378803 -0.1837154 -0.4976675 -0.6194254 -0.5478707 -0.5125472 -0.5247707 -0.5748033 -0.4641293 -0.4021782 -0.3830604 -0.0684683 -0.1895097 -0.3520500 0.3347651 0.2091082 -0.2788179 -0.0065561 -0.5269081 0.5609457 0.6378365 -0.1348743 -0.3638995 0.2461718 -0.5542008 -0.2509210 -0.2047860 -0.3429421 -0.6508494 -0.4423658 -0.3146258 -0.6786815 0.0269220 -0.4903427 0.2807880 0.0652471 -0.1211292 0.3490858 -0.2446480 -0.8125466 -0.6897843 -0.3983228 -0.3656865 0.3214538 -0.2453322 -0.1564881 -0.6033257 -0.1689935 -0.2321432 -0.1803506 -0.1109777 0.1827941 -0.3425290 0.3140175 0.0634153 0.0751036 -0.1434944 -0.2717380 0.1692793 -0.0146439 -0.5138085 -0.3265451 -0.1683698 0.2344717 -0.0137753 0.0454189 0.3588040 0.7925604 0.7386633 0.5187466 0.5151374 0.4993379 0.3737973 0.3952392 -0.2219265 -0.2901487 -0.3477791 -0.5357815 -0.5801386 0.5701144 0.2662374 0.5622909 0.6348086 0.2795793 0.2765311 -0.1351448 0.3407993 -0.3029995 0.3976663 0.7044650 0.6517240 0.4968239 0.1910038 0.5034054 0.3017325 -0.0834159 -0.6418296 -0.7836776 -0.0035499 0.5074614 0.6631750 0.4146482 0.1340160 0.0718432 -0.0108547 -0.7004038 0.3553878 0.7567164 0.2033135 0.2951328 0.3647350 -0.1876187 -0.3325710
0.3140443 0.2441788 0.2714372 -0.0566396 0.4322833 -0.0832251 0.9113348 0.3227278 -0.5390987 0.6663291 0.0000000 0.4186701 0.2802090 0.0637071 -0.1153835 0.7560909 0.2602728 -0.4050052 0.4366080 0.6440282 0.1897196 0.4935114 0.4242964 -0.5038211 0.4763792 0.4747544 0.3751397 0.0359330 0.0799553 0.1145026 0.4702876 0.5269909 -0.4639702 -0.2444702 0.5198550 0.0253881 0.3046937 0.4760114 0.4091882 0.1849829 0.5010066 0.2355146 0.4486613 0.3730147 0.1737891 0.4435464 0.0324335 0.3523699 -0.1109641 0.1479855 0.2725837 0.3411437 0.0940931 0.2261750 0.2346401 0.4149133 0.2567444 -0.0077849 0.0366774 0.3706171 0.4381237 -0.0060374 0.5471602 -0.2530025 0.1047081 0.2686687 0.2445545 -0.1911540 0.5365858 -0.0279781 0.0302824 -0.0153482 -0.4206155 0.2339281 0.1575752 -0.0280337 0.0191011 -0.0321541 0.3201828 0.0597951 0.4943660 0.1486300 -0.1491553 -0.4429352 -0.2655561 0.2000223 0.4080135 -0.2989102 0.2993324 0.1046926 -0.1907105 0.1247261 0.0397213 -0.3616579 0.0390377 0.1771336 -0.3336791 0.0700347 0.1278061 -0.1723897 -0.0037169 0.1312781 -0.4855524 -0.2681308 -0.4036978 0.2663551 0.2496561 -0.3527445 -0.2707635 -0.0615047 -0.0455477 -0.0476898 -0.1193940 0.0556881 0.0098782 0.0474535 0.2590762 0.0760234 -0.0165328 0.3485585 0.4959534 0.3064301 0.1257898 -0.0917343 0.4824807 0.5686457 0.4803422 -0.1583661 0.3197366 -0.0070181 0.2287317 0.1489730 0.2985870 -0.5225294 -0.1016281 0.1708443 -0.1896432 0.2348790 -0.0717374 0.5451581 0.5834715 0.3046734 0.5514978 -0.0282556 -0.2509379 -0.0753678 0.0037271 -0.0368827 0.4074699 0.2339268 0.2712243 -0.0571907 0.1926052 0.2275371 0.1449668 0.0951073 0.5738118 0.0992340 0.3712214 0.5440177 0.5711725 0.3426114 -0.1972976 0.7293597 0.4764261 0.0782317 0.0100694 0.0208239 0.7010399 0.5757801 0.5098537 0.6982333 0.6638696 0.5099544 0.6596945 0.5610186 0.4812524 0.5882270 0.4862454 0.0189763 0.1183211 0.0240386 -0.3309883 -0.2887183 0.3231530 0.2359329 0.2065970 0.2897372 0.1391213 0.1484717 0.1808908 0.1073009 -0.1945726 0.2354738 0.5773195 0.4365043 0.4616284 0.0942539 0.2872348 0.3287636 0.3655823 -0.2939324 -0.6178188 0.1917925 0.5838208 0.5236104 0.5358689 0.4101863 0.5159081 0.0925899 -0.4795884 0.4683602 0.8182682 0.4113383 0.6752945 0.4265568 0.3238900 0.0794639
0.0703467 0.4056016 0.3000909 0.2229370 0.3076156 0.1767650 0.4852213 0.2198102 0.0773506 0.4540921 0.4186701 0.0000000 0.1598472 0.0097922 0.4295380 0.0577455 0.0132768 -0.2412230 -0.0320639 0.2907009 0.8037779 0.2067625 -0.0502963 -0.2889753 0.0151040 -0.1623940 0.1549784 -0.1510341 0.2099627 0.2236104 -0.1195272 0.1538777 -0.1330754 0.3751768 -0.1790864 0.2295052 -0.2062007 0.0852013 0.2714590 0.2756422 0.1258533 0.6563090 0.1523340 0.2748532 0.5604726 -0.0509841 -0.3689990 0.1661001 0.2368457 -0.1993847 -0.3149716 0.1109912 0.4682007 -0.0809861 0.2214259 0.0257126 -0.3491739 -0.2516130 0.7550091 -0.2314123 0.6989023 -0.3673875 0.3516336 -0.1442263 0.3716773 -0.2258597 -0.3165838 -0.8017602 0.1129649 -0.6054921 -0.5545685 0.3613047 -0.8510279 0.1453880 0.0219364 -0.3955893 0.5467890 -0.1079013 0.1828456 0.1414776 0.5077211 -0.0784837 -0.3716662 -0.6751746 -0.8049102 0.1709423 0.0971864 -0.4400495 0.2826302 -0.0199296 -0.1176982 0.0084201 0.1671409 -0.4996263 0.2984809 0.1175103 -0.2391080 0.5311507 0.4576640 -0.1275160 -0.3170370 0.2568460 -0.3541222 -0.6117545 -0.4250089 0.3600703 0.3123711 -0.1393575 -0.2525101 -0.2321979 0.2300555 0.3249033 0.0939445 0.1628066 0.1446645 0.0847004 0.4284379 0.5696521 0.2110429 0.9127997 0.7100134 0.2985207 0.4327673 0.2310411 0.8690788 0.9241850 0.2989674 -0.0389373 0.8035099 0.0546702 0.3832366 -0.0265863 0.3514742 -0.6891699 -0.1534866 0.0624497 -0.1360019 0.5929629 0.1675939 0.7541326 0.2057589 0.2252704 0.2605964 0.5816565 -0.2466754 -0.1190318 0.0702901 0.1072187 -0.1040799 0.0119285 0.1082409 0.0700513 0.0440435 -0.3225456 0.1191110 0.5738442 -0.1321603 -0.0234198 -0.2752703 0.3865931 0.2242005 0.2134814 0.1939431 0.1881230 0.2041687 0.3211119 -0.3380352 -0.6972687 -0.2002553 0.1468912 0.0731436 0.1191975 0.3204661 0.6735313 0.8995554 0.9448331 0.9510357 0.6775204 0.7097495 0.1014846 0.2242245 0.2163622 0.1184749 -0.0237054 0.6903567 0.0539071 0.4326401 0.4245819 0.3514007 0.8220728 0.4367461 0.5294139 -0.2173383 0.5474736 0.9259172 0.8496409 0.9478260 0.8710788 0.6623726 0.8464277 0.4192886 -0.0067903 -0.0168764 0.7492504 0.5727371 0.7075736 0.8034239 0.3664987 0.0311304 0.1876416 0.0274503 0.7420497 0.4689909 0.6770308 0.4614772 0.0799700 0.2406252 0.1524790
0.6787623 0.1960735 0.9130630 0.3193902 0.7374609 0.5226735 0.5998796 0.5175524 0.1106343 0.2920885 0.2802090 0.1598472 0.0000000 0.0330035 -0.0931107 0.1364711 0.2816321 0.3400082 0.1220426 0.5397717 0.0201440 0.6368337 0.0713939 0.2185539 0.2159449 0.0736104 0.0141619 0.3921693 0.0775734 0.1326376 0.5191817 0.2419871 0.0822246 0.3110052 -0.1117062 0.3866886 -0.1432537 0.5697981 -0.1239006 -0.1386395 0.4072420 0.4955673 -0.2247187 0.0529107 0.5224367 -0.1600958 -0.1458964 0.5078088 0.0489428 0.0672335 -0.1538639 0.0646416 0.6064633 0.1127971 0.8239341 0.3723278 0.0137567 -0.3072384 -0.3060954 -0.0318100 0.3282860 -0.0986278 0.7204832 0.0905923 0.5108969 -0.0833791 -0.1633976 -0.0775024 0.3865507 -0.3261616 -0.0876437 0.2166998 -0.1262614 0.3218453 -0.0634362 0.2626091 0.0240833 0.2108989 0.4756539 0.4142173 0.2714910 0.1389727 -0.2555883 -0.3016938 -0.0336091 -0.0589801 0.4493649 -0.2655059 0.2840559 0.2708155 -0.2728296 0.1571546 -0.2356287 0.1135545 -0.1441460 -0.0000501 0.0780402 -0.3836547 -0.1147614 0.5956928 0.3354615 -0.0439736 -0.0858090 0.3242265 -0.0997628 0.0398309 -0.0016277 0.1011134 -0.1768346 0.3861997 -0.2108931 0.2529739 -0.0582277 -0.1411960 0.1249611 -0.3180765 -0.2723146 0.0153666 -0.5321404 -0.0068140 0.1156093 -0.4048388 0.5701570 -0.3613444 -0.1771710 0.1324783 -0.2735483 0.5676112 -0.0445296 -0.2059359 0.0974482 0.7697578 -0.3610946 0.3213649 0.0993880 0.4858099 0.1945088 -0.1200609 0.0968786 0.0670807 0.4975770 0.1614766 0.7014386 -0.0873184 -0.0252994 -0.0351715 0.2820261 0.2328049 0.2951135 0.3347021 0.4442043 -0.5151717 0.2255068 0.3513259 0.3775882 0.4450198 0.3934012 0.1768316 0.3935112 0.1111175 0.3834846 0.1735253 0.5335346 0.1497964 0.3936545 0.0361482 0.4280343 0.2191990 0.1894582 0.0973611 0.3539605 0.4667037 0.6324098 0.4818684 0.2714579 0.0040487 0.0368599 -0.0736044 0.3507435 0.2892830 0.1169789 0.3226639 -0.1315944 0.0188613 0.0283587 0.4249131 -0.3587677 0.0490604 -0.0312534 0.0262390 0.2025705 0.1658080 0.2735940 0.0448593 0.1888603 0.0227663 -0.0192507 0.3193271 0.0448826 -0.2087592 0.2424930 0.0269330 -0.1000387 -0.1047620 0.6871253 0.5844733 -0.1655384 0.3533560 0.1026275 0.0412039 0.0895366 -0.1561817 0.6381341 0.3967856 -0.1104264 0.5368519 0.0747916 0.1828978
-0.1226338 0.1242213 0.0697646 0.0853516 -0.1422320 0.1426861 -0.0402330 0.3555752 0.5396764 0.0551597 0.0637071 0.0097922 0.0330035 0.0000000 0.4541669 0.4221850 0.8482268 0.6925141 0.5617081 0.4322255 0.1711789 0.3860000 0.6292632 0.5773236 0.5380045 0.4463973 0.8112347 0.8218706 -0.1272472 0.8070226 0.2043118 0.7882783 0.6795825 -0.2207975 0.3874376 0.0780971 0.5966922 0.4156499 0.7164720 0.6840150 0.3980205 -0.0951623 0.6914054 0.4253184 -0.5331336 0.4705718 0.4965954 0.4444851 -0.6312011 0.5829141 0.3827216 0.8164508 -0.4977474 0.5976789 0.3435246 0.5070149 0.5562850 -0.2645757 0.3015125 0.4928946 -0.1766512 0.4593385 0.2768282 -0.6989618 -0.5409009 0.5705678 0.4338174 -0.2953963 0.4990730 -0.5471908 0.5018700 -0.6576882 0.0432370 -0.5851904 0.5522987 -0.6629187 -0.3764165 0.5224676 -0.0767172 -0.2643131 0.2356202 -0.1680180 -0.2131709 0.0208097 -0.2310751 -0.3068905 -0.0810461 -0.0525727 -0.1036160 -0.3020178 0.2500819 0.1185773 0.1980895 -0.1238990 0.2165954 -0.1726320 -0.0260939 0.0954680 0.2819151 -0.3133717 -0.2597582 -0.1614994 -0.5632935 -0.1925099 -0.0687352 -0.0436699 -0.2521983 -0.1282900 0.2357477 -0.3666163 0.3483007 -0.1944690 -0.1400488 -0.4862607 -0.4233009 -0.4568907 -0.3023044 -0.0584759 -0.5595035 0.0064378 -0.0052646 -0.2672776 0.1032435 -0.2940024 -0.0928403 0.2253482 -0.1713906 -0.2764972 0.4832971 -0.2814013 0.3734654 -0.0084918 -0.0830296 -0.1043238 0.6854972 -0.1946200 0.4222306 0.5570347 0.5818536 0.1767906 0.1498340 0.5278567 0.0115103 0.1251490 0.2857532 -0.0157387 0.4830254 0.6234992 -0.2112850 0.3082179 0.3931892 0.0106894 0.4248570 -0.4459705 0.5005964 -0.4011660 -0.3312205 0.3571017 -0.1094624 0.2340319 0.5598098 0.4223768 -0.5083872 -0.1794581 0.2075010 -0.3108865 -0.6183729 -0.4063828 -0.0720601 0.2270693 -0.0840817 0.0215438 -0.1089946 -0.1330377 0.0233337 0.0544773 -0.0880168 -0.0989386 -0.1947680 -0.0512879 -0.1191170 0.1257977 0.3133618 0.2069407 -0.1256205 -0.3920469 0.1797310 0.0409607 0.0904438 -0.0836372 -0.0308073 -0.2643409 0.1478400 -0.1926990 0.0654075 0.0134591 0.1167713 -0.2092965 -0.1416335 0.2650157 -0.0707771 0.2365100 0.2379747 -0.0370687 0.2442120 0.2730289 0.4145127 0.1654062 -0.0942725 0.5063040 0.3640602 0.0307961 0.1500979 -0.0565497 0.5748443 0.1358420 0.6646374 0.6910019
-0.1891076 0.4194905 0.0805066 0.6213919 -0.2197569 0.5915945 -0.1518459 0.6430485 0.6683625 0.0580105 -0.1153835 0.4295380 -0.0931107 0.4541669 0.0000000 0.0460769 0.0680101 0.3209723 0.3557155 -0.2122471 0.8292292 -0.0738829 0.0809989 0.4530524 0.2081833 0.1786918 0.1698874 0.4848418 0.6149354 0.7845413 -0.5189108 0.2694938 0.6364621 0.3559350 0.1847939 0.0707299 0.3207825 0.1234620 0.5720521 0.6413540 -0.0588260 0.1715145 0.3852572 0.4438645 -0.1589554 0.2616870 0.3213528 0.2494528 0.0044304 -0.1606182 0.3279388 0.2659904 -0.0758573 0.3929957 0.0385560 0.0666231 0.2637275 0.2041152 0.7163928 0.3009740 -0.1917563 0.2037245 -0.1192958 -0.1344917 -0.1704311 0.3777837 0.2949922 -0.3598924 0.1053500 -0.3552926 0.0309828 0.0579935 -0.3915992 -0.3971857 0.2921570 -0.5079292 0.1808372 0.1412171 -0.3058847 -0.3583413 0.1766085 0.0464490 -0.0383055 -0.1884456 -0.5151307 0.2605375 -0.0831399 0.0707717 0.2984986 -0.0773248 0.4688978 0.1517775 0.6222788 -0.1340085 0.6237492 0.1177909 0.4142454 0.8027387 0.6114966 -0.2193706 -0.0808173 0.5701865 -0.1048747 -0.2660168 0.2008986 0.3691926 0.4418063 0.4658470 0.5349527 -0.3337875 0.5772269 0.1723952 0.4207420 0.1276973 0.1549706 0.1785169 0.3854238 0.6842916 0.0680740 0.4014500 0.5435718 0.1362228 0.0727551 0.3258006 0.3527233 0.3843398 0.0798481 -0.2700582 0.6580842 0.2638333 0.5415289 -0.3554447 0.0971145 -0.1893819 0.3435133 -0.1537721 0.2710225 0.7997800 0.5234257 0.6600327 0.0454462 0.6183227 -0.1794158 0.4162088 0.0687513 -0.1133972 0.5332063 0.5633922 -0.3063064 0.4147975 0.4524970 0.1924214 0.5889237 -0.5973405 0.5546697 -0.0846773 -0.5476495 0.5236443 -0.6467573 0.5395684 0.2802588 0.5428566 -0.3306779 0.0030070 0.3764162 0.0827509 -0.7121852 -0.7259458 -0.2167649 0.2617176 0.2027566 0.0718065 0.0266210 0.1420713 0.1701427 0.3959000 0.2151216 0.4458413 -0.0622561 -0.2228968 -0.0007386 -0.0146209 0.2685166 0.1108959 -0.1741917 -0.7758671 0.2138368 -0.0880084 0.3412191 0.3352015 -0.1206662 0.0946102 0.3243412 -0.2954664 0.2736058 0.1361840 0.3671502 0.3315200 0.2572904 0.5323268 -0.3140800 -0.0251184 0.4350765 0.5118055 -0.0188695 0.1713776 0.5071500 -0.0870126 -0.5412130 -0.1068806 0.5245335 0.6112157 -0.1328342 0.1009713 0.3832850 -0.4638083 0.3803182 0.3892849
0.4157338 0.5221952 0.1951841 0.2163645 0.0587436 0.0830449 0.5851644 0.4925498 -0.3678019 0.1958302 0.7560909 0.0577455 0.1364711 0.4221850 0.0460769 0.0000000 0.5595762 -0.1647568 0.7533473 0.5494410 -0.0324053 0.4588712 0.8774756 -0.2720600 0.8530834 0.8848740 0.6951983 0.4546256 -0.0830980 0.4929160 0.4050914 0.6655072 -0.2120185 -0.3928044 0.7834442 0.2811515 0.6999537 0.5513269 0.6956951 0.6126678 0.4910120 0.1435710 0.7471698 0.6567431 -0.1353206 0.7684165 0.4550063 0.4528733 -0.6433070 0.5761926 0.5717858 0.7228243 -0.4295213 0.6389051 0.1726694 0.6146282 0.5657099 0.0119943 -0.1205525 0.6383258 0.0200128 0.4322669 0.2561162 -0.6406837 -0.4868555 0.5205362 0.5380810 -0.0142082 0.5072379 -0.0293046 0.3882222 -0.4520202 -0.1919281 -0.1041993 0.3990301 -0.2935968 -0.5387891 0.1973219 -0.1589461 -0.4755940 0.1087561 -0.2288751 -0.1796377 -0.3621129 -0.0837394 0.3495125 0.6022030 0.1566878 0.4731515 0.2598818 0.2052638 0.4565202 0.1750151 0.1159818 0.3321684 0.4503591 -0.0082232 0.0267096 0.3951384 -0.0377579 0.2635929 0.2927886 -0.3192929 0.0806994 -0.0566593 0.4474329 0.3555177 -0.0617111 0.2373099 0.1577464 0.3080231 0.0920341 0.1816155 0.1355630 0.0031475 0.0810866 0.1732720 0.1275085 -0.0924705 0.1347354 0.4266493 0.3964750 0.0516209 0.0291528 0.1296524 0.2232696 0.5875107 -0.2105739 0.3411548 0.2342449 0.5855292 0.2084716 0.4710845 -0.1579929 0.3456260 0.2623674 0.3500181 0.4639200 0.4249739 0.5091827 0.6040160 0.7007970 0.2535120 -0.0475303 0.3030702 0.2607485 0.4954147 0.4474160 0.0889783 0.6222452 0.6536263 0.2608368 0.6370538 0.1656354 0.5842486 -0.2023310 0.4018599 0.5622168 0.1108370 0.7400907 0.8363449 0.7386598 -0.4340978 0.7150466 0.7030051 0.1754158 -0.0684102 0.0064471 0.7461197 0.8855322 0.5760492 0.5861230 0.3274463 -0.0193543 0.3473578 0.2036588 0.0592031 0.4458624 0.2162072 0.2153447 0.3509237 0.3045049 0.1065985 0.1776163 -0.2077563 -0.0899244 -0.1529744 -0.2114224 -0.1289361 -0.2779506 0.2506524 -0.4328905 0.0056705 -0.1253469 0.1524112 -0.0020111 0.0928857 -0.2696548 -0.2480497 0.1162099 0.3129692 0.0005057 -0.1958933 0.0693847 0.3535143 0.1722762 0.4425085 0.4721519 0.5138690 0.1127068 -0.0352299 0.2538898 0.4546311 0.1791876 0.8174266 0.3580831 0.7412480 0.5153076
0.2285603 0.2373768 0.3497915 0.0369756 0.1771211 0.0399043 0.2048874 0.2447281 0.1751711 -0.0301774 0.2602728 0.0132768 0.2816321 0.8482268 0.0680101 0.5595762 0.0000000 0.5028045 0.5211338 0.6638481 -0.1125002 0.5585781 0.7794481 0.2704755 0.5872974 0.4434683 0.8958601 0.7169572 -0.4135529 0.5853518 0.4743070 0.6962535 0.3127532 -0.1685586 0.2486336 0.2313058 0.3921426 0.4568139 0.5618379 0.5953679 0.5064741 0.0515635 0.5919255 0.5221536 -0.2348877 0.4225848 0.2485110 0.4643486 -0.6811776 0.8130503 0.1054613 0.8080025 -0.3213599 0.5590817 0.4908113 0.5923483 0.3453811 -0.4059027 -0.0196911 0.2586093 -0.0038313 0.3355219 0.4763078 -0.7570900 -0.4056781 0.3499203 0.1690575 -0.2642816 0.5377949 -0.5598627 0.3948699 -0.6068641 -0.0377030 -0.3026287 0.5424700 -0.5196397 -0.4258392 0.6053093 0.0841083 -0.1163270 0.2614851 -0.3376758 -0.2453434 -0.0819516 -0.1411127 -0.2127172 0.1679344 0.0224627 0.0763310 0.0091572 0.1810163 0.3204856 0.0002742 0.0717533 0.1729387 0.0192319 -0.0858404 -0.2613294 0.2861904 0.0292165 -0.0183973 -0.2984728 -0.4497228 0.0439498 -0.0626440 0.0363029 -0.2482334 -0.2309142 0.1049159 -0.0198871 0.3309628 0.0483660 -0.1178926 -0.3477620 -0.2529935 -0.4139837 -0.3312610 -0.1188669 -0.5266498 -0.0311374 -0.0178182 -0.1707087 0.3372922 -0.2686313 -0.2052339 0.1987951 -0.0434397 0.0728934 0.3592750 -0.2142766 0.3991470 0.4260526 0.0729048 0.0132827 0.7264352 0.1552939 0.5519259 0.3798862 0.6040569 0.1075029 0.4387541 0.4825102 0.3434827 0.1805568 0.4588593 0.2573958 0.4941657 0.6059240 -0.0188260 0.3688026 0.4498661 0.0607157 0.3434076 -0.0256603 0.4739228 -0.0675877 0.0358864 0.3326782 0.1891041 0.2281748 0.7058912 0.4165271 -0.1538081 0.0071040 0.3077604 -0.0484227 -0.1795934 -0.1294015 0.1023116 0.3037008 0.0456470 0.1837169 -0.0711845 -0.0887521 0.1597805 0.0465368 -0.0396802 -0.1721847 -0.0113532 0.1624251 0.0451267 0.3548196 0.2926198 0.2741430 -0.0358989 -0.0376148 -0.0335739 0.0359663 -0.0099681 -0.0790163 0.2161305 -0.2148025 0.1264798 -0.0688933 0.0609069 -0.0081991 0.1025436 -0.1380019 -0.1771290 0.1747076 0.3166302 0.4456968 0.1893643 -0.0514517 0.4826375 0.3728929 0.3225266 0.3759668 0.2399271 0.6654098 0.3393130 -0.1007519 0.3745044 0.1669998 0.5560061 0.3991951 0.7377947 0.7706944
