0.0000000 0.6248828 0.0961435 0.1740460 0.0722425 0.1259027 0.3638302 -0.0858822 -0.2895986 -0.2914438 -0.1532335 0.4390406 -0.1738846 -0.2511845 -0.0058114 -0.0351049 -0.3111657 -0.2281289 -0.0086354 -0.1370133 0.2040025 -0.4150806 -0.3275539 -0.0723856 -0.1276995 -0.1321430 -0.1546856 -0.2300608 0.1737576 -0.0935448 -0.3754541 -0.0196458 -0.0435378 0.0238522 -0.0465317 0.0734202 0.0328313 -0.0461773 0.0683469 -0.0727610 -0.2762052 -0.0677630 -0.0094240 -0.0097292 -0.3201114 0.0230156 0.0380016 0.0042599 -0.0079744 -0.1789638 0.1064920 0.0501739 -0.0471932 -0.3448456 0.0484557 -0.0011071 0.1128409 -0.0616604 -0.0895541 0.1525428 -0.4173622 -0.2044512 0.2189523 -0.1329669 -0.2860745 0.0806278 -0.0039632 -0.4786885 0.0523391 -0.2447094 -0.1072718 -0.0417291 -0.4315904 -0.0595691 -0.1431248 -0.2924789 0.2200181 -0.3510885 -0.4155771 -0.2292569 -0.4145348 -0.1135304 -0.3330005 -0.1022762 -0.1817210 -0.4442795 -0.7383344 -0.4760753 -0.3752885 -0.3684670 -0.4097754 -0.1422612 -0.1100873 -0.1839694 -0.4587551 0.1590356 0.0870762 0.2571160 -0.5269641 -0.0659708 -0.2516588 0.1299145 -0.0404363 0.0706004 0.0300547 -0.0448336 0.2165509 0.2653364 0.1022048 0.0093862 -0.1864370 0.2613879 0.6337975 0.2776449 0.2567947 0.3525653 0.1716227 0.1554073 0.1728985 0.3541164 0.1946312 0.1056760 -0.1325899 0.2380646 0.4550347 0.0885874 0.2505566 0.1343071 0.1546212 0.1694085 0.1445958 -0.4405654 0.1614901 0.3814108 -0.1492511 0.3328962 0.0980335 0.0133408 -0.1363110 0.2191482 0.0792163 0.1580630 -0.0590174 0.0216214 0.0778784 0.3658680 -0.0364391 -0.1186312 0.2854231 0.1043711 -0.2787857 0.1780382 0.0154600 0.1239635 -0.1460889 0.1456029 -0.0460048 0.0784790 0.1400501 -0.0370540 0.0657139 0.0949137 0.4224556 -0.0526531 0.0988815 0.3145923 0.3162908 0.2509103 0.2156922 0.0351061 0.2553860 0.2442655 0.5857561 0.3546207 0.6721097 0.5848638 0.3184148 0.2633946 0.0562224 -0.0256187 -0.0915726 -0.0920778 -0.1183905 -0.0811958 -0.0676982 -0.4172402 -0.1598376 0.0759878 0.3491681 0.4505941 0.3987607 0.1134025 0.4910691 0.4367055 0.0178140 0.0908230 0.4014340 0.3747815 0.1165033 0.1898812 -0.1313807 -0.3604193 -0.4180923 0.0043277 0.2345168 0.0786011 -0.1417409 0.3697716 -0.1649861 -0.4991426 -0.4456936 0.2818923 0.1080516 0.2866492 0.0461210 -0.2542013 -0.0336516 0.1970106
0.6248828 0.0000000 0.0182032 0.3729626 -0.0528435 0.5277313 0.4176962 0.0266114 0.1408264 0.2123256 0.1723229 0.2185665 -0.1011628 -0.0094326 -0.0582903 0.2120968 0.0911996 -0.0826015 0.1887807 -0.3198502 -0.0125144 -0.1515070 -0.1349825 0.1191996 -0.0763096 -0.0021147 -0.0901200 -0.2576052 0.1058599 -0.1774427 -0.2385207 -0.2214045 -0.0349089 0.1174795 -0.0871032 -0.1541055 0.0037576 0.0210396 0.2629982 -0.0010909 -0.1528241 -0.2291922 0.0643491 -0.0382407 -0.1288046 0.0682823 -0.0022057 -0.0057237 0.0645924 0.0352896 0.1062352 0.3187766 0.1721616 0.1650292 -0.1674142 -0.1344002 0.0214783 0.1490270 -0.3774988 0.1743451 -0.1801689 0.0824901 -0.2304277 0.0393561 0.0863490 -0.2263137 0.1381359 -0.0150062 -0.2129604 -0.0033223 -0.2680836 -0.0816043 -0.0316214 -0.0214143 -0.2465276 -0.0338831 0.1074532 -0.0956159 -0.2053922 -0.0564571 -0.1564840 -0.0383486 -0.1232201 -0.0937600 -0.1055261 -0.2158336 -0.5128383 -0.2968982 -0.2485963 -0.0901594 -0.1570539 -0.0297890 -0.0398295 0.2048151 -0.1366309 0.2320715 0.1492934 -0.0807439 -0.3834594 -0.0547946 0.1607060 0.0435018 0.0439917 0.0435660 0.1722802 0.1085990 0.2675684 0.1416664 0.1958370 0.1543570 0.2726312 0.3694640 0.5297995 0.2267445 0.2813560 0.2942322 0.1754594 0.3677756 0.2318760 0.4551018 0.1985832 0.0909636 0.0658200 0.2916018 0.4082898 0.1110496 0.1065457 0.2059973 0.2229053 0.3159343 0.2460523 -0.4499442 0.1915360 0.4839984 -0.1691850 0.2761140 0.2084916 0.1173207 -0.0190330 0.1392405 -0.0427956 0.1529556 -0.0371942 0.0832999 0.1791605 0.4602189 -0.0288657 -0.1172368 -0.0242038 0.0174943 -0.1317771 0.2107814 0.0560896 -0.0515893 -0.1849672 0.0830507 -0.1429503 0.0523462 -0.0201683 -0.0634931 -0.1073782 0.0537797 0.4214594 -0.1189900 -0.0269012 0.1724155 0.2055002 0.0702292 0.0642467 -0.1745421 0.0283269 -0.0341826 0.6389266 0.3905212 0.5822466 0.4426150 0.1319480 0.2027163 -0.1523271 -0.1770759 0.0703537 -0.2054434 -0.4014234 -0.1917819 -0.3563438 -0.2695918 -0.4765953 -0.1652748 0.0957067 0.2782717 0.4431952 0.1203270 0.4088266 0.3682262 0.0991102 0.0224012 0.4100973 0.4210766 -0.1074670 0.2531506 -0.2681650 -0.0033425 -0.1382337 0.1192246 -0.1115749 -0.1896821 -0.0417580 0.2388338 -0.1935881 -0.1525415 0.0264918 0.2682135 -0.2880040 0.1405818 -0.0004382 -0.4025335 0.1606947 -0.1029104
0.0961435 0.0182032 0.0000000 0.0736182 0.3400076 0.4778655 0.5387157 -0.0356294 0.3756514 0.4075815 0.0446855 0.3906488 0.3017353 0.2464330 0.0860691 -0.1880117 0.0342533 0.3425541 -0.2859107 0.5372938 0.0958561 -0.2028763 -0.2593356 0.1676267 -0.2403674 -0.1729265 -0.0583200 0.2728492 -0.0287979 -0.0609540 0.0414556 -0.0499307 0.1543485 0.0906276 -0.1115820 -0.2198184 -0.1202525 -0.0803963 -0.0795582 0.2535351 0.0501055 -0.1861229 -0.0647172 -0.1642863 0.0252728 -0.0629566 -0.0647339 0.0412449 -0.2198926 0.3229641 -0.0749999 0.0881804 -0.1566211 -0.2718614 0.0727507 0.0236827 -0.1306477 -0.3980180 -0.1883947 -0.1478850 -0.1442744 -0.1989526 0.1454876 -0.0921103 -0.0625972 -0.0849355 -0.3210696 -0.1715050 -0.1351514 -0.2124494 -0.1643808 -0.0992324 -0.1649370 -0.0184447 -0.2220434 -0.2137914 0.0093441 -0.1304349 -0.1647091 -0.0944308 -0.0036418 -0.2526331 -0.1245359 -0.1624755 -0.1290993 -0.0291304 -0.4483297 0.0112966 -0.2084556 -0.1735461 -0.2776437 -0.1002378 -0.4757650 -0.6093615 -0.1190289 0.1910192 -0.0582023 -0.0096063 -0.0867829 -0.5704279 -0.4428583 -0.1432336 0.0624264 -0.4166543 0.2728760 0.2321411 0.0573888 0.0447957 -0.2812691 0.0027072 -0.3582664 0.0096065 0.0843127 0.0028817 -0.0029021 -0.0357983 -0.0686365 -0.1959739 -0.2034409 -0.2577577 -0.3021109 -0.1760117 -0.2375299 -0.4487416 -0.3081934 -0.1973352 -0.2036451 -0.0485546 -0.2788562 -0.2967943 -0.2919933 -0.1376295 -0.3254598 -0.3500383 -0.0349567 -0.1086099 -0.2929114 -0.2637182 -0.3108714 0.0209209 -0.0170697 -0.0721893 0.4387152 -0.0549311 -0.2721936 -0.1507323 -0.1816650 -0.2673476 -0.0151937 0.0333223 -0.0365417 -0.1496261 -0.1003884 -0.1165815 -0.0671790 -0.0371513 0.1967121 -0.1071264 0.2914268 0.0245722 -0.1223248 -0.1764933 -0.3162462 0.1080510 -0.0937863 -0.1939362 -0.1417536 -0.0619915 0.0395281 -0.0385251 -0.1317447 -0.1182035 -0.2503616 -0.1342377 0.1242470 0.3008555 0.3597754 0.2470890 -0.0979198 -0.2629114 -0.1536457 -0.4741362 -0.3670306 -0.4355884 -0.1765389 -0.0732719 -0.1444076 0.1078812 0.1397623 0.2085146 -0.1694039 0.1225755 0.3328430 -0.1659220 -0.1400095 -0.0390163 0.3687673 0.4197943 0.3450951 -0.1172311 0.4278680 0.2138128 0.3814579 0.3063552 0.4629780 0.2136770 0.2190460 0.5245217 0.2968605 0.2120007 0.2574061 0.2516865 0.4999736 0.3600731 0.1503119 0.5635780 -0.0759024 -0.3186248
0.1740460 0.3729626 0.0736182 0.0000000 -0.5680095 0.6843000 -0.0091628 0.5946799 0.6988903 0.5846354 0.5299415 0.3103913 0.0530184 0.1967828 0.5422818 0.4252166 0.1402736 0.2519590 0.1203037 -0.1333475 0.2069353 -0.1820421 -0.1332072 0.6408738 0.0955865 -0.0242471 -0.1271022 -0.0829071 0.6303915 -0.3321331 -0.1498463 -0.2298519 0.3614351 0.7260965 -0.0048228 0.1021080 -0.2723610 -0.1896650 -0.3648843 -0.1154572 -0.3314091 0.2480282 -0.1405283 -0.3410597 0.1827160 -0.1412035 -0.2962831 -0.2599445 0.2889907 -0.0443719 -0.2421095 0.0177220 0.6396454 0.3358540 -0.3649318 -0.3126019 -0.3557053 0.3806581 -0.5958082 -0.2159819 -0.1645691 0.0951860 -0.5507538 0.7438879 0.6092147 -0.4325931 -0.1442152 0.5166896 -0.4726023 0.6834008 -0.3988782 0.5161533 0.3800948 0.3827675 -0.3705162 0.6157887 0.5363714 0.1460014 0.4424151 0.6231593 0.2743755 0.3101102 0.3834243 0.3254508 0.1531978 0.2077665 -0.1565967 0.1496154 0.0556400 0.1800833 0.0643125 0.1003269 0.1747335 0.1915944 0.2651220 0.4155382 0.2476551 0.1515383 0.1196290 -0.2907000 0.1317710 0.3083679 0.0930446 0.0858516 0.3237725 0.4737534 0.3681016 0.2523445 0.0474961 0.2406822 0.1136708 0.2781700 0.3673598 0.2916897 0.2290860 0.2740584 0.2558009 0.2555331 0.1814408 0.2611308 0.1774570 0.1793283 0.0993449 -0.0042049 0.2691692 -0.0144488 0.2712567 0.0292483 0.0198704 0.3476265 0.2760475 -0.1017457 0.2866168 0.4846884 -0.1845901 0.0157065 0.3632079 0.0932544 0.2128494 -0.0000707 0.2467564 0.2146716 0.1638681 -0.0532429 0.1920081 0.3118378 0.3423880 0.2977142 0.2582277 0.2025292 0.0722666 0.1527844 0.2482096 0.3571470 0.2722501 0.1234469 -0.1519392 0.4128057 -0.0765641 0.0173477 0.4215004 0.0096085 0.3947901 -0.1348999 0.4859403 0.5436111 0.4741145 0.4251523 0.0144405 0.0015857 0.4625126 0.4165014 0.1374892 0.2582757 0.2556430 0.2988516 0.0934093 -0.0253058 -0.0425136 -0.2638865 -0.2656032 -0.2013957 -0.4999940 -0.1893813 -0.6132075 0.2873509 -0.5575012 -0.1985973 0.3295698 0.5326937 0.0639740 0.6928629 0.5992763 0.0794533 -0.0353888 -0.1124128 0.3228172 0.3679863 0.2716207 -0.0099312 -0.3633833 -0.2409926 0.0748070 -0.1080691 -0.1776214 -0.0933439 -0.1585588 0.1264999 -0.5268836 -0.1121184 0.0839700 0.2054340 -0.2365543 0.1498475 0.3763853 -0.2270485 -0.1446771 -0.1922655
0.0722425 -0.0528435 0.3400076 -0.5680095 0.0000000 -0.2390941 0.3945877 -0.3395849 -0.3168261 -0.2862145 -0.1545815 0.1828773 0.2192349 0.0162368 -0.1931615 -0.2244585 -0.2178048 -0.2822939 -0.1200887 0.3858488 0.2427753 0.1481578 -0.0882061 -0.2782318 -0.1511801 -0.1474343 0.2437290 -0.1430771 -0.2725274 0.1563657 0.0321567 0.1541832 -0.2154072 -0.5123069 -0.1524564 0.1200993 0.1450882 0.1446881 0.2446628 0.0270118 0.3139899 -0.3910820 -0.0621443 0.1451737 -0.6639603 0.2221307 0.2884968 0.2045224 -0.2068089 0.2325640 0.1143687 0.0173032 -0.3432789 -0.4387366 0.2982749 0.3767507 0.3406392 -0.3086046 0.4771300 0.1214187 0.0898218 -0.2051696 0.6804105 -0.3334385 -0.1860553 0.3648000 0.1022533 -0.4098438 0.3403581 -0.4345268 0.3952416 -0.0740861 -0.3578609 0.1120228 0.4547551 -0.4766976 -0.0030274 0.0768044 -0.3651654 -0.3562620 0.0659857 -0.2206238 -0.4508564 -0.4364623 -0.0793668 -0.4302136 -0.1714755 -0.2266350 -0.1851388 -0.1499247 -0.4541030 -0.3064515 -0.5640007 -0.3774401 -0.2268809 -0.2825150 -0.5511098 -0.3418613 -0.2199479 0.1603687 -0.4097881 -0.5020644 -0.2913946 -0.2364529 -0.3229323 -0.3139320 -0.3640969 -0.3051878 -0.2351896 -0.2489556 -0.1921998 -0.1450195 -0.1569201 -0.1812087 -0.1525114 -0.2083373 -0.2038843 -0.2655525 -0.2009917 -0.2237778 -0.2955989 -0.3064064 -0.2010805 -0.1450532 -0.3653459 -0.0395431 -0.5093489 -0.0805643 -0.2376020 -0.4021802 -0.5010486 -0.1739104 -0.7094036 -0.2968875 0.0032814 -0.1659686 -0.6854372 -0.4504037 -0.6804281 0.3150587 -0.3338148 -0.2526509 0.1823375 0.1915817 -0.5235795 -0.4323156 -0.6414941 -0.6803109 -0.3422105 -0.0972162 0.0341196 -0.2915689 -0.5517642 -0.5396248 -0.4610017 -0.2043833 0.1330193 -0.6000167 0.2303061 0.2653987 -0.6124826 -0.2134341 -0.3765620 0.2989039 -0.6613647 -0.6325566 -0.5693268 -0.4177274 -0.1389243 -0.0514406 -0.5576759 -0.5370853 0.0630005 -0.0801191 0.0813434 0.2364761 0.2708701 0.3053012 0.2877584 0.3688744 0.2900984 0.2297974 0.2586429 0.2233381 0.4672690 0.0607391 0.6153507 0.5506257 0.2176417 0.0918742 0.1661785 -0.1078128 -0.0094333 0.2675982 0.0288058 0.2164554 0.1239504 0.0927653 0.1393565 0.0118755 0.4076338 -0.0822236 -0.1673487 0.0700335 0.4119518 0.4594501 0.0184170 0.3509320 0.6813482 0.0093047 -0.3191007 0.2038194 0.5569024 0.3043204 -0.1150826 0.3563764 0.2877648 0.1451035
0.1259027 0.5277313 0.4778655 0.6843000 -0.2390941 0.0000000 0.5381989 0.0579722 0.7891283 0.7183563 0.2740369 0.2663997 -0.0264975 0.1980066 0.3270502 -0.0527600 0.1650260 0.5995226 -0.2075872 0.2101245 -0.1318432 -0.2885965 -0.3085009 0.5869588 -0.2724153 -0.1747109 -0.2704150 0.0316840 0.1166735 -0.4201787 -0.0529019 -0.2332758 0.4091517 0.4632345 -0.0963227 -0.3959099 -0.2710715 -0.1479263 -0.1790871 0.1901660 -0.1651683 -0.2777153 -0.0591640 -0.0854538 0.1490623 -0.1812237 -0.2576781 -0.1121459 0.2239648 0.0260532 -0.1727211 0.2038591 0.2637235 0.3171435 -0.3559482 -0.3008860 -0.3359164 0.1727563 -0.6351522 -0.1576997 -0.3333306 -0.0165064 -0.3339574 0.2596732 0.3335861 -0.4311720 -0.3311538 0.2083995 -0.5272775 0.1599301 -0.6331846 -0.0607912 0.0419627 0.0177710 -0.5347072 0.0867622 0.1132312 -0.1059476 0.0013325 0.3169836 0.1691623 -0.0985680 0.1623278 0.2270107 -0.0174491 0.2044380 -0.2668581 -0.1281894 -0.1061758 -0.0050619 0.0078565 -0.0060018 -0.1188400 -0.1718239 0.2551185 0.5005153 0.0962059 -0.2265542 -0.1289059 -0.5882628 0.0134945 -0.1420495 0.0817501 -0.4418401 0.3465512 0.5920430 0.2178889 0.0607693 -0.2529069 0.1907464 0.0790767 0.1097989 0.0945355 0.0574801 0.0608510 0.0116669 0.0069951 0.0832705 -0.0798631 -0.0674953 -0.2126163 -0.1205886 -0.2756388 -0.3761394 -0.1588889 -0.3240026 -0.1319897 -0.2517992 -0.2771984 -0.0208089 -0.1367572 -0.4553781 -0.0807414 0.0272902 -0.1733715 -0.2740614 0.0417209 -0.2581670 -0.1714995 -0.3059233 -0.1291824 -0.1907469 0.0166487 -0.3230929 -0.1191787 0.0943797 -0.0587444 -0.0894613 -0.1430232 -0.2802305 -0.2805443 -0.2188791 -0.0869467 -0.0690318 -0.0513977 -0.1802921 -0.3105728 0.0520014 -0.2961201 -0.3553277 0.0570305 -0.3974574 -0.0479088 -0.3709613 0.0742019 0.0686804 0.0646011 0.0188891 -0.2739233 -0.4422205 0.0739482 -0.0085653 0.0384528 0.2074195 0.2649236 0.3536166 0.1893150 0.2684027 -0.3586611 -0.5447184 -0.0704339 -0.5641872 -0.7916228 -0.5827055 -0.6525701 -0.0120513 -0.6122959 -0.1244046 0.1259417 0.2814037 -0.1509996 0.4188674 0.6646873 -0.1872011 -0.2554149 -0.3477054 0.4881521 0.5917162 0.3360437 -0.2432336 -0.1023821 0.3457034 0.3881649 0.3542507 0.0610983 0.0334145 -0.1284409 0.3629035 -0.2825942 0.3064643 0.4358956 0.3013959 -0.1190484 -0.0303519 0.1384969 -0.1141816 0.1133926 -0.2252300
0.3638302 0.4176962 0.5387157 -0.0091628 0.3945877 0.5381989 0.0000000 -0.3542867 0.2278680 0.1707783 -0.1572982 0.5461759 -0.0293608 -0.0473794 0.0353189 -0.4735290 -0.1129131 0.3861142 -0.3986747 0.4707565 -0.0256098 -0.3556556 -0.4171691 0.1474425 -0.5434701 -0.2574323 -0.1301919 0.0439812 -0.2623465 -0.1251444 -0.1108492 -0.1029633 0.2190920 -0.1303061 -0.1494968 -0.3364591 -0.0465014 -0.0773332 0.1954832 0.4275295 0.0105486 -0.6001153 0.0623997 0.3129152 -0.3493780 -0.1020853 0.0590847 0.0401735 0.0862087 -0.0664453 0.0945602 0.2499133 -0.2377978 -0.0084660 -0.0709084 -0.0200069 0.0053098 -0.0714158 -0.2642340 0.1343861 -0.3811746 -0.1716745 0.2787396 -0.2901128 -0.1019768 -0.0810675 -0.2908263 -0.2942021 -0.1801118 -0.3594232 -0.2780308 -0.2543518 -0.3582443 -0.0506871 -0.2257727 -0.3960510 -0.0003550 -0.1990458 -0.3740704 -0.0616234 0.1270197 -0.5770955 -0.3753220 -0.0606331 -0.2882926 -0.1523216 -0.4061093 -0.6661007 -0.3411801 -0.4906969 -0.3589038 -0.3439096 -0.4884067 -0.4298018 -0.2208708 0.0804705 -0.4246000 -0.4654765 -0.5915801 -0.3223676 -0.2992720 -0.5708423 -0.1360922 -0.4907041 -0.2476506 0.1103498 -0.1675836 -0.1098900 -0.6174607 -0.0637394 -0.3121096 -0.1958405 0.0340476 -0.1004779 -0.0823275 -0.1422070 -0.1996905 -0.1203451 -0.2767168 -0.3572025 -0.4253464 -0.3430918 -0.5183537 -0.4488576 -0.4003802 -0.5984284 -0.3927136 -0.4608833 -0.5762327 -0.3901417 -0.5112274 -0.7175090 -0.4976680 -0.3413794 -0.2648804 -0.3901930 -0.4773835 -0.6599100 -0.6742943 -0.1368533 -0.4083461 -0.5137946 -0.0922333 -0.4015034 -0.5275681 -0.2377593 -0.5952607 -0.6311265 -0.2879782 -0.4245146 -0.3868386 -0.4541364 -0.5432136 -0.3801641 -0.4213028 -0.3992821 -0.3012721 -0.4156682 -0.1801993 -0.3309905 -0.4061798 -0.5059983 -0.4232045 -0.3484450 -0.4678524 -0.3959288 -0.3043827 -0.2111123 -0.3117428 -0.6037286 -0.3434748 -0.3947111 0.2116883 0.3539303 0.5421901 0.6544616 0.5570072 0.6572354 -0.1647639 -0.2179796 0.2269071 -0.2817719 -0.4236652 -0.3285881 -0.2465490 -0.1593268 -0.2509870 0.3101910 0.3518864 0.3371195 -0.2277540 0.1192167 0.6299948 -0.0678958 -0.5250967 -0.2968184 0.5593510 0.7355548 0.5169979 -0.4411714 0.3150089 0.3414194 0.2407386 0.6889149 0.5486513 0.5218414 -0.2399138 0.6712787 0.0169168 0.3614201 0.0120071 0.6581346 0.1957724 0.1788725 0.2590974 -0.0776810 0.2055473 0.1405881
-0.0858822 0.0266114 -0.0356294 0.5946799 -0.3395849 0.0579722 -0.3542867 0.0000000 0.4250493 0.4056036 0.6834022 0.2404681 0.6093982 0.5017543 0.2640769 0.8552207 0.3323890 -0.2291263 0.6460873 -0.2112204 0.4656763 0.4138218 0.3597261 0.1262321 0.6335720 0.5146800 0.4959541 0.1605915 0.5313741 0.3644131 0.2448923 0.1468739 -0.1457909 0.2837146 0.3385324 0.4144593 0.2522714 0.2449845 0.1295568 0.0929206 0.1424847 0.5089876 0.2338995 -0.6251004 0.1919263 0.3553158 0.2281829 0.0801769 -0.2234607 0.4324870 0.2165108 0.2766480 0.5255790 0.2307505 0.1939226 0.2190298 0.1572035 -0.0477388 -0.1899534 0.1926300 0.4147655 0.5087210 -0.3378269 0.5661456 0.6621258 0.0169904 0.4370189 0.6612710 0.1004798 0.6496979 0.3353140 0.6996597 0.7724367 0.5323396 0.2662596 0.7680720 0.3922907 0.6361891 0.7416544 0.5421084 0.4698204 0.3359940 0.3640454 0.2309916 0.3210078 0.3169752 0.0587097 0.3945364 0.3200000 0.3584258 0.0814732 0.0495269 -0.0844844 0.3287979 0.0108752 0.0318259 0.1896516 0.2185493 0.2299413 0.0539836 0.1876235 0.4470469 0.0948493 0.4565548 0.0782201 -0.0439132 0.2828721 0.1221784 0.4382903 -0.0157801 0.0251827 0.2858235 0.3152778 0.1315643 0.1158072 0.1356852 0.1087871 0.0937106 0.0607726 0.3179833 0.1911120 0.1141958 0.6390580 0.1897742 0.3945521 0.3559625 0.3149427 0.4874286 0.3605691 0.2220141 0.3544745 0.3756510 0.3154233 0.5018719 -0.2851656 0.3958275 0.2112446 0.4041253 0.4044440 0.5461331 0.3537864 0.6233667 0.4175800 0.5167151 0.2847302 0.2918973 0.3546583 0.2425410 0.1484475 0.6199604 0.6329594 0.4836786 0.3290857 0.2427460 0.1945987 0.5507429 0.4609463 0.2463202 0.4837157 0.6458766 0.1717688 0.5230950 0.5376637 0.5072629 0.3248798 0.3408331 0.3160401 0.2464914 0.3308472 0.5998266 0.1323510 0.2386807 -0.0246580 0.0590701 0.0445630 -0.0248387 0.0317416 -0.2998600 0.2979007 0.0943679 -0.5165491 0.0715034 0.0382449 0.1419070 -0.2009716 0.5714857 -0.1847879 -0.0714630 0.2233427 0.3336225 0.3378135 0.3920281 0.1049778 0.3741141 0.3185647 0.4600991 0.2053204 0.0829182 0.0579706 0.3992607 0.0162175 -0.4008107 -0.0764202 -0.1994451 -0.1017696 -0.1345884 0.3416348 0.0509810 -0.1081282 -0.1172383 -0.0456469 0.1476997 0.0765292 0.4511726 0.5097451 0.1483725 -0.1354792 -0.0773946
-0.2895986 0.1408264 0.3756514 0.6988903 -0.3168261 0.7891283 0.2278680 0.4250493 0.0000000 0.8368398 0.3955921 0.2463642 0.1635327 0.4471491 0.3090444 0.2157708 0.3418548 0.4748495 -0.0035025 0.1637555 0.1227663 -0.0432376 -0.0432479 0.5493035 -0.0462890 0.0363784 0.0535919 0.1746710 0.1527546 -0.1806075 0.1155190 -0.1744415 0.3401626 0.4316656 -0.0057254 -0.1037264 -0.1950545 -0.1178783 -0.1557201 0.2764888 -0.0387581 -0.0673539 -0.0094978 -0.2796833 0.1735398 -0.1147325 -0.1560863 -0.1216958 0.0503251 0.1193683 -0.1277560 0.2272602 0.3043986 0.4415706 -0.3104363 -0.2401665 -0.3116261 0.1443418 -0.5222457 -0.1655976 0.0405073 0.1839897 -0.4352049 0.4260093 0.5114546 -0.4164961 -0.2027215 0.5727354 -0.4454582 0.3854089 -0.4319269 0.2361613 0.3902888 0.2860772 -0.3121942 0.3733244 0.1802729 0.2037835 0.3224099 0.5239474 0.5259870 0.1159192 0.3879623 0.3584924 0.1799479 0.3926405 0.0926798 0.1860266 0.1823902 0.2196272 0.1098204 0.0552050 -0.1430037 0.0249927 0.3095612 0.3117654 0.1222020 -0.2998779 0.1104812 -0.4516863 0.1228775 -0.1273205 -0.1132076 -0.2433037 0.2158196 0.4413837 0.0103857 -0.1767024 -0.1553199 -0.0406453 -0.1009921 -0.0758462 -0.1329019 -0.1747840 -0.1838923 -0.2280075 -0.1862056 -0.1702769 -0.2731490 -0.1989863 -0.3216578 -0.2513688 0.0591059 -0.4200874 -0.2313234 -0.1649400 -0.1766888 -0.1052732 -0.2078316 -0.1353678 -0.1484273 -0.0527863 -0.0634048 0.0740864 -0.1571242 -0.2211508 -0.0284267 -0.1491964 0.0133533 -0.0896658 -0.0723494 0.0502229 0.2334011 -0.0222828 -0.0616327 -0.0263474 -0.0006531 -0.0720181 -0.2197591 -0.1151113 0.0615053 -0.1391438 -0.0694975 -0.1084207 -0.0347306 0.0005779 0.0008767 -0.0271364 -0.1394490 0.0017506 -0.0042681 -0.1930479 -0.0297485 -0.0443864 0.0592146 -0.0735550 -0.0906864 -0.0990604 -0.2953979 -0.1013894 -0.1017328 -0.1317443 -0.2178263 0.1924124 0.0709296 0.1159222 0.2318171 0.1839260 -0.0282094 -0.2688652 -0.1606682 -0.2837978 -0.5065329 -0.2936303 -0.5367718 0.4080356 -0.4253039 0.0182404 0.1727672 0.2586713 -0.1626147 0.5421869 0.4928338 -0.1215393 -0.1105333 -0.0991627 0.3944761 0.4804723 0.4160859 -0.1149558 0.1281853 0.3668312 0.5307524 0.4013961 0.0252932 0.1047358 0.1347897 0.3346301 -0.0992896 0.5497485 0.5194722 0.2712078 0.0092181 0.1543777 0.3819956 0.0797285 0.2397936 -0.1819542
-0.2914438 0.2123256 0.4075815 0.5846354 -0.2862145 0.7183563 0.1707783 0.4056036 0.8368398 0.0000000 0.6245859 -0.0214469 0.2383779 0.6924637 0.0781528 0.3006166 0.4988627 0.5371988 0.1470952 0.1008902 -0.0512441 0.1686531 0.1287861 0.4375543 0.0212139 0.1632493 0.1243142 0.3665012 0.1368555 0.0521609 0.2015475 -0.1156793 0.1605869 0.3824403 -0.0106533 -0.1206091 -0.0796152 0.0107743 -0.0435415 0.1746404 0.0762756 0.1618624 0.0675136 -0.4018640 0.3944900 0.0773253 -0.0854462 0.0875100 -0.1252070 0.2933061 -0.0377028 0.3471902 0.4031547 0.5780637 -0.1661154 -0.0961951 -0.1997899 -0.0189217 -0.2854074 -0.0621564 0.3022464 0.3525055 -0.5044871 0.3246741 0.5292705 -0.2947784 -0.0166647 0.6378686 -0.3749400 0.3885286 -0.2975539 0.1108507 0.5415417 0.0415506 -0.2646314 0.4133328 -0.0673274 0.2852144 0.4014682 0.4732297 0.3516020 0.0792222 0.4337092 0.3939882 0.4492507 0.5218945 0.1238957 0.4138218 0.3709421 0.4679463 0.2070506 0.3250240 -0.0113336 0.0683894 0.3942145 0.4329024 0.3314145 -0.1591290 0.1283959 -0.2260171 0.2681187 0.0963130 0.2349083 -0.0774906 0.4296500 0.4518665 0.3289013 0.0981015 -0.0234043 0.2774039 0.1364701 0.2975896 0.0013904 0.0931567 0.1962401 0.0381348 0.1236640 0.2028855 0.0628112 0.1241244 -0.0194668 0.0831023 0.2416597 -0.1401978 -0.1360467 -0.1003218 0.0952164 0.0851975 -0.1203632 0.1122605 0.0556016 0.0491237 0.0712167 0.0121088 -0.3052943 -0.0225836 0.1548176 0.0528749 0.1070155 -0.1061055 -0.0461730 0.0830729 0.3264845 0.0730687 0.0685632 0.2587520 0.1302555 0.0533830 -0.2004412 0.0741932 0.2856077 0.1290599 0.1237343 -0.0293355 0.1239234 0.2833916 0.1044905 0.1243893 0.1327328 0.0431439 0.0891819 0.0358845 0.1123179 -0.0308009 0.1526231 -0.0255439 -0.0042026 -0.0396569 -0.1074905 -0.0287016 -0.1056172 -0.1070618 -0.0015935 -0.0749226 -0.1511097 -0.1053034 -0.0397808 -0.0210521 -0.1144732 -0.2996477 -0.2808115 -0.3499268 -0.3261898 -0.2597398 -0.2757027 0.3141400 -0.4007373 -0.2794339 -0.2106965 -0.0234703 0.0292080 0.2135706 0.2063599 -0.0950819 0.0029738 -0.0767473 0.1264291 0.1646488 0.0241520 -0.0794387 0.0501428 0.3715806 0.4936587 0.2087257 -0.0001251 -0.0186634 0.1784116 0.1008076 -0.0505168 0.3831883 0.6156931 -0.0009699 -0.1007411 0.0914402 0.0684073 0.3041931 0.1372074 -0.3827734
-0.1532335 0.1723229 0.0446855 0.5299415 -0.1545815 0.2740369 -0.1572982 0.6834022 0.3955921 0.6245859 0.0000000 0.0534330 0.5470988 0.6995877 0.2279452 0.7038003 0.5865313 0.0624114 0.4828307 -0.1899747 0.2967197 0.5201994 0.5066131 0.1906313 0.4622758 0.4449419 0.4769152 0.1597912 0.4760426 0.2930920 0.2379979 0.1986383 -0.2124927 0.2725777 0.2908384 0.2968749 0.2780816 0.2820208 0.0784146 -0.1282958 0.2863488 0.5138429 0.2590637 -0.5989419 0.3160877 0.4414671 0.2112448 0.2265502 -0.1019850 0.4343358 0.1511342 0.3730443 0.7903047 0.5116774 0.1610120 0.2810120 0.1867330 -0.0242276 -0.0784923 0.1712882 0.4973218 0.6084054 -0.3213953 0.4951062 0.7886257 0.1387465 0.4448744 0.6968839 0.0570744 0.6303433 0.3239818 0.5073375 0.7852346 0.2257747 0.2608435 0.7151862 0.1571694 0.7438883 0.7468503 0.6394823 0.4587361 0.2546384 0.5288369 0.4203485 0.6353592 0.5083194 0.1778683 0.4156208 0.5603283 0.6385091 0.1899286 0.2535069 -0.0280320 0.3016950 0.3740880 0.1932332 0.0630259 -0.0388431 0.3486018 0.1714803 0.3834387 0.2523859 0.4204055 0.2571445 0.1259967 0.0713869 0.4416552 0.3086359 0.2958179 0.2910116 0.4299191 0.5635380 0.1402025 0.2376909 0.3579942 0.2278255 0.2791409 0.4366745 0.2873824 0.4853748 0.2823242 0.2244571 0.4253651 0.2150998 0.2658848 0.2084613 0.2646303 0.2919294 0.2250668 0.3186105 0.3130117 0.2234163 0.1685855 0.2875372 -0.4826797 0.2102248 0.2199664 0.2904887 0.2423508 0.3700767 0.0643099 0.3164572 0.3144435 0.3626035 0.1492309 0.2596423 0.1869600 0.1040804 -0.1176911 0.4186139 0.6460408 0.3064487 0.1432718 0.0117485 0.0623764 0.4445197 0.2771431 0.1161860 0.3495337 0.4433689 0.0299560 0.2713111 0.3528159 0.3040609 0.1440643 0.1587081 0.1347678 0.1052529 0.1447446 0.2664290 -0.0307297 0.0428320 0.2145096 -0.0824017 -0.1799250 -0.1024390 -0.1657373 -0.3952271 0.1374713 -0.0717994 -0.5172857 -0.0800062 -0.0731425 -0.0102402 -0.1225267 0.4445851 -0.2240403 -0.3405755 -0.0990744 0.1091344 0.4273938 0.2391359 0.0017404 0.3650550 0.3124061 0.3418684 0.0547988 -0.0905919 -0.1069490 0.2215858 -0.1637658 -0.2395004 -0.0696137 -0.3160840 -0.1842708 -0.1468373 0.2139089 -0.2178497 -0.0718854 -0.0813807 0.0475912 -0.0137478 -0.1512445 0.2135937 0.0896537 0.1560914 -0.1396042 -0.1368321
0.4390406 0.2185665 0.3906488 0.3103913 0.1828773 0.2663997 0.5461759 0.2404681 0.2463642 -0.0214469 0.0534330 0.0000000 0.1485735 -0.1045852 0.4289511 0.0321700 -0.0855220 -0.0699622 -0.1708967 0.0540421 0.6935700 -0.4289065 -0.1749039 0.2274989 -0.2597349 -0.2148117 0.1309952 -0.1513909 0.4169515 -0.1269978 -0.3573799 -0.2111412 0.1998545 0.2081632 -0.1661759 0.2974187 -0.1325067 -0.2966453 -0.0495529 0.1322651 -0.2413839 -0.0988974 -0.0859824 -0.0047852 -0.3449568 -0.2084055 -0.0622256 -0.3331383 0.1753261 -0.1222337 -0.0983848 -0.0214562 0.1740761 -0.2032070 -0.1481439 -0.1235064 -0.1337852 0.1307877 -0.3593071 -0.1033153 -0.2503606 -0.1943477 0.1355052 0.2706929 0.1772632 -0.1662380 -0.2622861 -0.0365990 -0.0916557 0.1402495 -0.0510315 0.5024938 -0.1145807 0.5701271 -0.0446091 0.1160586 0.6290920 0.0588192 0.0297821 0.2634067 0.3043044 -0.1141572 -0.1905608 -0.1212390 -0.3536773 -0.3154522 -0.5171215 -0.4763318 -0.3250638 -0.5230047 -0.5684008 -0.4055044 -0.3786172 -0.1158289 -0.4595661 -0.3109413 -0.4891409 -0.1565865 -0.2512766 -0.2525806 -0.4050619 -0.3034391 -0.3449394 -0.0469050 -0.4971572 -0.2263236 -0.3323073 -0.0924276 -0.3523001 -0.3498568 -0.5102311 -0.2544594 0.2719010 -0.1378630 -0.2461630 -0.0544271 -0.2262222 -0.2399188 -0.2499931 -0.2269833 -0.2693394 -0.3441857 -0.1961996 -0.2405083 0.0370252 -0.2530012 -0.2600588 -0.1106224 -0.2508346 -0.2160149 -0.1970435 -0.1877996 -0.2525428 0.1619182 -0.0097255 -0.0703157 -0.3224261 -0.3836665 -0.3316328 0.4330800 0.0586396 0.0741989 0.3600483 0.0387894 -0.2277272 -0.2733827 -0.3209814 -0.4310475 0.1758690 0.1903400 0.0899904 -0.1768214 -0.3309144 -0.0831105 -0.2952149 -0.1811922 0.0985419 -0.2571596 0.0801142 0.2898406 -0.2764583 -0.1348911 -0.1476327 0.1897279 -0.2212318 -0.0860378 -0.0353961 0.1442194 0.0344768 -0.0112949 -0.0829154 -0.0713954 0.1620179 0.6433426 0.7588509 0.8738109 0.8780702 0.5376859 0.3726935 0.1823740 0.0642944 0.1327410 -0.2335987 0.0283033 -0.3871359 0.2553728 -0.2259092 0.4528055 0.8499499 0.8426081 -0.0782506 0.6761507 0.7069089 0.2922049 -0.3130644 0.0953938 0.5810130 0.7192354 0.7760543 -0.0947642 0.1937640 -0.2522722 0.0735992 0.3608370 0.3850988 0.4122504 -0.0511601 0.6050921 -0.0656521 0.1190909 -0.3583572 0.7935312 0.2740362 0.7129964 0.8070000 -0.1789800 -0.1029189 0.2109569
-0.1738846 -0.1011628 0.3017353 0.0530184 0.2192349 -0.0264975 -0.0293608 0.6093982 0.1635327 0.2383779 0.5470988 0.1485735 0.0000000 0.5155560 0.2127628 0.5188289 0.1593229 -0.0924525 0.5372445 0.2618625 0.1914655 0.6681933 0.2969597 -0.1310751 0.6254210 0.5449168 0.5809077 0.3165119 0.1119907 0.5699601 0.5679999 0.4996812 -0.2947976 -0.1144498 0.4829238 0.0143166 0.5224811 0.6299059 0.4063113 0.3358718 0.5877204 0.1276332 0.4330299 -0.4951471 0.1635608 0.6415969 0.5130750 0.4418362 -0.3865491 0.7965444 0.4551263 0.4093857 0.2346381 -0.1024441 0.6471572 0.6626363 0.5033438 -0.5002234 0.0330524 0.4273110 0.3452773 0.4576662 0.2225011 0.0240096 0.5429233 0.4136957 0.5484648 0.2233452 0.4944343 0.0722326 0.5727430 0.2407015 0.5263501 0.2868896 0.5098839 0.2737088 -0.0222261 0.5949870 0.4909564 0.2297974 0.3147968 -0.0995550 0.0593165 0.0838097 0.2135376 0.3344482 -0.0772280 0.0980523 0.2276016 0.2139847 -0.0597368 -0.2992039 -0.5918394 -0.1852852 -0.1291830 -0.0400532 -0.1844324 -0.0016817 0.0022066 -0.1449024 -0.1586807 0.1442589 0.2848140 -0.0095289 -0.0107067 -0.1449838 0.2705030 0.0392634 0.3070215 -0.0257972 0.0789670 0.2237572 0.0942863 0.0277905 0.0519416 -0.0311446 -0.0456425 -0.0587396 -0.1458940 0.0290501 -0.1565288 -0.1158680 0.2992326 -0.1392673 -0.0022821 0.1067462 -0.0903674 0.3016033 0.1421139 -0.2265846 -0.1318575 0.1285423 -0.2246107 -0.0307994 -0.3400798 0.1293907 -0.2902315 0.0692418 -0.0745265 0.4686118 0.0277916 0.2591701 0.2378663 0.3649490 -0.1718500 -0.1126841 -0.0730147 -0.1060773 -0.2389941 0.3214869 0.5002152 0.1496015 -0.0313734 -0.1876769 -0.1088445 0.3382011 0.4625303 -0.1474198 0.5514252 0.5175097 -0.1937037 0.1980470 0.1044553 0.5344445 -0.0897264 -0.0767605 -0.0002549 -0.0703913 0.3454594 0.3755352 -0.1951637 -0.0046173 -0.2656266 -0.1812989 -0.0975626 -0.0708868 0.0153373 -0.2133705 0.0223208 -0.1154820 -0.5181858 -0.2699635 -0.0781598 -0.2312603 -0.0439711 0.4281885 0.0675514 0.1656596 0.0417850 0.0123861 0.2179766 -0.0042193 -0.0137225 0.2011596 0.1642158 0.4369667 0.3374626 0.0615659 0.0132963 0.2594896 0.2423728 -0.1844818 -0.1475298 -0.0716379 0.2297509 -0.0661702 0.4007419 0.1396726 0.2030985 -0.0054821 -0.0386481 0.1736208 0.4573863 0.2578886 0.2110840 0.4186861 -0.0539433 0.0726584
-0.2511845 -0.0094326 0.2464330 0.1967828 0.0162368 0.1980066 -0.0473794 0.5017543 0.4471491 0.6924637 0.6995877 -0.1045852 0.5155560 0.0000000 -0.1173290 0.5312318 0.5651361 0.2152346 0.5352914 -0.0014133 0.2142345 0.5478921 0.4187224 0.0142292 0.4379836 0.5680715 0.6197168 0.6380808 -0.0360464 0.6577948 0.4220594 0.3906439 -0.2418971 -0.1084553 0.3315894 0.2409427 0.4724498 0.3804572 0.2694777 0.2614645 0.4339135 0.4124531 0.3752951 -0.6013907 0.2529380 0.5594112 0.4342942 0.4405153 -0.5128697 0.5232331 0.3685445 0.5525009 0.2668192 0.4299806 0.3256587 0.4125464 0.3750925 -0.4350494 0.2812355 0.3239054 0.7187132 0.6251841 -0.0467054 -0.0063310 0.4227113 0.3157918 0.4544516 0.4467056 0.3087350 0.1393350 0.3147847 0.0877962 0.5498691 -0.0862116 0.4030554 0.2592738 -0.3281537 0.6250287 0.4467240 0.3853324 0.3987205 0.2301680 0.5338766 0.4952207 0.7622964 0.6371625 0.2802242 0.4448724 0.7411378 0.7387459 0.2568481 0.4235261 -0.2072785 0.0005009 0.2836597 0.2503071 0.2612856 -0.1254667 0.2363149 0.1734008 0.3988959 0.1358362 0.3173357 0.1845330 0.2199552 0.1004610 0.3090620 0.1294427 0.3572376 0.0474221 0.1283673 0.4471013 -0.0868107 -0.0960866 0.0888126 -0.0643157 -0.0138912 0.0781522 -0.0059436 0.3118764 0.0253417 -0.0071917 0.5863769 0.0927618 0.1048782 0.2292764 0.1790104 0.4316130 0.2180938 0.0289243 0.1205915 0.3219681 0.1317596 0.1378529 -0.4733288 0.3745484 0.1078366 0.2790637 0.1524792 0.2532060 0.0368615 0.3589170 0.3974329 0.5134621 0.2204005 0.3554245 0.1358839 -0.0480081 -0.3756954 0.2158811 0.5345508 0.3917707 0.1194764 -0.2085172 -0.0874888 0.6819884 0.6042632 -0.0829321 0.4879025 0.4142927 -0.1247132 0.4225612 0.3514310 0.4588104 0.0102978 -0.2320723 -0.2272393 -0.3523208 -0.0299427 0.4389678 -0.4277089 -0.3374987 0.0848009 -0.2703898 -0.3880722 -0.3810413 -0.1025187 -0.1750833 0.2641356 0.0464983 -0.5378650 -0.1098986 0.1885519 -0.0011804 0.2550868 0.4331580 0.0787276 -0.1544276 -0.3381541 -0.1962771 0.4345379 -0.0384989 -0.1191514 0.2638451 0.3594901 0.3920106 0.0321716 -0.1078092 -0.1488642 0.2702972 0.3048649 0.2527269 0.2381984 0.0774755 0.1592597 0.1008576 0.5611063 -0.0561241 0.3467175 0.3183947 0.3919580 -0.1863192 0.2424649 0.2986170 -0.0774834 0.5230391 0.2049333 -0.0835857
-0.0058114 -0.0582903 0.0860691 0.5422818 -0.1931615 0.3270502 0.0353189 0.2640769 0.3090444 0.0781528 0.2279452 0.4289511 0.2127628 -0.1173290 0.0000000 0.0969312 -0.3433020 0.3375074 -0.0723860 0.0638376 0.2179592 -0.2503589 -0.3889591 0.6973242 -0.0040089 -0.3273422 -0.1809878 0.0025657 0.6420937 -0.3377054 -0.2565802 -0.1873843 0.6009148 0.6517137 -0.1820623 0.0990791 -0.3679744 -0.2871751 -0.5894742 -0.2178915 -0.3695659 0.1607692 -0.3949368 0.0012741 0.1148583 -0.3112846 -0.4098232 -0.4992009 0.5783749 -0.0971163 -0.4736311 -0.4348279 0.5413457 -0.1583729 -0.3007638 -0.2582530 -0.3876333 0.3747777 -0.3784807 -0.4425050 -0.2725531 -0.3492815 -0.0797194 0.6089706 0.6175955 -0.3495840 -0.3795767 0.0457437 -0.1419125 0.4389174 -0.2359367 0.4872280 0.0094968 0.5317509 -0.1223263 0.3659480 0.5698810 0.0697398 0.4077927 0.6050864 0.1655258 0.2775900 0.2103122 0.0251277 -0.2281688 0.0286835 -0.2278562 -0.1877139 -0.1176886 -0.1374040 -0.1573004 -0.2886873 0.0393046 -0.0835316 0.0720735 -0.0713920 -0.3747851 0.1159841 0.2002110 -0.2620669 -0.2664301 0.1119414 0.1982567 -0.0096066 -0.0434346 0.2409110 0.1184311 0.2851430 -0.2310895 0.1809584 0.0830252 0.0023277 0.2382339 0.2220283 0.0480998 0.2689062 0.2096732 0.1377687 0.1459630 -0.0889704 0.0282251 0.0822754 -0.2540615 -0.1332893 0.0640734 -0.4263056 -0.0859205 -0.2155570 -0.2921195 0.1451092 -0.0033026 -0.0396729 -0.1281618 0.2130473 0.2015435 -0.2864315 0.0756923 -0.2648003 -0.1834558 -0.1213849 0.3783871 -0.1154915 0.1326186 -0.3060696 -0.0260613 -0.2379282 0.2076008 0.2730596 0.3568038 0.1222164 0.0451301 -0.0931582 0.0819061 0.3298934 0.2725693 -0.2891631 -0.2270825 0.2958112 -0.1417839 -0.0562134 0.3389946 -0.2189186 -0.0871456 -0.1025135 0.3351071 0.3774524 0.4089991 0.4566819 0.1483796 -0.1563649 0.4521092 0.4363895 -0.0870666 0.2489736 0.1733131 0.4308049 0.3035039 0.2159507 -0.0169345 -0.0544789 0.1133751 -0.0422388 -0.4158031 -0.1645797 -0.5194169 0.5061184 -0.2122362 0.2084405 0.5221336 0.5337396 -0.3717232 0.7392934 0.5151676 -0.2726242 -0.4711329 -0.3734433 0.1622103 0.2183612 0.4017744 -0.3554485 -0.4743130 -0.3513422 0.0058482 -0.2175095 -0.0047755 0.0285298 -0.3723483 -0.0921110 -0.5412128 -0.0666452 -0.2006891 0.2043230 -0.0109516 0.1103978 0.4365473 -0.3304242 -0.4658715 -0.0551568
-0.0351049 0.2120968 -0.1880117 0.4252166 -0.2244585 -0.0527600 -0.4735290 0.8552207 0.2157708 0.3006166 0.7038003 0.0321700 0.5188289 0.5312318 0.0969312 0.0000000 0.4747881 -0.4488588 0.8598740 -0.5157335 0.4277950 0.5686643 0.5256538 -0.0961834 0.7810658 0.6245239 0.6399291 0.0511091 0.4405365 0.3915387 0.2343401 0.2194036 -0.4129985 0.1020197 0.3302173 0.4337506 0.3815821 0.3441179 0.2345685 -0.1047506 0.2517564 0.5769556 0.2800734 -0.7500913 0.2122000 0.5002025 0.3311106 0.1832968 -0.3711597 0.5114598 0.2866885 0.3538166 0.5587787 0.1731285 0.2559054 0.2957968 0.2978920 -0.1578122 0.0061431 0.2593849 0.6315072 0.5912408 -0.2877869 0.4367382 0.5943283 0.1076671 0.6577132 0.5259810 0.2860090 0.5250594 0.4745635 0.5721549 0.7327531 0.3936823 0.4384191 0.6606968 0.2179213 0.7212424 0.6759497 0.4634183 0.3652849 0.4525032 0.3824019 0.0902105 0.3802955 0.1892288 0.0293008 0.5268341 0.3460969 0.5288026 0.0623463 0.1048417 -0.0556212 0.5482332 -0.0047157 -0.1116712 0.2081664 0.1414355 0.3509045 0.3061591 0.4083220 0.4163486 0.1454316 0.6235462 0.1163832 -0.2521602 0.2617441 0.1066090 0.6753221 -0.0549748 0.2180126 0.3895798 0.3175569 0.0902464 0.1421674 0.1756949 0.1301878 0.2159927 0.2017013 0.5476292 0.3632432 0.1757607 0.7320048 0.5195748 0.6251658 0.5896571 0.3258670 0.6532625 0.6140543 0.4009220 0.5515238 0.5047918 0.4400818 0.6801931 -0.1992966 0.6193195 0.3738698 0.6340862 0.5233372 0.6105014 0.3536474 0.7764142 0.3971955 0.7170162 0.5122845 0.4537663 0.4262866 0.2978815 0.0862326 0.6835755 0.6919536 0.6788173 0.4375444 0.1401937 0.0598100 0.6779413 0.5202988 0.2362046 0.4962691 0.6858319 0.0478950 0.6793191 0.7250803 0.6019105 0.2382057 0.3036372 0.2689477 0.1225927 0.4281744 0.6993903 0.0500616 0.1437519 0.2193358 0.0263319 -0.0184646 -0.1633239 -0.1226679 -0.4361186 0.3451823 0.2151855 -0.4125825 0.1695776 0.1650206 0.2485005 -0.0298198 0.4516790 -0.0594700 -0.1799644 -0.0277363 0.1198883 0.5956877 0.2112877 -0.1739322 0.5116836 0.5483092 0.5633750 -0.0105301 -0.1576320 -0.2413822 0.6310615 -0.1607917 -0.3839894 -0.2794955 -0.3900969 -0.3943955 -0.3728727 0.4733447 -0.2112390 0.0500935 -0.1795349 -0.1007831 -0.1547708 -0.0272383 0.3886798 0.2086797 0.0420059 -0.1020426 -0.1291376
-0.3111657 0.0911996 0.0342533 0.1402736 -0.2178048 0.1650260 -0.1129131 0.3323890 0.3418548 0.4988627 0.5865313 -0.0855220 0.1593229 0.5651361 -0.3433020 0.4747881 0.0000000 -0.0664634 0.3283091 -0.3259372 0.1476080 0.4303898 0.7851990 -0.2963832 0.3450139 0.6187332 0.5352295 0.1261664 -0.0825326 0.2680564 0.3557883 0.2503877 -0.5388268 -0.1794971 0.4354430 0.0742178 0.4466678 0.2728956 0.3733172 0.1448608 0.4639884 0.2942669 0.5743276 -0.5128036 0.3982065 0.3733550 0.3858175 0.3570610 -0.4005831 0.3072381 0.3850321 0.6349830 0.3128977 0.6082389 0.1595482 0.2152147 0.2597672 -0.2250677 -0.1007916 0.3297185 0.5495588 0.7793891 -0.3293813 0.0318612 0.2208176 0.1907306 0.4453637 0.5654169 0.0689403 0.2577537 0.3058816 0.0901651 0.6463944 -0.1801003 0.2009152 0.4078742 -0.2642722 0.6348439 0.4357083 0.3207701 0.5056754 0.0096432 0.4562596 0.3532357 0.4552835 0.4835613 0.3837151 0.4648670 0.4862160 0.4966332 0.3320247 0.3231044 -0.0641144 0.4384528 0.2824566 -0.0148780 0.1462068 -0.3223083 0.4281691 0.1227385 0.6719483 -0.1290986 0.1187739 0.1289938 -0.0449198 -0.1986978 -0.0270975 -0.0986764 0.2715801 -0.1626817 0.1669923 0.1086593 -0.3163799 -0.3130408 -0.1253940 -0.2781907 -0.2331293 0.0341600 -0.1284833 0.1747700 0.0145487 -0.1442289 0.3518564 0.0889792 0.1671721 0.3701700 0.0962012 0.1905207 0.3647137 0.0490513 0.2846202 0.3378831 0.3385476 0.0488530 -0.3693502 0.2604869 0.2228476 0.4315243 0.5112989 0.2581712 -0.1670087 0.3572373 0.1327134 0.3695417 0.2630461 0.2137278 0.0726900 -0.0479057 -0.3460207 0.1437550 0.3890856 0.1750985 0.0705097 -0.2578366 -0.2681406 0.3647554 0.3274479 -0.1479777 0.0460500 0.2433886 -0.3002717 0.2495447 0.1503113 0.2340348 -0.1693057 -0.1784782 -0.2662802 -0.3159938 -0.1058433 0.2275727 -0.3671800 -0.3378440 0.0303388 -0.0595120 -0.2287172 -0.3405990 -0.1815680 -0.4714145 0.0858009 -0.1351836 -0.4468152 -0.1031092 -0.0147206 -0.0564897 -0.0726481 -0.0019032 -0.2939326 -0.5013391 -0.4047027 -0.2534848 0.2934670 -0.1528510 -0.3465358 0.2596903 0.4644253 0.4227097 -0.0595119 -0.0732988 -0.0923905 0.3371769 0.2159661 0.3119145 0.1855640 0.1088052 -0.3676520 -0.2419053 0.5666923 -0.1791642 0.2376647 0.3802921 0.3125497 -0.1009039 -0.2393478 0.0703719 0.0094866 0.1168178 0.0575568 -0.0687337
