0.0000000 0.4491209 0.4394789 0.2995012 0.2187879 0.4766813 0.2946554 0.2191305 0.4235417 0.2804784 0.1655588 0.4695758 0.1479855 0.0438351 0.6347852 -0.1336771 -0.0833451 0.5806423 -0.2486793 0.2710842 0.3526154 0.0525292 -0.2290434 0.6778713 -0.1323555 -0.0429215 -0.2742289 0.2190181 0.6181524 -0.0442192 0.2495334 0.0517462 0.5448296 0.5673713 -0.0755736 0.2994769 0.1964385 0.0721280 0.0353382 -0.1110329 0.1953703 0.2569542 0.0269622 0.0596262 0.1914916 0.0499398 0.0889209 0.3946166 0.5077131 -0.1791304 -0.1198562 0.0266689 0.4656329 -0.0689410 0.3267676 0.1522682 0.1021129 0.3384525 0.1216213 -0.0718813 -0.0973997 0.0070056 0.2979408 0.4069991 0.0083819 0.1312297 -0.0842104 0.0916841 0.1381001 0.2774715 -0.0011973 0.2030685 0.1505123 0.1077048 0.0303540 0.2747804 0.1933571 0.0958189 0.2717482 0.1596212 0.2054065 0.0724909 -0.0990252 0.0085262 -0.0701324 -0.2661979 -0.2546174 0.4100662 -0.1106555 0.0616792 -0.1843691 -0.2044015 -0.2389465 0.2526897 0.2099974 0.0374405 -0.1738509 0.0659713 0.1081866 0.2486040 0.2440633 -0.1794860 -0.3178062 0.0888806 -0.0127185 0.1275219 -0.3820475 -0.1801723 -0.2379923 -0.3138504 -0.1589395 -0.3530785 -0.1456673 -0.3846360 -0.2981371 -0.1322080 -0.1516889 -0.2380799 -0.2269616 -0.4431117 -0.3900119 -0.3085364 -0.2172203 -0.3991705 -0.3748884 -0.1894339 -0.4289967 -0.1422150 -0.2650359 -0.2142977 -0.1836338 0.0809383 -0.0261916 0.0191858 -0.0684877 -0.3179968 -0.1381128 -0.1958377 -0.0801724 -0.2531073 -0.1987960 -0.2804303 -0.2411031 -0.3234258 -0.1020899 -0.0567095 -0.1954911 -0.0319968 -0.1802772 -0.4700156 -0.1928139 -0.2648314 -0.1890055 -0.1363047 -0.2745927 -0.3292680 -0.2714941 -0.2571986 -0.1993604 -0.2764880 -0.2243132 -0.3634773 -0.1523221 -0.3854377 -0.2756231 -0.2729315 -0.1107697 -0.1069796 -0.3652547 -0.3979666 -0.1506275 -0.3284472 0.5369448 0.2994943 0.4086055 0.4895116 0.3278727 0.0832772 0.1085914 -0.0104496 0.0440637 0.1363673 0.1130713 0.1832661 0.1404611 -0.1087828 0.1109414 -0.1033624 0.2264884 0.3456376 -0.4903010 0.3750156 0.3404797 -0.5016790 -0.3127005 -0.2294150 -0.2908841 0.2628279 0.0309922 -0.1963529 0.1798030 -0.2683254 -0.2591312 -0.2916362 0.3929418 0.5023298 0.0376087 0.4369797 0.4137771 -0.2040180 -0.1871151 -0.0765356 0.4379829 0.4196040 0.1114134 0.0481207 0.1577799 -0.1822524
0.4491209 0.0000000 0.6334062 0.5649271 0.2024343 0.5997983 0.6992440 0.6037154 0.5779833 0.4546333 0.5195388 0.8581130 0.6166414 -0.0877249 0.6033333 0.2220639 0.0241223 0.2470486 0.1596380 0.2542797 0.8309471 0.0187109 -0.1326758 0.2106159 -0.0378450 0.0053812 -0.1023446 -0.4750905 0.7774767 -0.2327508 0.2917649 0.2019404 0.0935445 0.6432188 0.0781833 0.7450755 0.3532782 0.3609321 0.1789871 -0.2339216 0.1604591 0.6889838 0.2329803 -0.3814888 0.6437469 0.3424355 0.3158518 0.3286540 0.2256550 -0.5291965 0.0228709 0.0068063 0.7300203 -0.0929456 0.4541182 0.2946221 0.2514208 0.0990895 0.6629818 0.0866153 0.4632676 0.0275188 0.5028534 0.6414556 0.4664654 0.0581630 0.1482460 0.1783314 0.3692348 0.3543099 0.0744562 0.5083980 0.1392191 0.6811949 0.1884215 0.5950059 0.6946994 0.0081648 0.5327784 0.3972233 0.3595077 0.1420546 -0.1910648 -0.0520898 -0.0033560 -0.3451253 -0.5655943 0.7394060 -0.2228269 0.0052267 -0.4170666 -0.1514652 -0.3177389 0.6642102 -0.0378971 0.0557802 -0.1225790 -0.0823802 -0.1585557 0.5736538 0.3839085 -0.4400927 -0.2195764 0.0865810 -0.1409249 -0.0485623 -0.0105943 0.0162437 -0.4509724 0.2231302 -0.2693238 -0.2682142 0.0440498 0.0381667 0.0441376 0.2143191 0.2589018 0.0782731 0.0888602 -0.1158592 -0.1343038 -0.1331806 -0.1857680 -0.3151641 -0.1818608 0.1231211 -0.3005549 -0.3607957 -0.0556087 -0.0267795 -0.1911677 -0.1723274 -0.2389851 0.2420869 0.1399738 -0.2626440 0.0276768 0.1074935 0.0981073 0.0567601 0.2015316 0.1338550 -0.5435187 -0.1215287 0.0276444 0.0461621 0.2163422 0.1766542 0.0753289 -0.0190084 -0.0480004 -0.2477122 -0.0220216 -0.2603947 -0.2308820 -0.2215828 -0.2535749 -0.1637137 -0.3510792 -0.2706228 -0.2945801 -0.0612748 -0.1785867 -0.2082366 -0.1598361 -0.2580796 -0.2717617 -0.0735981 -0.1376948 -0.1524396 -0.0887547 -0.0388896 0.6912424 0.6973429 0.9250662 0.8962041 0.8715276 0.5802833 0.6516519 0.2439658 0.4607134 0.4809354 0.5061321 0.5913151 0.4226916 0.3295336 0.4310532 0.5718327 0.7527749 0.7583382 -0.1057729 0.7472102 0.8285800 -0.0987513 0.0366005 0.1151932 0.1849101 0.7540570 0.5987862 0.2313561 0.5523581 -0.4184228 0.1936276 -0.2050258 0.1883831 0.7105898 0.0972850 0.4523725 0.1927212 -0.1536812 0.0159628 0.0661157 0.4061085 0.2755790 -0.1155399 0.0073752 0.0614136 0.2059166
0.4394789 0.6334062 0.0000000 0.3983004 0.7901169 0.2128019 0.4117835 0.5775622 0.0592156 0.1456046 0.3318203 0.4039349 0.7545191 0.1258202 0.1517388 -0.0265461 0.1834766 0.1217619 -0.0135704 0.6531325 0.5383414 0.0493135 -0.0925895 0.0064206 -0.0169279 0.1431566 0.1250968 -0.1219107 0.4365930 0.0619061 0.4842219 0.3222682 -0.0259078 0.4070027 0.1583193 0.6533440 0.4194304 0.2616249 0.1443823 0.0497142 0.3679054 0.5411356 0.2266194 0.0722148 0.3713174 0.2819053 0.2257203 0.3309933 0.3492220 -0.2224771 -0.0036393 -0.0103535 0.5458359 0.1821809 0.3961289 0.4319635 0.3119941 0.3785299 0.7058019 0.0743744 0.5572634 0.0535110 0.8829099 0.5990453 0.7268729 0.2826703 0.0427348 0.1274785 0.7184901 0.1651993 0.0951774 0.5776392 0.0356686 0.7337798 0.2333414 0.3185344 0.3701271 0.0227903 0.2956614 0.0242068 0.3302466 0.3008065 0.2885340 0.4455633 0.3454383 0.2030683 0.1007191 0.3265571 0.3090529 0.3712524 0.1338498 0.3020868 0.3787779 0.3133902 0.2829748 0.3925655 0.3277028 0.5092183 0.1544060 0.4430351 0.2953679 0.2802789 0.1994801 0.2466853 0.3494370 0.1010216 0.3612433 0.1317986 0.2604911 0.4855179 0.2255262 0.0607454 -0.0124496 0.1492306 0.3934307 0.1657098 0.1631984 0.0708223 -0.2156147 0.1867783 0.1509255 0.2934893 0.3829515 -0.3469996 0.1755397 0.2939883 0.1228105 0.1757225 0.2059099 -0.3039220 -0.0410280 -0.1899043 -0.1111085 -0.1675822 0.0498397 -0.0887686 -0.0676868 0.1927163 0.1838360 0.1849745 0.0914263 0.2290752 0.1500151 -0.1098450 0.2552702 -0.1305642 0.3118189 0.2952824 0.2978535 0.1146279 0.1550050 -0.0296738 0.1656701 -0.1337283 0.1905129 -0.1094619 0.3891820 -0.0086467 0.3036945 0.0378682 0.1209783 0.2417645 -0.2194214 0.2525115 0.1717694 0.0327325 0.0233722 0.3482161 -0.0018334 0.2035395 0.3253554 0.1183588 0.5804095 0.0550464 0.4338549 0.5075346 0.5507838 0.3149443 0.6145773 0.6512176 0.2485957 0.4913712 0.7007691 0.7262728 0.8072444 0.7343090 0.7996565 0.7002730 0.6704238 0.5806140 0.0845459 0.4856450 0.6077584 -0.0372798 0.0743950 -0.0856739 0.1106393 0.5482582 0.6987194 0.2678467 0.7018480 0.2729036 0.1741785 -0.2058633 0.6362136 0.8272025 0.0607591 0.2789076 0.5281049 0.3035009 0.0477228 -0.2822069 0.6022990 0.0138868 -0.5644137 0.2868142 -0.1635314 0.2088745
0.2995012 0.5649271 0.3983004 0.0000000 0.2050326 0.8274204 0.3454519 0.8930582 0.6399125 0.7484203 0.8890137 0.5581878 0.6669832 0.5862002 0.5456651 0.6142726 0.5152814 0.1894973 0.4844916 0.2102636 0.4771183 0.5353978 0.3305768 0.3469165 0.5454997 0.3635079 0.0101359 0.0552158 0.6597288 0.3435850 0.4954377 0.5963248 0.3381249 0.7947362 0.4370687 0.7046341 0.6458379 0.7452509 0.6476333 0.4516703 0.4524195 0.7202195 0.5443760 0.2123373 0.8597564 0.6018489 0.7593459 0.5762471 0.5565550 -0.0819398 0.6196083 0.6385844 0.8290985 0.6859130 0.6692978 0.6284247 0.7059961 0.7011991 0.3693802 0.7013543 0.6653248 0.6296984 0.4015151 0.9315150 0.4497048 0.5068433 0.7559369 0.7853256 0.5266818 0.9112303 0.6602612 0.6583394 0.7521615 0.6848274 0.6790462 0.9054912 0.7489894 0.6930195 0.8971671 0.7523385 0.7434891 0.2687159 0.3327110 0.1830144 0.2298407 0.1252014 -0.1441684 0.4046848 0.0874300 0.0519038 -0.3689279 -0.2157867 -0.1692631 0.3115876 0.0789196 -0.4176539 -0.3812075 -0.0448069 0.0616238 0.4206591 0.3246900 0.0275594 0.3279754 0.1690065 -0.3150865 -0.0706747 -0.0957103 0.3498184 -0.1573676 0.1727873 -0.1777437 -0.0603214 0.1163404 -0.2560247 -0.2904612 -0.0079208 -0.2598538 -0.3680094 -0.1182369 -0.3151949 -0.3074966 -0.2847646 -0.1463615 -0.0420391 -0.2572009 -0.1135009 0.1057005 -0.0442418 -0.2539056 0.3391271 0.1175396 0.0112112 0.0503023 0.2209975 0.0789387 0.0738934 0.2204069 -0.2919644 -0.2264071 -0.0467309 0.0189195 -0.3159107 -0.2989125 -0.0394777 0.1683226 0.3557845 -0.2862316 -0.2601369 -0.0258431 -0.1991607 -0.1561296 0.0270798 -0.4547289 0.0830275 -0.3282433 -0.1500762 -0.2324373 -0.3586298 -0.1698939 -0.3550462 -0.4386681 -0.2712344 0.1681901 -0.2660391 -0.2872287 0.1091430 0.2249971 -0.0963858 -0.2849002 -0.3159099 -0.1685524 -0.0710657 0.1571566 0.3649840 0.4451006 0.4371038 0.3785466 0.0559103 0.3277726 0.3451951 0.3700518 0.4611746 0.5463122 0.5644178 0.3339003 0.4223638 0.3856885 0.2554324 0.4987454 0.6382043 -0.2396894 0.8099697 0.5702871 -0.0501942 -0.0460407 -0.1265264 -0.0376590 0.4377346 0.2877358 0.0321711 0.2645479 -0.3539809 0.0939071 -0.0551518 -0.0287349 0.5197846 -0.0432434 0.0646686 0.1122442 -0.3790165 -0.1750984 -0.0385008 0.0209480 -0.2203653 -0.2328916 -0.1448142 -0.2516070 -0.1051133
0.2187879 0.2024343 0.7901169 0.2050326 0.0000000 -0.0304515 0.1121063 0.3692851 -0.1544533 0.1040950 0.2355968 -0.0061353 0.5588968 0.3928558 -0.1338795 -0.1372440 0.3819385 0.0403056 -0.2299394 0.5903264 0.2653380 -0.0920090 0.1333995 -0.0725153 -0.0826556 0.1805119 0.2903131 0.2414974 0.0842731 0.3380901 0.4622391 0.3100024 -0.0864847 0.1207856 0.1036697 0.3040101 0.2435075 0.0826221 0.1492865 0.2384539 0.2632283 0.1400309 0.1813278 0.3862937 0.0635599 0.1032859 0.0116328 0.1842204 0.3169718 0.1070627 -0.0701182 -0.0394150 0.3110178 0.3381497 0.2250866 0.3611402 0.1692245 0.4344845 0.2950820 -0.0187539 0.4416354 0.0716863 0.7607071 0.3314562 0.7089636 0.3108310 -0.0687413 0.0492959 0.6801976 0.0197811 0.0181062 0.4705001 -0.0491468 0.5080440 0.1500886 0.0460601 -0.0187530 -0.0252830 0.1073562 -0.1823418 0.2774877 0.3515273 0.4886266 0.6559917 0.4307895 0.4873323 0.4406543 0.0052851 0.6312373 0.4591631 0.4193089 0.6076124 0.5932058 -0.1469700 0.4964418 0.4574818 0.5492209 0.4734784 0.3079434 -0.0889028 0.0963602 0.4447130 0.1949612 -0.0619367 0.5428950 0.1933614 0.3063086 -0.1512036 0.5311263 0.4372551 0.5637890 -0.0386353 -0.3740365 0.0169653 0.4450244 -0.1625675 0.0320110 -0.0564684 -0.4185394 0.2074715 0.1836085 0.3895695 0.6437910 -0.3877400 0.1595336 0.1451785 0.2902098 0.5738379 0.0814205 -0.4820149 -0.0883442 -0.0987335 -0.1806865 -0.3352082 -0.1637186 -0.0355090 -0.2189957 0.0231984 0.0343632 0.1902514 -0.1635177 0.0131501 0.5661510 0.0065267 0.0812482 -0.2629990 0.2494431 0.1842631 0.1251398 0.0200199 0.3588730 0.1436347 0.1557127 0.0177276 0.3004914 0.0560789 0.7466638 0.0949600 0.6619290 0.3922377 0.2546389 0.2864788 -0.2449420 0.5531965 0.3063762 0.2419966 0.2272419 0.2795454 -0.0730818 0.3455651 0.3833484 0.0805803 0.2696901 -0.3455296 -0.0703204 0.0356452 0.1610750 -0.0625592 0.4730138 0.5873218 -0.2411535 0.0550152 0.4812294 0.3456688 0.6724189 0.7860691 0.6985323 0.4223870 0.1954100 0.0826913 0.1173362 0.0434730 0.1501704 -0.0197230 -0.0413369 -0.3085293 -0.0547976 0.1383885 0.3923073 0.1088127 0.5015110 0.5260083 0.3676420 0.0691455 0.6306534 0.5547951 -0.1792027 0.1556404 0.5252869 0.4509303 0.3732958 -0.3443156 0.4943723 -0.3170259 -0.7398658 0.3498207 -0.2165054 0.1404582
0.4766813 0.5997983 0.2128019 0.8274204 -0.0304515 0.0000000 0.4915892 0.6055577 0.8882562 0.8913269 0.7451890 0.6535850 0.3283186 0.4682402 0.7852363 0.3008979 0.2167785 0.4847025 0.1626149 -0.0322389 0.4972416 0.3253153 0.0120607 0.6565854 0.1931071 0.0850469 -0.1027269 0.1572469 0.7787957 0.2519551 0.2084959 0.3037142 0.5949993 0.8432810 0.1107057 0.5798535 0.4242732 0.4318848 0.5079370 0.2361146 0.1835245 0.6320247 0.1928963 0.1535255 0.7747957 0.2502061 0.4642740 0.4039158 0.6549412 -0.3200001 0.3383744 0.3758971 0.7919613 0.3334619 0.3924559 0.2361074 0.3622619 0.5655095 0.1940175 0.4264326 0.3481452 0.3485905 0.1375607 0.7569342 0.0980988 0.1525391 0.5084102 0.6194527 0.1227081 0.8292524 0.3668054 0.5046771 0.6436148 0.4116866 0.2994085 0.8596652 0.7030053 0.4317532 0.7711201 0.6501201 0.5283779 0.0697204 0.0494198 0.0764000 0.1370686 -0.0340644 -0.4003753 0.5825530 0.0033539 0.0816219 -0.5060526 -0.4283311 -0.5185051 0.2954485 -0.0017587 -0.3607882 -0.6070496 -0.3561238 -0.1236514 0.3466310 0.3191431 -0.3233101 -0.0519746 -0.0888246 -0.4614454 -0.0536351 -0.2866638 0.0654902 -0.3922057 -0.0878109 -0.3759455 -0.2444183 -0.0808064 -0.4211494 -0.4331521 -0.0408713 -0.1971030 -0.3791158 -0.0116695 -0.4486376 -0.4903260 -0.4676368 -0.3495246 -0.0351700 -0.4384873 -0.1081567 -0.2756772 -0.3601444 -0.3352609 0.2170518 -0.0605030 -0.1334361 -0.0398677 0.3557789 -0.0840525 -0.1845549 0.0619568 -0.2934199 -0.2617791 -0.1109648 -0.0787642 -0.2918259 -0.5104748 -0.0343103 -0.0073506 0.2768639 -0.3211467 -0.3022938 -0.2055030 -0.4052132 -0.4125165 -0.0793747 -0.4505917 -0.1454176 -0.5608137 -0.2113797 -0.5026986 -0.4110481 -0.4273566 -0.4436915 -0.6123509 -0.5453515 0.0812268 -0.4299434 -0.5354575 -0.1244642 -0.0398222 -0.2738460 -0.3463929 -0.6032424 -0.4417740 -0.2433224 0.3074895 0.5185828 0.5562348 0.5403805 0.3695308 0.0451635 0.1526527 0.0113429 0.2269417 0.2547590 0.3216364 0.3422548 0.0724462 0.0305259 0.1105195 0.0582691 0.4278180 0.5549073 -0.3140554 0.6757264 0.5259975 -0.1413831 0.0003137 -0.0070747 -0.1361317 0.4053416 0.1138894 0.0280692 0.0340694 -0.6095388 0.0869788 0.0330363 -0.1984094 0.4027496 0.1193492 0.3505428 0.0729138 -0.5186873 -0.0474504 0.1992429 0.0542213 0.1529699 0.1706992 -0.1308211 0.0143467 -0.1354920
0.2946554 0.6992440 0.4117835 0.3454519 0.1121063 0.4915892 0.0000000 0.2371147 0.5278726 0.2798093 0.2877117 0.7894311 0.1933110 -0.1883023 0.6953653 -0.0528729 0.0763322 0.2473687 -0.1529566 -0.0953528 0.7797246 -0.1698620 -0.2091751 0.2998925 -0.2808011 -0.2818677 -0.2662219 -0.2356062 0.7565273 -0.2670927 -0.1551182 -0.0052057 0.3417863 0.4897501 -0.0503661 0.7010105 0.0683067 -0.0132797 -0.0704387 -0.3030465 -0.1190087 0.5000258 0.0918629 -0.1463231 0.4124709 0.0220092 0.0200443 -0.0612988 0.3574891 -0.4354785 -0.0693396 -0.2480223 0.5290164 -0.2033374 0.0187715 -0.0850240 -0.0445958 0.1083115 0.3031603 -0.0288403 0.1657796 -0.1813451 0.2587494 0.3790977 0.3381005 -0.2110199 -0.0360226 0.0334940 0.0331478 0.1615971 -0.1554122 0.2124303 -0.0241446 0.3631813 -0.0570148 0.3521661 0.4530883 -0.1933576 0.3704844 0.1873319 0.2369847 0.2362640 -0.0357295 0.0514102 0.0558054 0.0020930 -0.2537278 0.5769924 -0.0001215 0.0382533 -0.2089355 0.0787050 -0.3013600 0.3869764 -0.1543472 0.0788433 -0.1971460 -0.1542933 -0.2038491 0.2676941 0.3424596 -0.4001747 -0.2000052 -0.1808258 -0.3532034 -0.1094391 0.1876385 0.0961463 -0.3917151 0.4851967 -0.3522814 -0.0585071 0.0574963 0.1595584 0.1629757 0.1658886 0.3119449 0.2268895 0.0227260 0.0034652 -0.0056633 0.1095989 -0.1411359 -0.1113319 -0.0510893 0.2547788 -0.2878472 -0.4628982 -0.1487644 -0.0240583 -0.2664055 -0.4730637 -0.3416236 0.2302631 -0.0053272 -0.2785238 -0.1399614 -0.0678313 -0.0215712 0.1804297 0.1571262 0.1603338 -0.4411539 -0.0364113 -0.1190021 0.0292906 0.0701456 -0.0081271 0.1682373 -0.1972697 -0.2649985 -0.1880974 -0.0302710 -0.3506730 -0.3246802 -0.1940217 -0.1809127 -0.3251212 -0.2243602 -0.1657208 -0.4272440 -0.1857778 -0.1390367 -0.0762059 -0.2658785 -0.2173701 -0.2653131 0.0437088 0.0579928 -0.1901715 -0.1939945 0.0188047 0.6352688 0.5325248 0.7491254 0.7329291 0.6371044 0.3400103 0.5153880 0.2395451 0.3570527 0.3937301 0.3664658 0.4092259 0.1303950 0.1924880 0.1685852 0.4191041 0.6306603 0.5818322 0.0439669 0.5332534 0.6012086 0.1042827 0.2759237 0.4171556 0.3243621 0.6954452 0.3261784 0.3022176 0.3871808 -0.3409705 0.4564755 0.0921619 0.0603338 0.3552536 0.1720679 0.3917218 0.3568724 -0.1779241 0.3899520 0.3408051 0.2537781 0.4705162 0.2088593 0.0276226 0.3790934 0.0267642
0.2191305 0.6037154 0.5775622 0.8930582 0.3692851 0.6055577 0.2371147 0.0000000 0.4954191 0.5984387 0.8296418 0.5144011 0.8972522 0.5446362 0.3422333 0.6036603 0.4895837 0.1158060 0.6081299 0.4757137 0.4730625 0.5523947 0.3475263 0.0906909 0.6186440 0.4491054 0.1524059 -0.1205019 0.4598587 0.2843997 0.6900461 0.6966512 0.0492928 0.6313429 0.4962735 0.6379753 0.6945264 0.8459341 0.6175521 0.4160877 0.5429764 0.6816836 0.5994314 0.0411931 0.7785859 0.6760218 0.7588246 0.6250588 0.3210865 -0.0675745 0.5677022 0.6381405 0.7509509 0.6398918 0.7473526 0.7364760 0.7543862 0.5287743 0.5849686 0.6574032 0.7835380 0.6565510 0.5604233 0.8959760 0.5827846 0.6000487 0.7195904 0.7316112 0.7260652 0.7892990 0.7010422 0.7161324 0.7096217 0.8195489 0.7498949 0.8268715 0.6951769 0.6234590 0.8209479 0.6405091 0.6951085 0.2326949 0.3018326 0.2576727 0.3344070 0.1749683 -0.0946979 0.4363780 0.1723496 0.1309302 -0.2783780 -0.0561984 0.0526065 0.3751710 0.2003733 -0.1931111 -0.1724302 0.1669964 0.2110854 0.5060528 0.3294897 0.1544066 0.4025895 0.2999019 -0.0960497 0.1120653 0.1502610 0.3299250 -0.0420684 0.2812385 -0.0645070 -0.0169293 0.1127682 -0.0792057 -0.0603020 0.0226085 -0.1528755 -0.2064664 -0.1304571 -0.1133458 -0.1354280 -0.1384736 -0.0382036 -0.1989910 -0.0744638 -0.0189026 0.1496951 0.0460579 0.0093089 0.1741573 0.1194080 0.0262754 -0.0336031 0.0338714 0.1277925 0.0124363 0.1833119 0.0023811 -0.0646687 -0.0674442 -0.0290359 -0.1103486 -0.1768575 -0.1340993 0.2912342 0.1772154 -0.0203497 -0.0549322 0.0220390 0.0416926 -0.0321575 -0.0341956 -0.2223107 0.0128985 -0.1144664 -0.1591402 -0.0582652 -0.2176207 -0.0590380 -0.3422363 -0.2234759 0.0044000 0.0165040 -0.1689295 -0.0669755 0.0471508 0.1414142 -0.0200542 -0.1927301 -0.0841035 -0.0026243 0.0178946 0.1763785 0.2974761 0.4685681 0.4714191 0.5062968 0.2400271 0.4662323 0.3699820 0.3803756 0.4477596 0.6373139 0.6295756 0.5872581 0.6037086 0.6843041 0.4924332 0.5404686 0.6373598 -0.1099644 0.7821374 0.6554446 -0.0511899 -0.0730135 -0.2081688 0.0075956 0.4286498 0.5262094 0.1597345 0.5109057 -0.1072460 0.0096969 -0.2392299 0.1604879 0.5842883 0.0171515 -0.0594551 0.1458624 -0.1515312 -0.2319751 -0.3135119 0.1647373 -0.3861130 -0.5536531 -0.0934411 -0.2813782 0.0832305
0.4235417 0.5779833 0.0592156 0.6399125 -0.1544533 0.8882562 0.5278726 0.4954191 0.0000000 0.8409428 0.6244884 0.6963691 0.2378064 0.3675251 0.8326109 0.2424995 0.1740478 0.6097314 0.1744091 -0.1445035 0.5252785 0.2534012 0.0519468 0.6010091 0.1546214 0.0630253 -0.0421956 0.0999525 0.6555413 0.1693482 0.1331310 0.2350991 0.4921880 0.6403009 0.0773369 0.3721417 0.3122025 0.3641814 0.4440464 0.1222372 0.0155788 0.4334787 0.1721059 -0.0575036 0.6012385 0.1340718 0.3154001 0.2820494 0.3936758 -0.2715372 0.2296979 0.2779596 0.6558504 0.1037118 0.2785990 0.0760613 0.2100669 0.2577341 0.0787861 0.2992279 0.1908030 0.3061355 -0.0634592 0.5454459 -0.0213607 0.0614797 0.4085921 0.5095626 -0.0091003 0.6965422 0.2961448 0.3576182 0.6230188 0.2517023 0.2111405 0.7313495 0.5528884 0.2811056 0.6824773 0.5811658 0.4148410 0.0302805 -0.0674195 -0.0251375 0.0686753 -0.0781498 -0.4938287 0.6814183 -0.0104391 0.0858437 -0.5167325 -0.3520175 -0.5958157 0.2249229 0.0588761 -0.2340668 -0.5570918 -0.4639141 0.0032465 0.1801149 0.3406044 -0.5058492 -0.1855868 -0.2216111 -0.4887288 0.1286180 -0.2175768 -0.0864145 -0.5042931 -0.1222377 -0.4035391 -0.2839630 -0.1899876 -0.4053062 -0.4201580 -0.1270033 -0.1119496 -0.2655441 0.0218281 -0.3513248 -0.4549576 -0.4903385 -0.4262507 -0.1193491 -0.4113148 -0.0486926 -0.4697789 -0.4409665 -0.2799211 0.1456330 -0.1686142 -0.1364991 -0.2190910 0.3393167 -0.1191232 -0.3012065 -0.0279640 -0.1564778 -0.2504164 -0.1285364 -0.1991038 -0.1976390 -0.5926471 -0.0932784 -0.0920375 0.1562482 -0.2448413 -0.3217097 -0.3203900 -0.3900859 -0.3838747 -0.1806179 -0.3203613 -0.2266966 -0.6469897 -0.2256742 -0.5981635 -0.3326860 -0.5359459 -0.4412669 -0.6451780 -0.5114979 -0.0247759 -0.4532242 -0.5044199 -0.2721743 -0.2007355 -0.3459238 -0.2675867 -0.5695970 -0.5308751 -0.2803495 0.3314255 0.6170837 0.6145756 0.5684247 0.4222046 0.0879083 0.1404705 -0.3302946 0.0645348 -0.0196241 0.1470230 0.0746625 -0.1145505 -0.1472822 0.0091337 -0.0160721 0.2389605 0.3642152 -0.1979612 0.5252940 0.4491739 -0.1122546 0.0273983 0.0923171 -0.0542767 0.3633711 0.0262819 0.1486421 0.0464907 -0.6560451 0.0876183 0.0632466 -0.2337001 0.1545636 0.1958548 0.2851649 0.0733113 -0.5602085 0.0988036 0.2248687 0.0422103 0.1447913 0.1991959 -0.1828387 0.2979117 -0.0659412
0.2804784 0.4546333 0.1456046 0.7484203 0.1040950 0.8913269 0.2798093 0.5984387 0.8409428 0.0000000 0.7900782 0.4246632 0.3466939 0.7114517 0.5719544 0.2864841 0.3897598 0.5341794 0.1264823 0.0417236 0.3423405 0.3276848 0.2307881 0.5638276 0.2231646 0.2095305 0.2482663 0.2896668 0.5421115 0.5250737 0.3400842 0.3993184 0.4670420 0.6786183 0.1342842 0.3689578 0.4145769 0.4314115 0.6474976 0.3929068 0.2117139 0.5212395 0.1977007 0.2477991 0.7232884 0.1560880 0.3600836 0.3997932 0.5358284 -0.2267337 0.2931418 0.4388400 0.6938851 0.4178138 0.3264201 0.2234644 0.3193545 0.5527437 0.1546197 0.3883512 0.4618281 0.4644293 0.1186415 0.6765553 0.1407515 0.2179253 0.5118374 0.6774536 0.1954838 0.8241442 0.3685664 0.5446750 0.6982825 0.4093400 0.3042698 0.8229153 0.5710812 0.4030423 0.7284444 0.5699468 0.5133791 0.0965171 0.1308529 0.2558191 0.2799775 0.1145614 -0.2619962 0.5232621 0.2396121 0.2778507 -0.3256445 -0.2434887 -0.3599185 0.1021797 0.2465617 -0.1869439 -0.3877124 -0.3404578 0.0459059 0.1343018 0.3461649 -0.2206828 -0.0356930 -0.1815688 -0.2042870 0.1233055 -0.2735518 -0.1029629 -0.1874892 -0.1364404 -0.0708319 -0.2989114 -0.3043298 -0.4139852 -0.3472395 -0.1068964 -0.1187858 -0.4068798 0.0369370 -0.3460440 -0.3868420 -0.3782513 -0.1785542 -0.0542038 -0.3936438 -0.0731517 -0.1549815 -0.1291491 -0.2577383 0.1569383 0.0279026 -0.0410512 -0.0057397 0.2924168 -0.1367000 -0.1509186 0.1021544 -0.1546238 -0.1613760 -0.0690974 -0.1390708 -0.2579366 -0.2687403 0.0719792 0.0509410 0.1891851 -0.1581119 -0.2158362 -0.2441525 -0.2885909 -0.2197542 0.0401772 -0.2760432 -0.0298136 -0.4468847 -0.0874694 -0.2869312 -0.1601362 -0.2200270 -0.2242624 -0.4326033 -0.3764286 0.0733046 -0.2250977 -0.3212923 0.0015301 0.0550327 -0.2436828 -0.2675039 -0.4100055 -0.2985028 -0.1273886 0.1228926 0.3183903 0.3435192 0.3190858 0.2147028 -0.0991222 0.0729523 -0.1108741 -0.0926092 -0.0247881 0.3179386 0.1814900 0.1015137 0.1190537 0.1602353 0.0186003 0.1731868 0.2538920 -0.2267033 0.4446874 0.3647342 -0.1253876 -0.0412418 -0.1582043 -0.2196050 0.2577614 0.0869757 0.0512191 0.0319411 -0.4351516 0.2371078 0.1113097 -0.1315408 0.2829685 0.0148952 0.3516030 0.0760039 -0.3715505 0.1461484 0.1162938 0.1129104 -0.0645134 -0.0416917 -0.0351383 0.0109258 -0.0566259
0.1655588 0.5195388 0.3318203 0.8890137 0.2355968 0.7451890 0.2877117 0.8296418 0.6244884 0.7900782 0.0000000 0.4736984 0.6711717 0.6757983 0.4825163 0.6639600 0.6516649 0.3101607 0.4610424 0.2739822 0.4089510 0.5700646 0.3742171 0.2309891 0.5111824 0.3934855 0.1413476 0.0702836 0.4800328 0.4252094 0.6222328 0.6028745 0.1407397 0.6001324 0.4206031 0.5863874 0.5956454 0.6993997 0.7043317 0.4554506 0.4430116 0.6509360 0.5569131 0.1497721 0.7640474 0.5812798 0.6629924 0.5475586 0.3526921 -0.1485886 0.5487111 0.6825491 0.6921959 0.7205023 0.6549580 0.6138546 0.5956172 0.6338227 0.4107081 0.6037535 0.6700952 0.7073896 0.3948842 0.8155188 0.4350048 0.4911611 0.6756929 0.8360333 0.5422740 0.8497672 0.5980445 0.5424620 0.7615704 0.6400369 0.5784854 0.8292645 0.5813746 0.5391529 0.7986234 0.5606795 0.5857677 0.3215688 0.3158746 0.2236535 0.1615386 0.0985323 -0.0444959 0.4620262 0.1441444 0.1812151 -0.1163634 0.0229593 -0.0563079 0.3913257 0.3054797 -0.1673173 -0.2252298 -0.0397664 0.0675444 0.4095522 0.2872842 0.0299864 0.2162474 0.1841647 -0.1712695 0.1347058 -0.0553284 0.1280339 -0.0945465 0.1545863 0.0378248 -0.0773419 0.0150027 -0.2110965 -0.1255360 0.0135844 -0.0877007 -0.1596328 -0.0779046 -0.2129321 -0.1891169 -0.1665018 -0.0487228 -0.1522817 -0.3066412 -0.0327350 0.0655667 0.0619800 -0.1924937 0.1444796 -0.0114549 0.0349615 0.0142261 -0.0075019 0.1400042 -0.0533020 0.1037918 -0.1226831 -0.1195436 -0.1165622 0.0215352 -0.2187117 -0.2437822 -0.2016882 0.1009853 0.0543737 -0.1222618 -0.1401101 0.0570164 -0.1063203 -0.1021139 -0.1480440 -0.2571418 -0.0840226 -0.2292965 -0.3098789 -0.1594262 -0.2752896 -0.1517118 -0.3365421 -0.3326039 -0.1091391 -0.1039488 -0.1820033 -0.1437930 -0.0487831 0.0097794 -0.0354123 -0.1991270 -0.1274936 -0.0362655 0.0495980 0.1066616 0.4108219 0.4230299 0.4606243 0.4161719 0.1535111 0.3068822 0.2863723 0.2807140 0.3560717 0.6333266 0.5147939 0.3520133 0.4177196 0.3918088 0.3646355 0.3655115 0.4545229 -0.1743713 0.6445413 0.5947271 -0.0603596 -0.0828829 -0.1812313 -0.0090807 0.3689793 0.2128228 0.0856438 0.2254861 -0.2710013 0.3001504 0.0002903 0.0248588 0.3846470 -0.1294013 -0.0110053 0.1559994 -0.2975036 0.0435981 -0.1371272 0.0448340 -0.1998804 -0.2968839 -0.2950614 -0.2935646 -0.2277319
0.4695758 0.8581130 0.4039349 0.5581878 -0.0061353 0.6535850 0.7894311 0.5144011 0.6963691 0.4246632 0.4736984 0.0000000 0.4218997 -0.1421226 0.7783128 0.2340042 -0.0262465 0.2165942 0.2318257 0.0809236 0.9093649 -0.0247997 -0.0869477 0.3701292 -0.0007266 -0.0256167 -0.3162377 -0.4585328 0.8380134 -0.3316883 0.0939651 0.1531423 0.2083354 0.6936262 0.1670575 0.7150721 0.3517356 0.3900920 0.1068230 -0.2304214 -0.0006548 0.5211707 0.3157536 -0.4681819 0.5670821 0.3800461 0.3907968 0.3091484 0.2803689 -0.3103470 0.1739411 0.0654345 0.7572805 -0.1066003 0.4344252 0.2592689 0.2840468 0.0680665 0.3883961 0.2117087 0.2258186 0.0814563 0.2474944 0.5766011 0.3500501 0.0549048 0.2374150 0.1817511 0.1018298 0.4221166 0.1607586 0.4022913 0.2287467 0.4920012 0.1431864 0.6122866 0.6973054 0.0369311 0.5979097 0.5675804 0.3583553 -0.0131443 -0.2171710 -0.1233680 -0.0092850 -0.2870279 -0.6193662 0.6523170 -0.2470358 -0.1565220 -0.5617559 -0.2679073 -0.4835013 0.5634164 -0.1943768 -0.1023459 -0.3481313 -0.2237032 -0.1958310 0.4752258 0.3504840 -0.5271994 -0.1924089 -0.1124602 -0.4296201 -0.1067981 0.0705739 0.0844931 -0.6413458 0.2601104 -0.5593329 -0.2039080 0.1070919 0.0167847 0.0134078 0.0975814 0.1418037 0.1480458 0.0443651 -0.1126290 -0.1787329 -0.1915316 -0.4828527 -0.1693964 -0.1010058 0.0928513 -0.3945336 -0.5455702 -0.0526170 0.0781054 -0.1823930 -0.2361215 -0.2792196 0.3695076 0.0417014 -0.3412045 0.0448418 -0.0192546 0.0269057 0.0628642 0.0658357 0.0796984 -0.7166189 -0.0772915 0.0153288 0.1561986 0.0420722 0.0462303 -0.0249448 -0.1203952 -0.1806762 -0.2187725 -0.1515285 -0.3161243 -0.3185961 -0.1763729 -0.4410766 -0.3118835 -0.5006027 -0.3536082 -0.4375372 -0.2187637 -0.0817509 -0.3058012 -0.3166560 -0.2762687 -0.2837175 -0.2170139 -0.0932626 -0.3157950 -0.2926386 -0.1069274 0.5802634 0.7362656 0.8772244 0.8986748 0.8650300 0.5291023 0.6585862 0.0808538 0.4787277 0.3861958 0.2755603 0.4199167 0.2015589 0.1224089 0.2634719 0.3764173 0.6937997 0.7719331 -0.0809681 0.7486718 0.7459253 0.0027448 0.1347701 0.2965936 0.2604256 0.6625830 0.4153981 0.2667217 0.4684346 -0.5629438 0.0578202 -0.0575648 -0.0018908 0.5077940 0.3104840 0.2773467 0.1520879 -0.3612077 0.0184421 0.2210990 0.3085322 0.2941663 0.0931425 -0.1291902 0.1550283 0.1823879
0.1479855 0.6166414 0.7545191 0.6669832 0.5588968 0.3283186 0.1933110 0.8972522 0.2378064 0.3466939 0.6711717 0.4218997 0.0000000 0.3779322 0.1229680 0.5191272 0.4232227 0.0271036 0.5253675 0.6283255 0.4854036 0.3735139 0.2623299 -0.1866532 0.4570314 0.4433026 0.2223394 -0.2309827 0.2752483 0.1884308 0.7170442 0.5680290 -0.2617955 0.3866826 0.4453707 0.6271232 0.6237359 0.7123047 0.4419449 0.2913179 0.4350323 0.5923836 0.5406387 -0.0727612 0.5674576 0.6305310 0.6259892 0.4905578 0.0787765 -0.1122269 0.4039753 0.4432395 0.6024603 0.5116356 0.6851624 0.7231332 0.6220747 0.3246357 0.7280936 0.4625000 0.7995880 0.5091972 0.7316059 0.7255585 0.7323651 0.5217156 0.4976740 0.4767276 0.8448854 0.4862465 0.5278047 0.6949778 0.4520740 0.8803534 0.6279673 0.5818989 0.5436328 0.4254572 0.5925806 0.3728873 0.5516099 0.3144994 0.3307302 0.2837637 0.3034046 0.1377821 -0.0109231 0.3780184 0.1572958 0.2586591 -0.0561293 0.1565595 0.3305138 0.3873548 0.2582522 0.0712435 0.1360800 0.3746545 0.2028241 0.5243717 0.2711936 0.2391978 0.3922201 0.3454430 0.1054626 0.1773662 0.3535808 0.2296224 0.1289738 0.4112396 0.1481401 0.0920562 0.0638622 0.0298309 0.2040662 0.0546112 -0.0461651 -0.0215992 -0.2154634 0.1415617 0.0403333 0.0403597 0.2188581 -0.3333563 0.0738782 0.1470938 0.1939756 0.2158964 0.1959765 -0.0624488 0.0207325 0.0347648 -0.0923600 -0.1612374 0.1852262 0.0048718 0.0846581 0.2116021 0.0763509 0.0592989 0.0275153 0.1149808 -0.0068816 -0.1728397 0.3207213 -0.0472699 0.2040068 0.1428238 0.1944610 0.2657900 0.1950619 -0.0738251 0.0025691 -0.0769853 0.1026543 -0.1439348 0.1991906 -0.0526249 0.1092046 -0.1654359 0.0254709 0.2762971 -0.1671201 0.0946703 0.1543996 0.0263483 0.0352002 0.1724819 -0.0797131 0.1825213 0.2211528 0.0840975 0.2978916 0.2230574 0.4415606 0.4839287 0.5998340 0.3957223 0.6318622 0.5233231 0.3947246 0.4922956 0.7366393 0.7069104 0.7566296 0.7637609 0.8285763 0.7183328 0.5934725 0.5918866 0.1074945 0.6603984 0.6772604 0.0686022 0.0234278 -0.1487098 0.1430210 0.4859369 0.6873412 0.2868959 0.6514529 0.1643739 0.1144042 -0.2411545 0.3228333 0.6681641 0.0135917 -0.1047795 0.2301615 0.1491678 -0.1112054 -0.4074358 0.2747043 -0.4152062 -0.7201402 -0.0470681 -0.3197938 0.2083360
0.0438351 -0.0877249 0.1258202 0.5862002 0.3928558 0.4682402 -0.1883023 0.5446362 0.3675251 0.7114517 0.6757983 -0.1421226 0.3779322 0.0000000 0.1103317 0.3152922 0.6791218 0.3754367 0.1577354 0.2418701 -0.1396009 0.4846674 0.5013418 0.2797342 0.4699492 0.4504270 0.4655449 0.6504925 0.0201420 0.8535988 0.5208986 0.5647655 0.2648724 0.3012824 0.3120978 0.0783712 0.4373597 0.4515053 0.7020086 0.7633733 0.3826440 0.2464156 0.3083879 0.6457372 0.4176176 0.1895183 0.3683240 0.3877624 0.4124428 0.1816858 0.4332490 0.6393795 0.3347995 0.8019645 0.3184049 0.3812369 0.4096228 0.7147745 -0.0033031 0.5044276 0.5000487 0.6887293 0.2159116 0.5146783 0.2026221 0.4757318 0.5667238 0.7545988 0.4499870 0.7079435 0.5297030 0.4648687 0.7462697 0.3096377 0.4822006 0.5279376 0.1684805 0.5756058 0.5254464 0.2868318 0.5035868 0.2782063 0.5415703 0.5139940 0.4474755 0.5389231 0.3817017 0.0543318 0.5916799 0.4655382 0.1778149 0.1424844 0.2204433 -0.2720919 0.5269160 -0.0904274 -0.0797900 0.0368733 0.3568887 -0.0972375 0.1660319 0.3915304 0.3479178 -0.0051000 0.0899742 0.2858172 -0.0755101 -0.0294681 0.3891680 -0.0481825 0.3752707 -0.0388964 -0.3364878 -0.4142214 -0.2203446 -0.2910317 -0.3423329 -0.4582045 -0.2451518 -0.1887155 -0.2051758 -0.1317407 0.2382629 -0.0634631 -0.2292360 -0.1304305 0.2411402 0.4082328 -0.1750839 0.0373559 0.1533034 0.0997021 0.1377274 -0.1229096 -0.1802630 0.1096872 0.0416317 -0.1761499 -0.2168616 -0.1105778 -0.3052728 -0.3652708 0.3272561 0.0117414 0.1419628 0.0447703 -0.2269896 -0.2765120 -0.1646146 -0.1889072 -0.0290186 0.1940661 -0.2341385 0.1813884 -0.1523126 -0.0166991 0.1900483 -0.0519812 0.2878669 -0.0094663 -0.1207094 -0.1386987 0.0717985 0.0750571 -0.0467098 0.2618642 0.3496325 -0.0073922 -0.2206465 -0.1132062 -0.0098279 -0.0485338 -0.2568584 -0.2394739 -0.2477506 -0.2076098 -0.2351276 -0.4030829 -0.1434051 0.0933544 -0.3184299 -0.1297920 0.3670782 0.1069431 0.2294613 0.3469924 0.3014178 -0.0558993 -0.1588718 -0.1195074 -0.1358813 0.1319899 0.0207373 -0.0986229 -0.1510736 -0.4340632 -0.3584184 -0.1101368 -0.0504849 -0.0816975 -0.0197764 0.1438030 0.2129438 0.1232549 0.0513119 0.0816298 -0.2013814 -0.0421295 0.2079367 -0.0264982 0.1314783 -0.2395767 -0.0015031 -0.4919399 -0.3953720 0.0072830 -0.2230028 -0.2089314
0.6347852 0.6033333 0.1517388 0.5456651 -0.1338795 0.7852363 0.6953653 0.3422333 0.8326109 0.5719544 0.4825163 0.7783128 0.1229680 0.1103317 0.0000000 0.1550520 0.0892914 0.6266772 0.0204455 -0.1395639 0.5600046 0.0908379 -0.0434534 0.7204113 0.0672273 0.0356608 -0.3139043 0.0449642 0.8184530 -0.0543165 -0.0077301 0.1793799 0.5742196 0.6867144 0.1342634 0.4657967 0.3227239 0.2685181 0.2588846 0.0111094 0.0559301 0.4191650 0.2276790 -0.0736633 0.4869524 0.2199635 0.3106143 0.3209423 0.4365525 -0.2699325 0.2039221 0.2006922 0.5427251 0.0097205 0.3632842 0.0979366 0.1687693 0.2928762 0.0480322 0.2395199 -0.0155557 0.1668496 0.0711842 0.5049583 -0.0412536 0.0226646 0.2617059 0.3655559 -0.0011828 0.5305901 0.1675531 0.2123299 0.4036875 0.1535413 0.1111641 0.5411784 0.4740426 0.1322442 0.5339787 0.4074473 0.3348003 0.1336668 -0.1600443 -0.1916385 -0.1214323 -0.2330734 -0.4048444 0.5885738 -0.1781589 -0.0733649 -0.3730601 -0.2835972 -0.6017381 0.3592678 -0.0242366 -0.1915416 -0.5247687 -0.4287844 -0.1367540 0.3079556 0.2912549 -0.4917576 -0.3177990 -0.0990747 -0.5292185 -0.0597966 -0.2794787 -0.0818536 -0.5458611 -0.0553237 -0.4701030 -0.3154622 -0.0341856 -0.3705622 -0.3873334 -0.1202220 -0.1003027 -0.0800429 -0.0789263 -0.4680848 -0.4536445 -0.3997693 -0.4722100 -0.1868040 -0.5051785 -0.1620171 -0.5682250 -0.5101079 -0.4511308 0.0560747 -0.2858092 -0.2490208 -0.1825998 0.2958575 -0.1677225 -0.2258028 -0.1252795 -0.3285109 -0.2777966 -0.1829426 -0.1197827 -0.3277911 -0.6386351 -0.2167256 -0.2408138 0.1595112 -0.3463704 -0.3202496 -0.2613271 -0.5594723 -0.4112469 -0.2486421 -0.4211643 -0.2189521 -0.6463595 -0.2929347 -0.5648188 -0.4579256 -0.5130314 -0.4330552 -0.6875412 -0.5978924 -0.0568167 -0.4923642 -0.5908459 -0.2938839 -0.2034487 -0.3143496 -0.3303986 -0.6307640 -0.5115117 -0.3736497 0.4591102 0.6537254 0.6815352 0.6964153 0.4924257 0.2129817 0.1584961 -0.1036038 0.2086029 0.2171109 0.1935366 0.2035570 -0.0930113 -0.1860430 -0.0550211 -0.0427841 0.3760080 0.4601765 -0.3804119 0.5955556 0.5418800 -0.3032277 -0.1086203 0.0837777 -0.1125932 0.4609763 -0.0100930 -0.0908574 0.1279577 -0.6451135 0.0790720 0.0239627 -0.0669419 0.2365510 0.0287061 0.4027225 0.3303942 -0.4375433 0.0420583 0.2588196 0.1693425 0.4481032 0.4006230 -0.1346912 0.2231006 -0.2673804
-0.1336771 0.2220639 -0.0265461 0.6142726 -0.1372440 0.3008979 -0.0528729 0.6036603 0.2424995 0.2864841 0.6639600 0.2340042 0.5191272 0.3152922 0.1550520 0.0000000 0.4946270 -0.0822540 0.7823267 0.1654566 0.1534784 0.5719193 0.5752033 -0.1588831 0.6716967 0.5378467 0.0588881 -0.1535555 0.1241560 0.1412365 0.4318207 0.5094448 -0.1790229 0.2256913 0.6237153 0.3400140 0.5353881 0.7349740 0.3764399 0.3179680 0.3826791 0.3187643 0.7121793 -0.0707472 0.4027424 0.7415025 0.7786466 0.4841119 -0.1196002 0.0283064 0.7605831 0.7378911 0.3049797 0.6126803 0.6605568 0.7081203 0.6990758 0.2561620 0.2963267 0.7178926 0.4496943 0.7559757 0.1846490 0.4350824 0.2524103 0.5994865 0.7312840 0.5978296 0.4492877 0.5619925 0.7361603 0.1618367 0.5930349 0.3676643 0.7029891 0.4893407 0.3312599 0.6656264 0.5353885 0.5515196 0.3646919 0.2098526 0.2112426 -0.3025602 -0.2600096 -0.2184475 -0.1037626 0.1087118 -0.3639989 -0.2351768 -0.1105925 -0.1039431 0.0937419 0.3656856 -0.1034794 -0.5033664 -0.1087559 0.0736362 -0.0970749 0.3365133 -0.0140233 0.1031159 0.3976650 0.3438848 -0.2139383 -0.1371302 -0.0179061 0.3932502 -0.1046469 0.0821883 -0.0293541 0.1854850 0.4258182 -0.0127913 -0.1410236 0.1658631 -0.1063287 0.0147207 0.0977688 -0.0041365 0.0643800 -0.1191654 -0.1270290 0.0825129 -0.0926877 -0.0223329 0.3542757 0.2034689 -0.0235234 0.4837707 0.2155181 0.4425985 0.2698477 0.0003057 0.5370108 0.3017904 0.3709701 0.0086021 -0.0295858 -0.0882545 0.3183078 -0.1658056 -0.2210291 -0.1955246 0.2565126 0.1899968 -0.0897805 -0.0476723 0.2261595 0.2707631 0.1940147 -0.1568746 -0.1563580 0.1485184 0.0076656 -0.1963263 -0.2309074 -0.0388161 -0.1900927 -0.2938857 -0.0494919 0.1856968 0.0989865 -0.2261716 0.1342181 0.0215713 0.0784733 0.0403491 -0.0041888 0.1356189 0.1415061 0.1715161 -0.2465716 0.3149340 0.1902420 0.2272332 0.2944036 0.2851418 0.2200367 0.2009846 0.4701391 0.3757848 0.3600958 0.3176610 0.1295716 0.1922823 0.1194707 0.2045605 0.1437801 0.3196176 -0.0181631 0.5178375 0.3984160 0.1414866 -0.0419222 -0.0588998 0.2245123 0.2559232 0.0144988 0.1070777 0.0854530 -0.1794376 0.1074371 -0.0630944 -0.1638189 0.0609904 -0.1393825 -0.4499891 -0.2121506 -0.2212784 -0.2028981 -0.1767826 -0.3420223 -0.3993209 -0.2025554 -0.6033322 -0.3554122 -0.0966104
-0.0833451 0.0241223 0.1834766 0.5152814 0.3819385 0.2167785 0.0763322 0.4895837 0.1740478 0.3897598 0.6516649 -0.0262465 0.4232227 0.6791218 0.0892914 0.4946270 0.0000000 0.2041975 0.2045571 0.1328096 0.0572865 0.4874948 0.6826036 -0.0430384 0.4524357 0.3882973 0.4471395 0.3832460 0.0637630 0.6962815 0.5260914 0.4164494 0.0100884 0.0967253 0.3974745 0.3100936 0.2977308 0.3725842 0.6002160 0.5747111 0.2655792 0.3840232 0.4926849 0.4281141 0.4054187 0.2417572 0.3005926 0.1552810 0.0870857 0.2463324 0.3527213 0.5217520 0.2854425 0.7409621 0.2504492 0.3556393 0.3024580 0.5178999 0.1432375 0.3683890 0.6338753 0.6703570 0.2368590 0.4654950 0.5316027 0.3975913 0.4133910 0.6185992 0.5265922 0.5081641 0.3452823 0.3718930 0.5568370 0.4382126 0.5155626 0.3743680 0.1355080 0.4730160 0.5170801 0.2429606 0.5649211 0.7351043 0.7324997 0.4374598 0.2659544 0.4169872 0.5194648 0.0410159 0.4103447 0.4704774 0.3912041 0.4715192 0.4077649 -0.1101151 0.6025189 0.0589140 0.2386466 0.2594058 0.5451468 -0.0591108 0.4293393 0.3718211 0.4004873 0.2249078 0.0863251 0.3338122 0.0372508 0.1984515 0.3864039 0.2749661 0.5521748 0.1973498 -0.0936120 -0.1198097 -0.0578638 -0.1202813 -0.0938378 -0.2346234 -0.2318637 0.0130439 0.0486985 0.1437793 0.3978964 -0.0729696 -0.0999277 0.0443715 0.3622247 0.4757228 -0.2371500 0.1847622 0.1463924 0.1525239 0.1184240 -0.1645565 0.1305236 0.2299188 0.1825000 -0.1748911 -0.0441636 0.1422695 0.0195273 -0.1588110 0.2542147 -0.0348273 0.1202628 0.0220258 -0.1697028 -0.2017614 0.2610912 -0.0306896 0.2485881 0.1226860 -0.0752951 0.2915959 -0.1084271 -0.1001964 0.2745085 0.0116575 0.3298045 0.1563867 -0.0392918 0.1372332 0.0581624 0.2668676 0.2026564 0.3198604 0.3612318 0.3603701 0.0654503 0.2418660 0.2997617 0.2356131 -0.0424898 -0.0232446 -0.0711021 -0.0851606 -0.0706587 -0.3115269 0.0912634 0.2982120 -0.0689944 0.1474741 0.5558749 0.2722210 0.1385748 0.5217079 0.1946752 0.1609192 -0.0624103 -0.0772892 0.0444600 0.2164665 0.0948186 0.1423386 0.0063963 -0.1091113 0.0822099 0.2593777 0.0300044 0.0311472 0.1809085 0.2061250 0.4947511 0.1141461 0.2141387 0.0431536 -0.3547966 -0.1603052 0.4055857 -0.0164837 0.3118131 -0.0497056 -0.0105071 -0.3677078 -0.3821350 -0.0590704 0.0011826 -0.3260053
