0.0000000 0.6389627 0.4127927 0.4072928 0.1011652 0.4464617 -0.0038409 0.3141572 0.2750473 0.3257116 0.3803543 -0.2232371 0.1077952 0.1669561 -0.0194134 0.4557819 0.3260898 0.0325334 0.0714231 -0.0047039 -0.2555341 0.1587797 0.0060537 -0.0990961 -0.0989045 0.0555676 0.1054741 -0.4292496 -0.1671679 -0.3567467 0.1350732 0.0982586 -0.1682664 -0.1554301 -0.1620418 -0.2250643 0.0232078 0.0542440 0.1271450 -0.1805283 -0.0444810 0.2002978 -0.1016451 0.0725016 0.0325254 -0.0820446 -0.1304533 0.2186044 0.1087006 0.0535292 -0.1895090 0.1272343 0.0031617 0.3185279 0.1510622 -0.0389841 -0.0297949 0.2742750 -0.1413517 -0.0061660 0.0316007 0.0737634 0.1074306 0.0133137 0.0751627 -0.0073389 0.1816356 0.0232746 0.0608224 0.0725738 0.0789847 -0.0652314 0.0434792 -0.0948975 0.1393192 -0.0528253 -0.1688863 -0.2148909 -0.0770650 -0.1872453 -0.4351053 -0.1762105 -0.3396911 0.2184572 0.4098244 -0.2330327 -0.4190946 0.2286392 0.0074540 0.6841333 -0.2555936 -0.3112114 -0.0919458 -0.0334819 0.3373667 -0.0383830 -0.5561108 0.1415786 0.2761718 0.0304613 0.3172685 0.2765714 -0.3103878 0.2350203 -0.2542346 0.3848029 0.4208936 0.1410431 0.3631632 0.4774829 0.4687559 0.5150064 0.2640705 0.2161910 0.1760885 0.1368078 0.1104548 0.2567721 0.0658041 0.5373548 0.3044455 0.0863324 -0.2976527 0.0214739 0.3221693 0.2006704 -0.1146416 -0.3738898 0.4722150 -0.2391246 0.2593498 -0.4069095 -0.2042180 0.0014404 0.0335050 0.0485845 0.1232755 0.5193926 0.0071909 0.4286052 -0.0594621 0.4935535 -0.3819917 0.1907548 0.4164154 0.1594039 -0.1138111 0.0046391 -0.0891354 0.4426221 0.4163890 0.1867163 0.2948667 0.0258753 -0.1916515 -0.0563299 -0.2025863 0.2073198 -0.1946808 -0.0432317 -0.1288709 0.5107299 0.0099531 0.0909593 -0.0578867 -0.0482460 -0.1138148 0.1860825 -0.0854691 0.1722582 0.0617667 -0.1636177 0.4094247 0.1780637 0.1552249 0.1475974 -0.1174305 -0.1233010 -0.2609277 -0.4011997 -0.5015806 -0.5464220 -0.3438085 -0.5389254 -0.0055310 0.2856401 -0.0826882 -0.0517542 -0.2385108 -0.2559850 0.4219968 -0.2237892 -0.0188758 -0.0962266 0.1480850 0.0301449 -0.1398952 -0.2854815 -0.3345846 0.3508793 0.0507839 -0.4137730 -0.4460184 -0.4557893 -0.0485123 -0.1533909 0.0860461 -0.4367008 0.2303070 -0.4350852 -0.1124952 -0.4595882 -0.0974180 -0.2450396 -0.4617072 -0.3482948 0.5741313 -0.1197956
0.6389627 0.0000000 0.5556218 0.7157220 0.0495440 0.6027425 0.3611729 0.5355255 0.5047157 0.3388903 0.4785269 0.0089106 0.2573274 0.3650396 0.2102279 0.5006708 0.3728973 -0.0051146 0.1547807 0.1056087 -0.1547646 0.0012641 0.1258196 0.1067744 -0.0188424 0.1537590 0.4152074 -0.0822929 -0.0304548 0.0656521 -0.0145674 0.1341424 -0.1596279 -0.1043260 0.0479929 0.0061906 0.1472372 0.1662434 0.2008381 0.0847666 -0.3128575 -0.0269910 0.0476157 -0.0116117 -0.1380496 0.1035457 0.0304495 0.1870408 0.1431110 0.2257703 0.0437362 0.3603072 0.0949068 0.3310958 0.2358848 0.0847192 0.0420693 0.3478836 -0.3257352 0.2642794 0.1455836 0.2939743 0.0511465 0.2878648 0.3193636 -0.0623187 0.2062983 0.2962590 0.0668773 0.3545769 0.0311365 0.1860201 0.3040604 0.2637224 0.2018507 0.3338958 0.2102344 0.2094304 0.3057767 0.2081344 -0.0373174 0.0597042 -0.7576863 -0.0715744 0.0240449 -0.3337613 -0.5487048 -0.1820833 -0.2834531 0.3154565 -0.2396222 -0.1238446 0.1348877 -0.5670426 0.2372569 -0.1943556 -0.2254381 0.2560372 0.3240896 -0.2488307 0.4691022 0.2822295 -0.2097573 -0.1742906 -0.0608729 0.2253523 0.2432690 0.1942109 0.3585941 0.0915473 0.3944383 0.3180105 0.0866701 0.0137934 -0.0569568 -0.0723500 -0.0728536 -0.0895220 -0.0772072 0.0561487 0.0435745 -0.2143329 -0.0414493 0.0187804 0.2013674 -0.0143814 -0.4721609 -0.4062927 0.1571680 -0.2035445 0.1104812 -0.1241826 -0.2292490 0.2278017 -0.1855843 0.1250002 -0.1655515 0.2353238 -0.2480266 0.2930725 0.1016512 0.2341586 -0.2681367 0.2681211 0.1006769 0.2352977 -0.2625750 -0.3115345 -0.2396649 0.2895477 0.5652102 0.3005956 -0.0599179 -0.1197110 -0.5088358 0.1153064 -0.1621976 -0.0189653 -0.0620191 0.3174323 -0.4661291 0.2038684 0.4168239 0.0616893 -0.4078408 0.1781803 -0.0215781 -0.2163191 0.0885389 -0.0373206 -0.3386010 -0.4392308 0.3181902 0.0946965 0.1512777 0.0951825 -0.0577210 -0.1544874 -0.0576118 -0.1732592 -0.3846718 -0.3551694 -0.3431126 -0.3395547 -0.1259950 0.5514604 -0.1193409 -0.0222913 -0.0296862 -0.0664870 0.0740308 0.1456852 -0.0113653 -0.2722763 -0.1448522 0.0377221 0.1568945 0.1105426 0.0559510 0.2399561 0.0784147 -0.0322337 -0.2392853 -0.1988458 -0.1377491 -0.0093155 0.0659351 -0.2409624 0.0378724 0.0893063 0.0041343 0.0905090 0.0190757 -0.1990840 0.1652701 -0.3339400 0.5500613 0.5455383
0.4127927 0.5556218 0.0000000 0.6673798 0.6925976 0.5550208 0.4988626 0.7978946 0.6147372 0.4231232 0.5301276 0.1053975 0.7734664 0.3854434 0.4020839 0.4531831 0.3442805 0.2552090 0.2745891 0.5614251 -0.1873999 0.3069081 0.4573043 -0.2508003 0.2287382 0.2690743 0.4087551 -0.3792985 -0.0248802 -0.0317218 0.4944908 0.4741884 -0.0999694 0.0060962 0.3180316 -0.2037662 0.2669916 0.6057376 0.5298174 0.4072507 0.3086394 0.0932313 0.3200315 0.2569910 -0.0201203 0.3178048 0.1889727 0.7819142 0.2118379 0.5386030 0.2639880 0.3499126 0.1357298 0.6296810 0.7778895 0.4012430 0.2632945 0.4841609 0.1459758 0.4157840 0.5937698 0.2878291 0.6427804 0.1182779 0.0523670 0.4687332 0.2617658 0.3322966 0.4954794 0.1840316 0.4407708 0.1124225 0.4038997 0.2358402 0.5574251 0.3312798 0.1148692 0.1387310 0.4492464 0.2563337 0.1727759 0.2187687 -0.2567913 0.0654925 0.3301327 -0.3537712 -0.3951598 -0.2507608 0.0660363 0.4443618 -0.1377256 -0.3066467 0.0094218 -0.4024341 0.3100119 -0.1485360 -0.1448721 0.2072646 0.4922000 0.2783988 0.4832770 0.1436870 -0.4573826 0.3260842 0.1365593 0.5149172 0.1765985 -0.0910133 0.5321416 0.0809843 0.3764044 0.4562892 -0.0592456 -0.2214386 -0.2151411 -0.2787048 -0.2546807 -0.1364342 -0.1790632 0.1638687 0.0932727 -0.1577594 -0.1099473 0.1144215 0.1210669 -0.0144977 -0.6202016 -0.0081252 0.1130119 -0.0083383 0.2055308 0.0624852 -0.4341373 0.5432032 0.2908902 0.2891093 0.1962630 0.4742266 0.0908632 0.4536324 0.1823744 0.4053951 -0.0305401 0.2335323 0.3060040 0.3404747 0.1140015 -0.1147632 0.0899549 0.4427541 0.3885253 0.4138303 0.4430377 -0.1493219 -0.3270743 0.2185916 0.1772372 0.2493423 0.3205086 -0.0620460 -0.4625632 0.5750452 0.3212940 0.2221969 -0.2483697 0.0969048 -0.1804213 -0.2399955 0.2760959 0.3283015 -0.2597634 -0.1461492 0.1004270 0.0071971 0.4574097 0.5491174 0.1049933 -0.1597574 -0.3250592 -0.2891712 -0.4582235 -0.3957411 0.0539464 -0.2592576 0.5203218 0.4191082 0.5532600 0.4739175 0.2982844 0.0217667 0.2772072 0.0391096 0.2076042 -0.0787917 -0.0100500 -0.1203909 0.0153599 0.0474101 -0.0267281 0.1210931 0.5295724 -0.1793057 -0.2686171 -0.2850918 0.5399802 0.4272347 0.1823251 -0.1626394 0.4816297 -0.0626022 -0.1770078 -0.2142936 0.5413884 0.0545066 0.0112611 -0.0993462 0.0344690 0.3368412
0.4072928 0.7157220 0.6673798 0.0000000 0.0867636 0.8493380 0.1569241 0.7902361 0.7920906 0.6738820 0.8177990 -0.1793284 0.3935370 0.6367715 0.1032801 0.8016441 0.6406757 0.3212741 0.4127356 0.0962037 -0.3734465 0.1670419 0.6305089 -0.0771406 0.3522071 0.5833451 0.6160581 -0.3156206 -0.0899913 -0.0430706 0.0774671 0.5119836 -0.2332997 0.0562916 0.5715526 -0.4131850 0.5660487 0.5143269 0.5191492 0.4316341 -0.0973682 -0.1235190 0.5554920 -0.1061688 -0.1214978 0.5254605 0.4509383 0.4208944 0.0823471 0.6156124 0.4496695 0.6330122 0.1803765 0.6205542 0.5163083 0.5188816 0.4293386 0.3585796 -0.3200846 0.6261476 0.1941517 0.6300736 0.2360461 0.2325158 0.1921818 0.2725165 0.5619461 0.5816256 0.2346163 0.5488700 0.3186918 0.3971282 0.6298506 0.1745612 0.4691657 0.4534944 0.3604200 0.4734663 0.3027751 0.1422391 0.1080713 0.4735929 -0.4460944 0.0252743 0.1278718 -0.3887886 -0.5036802 -0.0122363 -0.0757326 0.4398287 -0.0347861 -0.1800103 0.2572518 -0.2865426 0.4461495 0.0484344 0.1405635 0.4821201 0.4320853 0.1184791 0.3812958 0.2481750 -0.2366222 0.0103250 0.3199769 0.3742232 0.2403333 0.1392908 0.5733091 0.0299270 0.4052616 0.4402872 0.0332555 -0.0669103 -0.0931842 -0.1569951 -0.1484253 -0.1028555 -0.0793337 0.2121509 0.0751102 -0.2567575 0.2318644 0.1740591 0.2650883 0.0867158 -0.6558017 0.1364307 0.3162531 0.0594734 0.4218915 0.0667076 -0.3073709 0.5198437 0.0809210 0.4044238 0.3424463 0.5432447 0.2154240 0.4113320 0.1374725 0.4386505 -0.2935807 0.4111601 0.4357174 0.4655730 0.0470341 -0.0588274 -0.1157110 0.3488877 0.5276387 0.3749441 0.2890885 -0.0449473 -0.3028914 0.0761888 -0.0187093 0.3085889 0.1652863 0.0663522 -0.6612992 0.4272271 0.2062655 0.0535638 -0.3417192 0.0728125 0.0933464 -0.0167530 0.2102209 0.2870752 -0.1136613 -0.1468870 0.0815113 0.0104903 -0.0828899 -0.0301118 -0.3101565 -0.5615020 -0.4454937 -0.5784285 -0.7651194 -0.6730716 -0.4564799 -0.5481456 -0.0872672 0.3461203 -0.0878829 -0.1561835 -0.0731424 -0.0084447 0.2558520 0.1633577 -0.1755579 -0.4449531 -0.0774152 -0.1498009 0.1243333 -0.0143894 -0.0714740 0.2356547 0.2615704 0.1390795 0.0568529 -0.1200044 -0.0039258 -0.0118575 0.1972401 -0.4365919 0.2654707 0.0588115 0.0262887 -0.0648978 0.1220819 -0.3132762 0.1048941 -0.3527654 0.4184897 0.4527706
0.1011652 0.0495440 0.6925976 0.0867636 0.0000000 0.0815968 0.5735164 0.4427309 0.1296198 0.0365135 0.0265071 0.2591209 0.7552905 0.1162233 0.3085854 -0.0821345 0.0305707 0.2363400 0.1340831 0.5667801 0.0030660 0.3051463 0.2427152 -0.4928045 0.1038345 -0.0791838 0.1945936 -0.2660889 -0.0907362 0.0385994 0.5667901 0.2549627 -0.0874986 -0.1084703 0.0595880 -0.0038134 -0.0381769 0.4852359 0.2321620 0.1415233 0.5612842 0.0704175 0.0889121 0.2980737 -0.0377468 0.1466714 0.0277772 0.7004940 -0.0695821 0.3926551 0.1336108 -0.0540631 -0.1341416 0.1536263 0.7107883 0.3086719 0.1707262 0.0408471 0.6044508 0.0934977 0.7135189 -0.0643088 0.8176898 -0.2718761 -0.2900488 0.5606517 -0.0044580 0.0092488 0.6462663 -0.3196365 0.5233882 -0.2333185 0.1222632 0.1302158 0.5290208 -0.0358139 -0.2415630 -0.0054112 0.3621101 0.1833848 0.4044994 -0.0520507 0.1668291 -0.0683436 0.1813742 -0.1504261 0.1094248 -0.2799025 0.1176559 0.1588544 0.0031761 -0.4684101 -0.2140263 -0.3544582 0.1106199 -0.2184277 -0.3244790 -0.2384665 0.3339360 0.2612872 0.2482748 -0.1119425 -0.5030309 0.4985036 -0.1612890 0.2471154 -0.0445144 -0.3288668 0.1793412 0.0764592 0.0215697 0.1729002 -0.1064296 -0.2262076 -0.2262702 -0.2574192 -0.2301950 -0.1477495 -0.2107399 0.0152837 -0.0493908 -0.0788145 -0.2577626 -0.1680955 -0.1379589 -0.1726372 -0.2343161 -0.0257690 -0.1720438 -0.0078595 -0.1180526 -0.1632280 -0.3131015 0.1669716 0.3141123 -0.2877521 -0.1691786 0.1528256 -0.1472760 0.1305170 -0.2809381 0.0452879 0.4313554 -0.1446940 -0.0694492 -0.0950975 -0.1596231 -0.3151302 0.0808504 0.0667075 0.0111848 0.1299965 0.1934025 -0.5191573 -0.3910638 0.1705037 0.5356335 -0.1645103 0.4650068 -0.0664684 -0.3218516 0.3091213 0.1192456 0.4329704 -0.3598905 0.2240321 -0.2655385 -0.4610990 0.4368304 0.3140348 -0.5077414 -0.2485642 -0.1278886 -0.0880860 0.6804403 0.7111874 0.4032482 0.3429116 -0.1391600 0.0571681 0.0261357 0.0591768 0.5972995 0.1918312 0.8701222 0.2228231 0.9286934 0.8620529 0.3712167 -0.0868914 0.1501795 -0.2253962 0.3602032 0.1785130 0.0030731 -0.0853806 -0.2592942 -0.0017839 0.0300644 -0.1488437 0.3591145 -0.1630751 -0.4466692 -0.5029919 0.7783620 0.6988512 0.2436859 0.1597565 0.4969099 -0.0424324 -0.3008926 -0.2009971 0.8093327 0.2177272 0.0131595 0.2460831 -0.1982145 0.0519217
0.4464617 0.6027425 0.5550208 0.8493380 0.0815968 0.0000000 -0.0752434 0.6958912 0.8565855 0.7532988 0.7706708 -0.3171633 0.3082146 0.6921269 0.0285020 0.7018263 0.6621134 0.5817258 0.3324055 0.0708451 -0.5161134 -0.0012707 0.5874080 -0.1943964 0.2642988 0.5507010 0.6524669 -0.5627558 -0.2942002 -0.0359820 0.2513026 0.5183918 -0.4783862 -0.1259172 0.5161464 -0.5411884 0.5859712 0.4662921 0.5288277 0.3045871 -0.0225768 -0.1707982 0.5587037 -0.3557676 -0.1993661 0.5060060 0.4788425 0.4132401 -0.1446467 0.5749308 0.4602994 0.6484390 0.0111584 0.4965391 0.4724058 0.5190118 0.5251870 0.2288231 -0.0931556 0.5858858 0.1632665 0.6955742 0.1890312 0.1076599 -0.0310123 0.4003997 0.6304824 0.5482103 0.2849969 0.4603483 0.4349265 0.3020478 0.6090066 0.0905784 0.4625888 0.3522994 0.3234744 0.5198591 0.2082065 0.0581471 0.0776115 0.3551448 -0.1521468 -0.0622393 0.1198115 -0.5163003 -0.2246722 0.0078743 -0.1022864 0.5055086 -0.1773368 -0.1465758 0.1151376 -0.1958142 0.2976481 -0.0559411 -0.0276205 0.6002645 0.2583409 0.0301735 0.3213499 0.3309595 -0.2781495 0.0197896 0.2115963 0.2918847 0.1733003 -0.0141910 0.7236661 0.0280722 0.4493854 0.5751802 -0.0042649 -0.1590063 -0.1985496 -0.2856187 -0.2503823 -0.1554889 -0.1958434 0.1810001 -0.0177803 -0.2620848 0.1971212 0.0082434 0.0069151 -0.0754768 -0.5698363 0.0680340 0.1002966 -0.0534238 0.1856101 -0.0973325 -0.2332323 0.4205483 0.1291506 0.2951023 0.3984098 0.5137275 0.0838372 0.3947910 0.1899760 0.4189362 -0.1993379 0.2328398 0.4422920 0.2619138 -0.0173803 -0.0746126 -0.1360099 0.3485365 0.4991974 0.2808804 0.2888344 -0.0205470 -0.2754884 0.0493508 0.0178488 0.2996122 0.1576992 0.0989724 -0.6697729 0.5250369 0.0092106 0.1364904 -0.3602479 0.0127065 -0.0883868 -0.0428419 0.2257659 0.2651541 -0.1520987 -0.2479409 0.1565772 -0.0986111 -0.0562974 -0.1391851 -0.3792175 -0.5473880 -0.5202967 -0.5879399 -0.7691123 -0.6349035 -0.4187982 -0.5841355 -0.0322745 0.3454155 -0.0293028 -0.0964802 -0.0500740 -0.0259963 0.1957166 -0.0280251 -0.2623541 -0.5589600 -0.2178118 -0.2891496 -0.0400573 -0.1554984 -0.1144133 0.1106200 0.3436119 -0.0272178 0.0608562 -0.1696935 0.1292137 0.1819157 0.0511973 -0.4295830 0.2950336 -0.0040853 -0.1475355 0.0307577 0.1804428 -0.2533174 0.1025500 -0.2871832 0.5695544 0.2038559
-0.0038409 0.3611729 0.4988626 0.1569241 0.5735164 -0.0752434 0.0000000 0.2927049 -0.0166605 -0.2745423 -0.0787262 0.7015661 0.4937735 -0.0294846 0.5425205 -0.1093228 -0.1130877 -0.2045238 0.0943677 0.4814082 0.5072326 0.0575868 0.0134699 -0.1082484 -0.0161671 -0.2539062 0.1390841 0.2425182 0.2767833 0.2689889 0.2120911 -0.0081324 0.1560746 -0.0305144 -0.0802798 0.5564917 -0.2289099 0.2045057 0.0477416 0.2018957 -0.0405904 0.0537611 -0.1296174 0.2066250 -0.1133062 -0.0290159 -0.1600548 0.2549439 0.1087349 0.0574650 0.0100861 -0.0355316 0.0272845 -0.0443672 0.3538143 0.0008455 -0.1137396 0.0214821 0.1194457 0.0741208 0.4559370 -0.1513724 0.3327158 0.0002425 0.1113466 0.0672643 -0.2395254 -0.0867992 0.1934583 -0.1437811 0.0924161 -0.0646164 0.0463033 0.3829394 0.2319227 0.1723749 -0.0073603 0.0972717 0.4921816 0.4546761 0.5170677 0.1083530 -0.2921579 -0.2335882 -0.1807728 0.0311436 0.0004021 -0.4685619 -0.1364832 -0.2497180 -0.0315488 -0.0968683 0.0121539 -0.6371343 -0.0110044 -0.3318321 -0.0734303 -0.2471647 0.1769264 0.0116274 0.2128108 -0.2498676 -0.1953768 0.0608733 -0.3469447 -0.0071961 -0.1614823 -0.0714775 -0.2078837 -0.2064337 -0.2300322 -0.2220984 -0.1475563 -0.1369577 -0.2362227 -0.1766930 -0.1714351 -0.3142317 -0.1819818 -0.2766879 -0.1311605 -0.1718454 -0.1882987 -0.2319361 -0.0169330 0.0832521 -0.1612770 -0.0420302 -0.0093692 0.0276597 -0.1019095 0.0002188 -0.0937330 0.0727997 0.0415758 -0.0695944 -0.4798709 -0.0636587 -0.2458008 0.0848938 -0.1392627 -0.1512162 0.3851928 -0.0032568 -0.3591178 -0.1396834 -0.1998887 -0.3134111 0.1698597 -0.0980852 0.0012800 0.0940255 -0.1881848 -0.5874272 -0.3195827 0.1157416 0.3991453 -0.4469268 0.5465998 0.3859531 -0.2328783 -0.1169051 0.4975744 0.4255887 -0.3074720 0.3264169 -0.1092246 -0.3659561 0.5162765 0.1014078 -0.5631442 -0.1162915 -0.0423432 0.2002575 0.7401821 0.7615033 0.6890132 0.5765590 0.4588072 0.4387229 0.2939056 0.2998160 0.4339063 0.3512399 0.4340910 0.2842205 0.4713182 0.5628102 0.4438130 0.2181291 -0.0184771 0.3326997 0.6579569 0.4789323 0.1818994 0.4454380 0.2877502 0.6635593 0.4942426 0.1228368 0.0098360 -0.0750720 -0.2389546 -0.1014575 0.2697078 0.4628829 0.3540439 0.4134402 0.1314834 0.4086643 -0.0072727 0.2618949 0.5016397 0.5269938 0.4716236 0.0819105 -0.1016581 0.5096652
0.3141572 0.5355255 0.7978946 0.7902361 0.4427309 0.6958912 0.2927049 0.0000000 0.7778433 0.7441991 0.8187750 0.0974310 0.6998465 0.5690742 0.3294342 0.6740054 0.5266512 0.5429784 0.5536912 0.2365852 -0.2329510 0.2717047 0.6528364 -0.3178698 0.5005375 0.5038581 0.4900218 -0.3925189 0.0575667 0.0425507 0.2105679 0.6062928 -0.2374335 0.1296849 0.5793889 -0.3004584 0.5292936 0.6817067 0.5557419 0.5797418 0.1448058 -0.0720374 0.4935614 0.1674410 -0.0890349 0.5673218 0.4620824 0.5374161 0.1386895 0.7054826 0.4636713 0.4899862 0.1108257 0.6860810 0.6623157 0.5980479 0.4671880 0.4875122 -0.1410531 0.5823174 0.4016731 0.5362723 0.4926211 0.2645612 0.1479625 0.3977835 0.4575419 0.7154061 0.4107588 0.4672678 0.3631837 0.3252558 0.7487800 0.4784949 0.5528921 0.6251039 0.3838033 0.5088439 0.6292998 0.4028997 0.3491485 0.4831852 -0.2694934 -0.1599707 0.0355579 -0.3315775 -0.3829764 -0.0654829 -0.0463325 0.3669140 0.1142409 -0.2481218 0.1881622 -0.2939829 0.2769820 -0.0759188 0.1014132 0.2063035 0.4254126 0.1883916 0.3524823 0.0517525 -0.3407991 0.2689940 0.1130012 0.2529612 0.0168179 -0.0369144 0.3826834 -0.0096211 0.1157535 0.2457565 0.0238446 -0.0968693 -0.1424157 -0.1722037 -0.1733265 -0.1342106 -0.1107513 0.0761960 0.0185840 -0.2113997 0.1973963 0.1235032 0.1063180 -0.0342647 -0.5068560 0.3338116 0.1084084 0.2468381 0.3009305 0.0606335 -0.2331649 0.6578703 0.2370216 0.2497357 0.1197215 0.3404157 -0.0418037 0.3638849 -0.0678451 0.2506849 0.0049769 0.1913518 0.1750177 0.4106835 -0.1594074 -0.3096438 -0.0335508 0.1877063 0.3812465 0.3388612 0.2625193 -0.2145272 -0.4623231 0.2929540 0.3417576 0.1100248 0.3340878 0.1539777 -0.5468889 0.4393210 0.3799490 0.3827223 -0.3796690 0.1688064 0.1040521 0.0560440 0.4689739 0.5594329 -0.1510180 -0.0212000 -0.0764810 -0.3441440 0.1316672 0.2182589 0.0460599 -0.4128404 -0.2982824 -0.2797528 -0.5497781 -0.4620276 -0.2530397 -0.4257905 0.1314149 0.5117182 0.2698638 0.3307039 0.1368069 0.0693578 0.1699332 0.1521927 -0.0230677 -0.1960033 -0.0695998 -0.0621017 0.0176818 -0.0310163 0.1297710 0.1536840 0.1383619 0.0503520 -0.0989394 -0.3108522 0.1895852 0.3017071 0.2746758 -0.1990757 0.1366011 0.0582212 0.0034350 -0.0083688 0.2851819 -0.0517013 0.2672031 -0.0886886 0.2486413 0.3006938
0.2750473 0.5047157 0.6147372 0.7920906 0.1296198 0.8565855 -0.0166605 0.7778433 0.0000000 0.8192116 0.8511827 -0.1260898 0.4927308 0.6424131 0.3075140 0.7372418 0.6241344 0.6905594 0.5003629 0.2478639 -0.3867565 0.2571921 0.6701759 0.0128428 0.4525588 0.6176116 0.4902304 -0.4550420 0.0133428 -0.0729323 0.2325155 0.5817162 -0.2199024 0.2512173 0.6562125 -0.4940242 0.6183273 0.6028903 0.6871835 0.4999816 0.1768872 0.0516487 0.6258550 -0.1261365 0.1183548 0.5105544 0.5087230 0.5020834 0.2113935 0.6256298 0.4974190 0.6883482 0.3646702 0.6652566 0.4922140 0.5399279 0.5005392 0.5581095 -0.1809446 0.6106254 0.3997609 0.6660044 0.3503037 0.4717042 0.3054110 0.4169958 0.5956119 0.6324116 0.3335226 0.7209544 0.3760636 0.6462375 0.6683513 0.4310969 0.4722641 0.6774591 0.6458127 0.5299782 0.4779861 0.3961781 0.1792889 0.3636202 -0.1183934 -0.2565392 0.0505427 -0.4384814 -0.3025095 -0.1239464 -0.1721618 0.4178234 -0.0142086 -0.2264009 0.0684757 -0.1923780 0.1007817 -0.2990032 0.0300092 0.3198973 0.0724574 -0.0204147 0.1765351 0.0412305 -0.3362053 0.0676752 0.2118938 0.2241576 -0.1046147 -0.2529055 0.5177901 -0.1863385 0.2352920 0.3172899 -0.2293773 -0.3713424 -0.4133547 -0.4743238 -0.5007428 -0.3778274 -0.4149336 0.0248271 -0.2803611 -0.5050998 0.4388706 -0.0971114 -0.2127461 -0.0110576 -0.6990755 0.1878553 -0.0060422 -0.0657588 0.0079254 -0.0655226 -0.2514272 0.7711768 0.4241035 0.3174384 0.3638691 0.4350179 -0.0041054 0.4802531 0.2562163 0.4780650 -0.2210853 0.3905343 0.4154631 0.3472836 0.1333743 -0.0131985 0.1471709 0.4856292 0.5277588 0.4180627 0.4595400 0.1285179 -0.2027577 0.1267987 0.0619379 0.3901578 0.1397300 0.0853897 -0.5703485 0.6206093 0.1061938 0.1304235 -0.2142502 -0.0218579 -0.0316487 0.0114628 0.1734019 0.2818361 -0.0922829 -0.1064234 -0.1511924 -0.2894038 -0.1338998 -0.0485113 -0.2227109 -0.6133264 -0.4697621 -0.5190051 -0.7770441 -0.6813462 -0.5449151 -0.7291453 -0.0675940 0.4755197 0.1096931 0.0769108 0.2133674 0.1771065 0.2216258 0.2093092 -0.1237847 -0.4225783 -0.1339452 -0.1947053 0.1161936 -0.0569008 0.1215837 0.2043870 0.3322770 0.1092239 0.1416191 -0.0456791 0.1362599 0.1027226 0.0012153 -0.2545874 0.2339322 0.1968279 0.0004044 0.1048427 0.1625519 -0.1208078 0.1971047 -0.1064556 0.4038529 0.2154508
0.3257116 0.3388903 0.4231232 0.6738820 0.0365135 0.7532988 -0.2745423 0.7441991 0.8192116 0.0000000 0.9040138 -0.3639304 0.4842959 0.8047676 -0.0897013 0.8091690 0.8309488 0.7304655 0.6394563 0.0869191 -0.5458388 0.3497755 0.8044059 -0.3133796 0.6406741 0.7819849 0.5957418 -0.5420001 -0.1897301 -0.0068521 0.2086246 0.7312085 -0.5202962 0.0232884 0.7486564 -0.6862329 0.7890212 0.6206397 0.7203629 0.5965979 0.2456569 -0.1772108 0.7460319 -0.2197084 -0.1374226 0.6799760 0.6802599 0.3786123 -0.0617848 0.6710250 0.6027804 0.7646552 0.0256199 0.7353070 0.4029613 0.6864082 0.6933320 0.4586120 -0.2362730 0.6540619 0.0573373 0.8169158 0.3426345 0.2832314 0.1827238 0.4813734 0.8069979 0.8065006 0.4536539 0.6710947 0.4856384 0.4379967 0.8478551 0.3203019 0.5795344 0.5584259 0.3826108 0.6173203 0.3938172 0.1562914 0.1740351 0.3653772 0.0130093 -0.1730855 0.0217875 -0.4275957 -0.1357664 0.1715752 -0.0830196 0.4886130 0.1409104 -0.1631964 -0.0818596 0.0807582 0.2581353 -0.0248847 0.0822553 0.2263738 0.1690277 -0.0319008 0.1309333 0.0674660 -0.4082273 0.0851298 0.2458935 0.1957116 -0.1146868 -0.2410169 0.4786550 -0.0302208 0.2895956 0.2985663 -0.1265940 -0.2103885 -0.2231522 -0.2951977 -0.2946433 -0.1710938 -0.2388591 0.1605968 -0.1301625 -0.3401052 0.2943526 0.0449777 -0.1333770 -0.0639148 -0.4070676 0.2680599 0.0031676 0.1384540 0.1618452 0.0187110 -0.0709024 0.5972760 0.1702386 0.1992291 0.3796982 0.3979849 0.0621189 0.3603390 -0.0176315 0.3606426 -0.2347266 0.2367510 0.4032666 0.3554090 -0.0811895 -0.1697422 -0.1200655 0.3030535 0.5188663 0.2287472 0.2946757 0.1245645 -0.1779072 0.2036514 0.1862390 0.3008479 -0.0275066 0.1938397 -0.5023152 0.5812198 -0.0222284 0.3075280 -0.2122583 0.0093732 0.2053515 0.2363494 0.3009253 0.5301422 0.0616193 -0.0312470 -0.2039239 -0.5110123 -0.3534957 -0.2937110 -0.3548529 -0.6492962 -0.5470198 -0.5817407 -0.7371459 -0.6719877 -0.6101225 -0.6796003 -0.1902553 0.4474977 -0.0041963 0.0368066 -0.1822537 -0.1460833 0.2050001 -0.1415167 -0.3678488 -0.4848178 -0.1785876 -0.3151768 -0.1376016 -0.3757026 -0.0797301 0.1128454 0.0848652 0.0719248 -0.0424619 -0.2444564 0.0752233 0.0391435 0.0992967 -0.2175836 0.1987533 -0.0281161 -0.1175490 0.0010443 0.0854509 -0.3319305 0.0922305 0.0651635 0.4716560 0.0813928
0.3803543 0.4785269 0.5301276 0.8177990 0.0265071 0.7706708 -0.0787262 0.8187750 0.8511827 0.9040138 0.0000000 -0.2327623 0.4398701 0.7122942 0.1195627 0.9386223 0.7776481 0.6192565 0.7102264 0.0378820 -0.4188812 0.3873552 0.7674273 -0.1270707 0.6455646 0.7983865 0.5264076 -0.4793856 -0.0234027 -0.1138766 0.0738753 0.6872494 -0.3675489 0.1901400 0.7458892 -0.5619715 0.7570897 0.6307317 0.6855543 0.5905202 0.0670596 -0.0054411 0.6944362 -0.0964717 0.0272428 0.6632052 0.6437568 0.3714416 0.1231752 0.7036289 0.5898265 0.7336066 0.2134390 0.7555009 0.4294984 0.6432540 0.5951588 0.5656436 -0.3831615 0.6633232 0.1229488 0.7523622 0.2818510 0.4033029 0.3480053 0.3612851 0.7294619 0.8309568 0.3034809 0.7444649 0.3633920 0.4875494 0.8104231 0.3514940 0.4895587 0.6335710 0.4521480 0.5355151 0.4034890 0.2303124 0.0911670 0.4266959 -0.1520707 -0.0442268 0.1042422 -0.2563737 -0.3375536 0.1321378 0.0503418 0.5623645 0.1391559 -0.1975451 0.1799345 -0.0625280 0.3227389 -0.0472945 0.2245991 0.2707958 0.2132675 -0.0081107 0.0976301 0.0993216 -0.2447599 0.0323826 0.2035902 0.2005262 0.0468304 -0.0742389 0.4918877 -0.0229805 0.2329260 0.3304149 -0.0562436 -0.1098703 -0.1390682 -0.1877460 -0.1912367 -0.1156804 -0.1440893 0.2586241 0.0072504 -0.2686976 0.3199975 0.0864969 0.0403421 0.0847595 -0.4335753 0.2906123 0.2318141 0.1424502 0.3121141 0.0074838 -0.0908385 0.6482941 0.2118201 0.3393828 0.4020345 0.5251518 0.1501445 0.5175014 0.0359247 0.5002521 -0.3530044 0.4983460 0.4854833 0.5156221 0.0173377 -0.0787727 -0.0439853 0.4137831 0.5920215 0.4546263 0.3903321 0.1377727 -0.1685812 0.2819166 0.0775696 0.4089139 0.0321126 0.1795542 -0.4649950 0.5925512 0.1963014 0.2134241 -0.1114047 0.1478118 0.2933748 0.3023522 0.2936938 0.5375375 0.1271019 -0.0062119 -0.1353523 -0.2803234 -0.2677466 -0.1319354 -0.2932546 -0.6613254 -0.5001470 -0.6069418 -0.8135587 -0.7758006 -0.6681628 -0.7598067 -0.2445896 0.4881302 -0.0770880 -0.0658592 -0.1769226 -0.0920994 0.3296410 0.0652862 -0.2748166 -0.4032236 -0.0399243 -0.1500134 0.0098172 -0.2149285 -0.0003361 0.2622101 0.0826203 0.1094559 0.0547909 -0.1303785 -0.0183031 -0.0810659 0.2105078 -0.2820001 0.1809122 0.0956180 0.1253897 -0.0135892 0.0261607 -0.2052420 0.1179328 -0.0856196 0.4422870 0.2248614
-0.2232371 0.0089106 0.1053975 -0.1793284 0.2591209 -0.3171633 0.7015661 0.0974310 -0.1260898 -0.3639304 -0.2327623 0.0000000 0.2150948 -0.3809547 0.7743933 -0.2854340 -0.4708660 -0.1030218 0.0810268 0.1913924 0.8948470 -0.0686468 -0.2266294 0.1653687 0.0151024 -0.3736495 -0.3179171 0.4559749 0.7635771 0.1833278 0.0182910 -0.1082888 0.5378743 0.3591312 -0.1412492 0.8321567 -0.2962143 0.0602538 -0.2161608 0.0373176 -0.0138764 0.3242261 -0.3421994 0.4396401 0.1634060 -0.1652118 -0.2151594 -0.0134470 0.4214435 -0.1608691 -0.0956258 -0.3382867 0.2739703 -0.1789472 0.0826172 -0.1801995 -0.2172585 0.0887924 0.0791037 -0.0244778 0.3313978 -0.3931774 0.0315208 0.2832121 0.1983028 -0.1356105 -0.4453741 -0.1660147 -0.1146475 -0.0180510 -0.2318312 0.1661137 -0.0724453 0.5962618 -0.1034745 0.3629128 0.3331168 0.0668719 0.5649759 0.7062966 0.4681507 0.0247273 -0.0995379 -0.4914082 -0.4525067 0.2989753 0.0317554 -0.4764271 -0.1666583 -0.5552204 0.1947344 0.1121505 0.2047394 -0.4041700 -0.3481015 -0.3912545 0.0883106 -0.2552341 -0.2345593 0.0047046 -0.0346658 -0.4287266 0.1964250 0.0570145 -0.3927350 -0.3633227 -0.4543709 -0.0404168 -0.6034169 -0.4461647 -0.6040466 -0.6470389 -0.2407352 -0.1624612 -0.2764920 -0.1423413 -0.1868360 -0.3847642 -0.2309825 -0.4768051 -0.2810272 -0.1742544 -0.0494140 -0.3290919 -0.1090948 0.3093345 0.1464526 0.2660808 -0.0176964 0.2763352 -0.1442664 0.0034571 0.2872438 0.0733789 0.1394023 -0.0141927 -0.5573597 -0.4231867 -0.3844907 -0.0147148 -0.0966420 -0.3072120 0.3666766 -0.1750445 -0.5993760 -0.2574861 -0.1972571 -0.2258861 0.3202928 -0.3272526 -0.3975388 -0.1863427 -0.2858739 -0.4043167 -0.1331105 -0.1036460 0.2605593 -0.5527967 0.3530962 0.2806333 0.2537764 -0.4283003 0.4003692 0.2840929 -0.0381883 0.0048739 -0.2416402 0.0000167 0.2871940 -0.0694998 -0.2212986 0.2641685 0.0276565 0.1136889 0.6095868 0.6869765 0.9310639 0.5898350 0.8108670 0.7646353 0.4953415 0.4920777 0.3361347 0.3148427 0.1782968 0.1300003 0.2602690 0.4516973 0.7118224 0.7146394 -0.1248036 0.7028936 0.7772770 0.8097943 0.4354661 0.7889109 0.5213614 0.8300138 0.8070015 0.2769514 -0.1921386 -0.1472724 0.1981276 0.2292082 -0.0828771 0.3640729 0.1449139 0.5086107 -0.3196302 0.3821127 0.2866494 0.4511912 0.0562195 0.7898196 0.4950615 0.0985603 -0.2738362 0.1996321
0.1077952 0.2573274 0.7734664 0.3935370 0.7552905 0.3082146 0.4937735 0.6998465 0.4927308 0.4842959 0.4398701 0.2150948 0.0000000 0.5586421 0.2997801 0.3570963 0.4782573 0.4851256 0.5569719 0.6882487 -0.0506468 0.6017621 0.6658396 -0.4394200 0.5727473 0.3996663 0.5205575 -0.2374808 0.0524729 0.2510208 0.6364455 0.6814657 -0.2214130 0.0439815 0.5428369 -0.1581006 0.4518370 0.8289003 0.6564967 0.6347535 0.6505707 0.0429500 0.5031802 0.1722309 -0.1015256 0.5359569 0.4328383 0.8165037 0.0785605 0.6349390 0.5318187 0.4859326 0.0349429 0.6427339 0.8255267 0.6422848 0.5437463 0.4414620 0.2279460 0.5737361 0.5586542 0.4366086 0.8801622 0.0921365 0.0299973 0.7339250 0.4410191 0.4576764 0.8348951 0.2369782 0.6813529 0.1649913 0.5932590 0.4092580 0.8349548 0.3850846 0.0881155 0.3619610 0.6127944 0.3608704 0.5030090 0.1048078 0.0207166 -0.3412633 -0.0434565 -0.4138829 -0.0105007 -0.4036132 -0.1415157 0.1494702 0.0322674 -0.4052501 -0.3492327 -0.4199271 0.0412967 -0.3249933 -0.1364751 -0.1897410 0.1952126 0.0014798 0.1802465 -0.2844422 -0.6822461 0.2230654 0.0120113 0.1637881 -0.3510789 -0.5330861 0.2229118 -0.2388426 0.0536705 0.0995058 -0.4093186 -0.5394913 -0.5433247 -0.5613556 -0.5474756 -0.4718076 -0.4916793 -0.0215898 -0.2994478 -0.4788646 -0.1394953 -0.1938886 -0.2731675 0.0377039 -0.4995774 0.0507806 -0.1631323 0.0488983 -0.0877121 -0.0250161 -0.1669202 0.5371525 0.2237946 -0.0614066 -0.0450050 0.2495360 -0.1476112 0.3835315 -0.1210851 0.2242289 0.1119001 0.1077260 0.0685165 0.1060446 -0.1770610 -0.4287308 -0.0075987 0.2162444 0.3290612 0.1567732 0.1653925 -0.3463023 -0.3729902 0.2185965 0.4611306 -0.0984801 0.2971996 0.2062051 -0.5120312 0.4395364 0.1601461 0.4773322 -0.4084551 0.1038378 -0.1607897 -0.3396525 0.5136746 0.4601826 -0.4745299 -0.1816299 -0.2905994 -0.3549083 0.3454374 0.4809732 0.2831449 0.0365282 -0.1812920 -0.1096887 -0.2550979 -0.2168504 0.1556432 -0.0975275 0.5842978 0.3800891 0.7528847 0.7607541 0.3289407 -0.0002832 0.2788276 -0.0961256 0.2735106 0.0734356 0.0865514 -0.0178404 0.0261485 0.0681318 0.1592612 0.1477511 0.3276656 0.0255085 -0.2916927 -0.3282706 0.6752748 0.5544558 0.3749853 0.3211842 0.4745773 0.1973536 -0.1675680 0.0771625 0.7443668 0.1607621 0.2544590 0.4206403 0.0473109 0.3780688
0.1669561 0.3650396 0.3854434 0.6367715 0.1162233 0.6921269 -0.0294846 0.5690742 0.6424131 0.8047676 0.7122942 -0.3809547 0.5586421 0.0000000 -0.2318809 0.6710348 0.9559672 0.6329933 0.6416461 0.2239260 -0.5019552 0.3549475 0.8783195 -0.4032941 0.6607126 0.8031487 0.9355291 -0.3268882 -0.3952326 0.3905638 0.3589840 0.7919494 -0.7267502 -0.2831421 0.7930405 -0.6298687 0.8314783 0.6928143 0.8165296 0.6772980 0.2365528 -0.4239705 0.8762796 -0.5208498 -0.4583051 0.8207615 0.8016733 0.4411248 -0.3831787 0.7389647 0.7994734 0.9355536 -0.2531236 0.5979508 0.5154458 0.8241546 0.8443876 0.2019847 -0.1702910 0.7983624 -0.0689983 0.9075552 0.4019223 -0.0197001 -0.0311519 0.6429450 0.9159956 0.7509177 0.6589576 0.4966663 0.7378198 0.1859316 0.8607716 0.1095279 0.7890073 0.3087869 0.0820223 0.7333539 0.2693845 -0.0266110 0.3629649 0.2873556 0.0035282 -0.2237099 -0.1533846 -0.5731643 0.1076842 -0.0468698 -0.1898304 0.2979063 -0.0729029 -0.1304575 -0.3239057 -0.2021233 0.2390346 -0.0282223 0.1147874 0.1928225 0.1517114 -0.2614131 0.0394418 -0.0328089 -0.5749818 -0.2198853 0.1854726 0.0593679 -0.2242330 -0.4121071 0.4968672 -0.2219621 0.3131133 0.2893358 -0.3581453 -0.4233449 -0.4163430 -0.4848130 -0.4210403 -0.3872600 -0.3951607 0.0465659 -0.2508841 -0.4855117 0.0081604 -0.1501269 -0.2833219 -0.0866789 -0.4697582 0.0195586 -0.1820347 0.0064431 0.0266573 0.0046666 0.0527491 0.3080654 -0.1137926 0.0389210 0.2910605 0.3487183 0.0987801 0.2745275 -0.0267653 0.2310470 -0.1647709 0.2094642 0.2828475 0.0807830 -0.1978644 -0.2922222 -0.3074199 0.1641674 0.5284496 0.1469322 0.0123626 -0.1308701 -0.1501190 0.1755964 0.2316506 0.0994206 0.0402168 0.3977673 -0.7473722 0.4543629 -0.0867385 0.3494373 -0.3922209 0.1741885 0.1533031 -0.1430385 0.4653080 0.4095001 -0.2868185 -0.3149859 -0.2332998 -0.3343437 -0.2382837 -0.2478230 -0.3422940 -0.3726201 -0.4715060 -0.5347399 -0.5854000 -0.5111491 -0.3792924 -0.3735559 -0.0189283 0.3384947 0.0952670 0.1027412 -0.3089312 -0.3492951 0.1559561 -0.3508129 -0.3147488 -0.5112108 -0.2333317 -0.3315014 -0.1476766 -0.2276279 -0.1008233 0.0186729 0.1422419 0.1620810 -0.1639697 -0.2804454 0.3068463 0.2152067 0.3114507 0.1086123 0.4039798 0.2390836 -0.2942122 0.2069867 0.4116063 -0.2628862 0.3113843 0.3138171 0.5361275 0.3567984
-0.0194134 0.2102279 0.4020839 0.1032801 0.3085854 0.0285020 0.5425205 0.3294342 0.3075140 -0.0897013 0.1195627 0.7743933 0.2997801 -0.2318809 0.0000000 0.0376466 -0.2891412 0.1662890 0.2343062 0.2317163 0.5956150 0.0725422 -0.0763616 0.4285087 0.1235319 -0.0904949 -0.2536735 0.2462364 0.7470768 -0.0208940 0.0749070 0.0816162 0.5418065 0.5523797 0.0476708 0.4961612 -0.0809607 0.2552807 0.0754262 0.0541355 0.0751801 0.5144865 -0.1269869 0.5155780 0.4527311 -0.0345976 -0.0399289 0.2432797 0.6650031 0.1343179 0.0432820 -0.1416680 0.5559640 0.0995135 0.2667958 -0.0301892 -0.0969622 0.4806061 0.0301474 0.1278680 0.5408277 -0.2522669 0.1329937 0.5758898 0.4013933 -0.0063238 -0.2361597 0.0644422 -0.0526278 0.3048480 -0.1231460 0.3999586 0.0551423 0.6427818 -0.0639880 0.5890935 0.5765983 0.0636934 0.6157495 0.7887827 0.2577766 -0.0101012 -0.1361377 -0.3369982 -0.1881179 0.2693063 -0.2615100 -0.4897746 0.0269608 -0.1591856 0.1287678 -0.0305034 0.3302986 -0.4567100 -0.2422362 -0.5056030 0.1074203 -0.0542062 -0.1932583 -0.0392891 -0.0140086 -0.2296564 0.1773742 0.0457610 -0.2185258 -0.1821942 -0.2925975 -0.1112714 -0.2009560 -0.4260915 -0.3310465 -0.3497550 -0.3442736 -0.3112655 -0.3735298 -0.2945221 -0.3346718 -0.4263742 -0.3625948 -0.3631623 -0.2674521 -0.2769074 0.0873804 -0.3168400 -0.1918731 0.2216591 -0.1566848 0.1561874 -0.0522063 0.1348436 -0.1380870 -0.0560024 0.1766415 0.3673141 0.3869681 0.1503512 -0.2156199 -0.1783365 -0.2445666 0.2343319 0.2038548 0.0547434 0.0585905 0.1631459 -0.2514863 -0.0480496 0.0935322 -0.0138767 0.4117796 0.0994370 -0.1385094 0.2206799 0.1454892 -0.0839398 -0.0594653 0.0148525 -0.0141190 -0.0473606 0.1488045 0.0592880 0.1775892 -0.0077564 0.4209504 0.0463908 0.1498592 0.0260183 -0.2766080 -0.0098956 0.0533764 -0.1667354 -0.0829143 0.0896616 0.0848364 0.1772056 0.5041254 0.6734982 0.6756597 0.2265700 0.4136295 0.3863983 0.0577833 0.0493145 0.0272902 -0.1472331 0.1452677 0.3929411 0.3103190 0.3992301 0.7301138 0.6641145 0.0040831 0.6949170 0.5767324 0.4903440 0.2812144 0.5176220 0.4100921 0.6026284 0.7157534 0.2482778 0.1327298 -0.2135151 0.2553753 0.2556828 0.0307057 0.2996025 -0.0775529 0.2647181 -0.1397686 0.3483670 0.2969258 0.3043452 0.0430637 0.6850818 0.3338590 0.0003101 -0.2044780 0.1584714
0.4557819 0.5006708 0.4531831 0.8016441 -0.0821345 0.7018263 -0.1093228 0.6740054 0.7372418 0.8091690 0.9386223 -0.2854340 0.3570963 0.6710348 0.0376466 0.0000000 0.7809151 0.4881968 0.7324276 0.0480109 -0.3838237 0.4956876 0.7246931 -0.0528127 0.6598583 0.8281886 0.4925179 -0.4226709 0.0346148 -0.2174064 0.1273227 0.6938081 -0.3075066 0.2347258 0.7184216 -0.5094853 0.7789489 0.6125641 0.6023193 0.4839212 0.0800005 0.1382781 0.6448874 -0.0625153 0.0970049 0.6348248 0.6264037 0.3676375 0.1937716 0.6224819 0.5924667 0.7218419 0.2981370 0.7795805 0.4135169 0.6064571 0.5925465 0.6012634 -0.4072267 0.6955300 0.0193615 0.7583662 0.2503368 0.4257492 0.4071546 0.3694068 0.7660489 0.7458768 0.3081036 0.7667363 0.3735607 0.4900615 0.7168278 0.2251492 0.5063085 0.5312571 0.3600506 0.4124033 0.2672908 0.1156423 -0.0694310 0.2990457 -0.1756914 0.0301293 0.1473831 -0.2018441 -0.3880928 0.0970299 0.1125310 0.5801073 0.1406881 -0.2752622 0.1569292 -0.0600216 0.3797349 -0.0324140 0.1876696 0.3099404 0.1771826 -0.0903177 0.0727753 0.1529877 -0.1946085 -0.0657305 0.2804529 0.2237184 0.0953209 -0.0282971 0.5262694 -0.0087511 0.3193585 0.3878328 -0.0989168 -0.1349101 -0.1451334 -0.1887936 -0.1867198 -0.1067039 -0.1487422 0.4315355 0.0630815 -0.2918999 0.1965760 0.1162904 0.1532530 0.2817154 -0.3727355 0.1611867 0.4206283 0.1320855 0.4186384 -0.0165433 -0.0262429 0.5640747 0.0534675 0.3385869 0.4398417 0.6420320 0.2443243 0.6224459 0.0276925 0.6437097 -0.5760033 0.6080559 0.6224558 0.5572873 0.0554926 -0.0656770 -0.1840213 0.4870037 0.6409065 0.3556830 0.3813880 0.1674389 -0.1337476 0.1501012 -0.1258747 0.4210008 -0.1419694 0.1368349 -0.4167283 0.5525873 0.0557469 0.0788218 -0.0681291 0.0007138 0.1816834 0.2807636 0.1673046 0.4355378 0.1288694 -0.0667704 -0.0551564 -0.1419174 -0.3364904 -0.1689526 -0.3721750 -0.6334037 -0.5179832 -0.6851311 -0.8475998 -0.8494833 -0.6838561 -0.7594868 -0.2720284 0.3796233 -0.1652861 -0.2171368 -0.2528091 -0.1093935 0.5202415 0.0295382 -0.2986965 -0.3748421 0.1319296 -0.0969169 0.0985841 -0.2137696 -0.0633293 0.4176413 0.1229519 0.0770592 0.1478623 0.0060950 -0.0485983 -0.2114610 0.2199993 -0.3119403 0.2862141 0.0281945 0.2547458 -0.0491875 -0.0060151 -0.2544842 -0.0362650 -0.1550900 0.4976161 0.3278449
0.3260898 0.3728973 0.3442805 0.6406757 0.0305707 0.6621134 -0.1130877 0.5266512 0.6241344 0.8309488 0.7776481 -0.4708660 0.4782573 0.9559672 -0.2891412 0.7809151 0.0000000 0.5782523 0.6764013 0.1582715 -0.5436677 0.4631354 0.8614159 -0.3586968 0.6636089 0.8325262 0.8345571 -0.4124817 -0.3877868 0.1878509 0.2841561 0.7573863 -0.6948209 -0.2175833 0.7554796 -0.6976222 0.8148795 0.6361890 0.8103794 0.6281701 0.2200936 -0.2989408 0.8448403 -0.4839389 -0.3300650 0.7566242 0.7477569 0.3934151 -0.3024603 0.6812608 0.7162314 0.9277417 -0.1653131 0.6413428 0.4219707 0.7595481 0.7808691 0.2693514 -0.2612829 0.7175984 -0.1070381 0.8840099 0.3760254 0.0295862 0.0862506 0.5696748 0.9307568 0.7152503 0.5897819 0.5424829 0.6783996 0.2229643 0.8009359 0.0625613 0.7349034 0.2768764 0.0529201 0.6008809 0.1742388 -0.1021013 0.1874832 0.2331510 -0.0020540 -0.1122764 -0.0204722 -0.4955426 0.0408077 0.0919643 -0.1176811 0.4548637 -0.0423483 -0.2102142 -0.3222281 -0.0721433 0.3051739 -0.0231332 0.0480425 0.1203745 0.1325624 -0.2438283 -0.0204863 -0.0288954 -0.5733493 -0.1697700 0.1396858 0.1244011 -0.1263304 -0.3760333 0.4920719 -0.0967675 0.3518614 0.3445890 -0.2824183 -0.3175546 -0.3168522 -0.3896818 -0.3503102 -0.2731123 -0.3327757 0.2291809 -0.1703036 -0.4301390 0.0342770 -0.1257229 -0.1988518 0.0217525 -0.4074933 -0.0014296 0.0082755 -0.0534198 0.0947318 -0.0730940 0.0117463 0.3161637 -0.0468711 0.0630795 0.3686212 0.4968178 0.1769349 0.3908793 -0.0694562 0.3950352 -0.3008935 0.3594977 0.4459284 0.1899309 -0.1201404 -0.1744947 -0.2451087 0.3160309 0.6283002 0.2337603 0.1507223 -0.0087783 -0.0704995 0.1859181 0.1604354 0.2283033 -0.0457055 0.3502321 -0.6571712 0.5690562 -0.1148339 0.3238608 -0.2642928 0.1702529 0.2503003 0.0246195 0.3903788 0.4796841 -0.1373046 -0.2494508 -0.2446911 -0.2798934 -0.3249096 -0.2785316 -0.4121141 -0.4351401 -0.5485099 -0.6693730 -0.6981876 -0.6707753 -0.5236590 -0.5395769 -0.1195734 0.3353230 -0.0026092 -0.0105934 -0.4272351 -0.4330295 0.3106321 -0.3772380 -0.3368221 -0.4963105 -0.1264371 -0.3032512 -0.1570323 -0.3233849 -0.1983030 0.1338681 0.0840228 0.1326311 -0.2109252 -0.3031835 0.2070858 0.0028082 0.3274996 0.0003521 0.4439560 0.1542935 -0.2152031 0.0476690 0.2861310 -0.3359108 0.1237583 0.2480320 0.5971948 0.2634558
