0.0000000 0.6859314 0.3338329 0.1818482 0.1441086 0.0117706 0.3109484 0.3526639 0.5865748 -0.0919530 0.1351726 0.4500682 0.1904878 0.3805978 0.7409034 0.2111781 0.0784653 0.2886240 0.2983220 0.1145340 0.4737937 0.0206849 0.3864472 0.4737776 0.2468878 0.3086571 0.3561589 0.3977291 0.3500306 0.4706091 -0.0719469 0.4034150 0.2395020 0.2271950 0.3149138 0.4053169 0.4455764 0.0865391 0.4211856 0.4539899 0.1935504 0.0441204 0.3572266 0.2561501 0.1705142 0.0621941 0.1969465 -0.0124760 -0.0246596 -0.1415071 0.3884268 0.3850914 -0.0590432 0.2360305 -0.2856295 -0.2475981 0.0898413 -0.0647374 0.1274350 0.2413617 -0.0220598 0.3471256 -0.0263304 -0.1421135 -0.1241475 0.2533917 0.0587948 0.1441765 0.1332702 -0.0473030 -0.2094316 -0.1542166 -0.0743441 -0.1668406 0.0827484 -0.0988995 -0.2036402 -0.1529619 -0.1513674 -0.0462590 0.0118515 0.1597237 0.2339531 -0.0151853 0.3361467 0.2352721 0.0709122 0.2182295 -0.0017109 0.1922818 -0.1096892 0.2287400 0.0393774 -0.0976639 -0.1759231 0.2365667 0.3447079 0.0867862 -0.1930983 -0.1969186 -0.0023966 0.1404442 0.1327454 0.0185837 0.0199268 0.0114037 0.3347571 -0.0110885 -0.0281408 0.2582801 -0.2833186 0.1746948 0.0464242 0.4608675 0.0731354 0.2760892 0.2703690 0.0996989 0.2111420 0.4148790 0.1783208 0.3480415 0.0129908 -0.0114675 0.1125157 0.2365015 0.4778189 0.0319440 0.2922331 0.0445178 -0.1082292 0.1229608 0.3946543 -0.0925869 0.0319244 -0.1227465 -0.1378104 0.2565016 -0.0816143 0.3314745 0.0874811 0.2025226 0.3038558 0.1889776 -0.0882644 -0.0054498 0.0174859 -0.1509288 0.1424747 0.1916189 0.3610945 0.0235844 0.2220001 0.0882119 -0.0759965 0.3085798 0.1560779 -0.0930714 0.3089389 0.4294763 0.1237931 0.2228414 0.3035318 0.2724940 0.0795274 0.2126864 -0.0875833 0.0248770 0.0758699 0.2447609 0.0767572 0.0336950 0.7868547 0.7427194 0.3039236 0.4215410 0.4457799 0.1978781 0.4589569 0.5178395 0.3503012 0.7001978 0.3968080 0.5172695 0.2414537 0.0876169 0.4065999 0.2401141 0.2809207 0.2238815 0.4151753 0.0269089 0.3385143 0.6025443 0.5529650 0.5678151 0.5418476 0.3332543 0.3200643 0.1459931 0.0745182 0.0504201 -0.1372876 0.0772728 0.5115004 0.5566756 0.3428730 0.3274309 -0.1689640 0.3179492 -0.0482293 0.4372329 0.4179849 0.5607994 0.1524200 0.4138450 0.1393328 0.2140579
0.6859314 0.0000000 0.1627201 0.3769573 -0.0292567 0.3525686 0.4700847 0.3040493 0.3550729 0.1094588 0.2570639 0.0698495 0.1391339 0.1538841 0.4558092 0.4963689 0.1487517 -0.1278488 0.3369330 0.1422114 0.4117849 0.3963391 0.3326290 0.2975800 0.3201674 0.3960985 0.2465727 0.1538992 0.2201596 0.1849711 0.3951483 0.5310999 0.1378232 0.1537707 0.2603281 0.4811352 0.3704359 0.2457061 0.2861872 0.2550074 0.1951897 0.3137491 0.3615725 -0.2042826 0.0483912 0.3026761 0.0972072 0.0462986 -0.1371776 0.0683327 0.2755585 0.4284878 -0.0658918 0.0654951 0.0975641 0.1214604 0.1508035 -0.1457741 0.3449418 0.2579890 0.0816411 0.2903788 0.2398511 0.0082748 0.0801198 0.0920609 -0.0122603 0.2226734 0.1568647 0.1205566 -0.0134672 0.0646261 0.0825841 0.1806473 0.2973288 0.2676345 0.2387878 0.2597258 0.2769473 0.0617988 0.2918638 -0.0100082 0.2821152 0.1222861 0.1474662 0.0842966 0.0408919 0.0927465 -0.2014015 0.0206139 -0.3632207 0.2710951 0.2345153 -0.4080598 -0.2377779 -0.0691879 0.0641612 0.2157129 -0.0891204 -0.2394869 -0.0544505 0.0998774 0.4203931 -0.0572412 -0.0663764 0.0956156 0.2371712 0.3331251 -0.0504524 0.1885213 -0.2362243 0.0954275 0.2669008 0.3702155 -0.0163680 0.2265393 0.1055243 0.0812590 0.1562073 0.4481943 0.0909895 0.1401245 0.1703855 0.2074473 0.2343029 0.2612664 0.2881959 0.1213161 0.3874123 0.3515706 0.1818567 0.1289203 0.3544405 0.1434966 -0.1692476 0.1481462 0.0982718 0.3538974 0.0321231 0.2352256 0.1959923 0.2318215 0.6212883 0.0137654 0.1066994 0.1899019 0.1593315 0.0235311 0.2218026 0.2881427 0.3383083 0.2215250 0.3809631 0.2492416 0.1374527 0.3738666 0.3717698 0.1616230 0.6367855 0.5298687 0.3545876 0.3951378 0.5876228 0.5547988 0.3396631 0.4279781 0.1211632 0.2366825 0.3327047 0.4520261 0.2734683 0.2632864 0.4267724 0.6423186 0.6812275 0.5095732 0.3767082 0.0095430 0.5481737 0.4894895 0.3668180 0.5252246 0.5189279 0.5774395 0.3059679 0.0867551 0.3778562 0.4305268 0.5245524 0.4509579 0.6097250 0.1367679 0.3122127 0.6438292 0.5407726 0.4914622 0.4627260 0.0683411 0.2801586 0.2037668 0.1346081 -0.3119602 -0.0801534 0.0057482 0.4636606 0.5834355 0.3489447 -0.1529900 0.0559710 -0.0162677 -0.0246051 0.1146750 0.2677679 0.4789319 0.3413445 0.2507301 0.0870710 0.1233161
0.3338329 0.1627201 0.0000000 0.2405627 0.9187695 -0.5446813 0.2983815 0.6996325 -0.0864418 -0.3770572 -0.1213599 0.3525466 0.8821236 0.1136351 0.3093782 -0.2713727 -0.0603044 0.1593750 -0.5120571 0.6307366 0.1045619 0.1434861 -0.0035705 0.4196624 -0.3043305 -0.4144879 0.0117161 0.2820809 0.1297084 0.0646217 0.2293996 -0.1498927 0.1107198 -0.1222742 -0.1158455 -0.1017615 -0.0614838 -0.0428993 -0.0196328 0.1334885 0.5443165 -0.3109388 0.0648597 0.1110933 -0.2030260 -0.5720705 -0.6151862 0.4087711 0.0643653 -0.7661332 -0.3200447 -0.0270428 -0.0291189 0.0989979 -0.4428414 -0.7449820 -0.4229271 -0.1031877 -0.3710483 -0.3197377 -0.2048520 -0.3347114 0.1217824 0.0563865 -0.1615116 0.5701385 -0.7024987 -0.4028554 -0.3480206 -0.2529516 -0.7026142 -0.2203117 -0.7624258 -0.1442024 -0.3688963 -0.3455659 -0.3645758 -0.3793958 -0.2366440 0.5002473 0.0303756 -0.3545504 -0.5412362 -0.2794170 -0.0024462 -0.2953003 -0.5309317 -0.1785578 -0.2773828 -0.3351338 -0.2593703 -0.3792263 -0.2066095 0.2469288 -0.4005101 -0.0991123 0.2245141 -0.0139402 -0.3875561 -0.2743264 -0.2730028 -0.1055358 -0.4478975 -0.0589792 -0.0221329 -0.2336258 0.0592966 -0.3905612 -0.2398439 0.0342474 -0.4895860 -0.2175066 -0.2711762 0.0536494 -0.0058684 0.1628357 0.2928432 0.0751515 0.2337210 0.0830069 0.2147505 0.3578981 -0.2970410 -0.2020101 -0.0777869 0.0795805 0.1640625 -0.0849481 0.0699232 -0.3186815 -0.1941035 -0.1070719 -0.0459301 -0.2182119 0.2715101 -0.2733356 -0.0864380 0.0880281 0.0846439 -0.0270466 -0.1323409 0.1762181 -0.1939310 0.1381981 0.0970948 -0.1465962 0.0429128 -0.0393027 0.0956012 0.0604072 0.0887689 0.2162440 0.1900441 -0.1435742 -0.1315933 0.2399389 -0.2304152 -0.1985093 -0.2935076 0.0436027 -0.2049266 -0.0294592 0.0159164 -0.3426466 -0.1572353 -0.0328334 -0.0542427 -0.0308148 -0.3282384 -0.1685982 -0.0743597 -0.1619789 0.1948378 0.1998432 -0.2710814 -0.2056704 0.0375642 0.6026643 -0.1162940 -0.0341372 0.3362295 0.2507960 0.0285421 0.1237346 -0.1360912 0.0821275 0.0712878 0.1429507 -0.0402719 -0.3152163 -0.1938593 -0.0012291 0.1231541 0.0450126 -0.0586662 -0.0190720 -0.2718203 0.0625098 0.3998440 0.0220999 -0.0710395 -0.0710891 -0.3319524 -0.2989369 0.6000944 0.4991032 0.0889042 0.3129215 -0.1434041 -0.0160517 -0.1814002 -0.1007783 0.5004866 0.0648425 0.0914074 0.2651510 -0.0252509 -0.2002161
0.1818482 0.3769573 0.2405627 0.0000000 0.2215790 0.3516372 0.3301131 0.7039655 0.0466330 0.2567362 0.6308628 0.3821863 0.4860409 0.1373850 0.4119852 0.3894428 0.2137798 -0.1417376 0.2816879 0.5958163 0.4914384 0.3377251 0.5930468 0.0551337 0.2244971 0.2831318 0.2215320 -0.4373206 0.5744254 -0.4649225 0.5293284 0.2393712 -0.3658996 0.2410598 0.2299276 0.2626064 0.2528529 0.5278750 0.0491683 -0.1068285 0.5596064 0.1513794 0.4375234 -0.4013327 0.2900245 0.0895885 -0.0911942 0.7225778 -0.0935817 -0.1819733 0.3149959 0.2646997 0.3000246 0.0136929 -0.1134631 -0.1017539 0.0936760 0.0920444 0.1976463 0.4912204 0.3483085 0.2888622 0.2980102 0.4853066 0.6026834 0.0714182 0.1179473 0.2853415 0.2208977 0.3345340 -0.0111615 0.4030721 0.1114906 0.6803376 0.0479051 0.2979352 0.2396223 0.2428648 0.3587546 0.4111382 0.6073734 -0.2857767 -0.1827922 -0.5217374 -0.3912570 -0.2695313 0.2233909 0.0223985 -0.3181463 -0.0223376 -0.3425884 -0.2301176 -0.2669126 0.1382284 -0.2295514 -0.3836830 -0.1948432 -0.1603928 -0.1291147 -0.0058017 0.1316535 0.0070537 -0.2668941 0.3047405 -0.1337835 0.0560581 -0.1556170 -0.1945985 -0.2225492 -0.0371403 -0.0636762 -0.0259932 -0.4204089 0.0024561 -0.3162081 -0.3954562 -0.3350479 -0.2478757 -0.2284835 -0.1191246 -0.1673883 -0.2430430 0.0605311 -0.2042218 -0.4530877 -0.1235389 -0.2687522 0.1425655 -0.1971693 0.0023041 -0.2948023 0.1823591 -0.2028140 -0.1654129 -0.0369031 0.0919234 -0.2838144 -0.3055240 -0.3712008 -0.0046048 0.1637394 -0.0622709 0.0632454 -0.1657287 -0.2304588 0.2688745 -0.1796212 -0.1987282 -0.1165667 -0.0728739 -0.0696545 0.2600955 0.0170029 -0.1003930 -0.4644188 -0.1042110 -0.1484967 -0.3588303 -0.1095354 0.0000512 -0.2571154 -0.1675528 0.0026810 -0.2144690 -0.2974789 -0.0772302 -0.1597888 -0.3330390 -0.0612525 -0.0071101 -0.1558108 -0.1893609 0.1577864 -0.0262421 -0.0494948 0.0225140 0.2040274 0.1063832 0.1652342 -0.0257624 -0.2575329 0.1213135 0.2351716 0.2601465 0.1884937 0.4419169 -0.0072244 0.2639195 0.3394929 0.2666268 -0.2368408 0.5070401 0.2813597 -0.1494649 -0.0970758 -0.2691823 -0.1721553 -0.1484886 0.2412646 -0.1905246 -0.3225550 -0.2091184 -0.1526007 -0.1789781 0.2064103 0.4649565 0.0640236 0.1545598 -0.0677558 -0.2475213 -0.0787130 -0.1168546 0.3259548 0.1760281 -0.1057436 0.2349909 0.0387614 -0.0641866
0.1441086 -0.0292567 0.9187695 0.2215790 0.0000000 -0.5421972 0.2485209 0.6148896 -0.1336918 -0.3640996 -0.2361580 0.2743158 0.8746081 0.0876063 0.1868688 -0.4707254 -0.1098720 0.1676823 -0.6373212 0.6751211 -0.0601291 0.0826040 -0.1978598 0.3539936 -0.4841665 -0.5857293 -0.0435947 0.2727014 0.0550690 0.0090156 0.2707636 -0.2882283 0.0655482 -0.1782326 -0.2985395 -0.2814633 -0.2469631 -0.0876389 -0.1737891 0.0164054 0.6306996 -0.3722423 -0.0786014 0.0646462 -0.2363541 -0.5334077 -0.6371566 0.4905664 0.0677240 -0.7199441 -0.4359248 -0.1677832 0.0238665 0.0384860 -0.4530009 -0.7000582 -0.4270443 -0.1628029 -0.4833853 -0.4376552 -0.2548031 -0.3942349 -0.0168072 0.0437941 -0.1279292 0.6018925 -0.6488163 -0.4458795 -0.4614627 -0.3240536 -0.6407503 -0.1371196 -0.7947336 -0.1395805 -0.4952505 -0.4482337 -0.4162426 -0.4958347 -0.3769547 0.4109228 -0.1194488 -0.5106018 -0.7626449 -0.4623007 -0.2586103 -0.4849786 -0.5783017 -0.3080706 -0.3370308 -0.4402070 -0.2726899 -0.5212716 -0.3922595 0.1814643 -0.4164596 -0.2582230 0.0105601 -0.2369575 -0.4778956 -0.3927803 -0.4355375 -0.3451481 -0.6677652 -0.2766803 -0.2028940 -0.4256695 -0.2185362 -0.5881035 -0.3962439 -0.2866461 -0.5068161 -0.4981139 -0.3768015 -0.1722305 -0.1807261 0.0110428 0.1444651 -0.0532724 0.0770943 -0.1903852 0.0360538 0.2493542 -0.4928004 -0.3707151 -0.2219799 -0.1683360 0.0346278 -0.2735624 -0.1537398 -0.4409919 -0.3266830 -0.2478881 -0.2113880 -0.4104495 0.1413263 -0.4118925 -0.1557084 -0.1555597 -0.0400623 -0.2878619 -0.3246970 -0.0754450 -0.3996989 -0.0413713 -0.0276175 -0.3107565 -0.1246424 -0.1874200 -0.1475841 -0.1853523 -0.1875576 0.1249981 0.0002129 -0.3490363 -0.2761343 0.0085499 -0.4324525 -0.3360644 -0.4869894 -0.2137838 -0.3945401 -0.2661230 -0.1688702 -0.5661401 -0.3557841 -0.2182112 -0.2385963 -0.2274113 -0.5362388 -0.4196310 -0.2727918 -0.3625268 0.0092801 -0.0402269 -0.4142486 -0.4027285 -0.1258602 0.5468401 -0.2978557 -0.2332468 0.1112852 0.0030690 -0.1676289 -0.1680380 -0.2961830 0.0425317 -0.0788062 -0.0274293 -0.1460761 -0.4162929 -0.4327713 -0.0881994 -0.0147181 -0.1875535 -0.3298786 -0.2713825 -0.5263202 -0.0066920 0.2801963 -0.2291610 -0.0370499 -0.0408400 -0.2463133 -0.3289058 0.6247646 0.2417600 -0.2032813 0.3428880 -0.0139200 -0.0753366 -0.1671268 -0.2579379 0.6158191 -0.0262054 -0.0625886 0.3876858 0.0045659 -0.2182456
0.0117706 0.3525686 -0.5446813 0.3516372 -0.5421972 0.0000000 0.2564306 -0.2755017 0.3615743 0.5342985 0.4536420 -0.2396922 -0.4785044 0.1051142 0.1985203 0.5454903 0.3287237 -0.1904204 0.2703492 -0.0340894 0.2093504 0.1246581 0.3269999 -0.3029878 0.1600031 0.3951311 0.0612660 -0.3283316 0.1084895 -0.2442681 0.3002695 0.3242339 -0.1719954 0.1424659 0.2093250 0.2713219 0.2797385 0.0006270 -0.0204256 -0.1521486 -0.1016138 0.3858654 0.1429613 -0.3854202 0.1238049 0.5180987 0.4033247 -0.0717744 -0.0909712 0.3732509 0.4004376 0.1880822 0.0464294 -0.1826333 0.4047931 0.6733115 0.5327773 -0.0319402 0.4259196 0.5267424 0.2426228 0.5136724 0.0698597 0.1454442 0.4016582 -0.0506030 0.6618431 0.5832075 0.3005477 0.3174631 0.6415701 0.3330233 0.7142087 0.3752837 0.3235740 0.5295533 0.4657219 0.4285745 0.3725046 -0.2265458 0.1540558 0.1256514 0.3801743 0.0496095 -0.2691994 0.0149427 0.2998098 0.1177999 -0.0397905 0.1735506 -0.1013841 0.2011300 0.1046945 -0.1856740 0.1974603 -0.0679047 -0.3305277 -0.0175976 0.2522124 0.0891973 0.1258004 -0.0556242 0.3759274 0.1198465 -0.0945094 0.1523088 -0.2169687 0.3080549 -0.1350065 -0.1937367 0.1243090 0.0183153 0.1640247 -0.0897136 -0.3647449 -0.2655956 -0.3852542 -0.2384404 -0.2756842 -0.1469630 -0.3392338 -0.3726108 0.3029641 0.1138745 -0.1185172 -0.2179847 -0.2342374 0.0188315 -0.1650600 0.3612712 0.0321305 -0.1204008 -0.0419364 0.0960357 -0.4969169 0.1638831 0.0613323 -0.2410762 -0.1946307 -0.1181779 -0.0650021 -0.2393547 0.3013264 -0.2806035 -0.1340851 0.1478245 -0.1599894 -0.1578872 -0.2370047 -0.1559567 -0.1836989 -0.0193473 -0.1225989 -0.0561410 -0.1363336 -0.2414005 0.1171447 -0.0830147 0.3256341 -0.0547947 0.0255731 -0.1242319 0.1768048 0.1865674 -0.0504021 -0.0537303 -0.1234209 -0.1954704 0.2369048 0.0759360 -0.1076268 0.0094793 -0.0880671 -0.0286664 0.5668425 0.3685548 0.0764580 -0.4329951 0.3103019 0.1240127 -0.2140637 -0.1238859 0.1438872 0.0650460 0.1221512 0.1368102 0.1475070 0.0427345 0.3816320 0.5515719 0.1443913 0.2590980 0.2315009 -0.0665088 -0.0053814 -0.1039722 0.1499521 -0.2331181 -0.1062840 -0.1744574 0.0516208 -0.0971033 0.3056021 0.1935736 -0.0933095 -0.0901721 0.0218266 -0.4055605 0.2215724 -0.0547016 0.1832093 0.0005225 0.0146663 0.3543943 0.1877248 -0.1018293 0.3507896 0.4461180
0.3109484 0.4700847 0.2983815 0.3301131 0.2485209 0.2564306 0.0000000 0.2262243 0.1952867 0.4047938 0.2423803 0.3770463 0.2599933 0.4615896 0.4557742 0.2990396 0.4596866 -0.0827087 -0.1454272 0.1651934 0.6802743 0.2594811 0.2958542 0.5871083 -0.2271684 0.0710072 0.5159874 0.3145513 0.6054132 0.2839822 0.5094442 0.2194937 0.3127822 0.3582709 0.1999828 0.4850557 0.3803294 0.1769252 0.4290288 0.4875513 0.2101579 0.5007688 0.6090624 0.0175541 0.3132321 0.2944420 -0.0272040 0.2080107 0.0701470 -0.1530146 0.3084499 0.6399163 0.4567254 0.4088711 0.3326453 0.2488935 0.3575209 0.1068986 0.4914277 0.3384749 0.5645874 0.5256026 0.3769265 0.4316794 0.3806775 0.5347519 0.1000810 0.2884331 0.2053561 0.2858046 0.2709420 0.5549832 0.1015163 0.4361907 0.3848555 0.3456796 0.4235518 0.4611781 0.4274473 0.5363555 0.4711049 0.0563282 -0.1293082 -0.2454126 -0.1821257 -0.1390770 -0.0249533 -0.0376321 -0.0840708 -0.0711174 -0.0662840 -0.2965330 -0.1187124 -0.0516062 0.1342036 -0.1445246 -0.1183989 -0.0228185 0.1997975 0.0232152 -0.0383344 -0.1642450 -0.1842268 -0.0799196 -0.2051504 0.1228721 -0.2068998 -0.2836130 -0.1935980 -0.1851309 -0.1676609 -0.1791734 -0.2064136 -0.0847117 -0.2127253 -0.1148916 0.0657381 0.0934700 -0.1294035 -0.0283670 -0.0359426 0.0937935 -0.3873779 -0.2911124 -0.0792764 0.0514338 -0.0679871 -0.2989369 0.1370785 -0.1193985 -0.0204502 -0.2387670 -0.1544597 -0.1570942 -0.1947457 -0.2638908 -0.0286584 0.1470994 0.2132567 0.1704359 -0.1852640 0.1952946 0.0441218 -0.0492749 0.0857793 -0.2511165 0.1355435 -0.0566093 -0.0631007 0.0783655 0.2078800 0.2653931 0.2408226 -0.1754730 -0.0440997 -0.0713946 0.1788915 -0.2519008 0.0627008 0.2761380 -0.2505655 0.0577532 -0.1679848 0.1439729 -0.0964341 -0.3113005 -0.2590858 -0.0248515 0.1762672 0.2291692 -0.0980374 0.0764808 0.0858039 0.4395065 0.4750988 0.5441681 0.4758135 0.6025940 0.5034975 0.3896968 0.4993663 0.4072040 0.5029150 0.4864622 0.5249428 0.3860741 0.4519162 0.2531853 0.7749702 0.5576818 -0.1049566 0.6048145 0.6599006 -0.1415550 0.0230211 0.0890521 0.2378460 0.3269119 0.6820095 0.0728078 0.1437200 -0.2853716 -0.1398065 0.0300238 0.4121354 0.5302438 0.3114230 -0.2247214 0.1147436 -0.1483835 -0.2013952 0.2052045 0.2981567 0.5068385 0.5176005 -0.1905445 -0.0848645 -0.1240150
0.3526639 0.3040493 0.6996325 0.7039655 0.6148896 -0.2755017 0.2262243 0.0000000 -0.0574617 -0.1592352 0.4301268 0.5666373 0.8540644 0.1072792 0.4092506 0.1769452 0.0143757 0.0098713 0.0097278 0.6681933 0.3326027 0.3081653 0.4898616 0.3049527 0.0295153 0.0956654 0.0878426 -0.0880739 0.4323951 -0.2187186 0.3206057 -0.0204467 -0.2291337 0.1466808 0.2385178 0.0791382 0.0984923 0.3506068 -0.0315382 -0.0364081 0.5639650 -0.1432127 0.2873554 -0.1478256 0.2225394 -0.4338243 -0.4535132 0.5984557 -0.1202971 -0.6207860 0.1155824 0.0424497 0.1260710 0.0014510 -0.4721766 -0.6486461 -0.4089734 0.0107975 -0.0842042 0.1243349 0.1532868 -0.0921531 0.3873384 0.2496557 0.2246392 0.1461391 -0.4225902 -0.0590865 0.1471974 0.0718256 -0.5996479 0.0940440 -0.4008813 0.3491614 -0.1464055 -0.0114116 -0.0061402 -0.0481523 0.0767597 0.5846239 0.4466898 -0.2762483 -0.3013524 -0.4332319 -0.0660095 -0.2179454 0.0117045 0.1478132 -0.2328775 -0.0019328 -0.2178682 -0.1673846 -0.2325076 0.3564774 -0.2575268 -0.1274718 0.1822469 -0.0362306 -0.1685596 -0.0862604 0.1786136 0.0949604 -0.3847292 0.2958789 0.0864642 0.1141806 0.0447532 -0.3070162 -0.1383803 0.1924717 -0.1682161 0.0611663 -0.4734358 0.2305789 -0.0500456 -0.0858725 -0.0341328 -0.0571260 0.0300643 0.0887529 0.1287106 0.0429196 -0.0691942 -0.1334131 -0.2897375 0.1063141 0.0313048 0.1939300 0.0029947 -0.0058529 -0.1459763 0.2738663 0.0429648 -0.0515343 0.1712314 0.0208969 -0.2301233 0.0293966 -0.1417933 0.2178686 0.2712794 0.2539773 0.0163616 0.1962591 -0.1000532 0.2020385 0.0262235 -0.0416282 0.0978651 0.1563221 0.2274650 0.3249908 0.2291516 -0.0053113 -0.2985511 0.2001849 -0.1747984 -0.2692769 -0.1770338 0.1800508 -0.1937546 0.0380881 0.0543178 -0.2339502 -0.1629752 0.0883198 -0.0169007 -0.1158250 -0.1557233 0.0442659 -0.0160153 -0.1055419 0.2908797 0.0715942 -0.3514589 -0.1976019 0.0913666 0.3405081 -0.0407717 -0.0113211 0.0542388 0.3174895 0.1760477 0.3439095 0.0918321 0.3116300 -0.0013036 0.3209248 0.2552983 0.0632941 -0.2180081 0.3526789 0.2640279 0.0287026 -0.0114209 -0.0871314 -0.1251734 -0.0512656 0.3451137 0.0495725 -0.4423884 -0.1971092 -0.3661142 -0.3179722 0.4005733 0.6400666 0.1956739 0.3773578 -0.3485770 -0.2161452 -0.1992962 -0.0470162 0.4022567 0.0166404 -0.1974280 0.2151347 -0.0308139 -0.2474096
0.5865748 0.3550729 -0.0864418 0.0466330 -0.1336918 0.3615743 0.1952867 -0.0574617 0.0000000 0.1356217 0.1914034 0.3405398 -0.2972794 0.6481016 0.6123439 0.2691081 0.3094332 0.6550785 0.2610511 -0.0736512 0.3496592 -0.0693012 0.3108438 0.3799973 0.2089508 0.2782747 0.3228920 0.3033980 0.2823626 0.4121594 -0.1853423 0.2859125 0.3400732 0.3299032 0.3744393 0.3830929 0.4415658 -0.1366645 0.2171335 0.2767270 -0.0421211 0.1182076 0.0769195 0.3648095 0.1969913 0.2888201 0.4894982 -0.2573842 0.3924021 0.0425926 0.4820918 0.1446818 0.2299364 0.1412284 -0.1586978 0.1003137 0.4092865 0.2272383 0.2437276 0.3022069 0.1239583 0.3974372 -0.1448688 0.0641751 0.1823680 0.1513251 0.5062215 0.3764373 0.3299454 0.0670037 0.1751992 0.1667291 0.2559645 0.0622850 0.2084954 0.1663145 0.0421928 -0.1880305 -0.1512830 -0.1876477 -0.2674086 0.0881883 0.1854487 -0.0453681 0.1658911 0.3005229 0.1814327 0.3715672 0.2504060 0.4526421 0.0880944 0.2553064 -0.2946773 0.0129194 0.2112850 0.1144380 0.0233586 -0.1778663 -0.0001136 -0.0359238 0.0408620 -0.0056109 0.0199638 -0.1017774 -0.1144413 -0.0841460 0.1135279 -0.1637761 -0.1439481 -0.1698675 -0.1654991 0.0490393 -0.0139243 0.1598416 -0.2328249 0.0228288 -0.1287843 -0.1603129 -0.0827529 0.0497320 -0.2103307 -0.0688216 -0.1007998 -0.1848100 -0.1734125 -0.1836977 0.2637785 -0.1371710 -0.0664358 0.0450025 -0.2440122 -0.1876396 0.3169437 -0.2266068 -0.3693071 -0.0766671 -0.2573704 -0.1329713 -0.2675985 0.0141989 -0.0356295 -0.2081045 0.1383087 0.1070174 -0.2573192 -0.0176440 -0.1120921 -0.2741416 -0.1289328 -0.1147983 -0.0065588 -0.0044309 0.1031110 -0.0669790 -0.1988712 0.1094009 -0.0305369 -0.1136964 0.1811881 0.0601195 0.0739457 -0.0685527 0.2081489 0.0631305 -0.0161551 0.1189441 -0.2601010 -0.1267894 0.0168573 0.0115293 0.0334686 0.0371146 0.5276515 0.2804992 0.1422708 0.4965899 0.5198490 -0.0282309 0.5526252 0.6261085 0.0996169 0.5011000 0.1823451 0.2369102 0.1007045 0.2617905 0.4919807 0.3027410 0.2142602 0.1928363 0.1914880 0.0172538 0.1167107 0.2542852 0.2459836 0.2891635 0.4496310 0.3226900 0.1899478 -0.3342066 0.2312956 0.2267676 0.2584157 0.4026406 0.1895970 -0.1115099 -0.1602060 0.2578907 0.1244529 0.5552180 0.1368206 0.5631155 0.3127087 0.5007427 0.0221307 0.3279784 0.5540211 0.5245770
-0.0919530 0.1094588 -0.3770572 0.2567362 -0.3640996 0.5342985 0.4047938 -0.1592352 0.1356217 0.0000000 0.6092606 0.2851511 -0.3104700 0.5548203 0.1486410 0.4165951 0.8026043 0.0817002 0.2260026 -0.1972228 0.4324579 -0.1804229 0.4046021 0.2187279 -0.0856953 0.2865197 0.6278118 0.0376037 0.4598660 0.1776951 0.1389848 -0.1748233 0.2694862 0.6092042 0.3391844 0.2352144 0.0530537 0.0338830 0.4853275 0.3677738 -0.1774698 0.3299447 0.6468108 0.2072701 0.6141079 0.3103203 0.1364595 -0.0546778 0.4035732 0.1197604 0.3571669 0.5216618 0.5834065 0.4782579 0.3191617 0.4915381 0.3580450 0.6271210 0.4701012 0.4861757 0.5736788 0.6423890 0.1188708 0.7155630 0.3928569 0.0125976 0.5679959 0.7957370 0.4055748 0.7907645 0.5550097 0.7159715 0.7542071 0.4974777 0.3507023 0.6968755 0.6966633 0.5954643 0.5883745 0.1211598 0.4725804 0.0472717 0.1870303 -0.3004404 -0.4066723 -0.1425949 0.3733726 -0.0054967 -0.0412763 0.1192667 0.0494505 -0.2075027 -0.2056695 -0.1878029 0.3269039 -0.1956497 -0.4239874 -0.2749381 0.3990270 0.4161475 0.2968522 -0.1521329 0.0643494 0.1584155 -0.3079085 0.1994719 -0.4536906 -0.1437885 -0.1909898 -0.2598468 0.1461870 0.0421574 -0.3519436 -0.3621888 -0.4015924 -0.5101278 -0.4432417 -0.2918989 -0.4330834 -0.3183132 -0.3303555 -0.4408277 0.0957204 -0.2001822 -0.2831429 -0.1731828 -0.4681385 0.0453922 -0.2486357 -0.0638315 -0.1559598 -0.1507981 -0.4010812 0.1729828 -0.2802171 0.0503518 -0.1946948 -0.1586273 -0.1361601 0.1557739 -0.0854552 -0.0604491 -0.1325206 -0.0964592 -0.1031615 -0.0428150 -0.0532712 -0.0950902 -0.3330700 -0.1289756 0.0247040 0.1602364 -0.1191529 -0.1992098 -0.1529008 -0.2261653 -0.0484352 -0.2400042 0.0346624 -0.0193685 -0.1785863 -0.0827078 -0.1703079 0.0884845 -0.1476684 -0.2880902 -0.3353243 -0.2666574 0.1991354 0.1797538 -0.2481628 -0.0666792 -0.0091127 0.1199304 0.2337646 0.2469160 0.1892772 0.1433429 0.2851277 0.2080265 0.1269593 0.0670086 0.0393706 0.1299092 0.2850698 0.1579386 0.0630132 -0.0786631 0.5515271 0.6672317 -0.2057535 0.5913345 0.4470244 -0.2843600 -0.1795151 -0.1279863 0.1735352 -0.0062896 0.2206499 -0.0197067 0.1211202 0.0594348 0.1567332 0.1365673 -0.2906658 0.1189661 0.1234823 -0.4231290 0.2092317 0.0018211 0.1060205 0.1458252 -0.0669786 -0.0904398 0.0244169 -0.2895663 0.1239584 0.0298569
0.1351726 0.2570639 -0.1213599 0.6308628 -0.2361580 0.4536420 0.2423803 0.4301268 0.1914034 0.6092606 0.0000000 0.5274903 0.0530229 0.3877235 0.3727041 0.7640315 0.5644882 -0.0450045 0.4250471 0.1380933 0.4918618 0.0523372 0.8651990 0.0469952 0.2086847 0.5826376 0.3161278 -0.3617963 0.5507553 -0.2792076 0.1405820 -0.0154654 -0.2838845 0.5429237 0.6551705 0.2644517 0.3046881 0.1489068 0.1282570 0.0090377 0.0206008 0.1543831 0.5461806 -0.1520712 0.7460715 -0.0658908 -0.0442005 0.1382877 0.0464850 -0.1931643 0.5457518 0.2311498 0.3684644 0.1224064 -0.1469277 0.0253490 0.0264329 0.4827622 0.3815995 0.6815335 0.5558812 0.4512382 0.3355860 0.5623216 0.4466971 -0.2171835 0.3563070 0.7865296 0.6857475 0.7812821 0.1013740 0.5053242 0.5866389 0.6292184 0.3010934 0.7592669 0.6831861 0.5322602 0.6149368 0.3794880 0.6612490 -0.0087906 0.2313652 -0.3576367 -0.1762866 -0.0830552 0.4220158 0.3342427 -0.1091085 0.3696024 -0.1023231 0.0115424 -0.2099140 0.2758728 0.2112347 -0.0951229 -0.1455616 -0.1045344 0.3783861 0.4378708 0.6219460 0.1028389 0.0058922 0.5853219 -0.0044216 0.4365853 -0.1514730 -0.1027711 -0.1617576 0.1826829 0.1055405 0.3930425 -0.5144023 0.0188962 -0.2151297 -0.4484352 -0.4339690 -0.2566250 -0.2526455 -0.0707772 -0.1474027 -0.4218291 0.2398341 -0.0119981 -0.4075180 -0.0292903 -0.3351866 0.3242074 -0.1963634 0.2336793 -0.0914415 0.1744763 -0.1105848 0.2893710 -0.1292917 0.2767145 -0.2632641 -0.0454278 -0.2344001 0.4071466 0.3328826 0.2030583 0.1778628 0.1114846 -0.1484211 0.3657504 0.0512135 -0.0141165 -0.0392321 0.1210613 0.2626418 0.3196409 0.1851592 0.0327365 -0.2730279 -0.0178751 0.0150251 -0.2561536 0.1393131 0.1617483 -0.1328150 0.0836973 0.0691670 0.0491570 -0.0986019 -0.0257427 -0.0791695 -0.1390303 0.2965440 0.3216082 -0.0073322 0.1019476 0.3320316 0.1090096 -0.0056122 0.1545330 0.2171343 0.0396555 0.2590791 0.2342943 -0.0396531 0.2272347 0.0870012 0.3872502 0.2658485 0.2710176 0.0337301 0.2326143 0.6354640 0.7180256 -0.1678543 0.6872276 0.5678926 -0.1620500 -0.0538348 -0.1543532 0.2224601 -0.1253489 0.3319674 0.0666430 -0.4033216 -0.1404484 -0.1740817 -0.0941991 -0.2246222 0.3449921 0.2850349 -0.1853149 -0.2407782 -0.1639466 -0.1341738 0.1804885 -0.0169904 -0.0582906 -0.1656101 -0.2611821 0.2810962 0.1278913
0.4500682 0.0698495 0.3525466 0.3821863 0.2743158 -0.2396922 0.3770463 0.5666373 0.3405398 0.2851511 0.5274903 0.0000000 0.3789987 0.6818457 0.6267022 0.2279076 0.4232249 0.4399748 0.2518749 0.1127894 0.6846898 -0.0609339 0.5967033 0.6818323 0.1071071 0.2267159 0.6411385 0.2062763 0.8143160 0.2960059 -0.0763079 -0.0189302 0.1616164 0.5803289 0.4538411 0.3235615 0.3966905 0.2760806 0.4734411 0.5115067 0.2831422 0.0483002 0.5864251 0.4859973 0.7351919 -0.1366357 0.0184811 0.3147802 0.3526543 -0.3809925 0.4467055 0.3958005 0.6077189 0.5745391 -0.3553731 -0.3476721 0.0714742 0.5862580 0.2064497 0.3789711 0.5315455 0.3948822 0.2252277 0.5772276 0.2875119 0.2257061 0.1342241 0.3630418 0.4756521 0.5006855 -0.1294069 0.4392068 0.0394639 0.3648996 0.1200480 0.2270036 0.1817908 0.0806412 0.1701236 0.5282484 0.4473211 -0.0014789 -0.1551504 -0.5690154 -0.0184104 -0.0142497 0.3064520 0.1962236 0.0180871 0.2564729 0.0839362 -0.1989950 -0.5028308 0.3544664 0.1084753 -0.0083650 0.1243367 -0.3112405 0.0763480 0.2552137 0.3410528 -0.0001378 -0.5095924 0.2725556 -0.1066973 0.1452395 -0.0420097 -0.6293004 -0.1771358 0.1169462 -0.1074808 0.1820595 -0.7291946 0.0534868 -0.1185430 -0.3184108 -0.1256397 -0.1459889 -0.1957272 -0.0866508 -0.0477891 -0.0762879 -0.2678147 -0.4834218 -0.4814374 -0.0176623 -0.0720458 0.0056588 -0.1437011 -0.3425961 -0.4111294 0.0852142 -0.1209297 -0.1961423 0.1588839 -0.1689945 -0.5126730 -0.0357898 -0.1885275 0.4014869 0.1278992 0.1792816 -0.1771029 0.2269739 -0.2565526 -0.0162094 -0.0042142 -0.1427356 -0.0371723 0.0328374 0.2893705 0.1652848 0.1313108 -0.1644849 -0.3730386 0.0195201 -0.1280482 -0.4412344 -0.2314170 0.1571807 -0.3473752 -0.0332066 -0.2814474 -0.1687452 -0.2737288 -0.2244813 -0.2963659 -0.2096593 -0.0248405 0.1274300 -0.1168587 -0.0805909 0.6108369 0.3236298 -0.3598493 0.1697582 0.5026011 0.6251899 0.2957814 0.4029849 0.2046950 0.5708351 0.1789519 0.4150200 0.3604391 0.3931518 0.1958970 0.2202042 0.4216742 0.2972415 -0.3705411 0.5530008 0.4883568 -0.1669914 -0.0309560 0.0050167 0.2710568 0.4516518 0.6268235 -0.0360152 -0.1249653 0.1726930 -0.2372867 0.0604880 0.1424198 0.4333154 0.1681931 0.4305888 -0.1818616 0.2245913 -0.1609115 0.4817413 0.2902875 0.0526711 -0.2292786 0.0530676 0.0947278 -0.0561410
0.1904878 0.1391339 0.8821236 0.4860409 0.8746081 -0.4785044 0.2599933 0.8540644 -0.2972794 -0.3104700 0.0530229 0.3789987 0.0000000 -0.0395818 0.2753489 -0.1671441 -0.1345828 -0.0616336 -0.3469601 0.6880447 0.0840651 0.3265979 0.0737182 0.3154843 -0.2036468 -0.3191886 -0.0177052 0.0642630 0.1990464 -0.1818685 0.3929653 -0.1219368 -0.1784013 -0.1519501 -0.1474602 -0.2031842 -0.0925230 0.2367062 -0.1554227 -0.0559086 0.7257949 -0.3195075 0.0800393 -0.1467811 -0.0657735 -0.5220585 -0.6292966 0.6875247 -0.1682796 -0.6475063 -0.2647832 -0.0849718 -0.0124477 -0.0212951 -0.3830386 -0.6853318 -0.4434491 -0.1833168 -0.3802486 -0.2320910 -0.1141044 -0.3407858 0.2759663 0.1223411 -0.0574984 0.4463921 -0.6757658 -0.3638316 -0.2094676 -0.1189422 -0.6374372 -0.0846217 -0.7007839 0.0586947 -0.3287534 -0.2514386 -0.2179174 -0.2112790 -0.1189861 0.5381504 0.2426166 -0.4387160 -0.6013395 -0.4694497 -0.2100670 -0.4386305 -0.3141039 -0.2368679 -0.4135788 -0.3939652 -0.3212724 -0.3569925 -0.2442887 0.2286781 -0.4370105 -0.2261409 0.0708586 -0.1152808 -0.3783160 -0.3181043 -0.1790804 -0.1653843 -0.5338675 -0.0061659 -0.0787827 -0.1563765 -0.0900324 -0.4064180 -0.3016074 0.0340180 -0.3649825 -0.2450133 -0.4250489 0.0375290 -0.1010491 -0.0475019 0.0865989 -0.0723321 0.0555392 -0.0708066 0.0829604 0.1530533 -0.2754128 -0.2583936 -0.2781928 -0.0202025 -0.0331865 -0.0585269 -0.0905970 -0.2558320 -0.2314584 0.0324537 -0.1535735 -0.2457777 0.2436318 -0.2189058 -0.1655467 -0.0491884 -0.0487722 -0.0691989 -0.0585631 0.1221176 -0.1541615 -0.0270994 -0.0525834 -0.0569634 -0.0558171 -0.0842440 0.0128601 -0.0087958 0.0108943 0.1724041 0.0806762 -0.2143768 -0.2711781 0.0876719 -0.2945825 -0.3328289 -0.3424682 -0.0250790 -0.3392766 -0.1121787 -0.0645325 -0.4186625 -0.2844589 -0.0986116 -0.0899407 -0.1572554 -0.3724859 -0.2025691 -0.1683163 -0.2650057 0.0742009 -0.0051862 -0.3707584 -0.4038855 -0.1354244 0.4805063 -0.3057424 -0.2597841 0.0536847 0.0468324 -0.0495053 0.0431157 -0.1400802 0.0445102 -0.2047985 0.0400778 0.0280086 -0.2119779 -0.3504084 0.1030155 0.0913211 -0.1237934 -0.2358857 -0.2736874 -0.4194788 -0.0918268 0.2846008 -0.0316994 -0.2266383 -0.1602811 -0.3633286 -0.4134591 0.5807268 0.5199915 0.0480455 0.3132751 -0.1342729 -0.2510947 -0.1862110 -0.3336079 0.4973462 -0.1107841 -0.1578205 0.2674240 -0.1041485 -0.3046713
0.3805978 0.1538841 0.1136351 0.1373850 0.0876063 0.1051142 0.4615896 0.1072792 0.6481016 0.5548203 0.3877235 0.6818457 -0.0395818 0.0000000 0.6226392 0.2607274 0.8345901 0.7352695 0.0738653 -0.1283007 0.5515627 -0.1627423 0.3961733 0.6739503 -0.0479129 0.0433038 0.8159253 0.3987340 0.5490419 0.5448143 -0.0687555 -0.0607242 0.4776259 0.5338215 0.3402675 0.3520410 0.2118750 -0.0575529 0.5696355 0.6535290 0.0238747 0.1043743 0.5445615 0.5701008 0.5519107 0.1253083 0.0884037 -0.0764050 0.5875093 -0.1584058 0.3468279 0.4847684 0.5733394 0.6434962 -0.1536050 0.0445528 0.2595864 0.6501103 0.2973198 0.2649330 0.4303562 0.5360421 0.0615279 0.5015252 0.2106895 0.2527052 0.3712637 0.5318604 0.4527152 0.4656668 0.1777422 0.4931125 0.2795928 0.2412083 0.2143896 0.3724051 0.2761936 0.0817701 0.1772616 0.2256559 0.1154982 -0.0828507 -0.1528382 -0.4804191 -0.1911732 -0.0741051 0.1773719 0.0679837 0.0129928 0.1631117 0.0063563 -0.3233774 -0.6325734 -0.0164018 0.1971180 -0.2028535 -0.2441220 -0.4588073 0.0090415 0.0968774 0.0568008 -0.2196796 -0.3188304 -0.0810286 -0.4220806 -0.1378173 -0.2064365 -0.5619617 -0.3376537 -0.2728083 -0.2743411 -0.0308228 -0.5325963 -0.2040433 -0.4548483 -0.3685918 -0.3332456 -0.3560840 -0.3744913 -0.2191743 -0.3451870 -0.2788727 -0.3834544 -0.5539378 -0.4669427 -0.2743850 -0.1928696 -0.2777035 -0.2615491 -0.4084569 -0.5057816 -0.4005851 -0.2025363 -0.2805251 -0.3683688 -0.2926140 -0.5733466 -0.2018782 -0.2816177 0.1270845 -0.2281836 -0.1562117 -0.2677735 0.0108595 -0.3940915 -0.2598268 -0.1579216 -0.3625613 -0.3906550 -0.2410570 0.0508517 0.0621012 0.0127034 -0.3897369 -0.3660419 -0.0832358 -0.2715205 -0.4716358 -0.1621891 0.0190957 -0.2963062 -0.2096791 -0.1725481 -0.1190220 -0.2852774 -0.2843983 -0.5637031 -0.3311224 -0.0648585 0.0099082 -0.2667026 -0.1558465 0.3990081 0.2900252 -0.0518344 0.4006564 0.5601099 0.5105643 0.4887575 0.6305344 0.3864748 0.5553818 0.0944960 0.2673855 0.2260204 0.2903617 0.3750091 0.1955251 0.4275912 0.3761366 -0.1940080 0.3282678 0.3651001 -0.0753762 -0.0498405 0.0798994 0.3276536 0.3928944 0.5067010 -0.2955104 0.2940229 0.3198100 0.0733413 0.2846437 0.0582266 0.1547562 -0.0776226 0.1027970 0.2114480 0.4977747 -0.0045119 0.5301616 0.2485108 0.1506446 0.0007476 0.1044980 0.3602649 0.1849440
0.7409034 0.4558092 0.3093782 0.4119852 0.1868688 0.1985203 0.4557742 0.4092506 0.6123439 0.1486410 0.3727041 0.6267022 0.2753489 0.6226392 0.0000000 0.3365390 0.3805460 0.4712960 0.2090819 0.1485020 0.5759348 0.2909859 0.4709807 0.5428360 0.2660151 0.1227301 0.5570747 0.2570781 0.4994639 0.2869019 0.1412549 0.3658369 0.0816142 0.1048044 0.2019576 0.3178727 0.4536710 0.2642062 0.3263197 0.3913007 0.4388409 -0.0370396 0.3755912 0.2038382 0.2819452 0.0795659 0.1713888 0.2849369 -0.0174689 -0.0933632 0.4197873 0.3540228 0.0706639 0.2182519 -0.1286781 -0.0893305 0.2920321 0.0447057 0.0565957 0.2848917 0.1371682 0.3869551 0.3085809 0.1280153 0.0144478 0.4519024 0.1876990 0.2207092 0.4162465 0.1773700 0.0326891 0.0685808 0.0015001 0.0618172 0.1697934 0.1178875 -0.0080282 -0.0226540 -0.0518378 0.0684982 0.1180319 0.0851148 -0.0444402 -0.3791724 -0.0519789 0.0184763 0.3043997 0.0548812 -0.1239493 0.0370276 -0.1016918 0.0228957 -0.3566206 0.0937958 -0.0452808 0.0103812 -0.0419432 -0.2970267 -0.2049672 -0.1878508 0.0218380 -0.1095699 -0.1949771 0.0877962 -0.2470722 -0.0683719 0.0295236 -0.2825987 -0.3514999 0.0702779 -0.3474032 0.0190495 -0.3622447 0.1782958 -0.4069115 -0.2346515 -0.2096202 -0.3935454 -0.3130563 -0.0947956 -0.3345063 -0.1770323 -0.2036824 -0.4678653 -0.4927566 -0.2373256 -0.0548818 -0.2859894 -0.2433876 -0.2408663 -0.5224134 -0.2114199 -0.0118414 -0.4239143 -0.2757622 -0.3794416 -0.5585999 -0.2414187 -0.4150928 0.0482645 -0.2080718 -0.1434946 0.0399873 -0.1774852 -0.5283124 -0.1794773 -0.3579300 -0.5004321 -0.2617720 -0.2204159 0.0182760 -0.2123970 -0.1155906 -0.4087330 -0.5296689 -0.0916274 -0.2455875 -0.6028088 -0.0847082 0.0435641 -0.3618631 -0.2601781 -0.0305146 -0.1375382 -0.4070208 -0.2202084 -0.4931678 -0.4253146 -0.2178923 -0.0967382 -0.3322451 -0.3164349 0.5567024 0.3586979 0.0703763 0.3229502 0.4153430 0.3381771 0.3286081 0.4427918 0.1823680 0.4875800 0.1868665 0.3194288 0.1239881 0.1297726 0.1868991 0.1027665 0.3443727 0.3070956 -0.0267880 0.2027003 0.3530562 0.0898490 0.0591617 0.0567651 0.3057646 0.3265404 0.3194330 -0.2479953 0.1313725 0.2490640 -0.0237622 0.1522617 0.5033752 0.4712781 0.1027926 0.3708707 0.0826351 0.3945437 0.0286332 0.2646544 0.4517603 0.3450297 -0.1059486 0.2876299 0.3065588 0.3003146
0.2111781 0.4963689 -0.2713727 0.3894428 -0.4707254 0.5454903 0.2990396 0.1769452 0.2691081 0.4165951 0.7640315 0.2279076 -0.1671441 0.2607274 0.3365390 0.0000000 0.4470007 -0.1427363 0.5622300 -0.2166517 0.4078500 0.2762319 0.7763425 0.0474839 0.4752207 0.7190576 0.2342008 -0.2649954 0.3402913 -0.1467405 0.0925477 0.3921609 -0.2444128 0.3891667 0.6863451 0.3602818 0.5762400 0.2275841 0.1467001 0.0195716 -0.1559060 0.2745550 0.4143960 -0.3190280 0.5448122 0.2576713 0.2065944 -0.0748827 -0.1224244 0.1596440 0.6283929 0.2872230 0.1842724 0.0311034 0.1727025 0.3299241 0.2494284 0.2607413 0.5683106 0.7074437 0.5023173 0.4891177 0.3838202 0.2374188 0.2886807 -0.3083821 0.3844161 0.6764620 0.8004446 0.6386201 0.3229654 0.4010619 0.6268502 0.4921241 0.6526034 0.8543805 0.7467677 0.7465894 0.7661742 0.2715927 0.6038534 0.0632815 0.4552244 0.0271608 0.1395746 0.1851916 0.4014974 0.3527769 -0.0149477 0.4104491 -0.1122323 0.3340691 0.1485527 0.0184793 0.2591695 0.0497896 -0.0188174 0.2740896 0.4295238 0.2043676 0.5739188 0.3277221 0.4148243 0.3894702 0.1620744 0.5646923 0.2785602 0.2967658 0.1167662 0.4534149 0.2141179 0.6236388 -0.0154264 0.3963849 0.0328300 -0.0610263 -0.1705363 -0.0275874 0.0215428 0.3275758 0.0496087 -0.2196207 0.3444990 0.2782004 -0.1196836 0.2542868 -0.0344281 0.3668805 0.1771104 0.5232052 0.2400156 0.2721161 0.2942425 0.4078888 -0.1571969 0.5127963 0.0370183 0.2859680 0.1101129 0.5409793 0.4983479 0.3944463 0.6440404 0.1534502 -0.0258321 0.5739739 0.3472288 0.2568303 0.2620826 0.3960553 0.5107579 0.3440336 0.4781450 0.2962867 0.1520156 0.2947002 0.4201820 0.0666685 0.5708958 0.5336793 0.2795536 0.4151448 0.4578634 0.4519554 0.3187850 0.3148619 0.2353318 0.2790852 0.6416413 0.6460650 0.3809635 0.5019823 0.2346599 0.2175057 0.4075878 0.4578686 0.2824659 -0.1789523 0.4191488 0.4002757 0.0924278 0.3464775 0.2925082 0.6196229 0.4572437 0.1203401 0.1597688 0.3454962 0.6801974 0.7331013 0.3364249 0.4424530 0.3635596 0.2238696 0.3373870 0.1748772 0.5418708 -0.1826856 0.2397650 0.3005025 -0.1640696 -0.2440563 -0.0481635 0.0850916 -0.2700743 0.3325834 0.4946409 -0.4366726 -0.0655508 -0.1247137 -0.0178950 0.2656729 -0.2727411 0.1755411 0.1711477 -0.3519498 0.2715794 0.2317801
0.0784653 0.1487517 -0.0603044 0.2137798 -0.1098720 0.3287237 0.4596866 0.0143757 0.3094332 0.8026043 0.5644882 0.4232249 -0.1345828 0.8345901 0.3805460 0.4470007 0.0000000 0.4071159 0.0349627 -0.1681572 0.4669231 -0.1305243 0.4427778 0.3772872 -0.1033001 0.0760171 0.7554941 0.1273517 0.4190109 0.2859082 0.1053588 -0.1572033 0.3057354 0.4870461 0.3233653 0.3013218 0.0424454 -0.0912848 0.5249454 0.5263631 -0.1237305 0.1895621 0.6462128 0.2836994 0.5544886 0.1207731 -0.0972597 -0.1160913 0.4468822 -0.0855909 0.2481511 0.5354215 0.4879897 0.5740443 0.0469202 0.2572585 0.1827592 0.6615902 0.3936735 0.3253983 0.4933514 0.5591409 0.1913052 0.5756208 0.2489091 0.0678929 0.3605685 0.6803315 0.4844839 0.6565038 0.3103876 0.5561071 0.5116193 0.3669414 0.2758766 0.6293020 0.5417433 0.4126645 0.5128945 0.2720883 0.3457872 -0.0966270 -0.0506762 -0.4091136 -0.3588406 -0.2248457 0.1769137 -0.0416380 -0.1380767 0.0299071 -0.1122248 -0.4218626 -0.4676050 -0.1177152 0.2000336 -0.3249391 -0.4198801 -0.3598074 0.1527544 0.2203916 0.1415340 -0.2076019 -0.0971042 0.0682470 -0.4215386 -0.0106482 -0.3261607 -0.3225197 -0.3171176 -0.2274128 -0.1784369 0.0407460 -0.4788807 -0.3455823 -0.4988546 -0.4965050 -0.4675452 -0.3961376 -0.4431147 -0.2518963 -0.3696929 -0.4511976 -0.1737665 -0.3701218 -0.4051165 -0.2339614 -0.4637519 -0.1493456 -0.2671673 -0.2726290 -0.3475322 -0.4096385 -0.3860922 -0.0108514 -0.4453643 -0.1335755 -0.4496925 -0.1632529 -0.2087451 0.1594387 -0.2067259 -0.0895049 -0.2153839 -0.0911435 -0.3004618 -0.1645419 -0.1095951 -0.2600171 -0.4239674 -0.2007730 0.0666317 0.1287826 -0.0106178 -0.3505841 -0.2738349 -0.1606011 -0.2112884 -0.4151768 -0.0725452 0.0312112 -0.2585397 -0.1598692 -0.1294996 -0.0096358 -0.2277599 -0.3118705 -0.4739238 -0.2952744 0.0990752 0.1248217 -0.2855013 -0.1034629 0.1130830 0.1877790 0.1309482 0.3567840 0.3777569 0.3876112 0.4099297 0.4849329 0.4028523 0.3450326 0.0555456 0.2468136 0.2329199 0.2033222 0.2483527 0.1374276 0.5344902 0.5829349 -0.1633976 0.4465617 0.4492672 -0.1584044 -0.1260058 -0.0327758 0.2381523 0.1123788 0.4210452 -0.1422351 0.2151785 0.1794964 0.0429929 0.1626757 -0.1872962 0.2157927 0.0629530 -0.3101840 0.2257380 0.2462855 -0.0232129 0.3131959 0.0015514 -0.0257750 0.1227681 -0.1841523 0.2746344 0.1056636
