0.0000000 0.4828435 0.5633655 0.0115325 0.2524831 -0.0777567 0.2867357 0.1045959 0.2272840 -0.0345741 -0.2366667 0.4339418 0.3077891 0.5006943 0.2675998 -0.3086920 -0.2212476 0.2823490 -0.4355191 0.1030494 0.3275843 -0.0913365 -0.2292888 0.6841456 -0.2321770 -0.0940069 -0.4562189 0.5081760 0.2965347 0.1463721 -0.0263428 0.1452094 0.6124964 0.5697134 -0.0958343 0.2019503 -0.1160320 0.1404378 0.0755845 0.5014650 0.5431778 0.5156569 -0.2766441 0.7097540 0.5028637 0.3419626 -0.2896398 0.4463417 0.6082718 -0.1556429 -0.2464295 -0.1136512 0.3604984 0.4250701 0.4075574 0.3222538 -0.0025221 -0.0774252 -0.1616967 -0.2232260 0.1797507 -0.1965201 0.3601154 -0.2977453 0.0121364 0.2455367 -0.0371435 -0.0310712 0.1916948 -0.3057659 0.2114889 0.0657329 0.1591438 0.2100207 0.1127602 -0.1566064 0.1988727 0.3005271 0.1999914 0.4799794 0.3046129 0.0538147 0.2121593 0.1564842 0.2251811 0.1796453 -0.3499869 0.0742690 0.3731673 -0.0891894 0.0103076 0.1441233 -0.1499369 0.2139861 -0.1041424 -0.0710294 0.2762370 -0.1057992 0.0374129 0.2151058 -0.1597368 0.0557585 -0.2836330 0.2853355 0.0789531 0.1217741 -0.3434219 -0.2728144 0.2586952 -0.2818462 -0.1057589 -0.0985631 -0.1091253 -0.0136458 0.0808793 0.0099785 -0.0250412 0.2331857 -0.0643065 0.1463444 -0.1720972 -0.1508584 -0.1838577 -0.5777808 0.0321924 0.1463492 -0.1271343 -0.3481631 0.0538075 -0.2933887 -0.4923609 -0.3842355 -0.1895752 -0.2751788 -0.0970817 -0.4517459 -0.2852600 0.1616876 -0.1128927 -0.1378248 -0.0352516 0.0123085 0.0933171 -0.4272916 -0.1475588 -0.4897657 0.1080078 0.0981621 0.1030987 -0.1462465 -0.1958344 -0.3814980 0.1108857 -0.3380146 0.1953960 -0.2026791 -0.0633993 -0.0775097 0.1564085 -0.0740164 -0.0284183 0.0200989 -0.3618093 -0.0902087 0.1492884 -0.3688951 -0.1818488 0.2062069 0.2096750 0.3126381 0.0307891 0.1615152 0.1365247 0.2315468 0.2532646 0.4822645 0.3991788 -0.1079953 0.3212157 0.1812566 -0.2538214 -0.0209043 0.0059212 0.0008048 0.0529561 0.1953523 0.4213673 0.3639673 0.4329857 0.2052015 -0.1335158 0.3203778 0.5818678 -0.3203380 0.0675795 -0.1440425 0.0321486 0.3365239 0.3050898 0.1063914 -0.0518428 -0.3367411 -0.1855757 0.0808118 0.5203130 0.6246981 0.1895861 0.3433633 -0.0726644 -0.0992062 -0.1518335 0.1121960 0.4610517 0.2698751 0.2677526 0.1293273 -0.2723133 0.0376853
0.4828435 0.0000000 0.8281778 0.4441808 0.3208734 0.3410100 0.3921012 0.6078423 0.4206299 0.4968911 0.4585879 0.4361276 0.5368580 0.4235858 0.0820558 0.1648092 0.1116446 -0.1331820 0.0369607 0.6864118 0.2393926 0.6549882 0.1084702 0.3672729 0.3179469 0.3173179 -0.5620119 -0.0039882 0.1525904 -0.2731922 0.5750972 0.4310717 0.2659539 0.2521989 0.4854991 0.3338040 0.3898476 0.4681796 0.0747632 -0.0686699 0.4636428 0.6822178 0.2522492 0.4821374 0.4372465 0.1815517 0.1068406 0.5605757 0.5083556 0.1764810 0.2756464 -0.2822714 0.4538926 0.3886420 0.3734187 0.1613005 0.1892421 0.1492693 0.3683263 0.0225153 0.6958911 0.1254037 0.3421111 0.2240895 0.3836277 0.3448572 0.2226112 0.2517912 0.1113259 0.0406821 0.2123275 0.4532084 0.2556378 0.6693816 0.1752403 0.0709667 0.3348153 0.2964033 0.1328402 0.3304805 0.1858670 -0.1919754 -0.1863400 -0.2101057 0.4065037 -0.2206041 0.1012693 -0.2947864 0.0933207 -0.3186950 -0.0429246 0.1970144 0.0029623 -0.1062990 0.0689786 0.1045113 0.4606744 -0.0367992 -0.3045994 -0.1115742 -0.0288739 -0.1976749 -0.0299744 0.1906436 0.1810724 0.3120337 -0.1348344 -0.0506662 0.2592894 -0.4067637 -0.0615794 0.1728676 0.0407905 -0.0656222 0.1296045 0.0030374 -0.0617885 0.1095075 0.0083273 0.3100255 0.1602274 -0.0236517 0.4278287 -0.2324766 0.5421638 0.0472510 0.0465608 0.0583516 -0.1835523 0.1620935 0.2086162 0.0530978 0.0954174 -0.1212321 0.1753288 0.0596177 0.1904183 0.0008758 0.1847739 -0.1761840 0.2465570 -0.1311172 0.0815617 -0.5028942 -0.1612350 -0.2061782 0.1856833 0.2137753 0.1840284 -0.0609706 -0.2491336 -0.2985045 0.1681771 -0.1421798 0.1596154 -0.0831140 -0.1028260 0.0389293 0.1148127 -0.1580386 0.1437488 -0.0239397 -0.2503226 -0.0379588 0.1500085 -0.1597011 -0.1562988 -0.2679662 -0.1242542 0.1645108 -0.1236943 -0.2932703 -0.0829734 0.2385919 -0.0037893 0.5072882 0.2943506 0.0171661 0.2208361 0.1945408 -0.2024011 -0.0498581 0.1925177 0.0215557 0.4270368 0.3163844 0.6081570 0.5146966 0.4790422 0.2847151 0.2596822 0.2377969 0.3480581 -0.2285918 -0.1591550 -0.4743970 0.1682448 0.0848989 0.1184246 0.1216636 -0.1408625 -0.1584411 0.0602291 0.2306876 0.5256763 0.6480936 0.0714831 0.5369135 0.2648931 0.0616392 -0.0633085 0.1745007 0.4154939 0.3156814 0.1447982 0.6137396 -0.1334063 -0.0947991
0.5633655 0.8281778 0.0000000 0.1868478 0.6159797 -0.0062154 0.0843795 0.4668586 0.4332967 0.1928168 0.3500343 0.2664632 0.6777565 0.5742921 0.2364733 0.3534988 0.2107059 0.1846271 0.2131927 0.7452762 0.0609769 0.6375752 0.2063076 0.4398046 0.4059448 0.3908986 -0.6244782 0.2352117 0.1027667 -0.0591530 0.7317943 0.5883048 0.4564516 0.3724634 0.4634807 0.1391394 0.4388157 0.5705673 -0.1148220 0.1391844 0.6920043 0.4907064 0.0792033 0.6859784 0.2949902 0.4026199 0.1819482 0.7362593 0.5768638 0.2224316 0.2781355 -0.2489326 0.3126839 0.5928559 0.6139591 0.4538541 0.4203687 0.2479771 0.3150761 0.1912621 0.4316351 0.2470385 0.5702200 0.1502214 0.4355636 0.6364604 0.4014466 0.3708774 0.3713007 0.0775989 0.5869481 0.1362559 0.5505081 0.6168219 0.4741706 0.2659083 0.0777630 0.6164962 0.4020485 0.2808683 0.5145482 -0.3946238 -0.1848322 0.0670281 0.6871206 -0.3079333 -0.2936313 -0.2320647 0.0992667 -0.2258116 -0.0380607 -0.0450126 -0.0144106 -0.0691280 -0.0502405 -0.0155570 0.3860703 0.1480199 -0.1275420 -0.0538599 -0.0888704 -0.1630700 -0.1719386 0.2961486 0.1800984 0.2774842 -0.3032111 -0.1930140 0.0690647 -0.3814198 -0.1062597 -0.0959885 -0.0483491 -0.1320688 -0.0807851 -0.0559675 -0.0740711 0.0426051 -0.1213098 0.0471958 0.0915596 -0.0774509 0.3364042 -0.4632965 0.3791970 -0.1019728 -0.0736079 0.0004393 -0.3020984 -0.0572611 -0.0115857 -0.0373755 -0.0232432 -0.3798714 0.2540461 -0.1281641 0.0548226 -0.0630456 0.2367405 -0.4209283 0.1479754 -0.2516995 0.2642872 -0.6105687 -0.0966310 -0.4438843 0.1610609 0.0941289 0.3490077 -0.2324502 -0.3669713 -0.5026193 0.0548083 -0.2889105 -0.0197064 -0.2657026 0.0384640 -0.1680910 0.3099895 -0.2313470 0.0175488 -0.2081330 -0.4665656 -0.0455868 0.0749490 -0.3742262 -0.2709151 0.0432211 0.0843152 0.0346238 -0.0560813 -0.0484586 -0.1527722 0.1127035 0.0086303 0.3532186 0.1404920 -0.2433893 -0.0003808 -0.0388543 -0.4291941 -0.1238646 0.1849096 -0.0545122 0.4484734 0.5232622 0.7533491 0.6598583 0.3259384 0.0005088 -0.0655756 0.0509102 0.2645992 -0.4777117 -0.3357239 -0.6463003 -0.0765662 0.0635449 0.2973636 -0.1063109 0.1364512 -0.2462229 -0.2580026 -0.0420573 0.6287635 0.7472547 -0.1202233 0.5934137 0.4806907 0.1296919 -0.4106151 -0.1152428 0.6019736 0.0760708 0.0259447 0.7633905 0.0394297 0.0564820
0.0115325 0.4441808 0.1868478 0.0000000 -0.4959286 0.8608692 0.2180698 0.5434303 0.5506236 0.3660723 0.4732207 0.7966242 -0.1691140 0.2796215 0.0051764 -0.0212229 0.0968030 -0.3280894 -0.0057591 0.4138197 0.7853407 0.5128879 0.0471741 0.2406417 0.1670521 0.2741006 -0.1960215 0.1108525 0.7025251 0.0491058 0.1681081 0.0009383 0.2951698 0.4466766 0.5199699 0.7312217 0.4023375 -0.1720067 -0.1889631 -0.3755276 -0.1932290 0.4344816 0.3236123 0.2112390 0.5249396 -0.4646154 0.1001184 -0.1699783 0.5592301 -0.4105347 0.3808187 -0.3342036 0.7830560 0.0714616 -0.4465304 -0.5714624 -0.1254009 0.0776648 -0.2710552 0.1084250 0.6111539 -0.0088560 -0.4625243 0.4809106 0.2021819 -0.1616776 0.0191087 -0.1332303 -0.5922092 0.0215022 -0.2006509 0.8040613 -0.1881796 0.2130121 -0.4517051 -0.1382178 0.6909918 -0.2743843 -0.2656383 -0.0212620 -0.3504283 0.0256144 -0.2012199 -0.1198282 -0.0232367 0.0581356 0.1887209 -0.0759349 -0.1195511 -0.3277103 -0.2265703 0.3995386 -0.0573197 -0.3009408 0.3099541 0.5173976 0.0192393 0.0590550 -0.3305469 -0.5270936 -0.4096929 -0.5135112 -0.1852858 -0.5742023 -0.1109615 0.3247410 -0.4063706 0.0352286 -0.2972194 -0.4793379 -0.3383009 -0.1078667 0.1703925 0.1407281 0.1973117 0.0468214 0.0844239 -0.0798431 0.2455598 0.5166657 0.1954468 0.1477857 0.3523327 0.2060776 0.3287974 0.5594749 0.4568990 0.3636275 -0.0701051 0.5067293 0.3326992 -0.1248017 0.4026714 0.6497491 -0.0146727 0.1431716 0.5938061 0.0401460 0.1298773 0.5047835 -0.0376637 0.1719913 -0.6916026 0.0429911 0.0427506 -0.1612980 0.1366751 0.0908819 -0.1056331 0.0457957 -0.0581912 -0.1189221 0.1788302 -0.2577735 0.2562414 -0.3077284 -0.5585551 0.0784307 -0.5649576 -0.3235958 0.1146221 -0.0913494 -0.1702021 -0.3826950 0.1278466 -0.0863538 -0.1924491 -0.4446926 -0.2631974 0.0526895 -0.1879668 -0.1380852 -0.3384380 -0.2447772 0.2755738 0.7438347 0.6555669 0.4255434 0.7024468 0.4340480 0.2360330 0.0473537 -0.4526341 -0.3756069 -0.4236460 -0.3540501 -0.2407812 -0.2691370 0.1164482 0.7925390 0.7423809 0.6893984 0.4635724 -0.0017409 0.3329557 0.1724395 0.7697858 0.5307518 -0.3424386 0.7649740 0.2054120 0.2018072 0.3270501 0.4386351 0.2402320 0.0633874 0.6211259 0.6768035 0.2083297 0.1541823 0.5355498 0.7268376 -0.1546249 0.7595939 0.5912773 0.2259462 -0.4427959 -0.4630572
0.2524831 0.3208734 0.6159797 -0.4959286 0.0000000 -0.6750269 -0.2177525 0.1225207 -0.2583735 -0.3150685 0.1241184 -0.4696887 0.7479797 0.0237423 -0.1265708 0.5259729 0.2133400 0.1756567 0.4447401 0.4729665 -0.5286246 0.2748896 0.2104388 -0.0470537 0.3872525 0.2303115 -0.3246733 -0.0845320 -0.3648908 -0.2363812 0.6208142 0.6313914 0.0689743 -0.0861751 0.1622592 -0.2557656 0.2872972 0.7018016 -0.1640918 0.2025785 0.6588526 -0.0024858 0.0201426 0.2949892 -0.2439697 0.6967403 0.3280144 0.7268061 -0.0403493 0.5537993 0.0911642 0.0657973 -0.2835837 0.4134187 0.7894971 0.7965510 0.6017069 0.2516158 0.4881970 0.2142907 -0.1003852 0.3475723 0.8275059 -0.1312433 0.2375516 0.7131043 0.3967951 0.4084621 0.7888913 0.0872558 0.6104035 -0.4903531 0.6141080 0.2709222 0.7923557 0.4310855 -0.4871785 0.7058357 0.5498783 0.1258585 0.6534819 -0.5105852 -0.2206546 0.0447485 0.5425259 -0.5357360 -0.4547237 -0.2831134 -0.0295347 0.0345043 0.0495335 -0.4166026 -0.0978770 -0.0097525 -0.3695929 -0.2589917 0.3348202 -0.0277245 0.0319583 0.2797763 0.2098373 0.0460910 0.0269997 0.6163009 0.3181193 -0.0695297 0.0313639 -0.2964742 0.3560830 0.0454611 0.2862424 0.0226399 -0.2836662 -0.3365287 -0.3578952 -0.2524981 -0.3551071 -0.0519408 -0.4739268 -0.5360433 -0.2009864 -0.3624239 0.2494674 -0.5622664 0.0286237 -0.6752204 -0.6136584 -0.0713047 -0.4082302 -0.2827752 -0.1544504 0.3343108 -0.2792516 -0.7296519 0.4225044 0.0639169 -0.3376788 -0.2547637 -0.0910805 -0.6556452 0.3768970 -0.2646117 0.7782794 -0.5146872 -0.1389598 0.0333247 0.0122119 0.0214350 0.5719956 -0.0199397 -0.0658158 -0.1968017 0.0071352 0.1545763 -0.2086879 0.1338348 0.4729865 0.0349060 0.6989816 0.1643103 0.0858635 0.0846202 -0.1149183 0.3104761 0.0610775 -0.0371139 0.1251584 0.4136632 0.1837804 0.0383881 0.2713457 0.0175154 -0.1895298 0.0799149 -0.1395615 -0.3578506 -0.5264721 -0.6339747 -0.6091206 -0.2862656 -0.3908091 0.1576658 0.5987691 0.3585526 0.6654464 0.7060124 0.7455631 0.7015130 0.0363104 -0.6861172 -0.6223805 -0.5668215 -0.2618010 -0.4736119 -0.7067626 -0.7973965 -0.6902095 -0.4431984 0.2418464 -0.7252151 0.0331434 -0.1131064 -0.3253391 -0.4414774 0.2690944 0.4053267 -0.6548812 0.0429885 0.5499014 0.1734108 -0.6550771 -0.6521018 0.4990282 -0.5384864 -0.4039717 0.5693109 0.4788986 0.3243008
-0.0777567 0.3410100 -0.0062154 0.8608692 -0.6750269 0.0000000 0.4579879 0.3888796 0.5569610 0.6196353 0.3498898 0.7108516 -0.3925724 0.2388260 0.1068560 -0.2432273 -0.0229907 -0.3869314 -0.1971506 0.1110421 0.6812069 0.3009637 -0.0565021 0.2579558 -0.0941113 0.0416797 -0.1201731 0.0543566 0.5528704 -0.0291517 -0.0193663 -0.3687767 0.1303554 0.3208238 0.3023093 0.5574120 0.0485965 -0.4400590 -0.0235071 -0.4540225 -0.4673455 0.4782563 0.2646087 0.0748609 0.5681103 -0.6116462 -0.2305030 -0.3942994 0.4433984 -0.5593745 0.2037095 -0.2648545 0.6485253 -0.0520397 -0.6427825 -0.7656840 -0.4836204 -0.0122374 -0.2289847 -0.1131907 0.5857858 -0.1155692 -0.6598294 0.3860145 0.1230897 -0.4591743 -0.1815520 -0.1613280 -0.7800531 -0.0577183 -0.4434302 0.7917339 -0.3979072 0.2051781 -0.6884077 -0.3757334 0.6366029 -0.5182235 -0.4875229 -0.1537301 -0.5628950 0.1704160 -0.1451218 -0.3405646 -0.2626058 0.1081670 0.3893918 -0.0779162 0.0368972 -0.4116035 -0.1614872 0.4685808 0.1415812 -0.2740293 0.4440730 0.4570599 -0.0021906 0.1659219 -0.3336371 -0.4601327 -0.4212055 -0.2489999 -0.0666793 -0.6325859 -0.1309186 0.3717561 -0.2022507 0.3041936 -0.2525364 -0.3007949 -0.2563657 0.0006057 0.3693158 0.3670814 0.4581147 0.3379292 0.3782843 0.2143900 0.5384070 0.6924375 0.3550671 0.4418169 0.1392251 0.3559394 0.3813530 0.5754997 0.6033136 0.1181754 0.1196481 0.2984979 0.2500987 -0.2192995 0.2100466 0.5391899 -0.2677543 0.0575869 0.3761022 0.1053456 0.1697604 0.4569679 -0.1932688 0.0672264 -0.6904625 0.1694215 -0.0322027 -0.1289737 0.0714434 0.0584750 -0.2897199 -0.1239092 -0.1699461 0.0004240 0.0208994 -0.1522024 0.1643829 -0.1913926 -0.4780996 -0.0187285 -0.6554598 -0.2988149 -0.0591061 -0.1457055 -0.0327016 -0.3040047 -0.0513613 -0.0096420 -0.1517070 -0.4408271 -0.2604319 -0.0187887 -0.3339520 -0.1902482 0.0224289 0.0614581 0.1326400 0.6351804 0.6100412 0.5965061 0.6878585 0.4233803 0.2685180 -0.0522316 -0.3840990 -0.3096361 -0.4537558 -0.4582772 -0.3695655 -0.3734457 0.1633577 0.8272008 0.8101433 0.6101344 0.3419070 0.2764403 0.4402206 0.3640916 0.7510765 0.3962534 -0.2852950 0.7334061 -0.0760853 0.0566741 0.2664972 0.3344739 -0.0583669 -0.1386451 0.5947254 0.3248776 -0.1806453 -0.1233423 0.4965008 0.6824858 -0.3767627 0.6013325 0.3276305 -0.1219030 -0.4482180 -0.4635851
0.2867357 0.3921012 0.0843795 0.2180698 -0.2177525 0.4579879 0.0000000 -0.0842385 0.2608909 0.4921196 -0.0826811 0.3914960 -0.2046783 0.3056996 0.1949000 -0.3656703 -0.2582879 -0.1778244 -0.5026274 -0.1998197 0.2445045 -0.1462397 -0.1543335 0.5708566 -0.3564321 -0.2181609 -0.2114980 0.2998069 0.2368961 -0.0235521 -0.1816197 -0.2028828 0.2825100 0.3616447 -0.0989306 0.0775035 -0.2916816 -0.0825150 0.3588609 0.0932902 -0.0158792 0.4142513 0.0172853 0.2949700 0.5552360 -0.0252721 -0.2665070 0.0718714 0.3695668 -0.2603234 -0.1210342 0.2167092 0.2729305 0.2084600 -0.0471215 -0.1348816 -0.2148369 -0.0778567 -0.1072227 -0.1424236 0.2519362 -0.0449460 -0.1173378 -0.0881827 -0.2456516 -0.1369248 -0.0272736 -0.0313859 -0.1804412 -0.2623056 -0.3916021 0.1421668 -0.2532851 0.0544880 -0.3703815 -0.3524640 0.1801842 -0.4238094 -0.3913884 -0.0289996 -0.4206446 0.3350412 0.0106322 -0.3274474 -0.2508071 -0.0169548 0.1543613 0.1801155 0.3656335 -0.1393500 -0.0148393 0.1790539 0.1704381 0.1994923 0.0280171 -0.0637259 0.2720123 -0.0741031 0.0334228 0.2209781 0.0151755 0.1157708 -0.0591963 0.0956069 0.0228890 0.3289636 0.2063936 0.2651652 0.1180581 0.0645667 0.1623147 0.1329760 0.4161528 0.3300674 0.3401522 0.3658400 0.2624486 0.3178467 0.3051178 0.4207944 0.2883369 0.2274461 -0.1896739 0.2506928 0.4230101 0.1847587 0.1514950 -0.3495241 0.1764061 0.0263378 0.1412233 -0.2592412 0.0074791 0.0931190 -0.4259168 -0.0549601 -0.0215551 0.3195993 0.1121704 0.0720191 -0.0765259 0.1102412 -0.1011734 -0.0904041 -0.0611883 -0.0099766 0.2695142 0.3390267 -0.3279009 -0.0495779 -0.1600432 0.0593345 0.3551115 -0.0773036 0.3458405 0.1108312 -0.0204617 0.2271665 -0.0729426 -0.1135612 0.1806434 0.1590439 0.1318498 0.0126722 0.2742042 0.0969776 0.0643966 -0.1306779 -0.0294622 0.1730208 0.0477867 0.0515042 0.3981987 0.4926666 0.2698504 0.4792816 0.3779243 0.3386288 0.3088381 0.1927537 0.0960472 -0.1923413 -0.0922880 -0.0434518 -0.0902801 -0.1813854 0.0442162 0.0543884 0.2804560 0.3284668 0.2197155 0.1762473 0.1405337 0.0155063 0.1135578 0.0654742 0.1614339 -0.1403856 -0.0656898 0.1843056 -0.3272279 0.1712356 0.0981690 0.1574496 0.1089262 0.2073513 0.2779766 -0.1169861 -0.3320194 -0.0142282 0.1688876 0.2086639 -0.0687031 0.1814688 0.0272329 -0.2560312 -0.0854778 0.0416378
0.1045959 0.6078423 0.4668586 0.5434303 0.1225207 0.3888796 -0.0842385 0.0000000 0.3100059 0.3307171 0.7060110 0.2942404 0.4977000 0.0122975 -0.1877311 0.2819540 0.2397751 -0.3791715 0.2620836 0.6034919 0.3260403 0.6415215 0.2339451 -0.1971124 0.4449114 0.3784911 -0.3022648 -0.3467655 0.2080166 -0.4315756 0.4136929 0.1981526 -0.0589681 0.0088123 0.5705767 0.5808857 0.4611856 0.0219465 -0.2010693 -0.3940190 -0.0842227 0.5929835 0.3437498 0.1907311 0.2693899 -0.3312417 0.1762310 -0.0362419 0.3082385 -0.0073159 0.3847614 -0.3459884 0.4374065 0.2306764 -0.1679687 -0.2943865 -0.0435907 0.2523837 0.3781519 0.0404422 0.6732733 0.1156856 -0.1188421 0.4939952 0.6586167 -0.0446858 0.0485480 0.1630377 -0.2788376 0.2000757 0.1142775 0.6437072 0.1272762 0.6344069 -0.0014173 0.1730527 0.4047845 0.2227126 0.1681667 0.3237659 0.1407694 -0.1517427 -0.1925508 -0.2227181 0.1744837 -0.3038839 0.1430605 -0.5896362 -0.2870869 -0.5150186 -0.1248974 0.1396567 -0.1904260 -0.1887087 0.1089627 0.2361164 0.1043263 -0.0703675 -0.5633699 -0.2574297 -0.1685734 -0.4243297 0.0188881 0.0145637 -0.0374055 0.0366743 -0.3190258 -0.2659240 0.1586787 -0.6388462 -0.2750728 0.2585474 -0.3232854 -0.3408311 -0.0368920 -0.3107785 -0.3718342 -0.2445258 -0.2690921 0.1755689 -0.2650532 -0.2598168 0.7309469 -0.3136643 0.1403635 -0.0557882 -0.1100614 0.3903492 -0.2369756 0.2517765 0.1214385 0.3221430 0.2972807 0.0761215 0.4039908 0.2312765 0.2876389 -0.2661371 -0.1612459 0.0593038 0.4174339 -0.0805394 -0.2200659 -0.2373065 -0.2815800 0.0068001 -0.2322569 0.0514385 0.1169428 0.1231908 0.0336984 -0.1485936 -0.1859317 0.0060514 0.1851149 -0.0538469 -0.3008839 0.0469815 -0.2261618 -0.0271532 0.2371581 -0.0678949 -0.1791277 -0.0636393 0.0907331 -0.0475867 -0.2663464 -0.4848214 -0.4651829 -0.0253830 -0.1727328 -0.4911188 -0.2197175 0.0661716 0.0960503 0.3648562 0.2016144 0.1860278 0.3024760 0.3187293 0.1565667 0.3817453 0.2664327 0.2318695 0.2091121 0.2251011 0.1102972 -0.0143560 0.1862775 0.3052330 0.4382277 0.3020255 0.4446111 0.1076852 -0.1039433 -0.2760735 0.2288689 0.3674293 -0.1256409 0.1281196 -0.1154594 -0.0083525 0.1802604 0.1906768 0.0362580 0.0443857 0.0057566 0.4352175 0.3092057 -0.0195109 -0.0077512 0.2245691 -0.1589593 0.2273200 0.2047860 0.4619485 -0.3112099 -0.3367582
0.2272840 0.4206299 0.4332967 0.5506236 -0.2583735 0.5569610 0.2608909 0.3100059 0.0000000 0.6168294 0.4491275 0.4934717 0.0259344 0.7556098 0.5715982 0.1828696 0.4724564 0.3321316 0.0557414 0.3022977 0.2861518 0.3777375 0.4690857 0.4991715 0.3213797 0.5107274 -0.0686784 0.4286103 0.2972585 0.3532407 0.2641067 0.1037925 0.3552298 0.4148748 0.5638172 0.1744506 0.3492115 -0.1247413 0.2328149 0.1436944 -0.0707547 0.2941639 0.2884811 0.4655292 0.2640737 -0.4059446 0.0284417 -0.0127601 0.5965708 -0.1757164 0.4992446 -0.1541132 0.3538519 0.5245361 -0.1658534 -0.3318894 0.0178932 0.4383846 0.0768578 0.3174258 0.4606537 0.3070367 -0.2571785 0.5958923 0.3968607 0.1453751 0.3655062 0.3717713 -0.3583182 0.3343430 0.2552329 0.4251722 0.3047905 0.5140246 -0.0028948 0.1667228 0.3690459 0.1740837 0.1700560 0.1063186 0.1543719 0.1357567 -0.1878942 0.0084924 0.1719547 0.0154719 -0.0361732 0.0305545 -0.0065857 -0.3149560 -0.2337396 -0.0272016 -0.0996098 -0.1568032 0.0553540 0.1355317 -0.0778865 0.1967870 -0.2960871 -0.2060679 -0.3988509 -0.4407139 -0.2376137 -0.3611690 -0.2512348 0.1089014 -0.4197805 0.0225954 -0.4916113 -0.5517003 -0.4977579 -0.0509052 0.1570456 0.1341366 0.0248386 0.1302264 0.3263762 0.0702689 0.3237792 0.3609215 0.4839391 0.4756134 0.3081386 0.1636922 0.3731727 0.1915476 0.5728637 0.1499979 -0.1205576 0.3020131 0.3182712 -0.1354228 0.4401629 0.1503547 -0.0562824 -0.2219230 0.4086757 -0.0256874 0.3695547 -0.1612760 -0.1848418 -0.3445315 -0.4346010 -0.3209077 -0.1324486 -0.4935933 0.1094341 0.0128278 -0.3832860 -0.4112488 -0.4394633 -0.4629199 -0.0946959 -0.4564369 0.1018803 -0.4326765 -0.2096294 -0.3044191 -0.3640625 -0.4207910 0.0283133 -0.4894764 -0.4151668 -0.2262466 0.0422642 -0.3865582 -0.3471750 -0.2421280 -0.0818042 -0.1952175 -0.1785274 -0.0520718 0.2822428 0.2753171 0.3624504 0.5117050 0.3483045 0.2150585 0.2862826 -0.0077310 -0.0588446 -0.3807633 -0.3673399 -0.4135095 -0.0548588 0.1568958 0.1331043 0.0501349 0.0910867 0.4009337 0.3205721 0.2975657 0.3164694 -0.0489648 -0.0211888 -0.0136959 0.3087018 0.4025740 0.0371386 0.2931346 0.0550706 -0.0496534 -0.2792192 0.0347759 0.1931809 0.4187775 0.1343799 0.3625360 -0.0231554 0.0144673 -0.2045681 0.1321490 -0.0934400 0.2879624 0.0792804 0.2707206 -0.1690353 -0.0017616
-0.0345741 0.4968911 0.1928168 0.3660723 -0.3150685 0.6196353 0.4921196 0.3307171 0.6168294 0.0000000 0.4647028 0.2166939 -0.0270386 0.2585287 0.3200990 0.0151354 0.1729580 -0.1382075 -0.0753520 0.1428324 0.0339732 0.3601562 0.2761489 0.1177797 0.1917205 0.2598911 -0.0384217 -0.1949679 -0.1420962 -0.1994172 0.1299004 -0.0686229 -0.2729681 -0.1612134 0.3441612 0.0457263 0.0999995 -0.1257461 0.4035865 -0.1762950 -0.2592416 0.3687687 0.4244606 -0.0972589 0.1424312 -0.4166869 -0.1356182 -0.1482768 0.0628246 0.0253761 0.3281429 -0.0752870 0.0928612 0.0533766 -0.2663082 -0.4405283 -0.2650712 0.2333310 0.3712857 0.0075948 0.5323555 0.1684981 -0.3502723 0.4678553 0.2846123 -0.1698567 0.1097143 0.3529360 -0.4637177 0.3305384 -0.0500450 0.5043560 0.0147325 0.4887577 -0.2238048 -0.0258034 0.2458830 -0.1011785 -0.0830830 0.0708159 -0.1582459 0.3382409 -0.0209922 -0.4096530 -0.1100136 0.0010187 0.4571778 -0.1682621 0.0710255 -0.2802319 -0.0857804 0.1720063 0.0738168 -0.0834313 0.1852058 -0.0531763 -0.0189294 -0.0048646 -0.4031118 -0.1566034 0.0212802 -0.0881430 0.2420646 -0.1749307 -0.1744914 0.0929633 0.1359636 0.2921521 -0.0666234 -0.2643353 -0.2171805 0.4330763 0.1936457 0.0827818 0.3414808 0.1984393 0.2441533 0.1991621 0.3682570 0.4670877 0.3829147 0.4536553 0.2999669 0.3220970 0.3830679 0.1797716 0.5377332 0.0650646 0.1455098 0.3107400 0.4348084 0.0826696 0.3250883 0.1043028 -0.0642329 0.1088896 0.3032416 -0.0099400 0.2293434 -0.0626512 0.0152179 -0.2566514 -0.2668168 -0.0851600 -0.2188216 -0.0327751 -0.0510747 0.0207684 -0.4025372 -0.1719588 -0.1871486 -0.0361549 -0.1066028 0.0170836 0.0585315 0.0561490 -0.0960145 -0.0990925 -0.3474404 -0.0961505 0.0840561 -0.2078838 -0.0008844 0.0224867 -0.0004745 -0.0254489 -0.0978832 -0.4629586 -0.1490583 -0.0722357 -0.2511379 -0.3774041 0.4989706 0.5355441 -0.1767402 0.2577008 0.2040445 0.4737667 0.2114973 0.1306947 0.0911119 -0.2917503 0.0330454 -0.0271310 0.2520962 -0.0318453 0.0280886 -0.0801676 0.1112176 0.3331168 0.4898846 0.1452820 0.1105317 0.4404880 0.1248607 0.0475129 0.2266601 0.0734194 -0.0493723 0.1704236 -0.4129541 -0.2479803 0.0523390 0.2208522 -0.0789266 0.1657615 0.0285980 -0.0232180 -0.3990634 -0.3906817 -0.0222092 0.1036392 -0.1781647 0.1605327 -0.1302336 0.0525055 -0.2466776 -0.0502553
-0.2366667 0.4585879 0.3500343 0.4732207 0.1241184 0.3498898 -0.0826811 0.7060110 0.4491275 0.4647028 0.0000000 -0.0157810 0.4318601 -0.0371053 -0.0229517 0.7242603 0.6201515 -0.1798086 0.6387792 0.7025831 -0.0085917 0.7761167 0.7063758 -0.2538183 0.7910221 0.7891151 -0.0222059 -0.4148994 0.0214154 -0.2742464 0.6026211 0.4720362 -0.2665376 -0.1747523 0.8979268 0.3285779 0.7990403 0.2150733 -0.0591618 -0.2229416 -0.1641032 0.2087991 0.8077913 -0.0245263 -0.0849602 -0.2309560 0.5618747 -0.0154935 0.0680717 0.2732211 0.8353092 0.0120924 0.1755396 0.3833631 -0.1257874 -0.2017085 0.2983416 0.7376311 0.5851777 0.5175604 0.6036619 0.6900352 -0.0760072 0.8937640 0.6488850 0.2050664 0.5349994 0.6236818 -0.1516356 0.6643409 0.3197802 0.4358835 0.4712807 0.5851476 0.2725896 0.5358617 0.2152475 0.3816105 0.3972298 0.1191840 0.2728528 -0.1010535 -0.4731179 -0.4698817 0.0821375 -0.4774726 -0.0428950 -0.6417739 -0.3956272 -0.4447647 -0.2127728 -0.1139974 -0.2371852 -0.3907389 -0.1553499 0.1761258 0.0112494 -0.1439660 -0.6881876 -0.3957445 -0.1786115 -0.7052743 0.0179613 -0.1790840 -0.0318857 -0.1636358 -0.2648262 -0.3186709 -0.1169486 -0.6626838 -0.2736268 0.3266327 -0.4203445 -0.5035286 -0.3765490 -0.4758975 -0.3518240 -0.3951032 -0.2486309 -0.1637273 0.0371330 -0.0406457 0.9077358 0.0312330 0.0647948 -0.3009215 0.0319874 0.5539177 -0.4641769 0.5697606 0.4581365 0.6588200 0.5161003 0.1306034 0.6257431 0.4290501 0.4164357 -0.5398204 -0.1973250 -0.1993530 0.3311453 -0.3025975 -0.0733196 -0.2758967 -0.3227817 0.2057270 -0.2268603 -0.0978414 0.0891572 0.1131601 0.1048248 -0.0734134 -0.0871355 0.1470648 -0.0020428 0.0631414 0.0101173 0.1261581 -0.1520873 0.1122914 0.3377640 -0.0523951 -0.0276768 0.2043724 0.1514521 0.0929233 0.0550760 -0.3708084 -0.2975867 -0.0598864 0.0270166 -0.5005580 -0.2180150 0.1237758 0.0814456 0.0245036 -0.1977278 -0.0470999 -0.0901141 0.0454425 0.1281620 0.1853322 0.2148541 0.0608350 0.3657534 0.3617775 0.1796387 0.0194716 -0.1472515 0.0467915 0.2078715 -0.0215281 0.0436567 0.0668420 -0.4106682 -0.3582221 -0.0194826 0.0977093 -0.3571651 -0.0861639 -0.0560519 0.1405465 0.1867580 0.0222870 -0.0919983 -0.0117916 -0.3579635 0.2588380 0.4003554 0.0259734 -0.1398592 -0.0927018 -0.2727301 -0.0409276 -0.1385969 0.5428719 0.0437978 0.0444093
0.4339418 0.4361276 0.2664632 0.7966242 -0.4696887 0.7108516 0.3914960 0.2942404 0.4934717 0.2166939 -0.0157810 0.0000000 -0.1649655 0.4982043 0.1670945 -0.3929805 -0.2115142 -0.0679839 -0.4186750 0.1631494 0.9090419 0.1809079 -0.2563335 0.6338155 -0.2085777 -0.0329868 -0.3945743 0.5084617 0.8137004 0.2155744 -0.1002142 -0.1425922 0.6431320 0.7266722 0.1442180 0.6337269 0.0226508 -0.1764899 -0.0211093 -0.0573606 0.0610329 0.6119124 -0.1181440 0.5322541 0.7529141 -0.2327451 -0.1797994 -0.0016541 0.7869434 -0.5322834 0.0256656 -0.2589162 0.8051734 0.1422634 -0.2469836 -0.3565533 -0.2460829 -0.2093835 -0.5275015 -0.0927100 0.4246620 -0.3041349 -0.3134340 0.0528767 -0.0870985 -0.1949397 -0.1424119 -0.3297848 -0.4843871 -0.2781637 -0.2255122 0.6221955 -0.2767389 0.0555865 -0.5160019 -0.3321791 0.6958276 -0.3114823 -0.3375729 0.1219071 -0.3436416 0.0741754 0.1081238 0.1572189 0.0909618 0.4109295 0.1264878 0.1923520 0.2048627 -0.2096876 -0.1243618 0.4742751 0.1045297 0.0001214 0.3322269 0.3557550 0.1050594 0.1685805 0.0115085 -0.2751505 -0.3309681 -0.1497011 -0.2033675 -0.3471854 -0.1525125 0.4454207 -0.3239602 0.1329710 -0.1948446 -0.2926423 -0.2714361 -0.2353298 0.3383374 0.3502804 0.3411928 0.2631527 0.2692265 0.1052782 0.3466130 0.6812287 0.1760585 0.1826611 -0.1094234 0.0095941 0.2894354 0.7529603 0.4855291 0.0027469 0.1394224 0.1872665 -0.0087745 -0.5436534 0.1422622 0.5344828 -0.3548119 -0.2184884 0.3494142 0.3361036 0.2423297 0.5385530 -0.2756723 0.3028249 -0.6616252 0.0465218 0.1041046 -0.4291296 0.2067420 0.1301322 -0.1950860 -0.0485761 -0.2026138 -0.2154790 0.1890792 -0.4870459 0.2893934 -0.4092374 -0.6506700 -0.0835297 -0.4638609 -0.4515857 -0.0980963 -0.0900249 -0.2710324 -0.5527414 0.0599601 -0.2586020 -0.3450176 -0.3150068 -0.1743308 0.1362449 -0.2540731 0.0904155 -0.1694913 -0.2535005 0.3799717 0.9317451 0.9177006 0.4940266 0.8785357 0.5195101 0.1593568 -0.0607138 -0.5171664 -0.4150721 -0.5179655 -0.4534900 -0.1706249 -0.1514848 0.3427358 0.8532256 0.6607344 0.8323168 0.6587102 -0.1111699 0.5592561 0.3001427 0.8251802 0.6172398 -0.1140625 0.8423907 0.2692982 0.0696806 0.1512511 0.4758460 0.4325663 0.2812532 0.8283250 0.6677121 0.0401911 0.1237126 0.5442021 0.8031748 0.1194970 0.8543172 0.7165279 0.0601065 -0.5338140 -0.5170057
0.3077891 0.5368580 0.6777565 -0.1691140 0.7479797 -0.3925724 -0.2046783 0.4977000 0.0259344 -0.0270386 0.4318601 -0.1649655 0.0000000 0.0471241 -0.0800156 0.5705173 0.3603273 0.2202902 0.4240982 0.6812708 -0.2776843 0.5334776 0.4211065 -0.0464992 0.5886607 0.5327784 -0.3074016 -0.1940534 -0.2177204 -0.2446085 0.5689468 0.6848036 0.0005839 -0.0993990 0.4779268 -0.0454640 0.5038519 0.7250806 0.1389508 0.3196471 0.5455310 0.3024471 0.2399703 0.3392199 -0.0956468 0.4658683 0.5049024 0.6309326 0.1134735 0.6335299 0.4235200 0.1250979 -0.0610736 0.5399359 0.6433790 0.5937330 0.5128758 0.4327707 0.6315996 0.3336505 0.2960879 0.4379985 0.6630573 0.2685592 0.5138163 0.4972982 0.4689907 0.5310060 0.5576373 0.3981637 0.5834547 -0.0716566 0.6615206 0.5737590 0.7063852 0.6236302 -0.0375882 0.7416605 0.6085503 0.4367076 0.6356488 -0.3889801 -0.2022354 -0.0798470 0.5512412 -0.2420100 -0.2218053 -0.4928646 -0.1397617 -0.1746150 0.0352986 -0.2569613 -0.0296238 0.0386292 -0.2673498 -0.1878116 0.3141589 -0.0619547 -0.1759536 0.0454587 0.1602829 -0.1971852 0.0526079 0.5591513 0.1220483 -0.1495840 -0.0858241 -0.4726385 0.2941809 -0.4026646 -0.0194219 0.1829861 -0.5080867 -0.5748409 -0.5614580 -0.5045730 -0.4483859 -0.3684987 -0.5149255 -0.4178905 -0.1991325 -0.3360288 0.5045008 -0.4836738 -0.1056083 -0.5205466 -0.3989610 0.0764288 -0.5327509 0.0398178 -0.0384988 0.4120412 0.0610623 -0.4125357 0.4980478 -0.0244135 -0.0956245 -0.4407850 -0.1345372 -0.5386208 0.2939361 -0.3114836 0.4527719 -0.5937735 -0.3758185 -0.0357703 -0.2000074 -0.0541243 0.3309469 0.0624648 -0.0623686 -0.3318112 -0.1444087 -0.0511699 -0.0341503 -0.0174868 0.1142868 -0.1054649 0.4596138 0.0546732 0.1256670 -0.0249112 -0.2550682 0.1206252 0.0564073 -0.1650768 -0.1656937 -0.1323322 -0.2333599 -0.0340056 -0.0009458 -0.3282469 -0.2300295 0.0601533 0.1037414 -0.0889375 -0.2866312 -0.4319693 -0.3456073 -0.1338565 -0.2301264 0.1365172 0.4854680 0.2187040 0.7054497 0.7170775 0.7219414 0.6081507 0.2427902 -0.3374644 -0.3492167 -0.2180907 0.0649163 -0.3720960 -0.5815380 -0.6638997 -0.3632125 -0.1344688 0.1468073 -0.4576747 0.0602938 0.0049409 -0.0729869 -0.0167536 0.3161054 0.4369642 -0.5413399 0.2541588 0.5357795 0.2057018 -0.4132953 -0.3406416 0.3957452 -0.2170190 -0.1365992 0.7413146 0.1656116 0.1524879
0.5006943 0.4235858 0.5742921 0.2796215 0.0237423 0.2388260 0.3056996 0.0122975 0.7556098 0.2585287 -0.0371053 0.4982043 0.0471241 0.0000000 0.6184288 -0.0177424 0.3072467 0.3931827 -0.0823978 0.2146820 0.2310958 0.1654477 0.1409147 0.7532851 0.0299143 0.1500695 -0.1094662 0.7639281 0.2853802 0.6078048 0.3105408 0.1187130 0.6868453 0.6336588 0.2446668 0.0101714 0.0652019 0.0857319 0.2387790 0.2970494 0.3746066 0.2475431 -0.1187668 0.6983591 0.3312710 0.0250600 -0.1889479 0.3861998 0.7118477 -0.1550563 0.0796374 -0.2905091 0.3368017 0.4734392 0.2521370 0.0958778 0.1058351 0.0377988 -0.1359474 0.0903084 0.1780821 -0.0171091 0.1527153 0.0457202 0.1764318 0.4138944 0.1815455 0.0580451 0.0455578 -0.1440870 0.2484989 0.0768310 0.2001836 0.3312765 0.1247384 -0.0950056 0.1344378 0.1721312 0.0398831 0.0569207 0.1713338 -0.1212603 -0.0928742 0.3221388 0.3072490 0.0238836 -0.0823946 0.4511434 0.3576070 0.0569481 0.0570777 0.0603338 0.0662449 0.0285125 0.1928893 0.2266102 0.2467072 0.3587000 0.2550580 0.0927382 -0.2332742 -0.0674800 -0.3111131 -0.0846943 0.0897966 0.4627389 -0.2854570 0.1953753 -0.2330087 -0.1331132 -0.0641475 -0.3243062 0.4768208 0.4629443 0.1689130 0.4555833 0.4957401 0.3643074 0.4072010 0.3868932 0.5387921 0.4622172 -0.0844958 0.0222818 0.5478719 0.1675441 0.3596585 -0.1734994 -0.0967094 -0.1326235 0.0493468 -0.4903898 -0.0092257 -0.1227291 -0.3324385 -0.4641115 0.1237140 0.2604888 0.6008429 -0.2656359 -0.2913258 -0.2369253 -0.1681864 -0.3927700 0.1491698 -0.7332899 0.4629119 0.2125658 -0.1842367 -0.5290961 -0.6555258 -0.6063701 0.1369002 -0.6600345 0.1309777 -0.5889041 -0.0987604 -0.3331392 0.0355345 -0.6085673 -0.1505974 -0.4474901 -0.5755586 -0.3645601 -0.0010189 -0.5554734 -0.4440087 0.1456708 0.2363244 -0.1393279 -0.1283463 0.3602590 0.2267455 0.1958015 0.3771209 0.4812924 0.3545252 -0.0435421 0.1719420 -0.1367993 -0.3342491 -0.4169412 -0.3350832 -0.3634567 -0.0784300 0.2344948 0.3968456 0.4127649 0.2802026 0.2263604 0.0556763 0.1391159 0.1965048 -0.4284945 -0.0681745 -0.2268592 0.1500271 0.1599738 0.4188526 0.1692778 0.1826076 -0.1419071 -0.5480004 -0.1319992 0.5260869 0.6980662 0.2334389 0.3854862 0.0470245 0.2073599 -0.3199647 0.0685957 0.3370163 0.2264735 0.0924163 0.2592622 0.0679048 0.1491337
0.2675998 0.0820558 0.2364733 0.0051764 -0.1265708 0.1068560 0.1949000 -0.1877311 0.5715982 0.3200990 -0.0229517 0.1670945 -0.0800156 0.6184288 0.0000000 0.0267568 0.1828704 0.3592902 -0.0147183 -0.0133210 -0.0541155 0.0255493 0.1386104 0.5565461 0.0047042 0.0643805 0.0700889 0.5008453 -0.0847754 0.4660443 0.1197570 0.0280285 0.2142303 0.1355094 0.1253845 -0.3008605 -0.1017088 -0.0770035 0.3034769 0.2566141 0.0820574 -0.0756438 -0.1645831 0.2879017 -0.0575450 0.0897278 -0.1827276 0.0333233 0.2360123 -0.0206351 0.0935981 -0.1126620 -0.1331198 0.2029231 0.0799061 0.0687368 -0.0517018 0.0675555 -0.0079006 0.0647559 -0.1931050 0.0825868 -0.0270564 0.0575740 0.0295927 0.2361295 0.1174199 0.0877349 -0.0257752 -0.0160943 0.1686058 -0.2036423 0.1002122 0.0634405 0.1133456 -0.0802550 -0.2689947 0.1304123 0.0580561 -0.0549524 0.1697770 0.2819248 0.3874109 0.2023116 0.1069558 0.0067308 -0.0841843 0.4056232 0.6579217 0.0689190 0.4286787 0.2989619 0.3130956 0.4977342 0.1237671 0.1158138 0.3044376 0.4410214 0.2125709 0.2994162 -0.0369157 0.2155603 0.0244328 0.1069815 0.2427051 0.2430777 0.0469668 0.2962308 -0.0959221 -0.0778420 -0.0251990 0.0040154 0.2359762 0.1638181 0.0322286 0.2470805 0.2519831 0.1201641 0.2523752 0.2287961 0.2381120 0.3551120 -0.0794484 0.2814090 0.0577636 0.1163571 0.2585338 0.0495119 0.3084809 -0.0779562 -0.0351166 -0.2708538 0.0880531 -0.0119721 -0.0016066 -0.2363438 0.1677543 0.3692249 0.4237718 -0.1601066 -0.1708183 0.0608454 -0.0202712 0.0509910 0.4333775 -0.4484274 0.4504501 0.3667545 -0.1814336 -0.1255635 -0.1238812 -0.1290359 0.2954791 -0.3368757 0.2971236 -0.2275011 0.3451133 -0.0102004 0.2116706 -0.0250658 0.1247284 -0.0665831 -0.1846537 0.1719880 0.2655584 -0.1837403 -0.1995304 0.2173009 0.5346134 0.2199507 0.1738500 0.5263885 0.4374778 0.2247747 0.1910519 0.1306140 0.1658759 0.1006913 0.0207683 -0.2563091 -0.2766436 -0.4322086 -0.0808203 -0.1456396 0.0234160 0.1265111 0.1076421 0.0429857 -0.1684007 -0.0610166 0.0099806 -0.1281789 -0.0110075 -0.0013832 0.0715254 -0.1810121 -0.1754707 0.0961046 0.2335373 -0.0932121 0.2808186 -0.1909183 -0.2294823 -0.0215219 0.1333112 0.2609709 0.0134592 -0.0069791 -0.1451146 -0.0589074 -0.2595798 -0.2331263 0.0819423 -0.0845302 -0.2492673 -0.0855706 0.2364617 0.5020849
-0.3086920 0.1648092 0.3534988 -0.0212229 0.5259729 -0.2432273 -0.3656703 0.2819540 0.1828696 0.0151354 0.7242603 -0.3929805 0.5705173 -0.0177424 0.0267568 0.0000000 0.7773784 0.1869246 0.9138263 0.6421906 -0.4110413 0.5955406 0.8450334 -0.2854716 0.9271943 0.8323570 0.1047208 -0.2131975 -0.2190086 -0.0445232 0.7103323 0.7628923 -0.1886736 -0.2418493 0.7873248 -0.0373406 0.8209178 0.5540627 -0.0128692 0.0578680 0.1710331 -0.1761823 0.6540974 0.0053371 -0.5078346 0.2249616 0.7934886 0.2815150 -0.1357054 0.6489554 0.8057446 0.2384701 -0.2458396 0.4680353 0.2831317 0.3219670 0.7321189 0.7775397 0.6132192 0.7987514 0.0870589 0.8539939 0.3300446 0.6657065 0.4104520 0.6451294 0.8064304 0.7559148 0.3361998 0.7206411 0.6940913 -0.2075099 0.7931127 0.2692086 0.7603105 0.8200657 -0.2769478 0.7039662 0.7027266 0.0263414 0.6185353 -0.3667327 -0.4499677 -0.0703127 0.3081819 -0.5230242 -0.3070974 -0.3829503 -0.3272271 -0.0195846 -0.0926249 -0.4687887 -0.2397993 -0.2811743 -0.4339979 -0.0313025 0.0001724 -0.0580051 -0.2789984 -0.1101263 0.1245884 -0.5283198 0.1492662 0.0987095 0.0446341 -0.2675100 -0.0235218 -0.2797777 -0.1129402 -0.2585302 0.0176319 0.2281844 -0.3973110 -0.5132234 -0.6329011 -0.5040887 -0.4019117 -0.4741387 -0.4507288 -0.5379079 0.0411248 -0.1102479 0.7175740 -0.0817039 -0.0667303 -0.6079056 -0.1731019 0.5258001 -0.5755924 0.4119821 0.4248499 0.7169337 0.3419040 -0.1268818 0.6546694 0.4266718 0.2912496 -0.4969747 -0.0860967 -0.4636267 0.2687614 -0.3125268 0.2724013 -0.2749548 -0.1146332 0.2237113 -0.1525983 -0.1752232 0.1923034 0.1386710 0.1138888 -0.0859849 -0.0306045 0.1215822 -0.2597351 0.0862323 0.2721192 0.0711128 0.2344210 0.1150021 0.2414571 -0.0025656 -0.0110605 0.2404013 0.0871986 0.0740849 0.1674636 0.0207603 -0.0489529 -0.1193628 0.2685302 -0.1833508 -0.3224768 -0.1316011 0.0658278 -0.3777406 -0.5643906 -0.3997019 -0.5357308 -0.1845314 0.0383634 0.1900945 0.3702974 0.1498478 0.5574487 0.5454725 0.3636496 0.2546049 -0.4139149 -0.5193243 -0.2511339 -0.4647786 -0.3287355 -0.2062742 -0.6741014 -0.5882899 -0.4521618 -0.2096651 -0.2791729 -0.5062759 0.2041963 0.1641470 -0.1935256 -0.3598569 -0.0211642 0.1053729 -0.6727616 0.0847484 0.6638514 0.2073328 -0.4746463 -0.5560056 0.0064653 -0.4384254 -0.3927587 0.6334047 0.5364740 0.3389340
-0.2212476 0.1116446 0.2107059 0.0968030 0.2133400 -0.0229907 -0.2582879 0.2397751 0.4724564 0.1729580 0.6201515 -0.2115142 0.3603273 0.3072467 0.1828704 0.7773784 0.0000000 0.3158476 0.7464841 0.4386535 -0.2792451 0.4002794 0.8679970 -0.1258653 0.7521056 0.7685807 0.4475831 0.0033175 -0.1269696 0.2903733 0.5344066 0.4511313 -0.0821359 -0.1212700 0.7765300 -0.0256485 0.6470957 0.2660869 0.3346178 0.1446118 -0.0507727 -0.1184691 0.6349659 0.0802757 -0.4356988 -0.1018029 0.4994209 0.0994714 0.0186459 0.4463076 0.7309900 0.0790572 -0.1571915 0.4749648 0.0673370 0.0455253 0.4429092 0.7108294 0.5380819 0.6340435 0.1731168 0.6585817 0.1222506 0.6840466 0.4793893 0.4518915 0.5969308 0.6099266 0.1221834 0.6208659 0.4540511 -0.0634681 0.6035277 0.4019413 0.5945702 0.5931112 -0.0596728 0.5160001 0.5339748 0.0741411 0.5016806 -0.2686054 -0.5232152 -0.0485130 0.0775705 -0.3045338 -0.0357463 -0.1422928 -0.2371231 -0.0179176 -0.0707145 -0.3709630 -0.2552376 -0.3759034 -0.2171685 0.2527401 0.0115059 0.0209913 -0.2196800 -0.0503455 -0.0708060 -0.5548251 0.0483930 -0.1737430 0.0291243 -0.1808738 -0.1127932 -0.0956877 -0.1231526 -0.2756829 0.0136567 0.1951320 -0.1369485 -0.1383053 -0.4583835 -0.1705909 0.0108765 -0.1440705 -0.0475163 -0.2462854 0.4005329 0.3168889 0.6230684 0.1072148 0.1539869 -0.5597607 0.1088713 0.4019299 -0.5761889 0.3163050 0.4224266 0.5379979 0.2979050 -0.0894248 0.3306062 0.1452745 0.2315776 -0.4428786 0.1116269 -0.4975382 0.0662054 -0.5048425 0.0376243 -0.3207746 -0.1883501 0.0199435 -0.0277048 -0.1232919 -0.0984913 -0.1598906 -0.2015814 -0.2643791 -0.1461223 -0.0898051 -0.1754448 -0.1298456 0.1327086 -0.1254020 0.0503007 -0.1455607 0.0554800 -0.2266755 -0.1496240 0.0286286 -0.0856379 -0.0824307 0.0132057 0.0050125 -0.1178303 -0.2547346 0.0780459 -0.1626782 -0.0185240 0.0891767 0.3298151 -0.2935213 -0.4869693 -0.3572629 -0.4308078 -0.2160501 0.0661276 0.0970043 0.1657323 0.0562614 0.3686133 0.5649444 0.3142907 0.2670054 -0.1737839 -0.2927463 -0.1376057 -0.3683597 -0.2758926 -0.1498659 -0.6123604 -0.3785419 -0.2714771 -0.0814545 -0.0814768 -0.3407901 0.0372516 0.1363593 -0.4210591 -0.4502678 -0.1190369 0.1633329 -0.5298818 -0.0163373 0.3514497 0.2339188 -0.4906464 -0.3906484 -0.1861685 -0.3099427 -0.3921931 0.4022613 0.5037121 0.3123133
