0.0000000 -0.0171057 -0.0179333 -0.1055838 -0.0213778 -0.0149652 -0.1511031 -0.2137481 0.0149782 0.2041604 0.1697029 -0.1069792 -0.0957095 0.0972286 0.0088764 -0.0298022 0.2546223 -0.1076982 -0.1158466 0.1275123 -0.1194686 0.0745996 0.0990647 -0.1462931 0.1159330 0.2009338 0.0539513 -0.1933038 0.0433422 0.1740699 0.0629380 0.1791293 -0.1642248 -0.0919538 0.1668398 0.2978433 -0.0412379 0.1405010 0.0223499 0.0607003 0.0927234 0.1946848 0.0419643 -0.0184501 0.1128782 -0.0966595 -0.1415226 0.2864965 -0.0342627 0.0493124 0.0787965 0.0773293 -0.0986943 0.2514987 -0.0813959 -0.2068542 0.1189836 0.3535360 -0.1372211 0.1341174 -0.0301607 0.0218808 -0.4199792 0.2981437 0.0129161 0.2814985 0.1385008 0.2829779 -0.2091740 0.3698096 0.5310264 0.2298024 0.3524019 0.0259363 0.1238410 0.3990782 0.1964967 0.4261422 0.4183149 0.4637601 -0.2435463 0.2920604 0.3413028 0.1956292 0.4182444 0.4285450 -0.2933936 0.1132379 0.2436364 -0.0405323 -0.6277669 -0.4403807 -0.0750932 0.3967264 -0.0606498 -0.3207555 0.1343057 -0.1688878 0.1701397 0.4149412 0.3429573 -0.3055030 0.5275259 0.5961677 -0.6196379 -0.1237504 0.1586284 -0.1251788 -0.0373196 -0.1629318 0.2518384 0.3157254 0.1208130 0.0376494 0.0529270 0.0455231 -0.0473391 -0.3466629 -0.1328427 0.0324436 -0.1478587 -0.0000359 0.2568162 -0.0601111 -0.2767286 0.0712511 -0.0280729 0.4998152 -0.2176760 -0.1725793 -0.3732649 0.7629433 -0.0707417 0.0301865 -0.1215725 0.1543895 -0.3162029 -0.1793230 -0.2626357 0.0031349 -0.0488354 -0.2451333 0.0479074 0.1318395 -0.3654453 -0.0338203 -0.1352868 -0.1658209 0.1812586 -0.2460338 0.0813442 0.1400527 0.0751689 0.0516447 0.1368774 0.3510584 -0.1111547 -0.0304075 0.1890268 0.0923367 -0.0128909 0.0320807 -0.0095654 -0.1026859 0.1891205 -0.3080367 0.0403011 -0.0703817 0.1734968 0.3252464 -0.1104507 0.1477781 0.5743851 0.1331439 -0.0386222 -0.1206024 -0.1420304 0.1628100 -0.0322729 0.4844780 0.4842609 0.4312674 0.2564013 0.2921231 -0.1855797 -0.0398659 -0.1421659 0.0585472 -0.0748443 -0.1037796 0.1807047 -0.1485715 -0.3046414 0.0234093 0.1870465 0.0209723 -0.2124540 -0.0018971 -0.3136767 -0.1187717 -0.1552587 -0.2381244 0.1854073 -0.3469748 0.4022902 0.4003848 -0.1882757 -0.2310523 -0.1824829 -0.5458076 -0.0968990 -0.2705942 0.3051817 -0.2520046 -0.3515979 0.1196520 0.0206798 0.6118764
-0.0171057 0.0000000 0.7567412 0.9092935 0.2494391 0.8225933 0.7771990 0.9080635 0.7864340 0.7832933 0.8081018 0.9091341 0.5664176 0.7828270 0.4712865 0.6791810 0.1334448 0.4704009 0.5089205 0.6285839 0.8822100 0.6676790 0.5437979 0.3631134 0.3028594 0.2751127 0.4879409 0.4273652 0.8864915 0.6480870 0.8135705 -0.0113990 0.1608338 0.5544090 0.2812395 0.7093984 0.0217283 0.6725238 0.4387099 0.4191911 0.6636850 0.5103077 0.4922938 0.2341175 0.7441788 0.5095697 0.4198830 0.5965943 0.4091140 0.0890797 0.2823846 0.4417547 0.8758535 0.5008679 0.4491762 0.5734859 0.2440345 0.0347602 0.5669804 0.1538008 0.7763784 0.2916565 0.5904639 0.5393961 0.7718248 0.0281495 0.2472043 0.3321235 0.6583638 0.3113860 0.0207883 0.7553233 0.4359053 0.8123295 0.0720180 0.3554469 0.6019134 -0.3560142 0.0338969 0.2131459 -0.6663641 -0.5828963 -0.2486748 0.5723042 0.4882727 0.3451408 0.2394084 -0.1788439 -0.0728567 -0.0859626 0.2109546 0.0148077 -0.1093858 -0.2558150 -0.3713190 0.1949118 0.4038890 0.1776757 -0.4128130 -0.0653391 -0.3652136 0.1255760 -0.4611162 -0.2306179 0.4315805 0.0627207 -0.3407099 -0.4274694 -0.1036979 -0.0905347 -0.4653193 -0.1287369 -0.3202753 -0.4776158 -0.3180391 -0.3340540 -0.4786478 -0.1762536 -0.0950012 -0.2452027 -0.3354878 -0.5094102 -0.5848531 0.1650970 0.0397269 0.7740230 -0.7081483 -0.2563141 0.5818704 -0.0158908 0.1066130 -0.1577743 -0.7009135 0.1169650 -0.0631793 0.1946408 -0.2463157 0.2764910 -0.0030994 0.5907400 -0.0802305 0.5234072 0.3734027 -0.3821740 0.1691997 -0.3305203 0.0554169 -0.0507510 -0.0451539 0.4219943 -0.0309983 -0.2944557 0.1255630 -0.2417817 -0.2284037 -0.5657332 0.3004529 -0.3292669 0.0408274 -0.1868701 -0.3686648 -0.0924582 -0.7564871 0.3279646 -0.2655920 0.1721111 -0.2328229 0.0026633 0.3187961 0.3551093 -0.0177165 0.0503300 0.5524330 0.2020882 0.8712305 0.7456321 0.7729961 0.2982637 0.8348090 0.4669595 -0.1105611 0.1752269 0.1747485 0.0806663 0.2936588 0.6132031 0.1565714 0.0400940 0.4185976 0.5286088 -0.2382329 0.6866742 -0.0448449 -0.1635253 0.2113572 0.4619673 0.7047886 -0.1254828 -0.2659887 0.8899439 -0.3232756 0.2975051 0.2706952 0.2088341 0.0515361 -0.4090324 0.6926743 0.0924294 -0.1998519 0.1808944 0.2555905 0.5847402 -0.0340272 0.2394656 0.5644037 -0.0592549 -0.2657944 0.1954033
-0.0179333 0.7567412 0.0000000 0.8762286 0.7779676 0.8643616 0.8102265 0.8205091 0.3536479 0.8064329 0.8270995 0.7206156 0.8622760 0.5851692 -0.0407050 0.6355465 0.5960245 -0.1039981 0.3732016 0.8448619 0.5693439 0.8880699 0.5524706 -0.1036965 0.2490670 0.2970931 0.5480923 -0.0676862 0.5386106 0.2502719 0.9419494 0.1209147 -0.1643983 0.0506568 0.1527150 0.3904100 0.0784183 0.5400544 0.1493102 0.1173644 0.7963432 0.2660503 0.3577411 0.0546314 0.6467537 0.4334991 0.3374108 0.5491519 0.0993108 -0.0550703 0.1382972 0.2394884 0.4635763 0.2962048 0.5653576 0.4011526 0.1981482 0.2238160 0.7126583 0.0238794 0.6944496 0.2136152 0.5161040 0.4321013 0.7027902 0.4254639 0.2238027 0.4196218 0.4656660 0.3146981 0.2496803 0.5863146 0.3949350 0.7919812 0.4970447 0.3060768 0.3670117 -0.2583707 -0.1378938 0.2330148 -0.6823107 -0.2856366 -0.2652533 0.3580050 0.0771381 0.2644546 0.1334496 -0.2727376 -0.5233270 -0.4297833 0.1695580 -0.3207761 0.1387528 -0.2176321 -0.5166628 0.2121572 0.2623586 0.3481177 -0.5046741 -0.1818700 -0.3485421 0.3697238 -0.4426223 -0.2459796 0.2243556 -0.0239740 -0.4422315 -0.3816060 -0.4552546 -0.0068049 -0.3803262 -0.2942523 -0.2353985 -0.2280606 -0.1665531 -0.1330527 -0.2106499 0.1359134 0.0167866 -0.0315959 0.0156636 -0.1936955 -0.4360138 0.0801931 0.3076871 0.8199345 -0.2859176 -0.4187205 0.7116776 -0.0359769 0.4020273 -0.2392461 -0.3263185 0.1652884 -0.1935839 0.4122722 0.0110087 0.6056212 0.3406580 0.6131297 0.2188975 0.7447382 0.1069438 -0.4681284 0.3198600 -0.0972452 0.2935627 0.1580177 -0.4709653 0.6286654 0.4204788 -0.6224818 0.3324007 0.0830037 -0.3873104 -0.4967257 0.0981244 -0.3437161 -0.3001409 0.3404995 -0.4416159 0.2334717 -0.4472893 0.5237598 -0.1981052 0.2264039 0.1058158 -0.2678741 -0.0303513 0.3929235 -0.3210479 -0.2128090 0.5122546 0.0263573 0.5687196 0.5935944 0.5812692 0.4094158 0.6241922 0.3052829 -0.1288197 0.0408447 0.0434907 0.0505517 0.6463659 0.7969525 0.5446537 0.5180818 0.7162234 0.5788982 -0.1811030 0.4453579 -0.1537338 -0.3759732 0.2567440 0.3049155 0.5153041 0.0608023 0.0958691 0.7978161 0.0213974 0.6393027 0.3719637 -0.0256941 0.4119867 -0.0088435 0.8193469 0.2270528 0.0322391 0.4073646 0.1427001 0.3940741 0.0645306 0.1112384 0.3367204 -0.2027878 -0.0204993 -0.1256219
-0.1055838 0.9092935 0.8762286 0.0000000 0.4748828 0.9425671 0.8517334 0.8835484 0.6430931 0.8569801 0.8619199 0.9165701 0.7066362 0.7372481 0.2498185 0.7188756 0.3690112 0.2883852 0.4670243 0.7451211 0.8309812 0.8032536 0.5204575 0.2151079 0.2913507 0.3236717 0.6303642 0.3102160 0.7552672 0.6062599 0.8784576 0.0553160 0.0927347 0.3855321 0.3178047 0.5166578 0.2159784 0.5795149 0.4121235 0.3810310 0.7517094 0.2932137 0.5298151 0.1828830 0.6275520 0.3831842 0.5386801 0.5346632 0.2861781 -0.1536187 0.3413944 0.4348755 0.7618752 0.4446717 0.3892359 0.4548479 0.3691147 0.0573004 0.5848391 0.2038417 0.7331399 0.3298336 0.5435931 0.4939905 0.8332937 0.2456763 0.2936344 0.3625005 0.6110599 0.2551110 0.1229644 0.6944158 0.3872294 0.8683712 0.2032954 0.3039042 0.5040843 -0.2847551 0.0356227 0.2293219 -0.5232308 -0.4828524 -0.2834024 0.4888957 0.2953361 0.2372656 0.3105704 -0.2489601 -0.3429774 -0.2809622 0.1595271 -0.1775371 -0.0631449 -0.3309942 -0.4735000 0.1510985 0.2142637 0.1736673 -0.4858868 -0.3126042 -0.4662346 0.2370896 -0.6266174 -0.4448371 0.3700805 0.0186192 -0.4519892 -0.4987566 -0.3028117 -0.1322841 -0.4352112 -0.2519906 -0.3311703 -0.4262483 -0.3014010 -0.3095962 -0.4351197 -0.1219462 -0.1231626 -0.2039811 -0.2528807 -0.5377769 -0.6551018 0.1026278 0.0699738 0.7613963 -0.6838828 -0.4780330 0.6134836 -0.1301431 0.1883620 -0.2687248 -0.6406700 0.0644855 0.0152558 0.0928090 -0.1806431 0.4152905 0.1550639 0.6078184 -0.1285736 0.6141727 0.0922871 -0.4808793 0.2241877 -0.3416145 0.0509706 -0.0338984 -0.3435086 0.4652088 0.1516245 -0.4306503 0.1065283 -0.2324598 -0.5226360 -0.5474023 0.0468632 -0.4443852 -0.2582882 -0.0074881 -0.5515056 -0.0165105 -0.6997463 0.3482389 -0.4245509 0.2325699 -0.1408589 -0.2287857 0.0460251 0.3244114 -0.2799983 -0.2116537 0.4686112 0.1544593 0.7310340 0.7302873 0.7486599 0.3177048 0.7846005 0.2386919 -0.3424735 -0.1315139 -0.1222592 -0.1648571 0.4380037 0.7290768 0.2755017 0.2307693 0.5504504 0.5461466 -0.2904031 0.6135853 -0.0792751 -0.2974820 0.1727219 0.3930096 0.6556979 -0.0581419 -0.0716076 0.8322518 -0.1351938 0.4351136 0.3859125 0.2006168 0.3092202 -0.1777610 0.7564850 0.2260697 -0.1184520 0.3129937 0.3807814 0.5528055 0.0359401 0.0897971 0.5687914 -0.0835967 0.0038464 0.0223569
-0.0213778 0.2494391 0.7779676 0.4748828 0.0000000 0.5474553 0.5587294 0.4070058 -0.1580350 0.4194498 0.4550258 0.2712466 0.7978595 0.0795869 -0.3880234 0.3184612 0.6965790 -0.5285509 -0.0484376 0.7611577 0.0384643 0.6992899 0.4076090 -0.3601247 -0.0464561 0.1539641 0.2606276 -0.3631972 -0.0301977 -0.2577646 0.6700880 0.1481763 -0.2215436 -0.3032825 -0.0511196 -0.0655748 0.0582793 0.1089156 -0.0564517 -0.0802633 0.5566712 -0.0991387 0.1823049 0.0541914 0.2090008 0.0851674 0.0699027 0.3158812 -0.1596701 -0.2257386 -0.0999875 0.0921697 -0.0958762 0.0298842 0.3855111 -0.0483537 0.0183091 0.2364924 0.4074697 -0.1430234 0.2330975 0.1183599 0.2192400 0.0741826 0.2801382 0.6008974 0.1049262 0.3104313 0.0437852 0.1071065 0.3622886 0.0801284 0.2414458 0.3627780 0.5387779 0.1020660 -0.0126746 -0.0247908 -0.2681766 0.0698809 -0.4089994 -0.0503471 -0.1815199 -0.0134749 -0.4009583 -0.0104241 -0.1582881 -0.2559202 -0.8078854 -0.6415529 0.0006972 -0.5442752 0.2261182 -0.1387300 -0.5748935 0.0088009 -0.0129669 0.3296006 -0.3995448 -0.2761427 -0.2790368 0.5173604 -0.1150989 -0.1716861 -0.0598928 -0.2835719 -0.4004930 -0.2617205 -0.5068822 -0.0513638 -0.1519152 -0.3498449 -0.0843822 -0.0201812 -0.0555560 0.0656932 0.0135991 0.3101293 0.0600321 0.0286468 0.3457597 0.1971871 -0.1866857 0.0725586 0.4461520 0.5086967 0.1606730 -0.5621684 0.5331460 -0.1019195 0.6223259 -0.3222850 0.1812497 0.0686415 -0.1008770 0.3373523 0.3513249 0.7546843 0.6963635 0.4470423 0.5513948 0.7425896 -0.2272225 -0.2523774 0.5754395 0.2887618 0.6090506 0.5245313 -0.4927935 0.6744746 0.8316130 -0.7478100 0.5206730 0.5267653 -0.2317237 -0.4237902 -0.0282319 0.0307675 -0.4511136 0.5735407 -0.1028108 0.4476309 -0.0695035 0.3771603 0.1265960 0.2601525 0.5583541 -0.2058882 -0.1424277 0.2530258 -0.2950009 -0.1445073 0.2488644 -0.3026018 0.0065660 0.1431637 0.1055684 0.1156298 0.1493062 0.0072392 -0.1680066 -0.0821974 -0.0735780 -0.0424143 0.5702612 0.5547024 0.6059098 0.5959384 0.6111151 0.3196694 -0.2498596 0.0314978 -0.3328673 -0.6136923 0.0119180 -0.1531354 0.0391300 -0.0697772 0.2890877 0.4235002 0.2761397 0.6981680 0.1874958 -0.4060643 0.6255627 0.3399915 0.7619225 0.0116403 0.3132936 0.4389051 0.0690993 -0.0794178 0.2741770 -0.1025754 -0.0738368 -0.2850173 0.2376954 -0.3161482
-0.0149652 0.8225933 0.8643616 0.9425671 0.5474553 0.0000000 0.9347917 0.8380222 0.5695632 0.9050798 0.8801611 0.8624045 0.8101974 0.7622228 0.1175376 0.6680311 0.5624114 0.1959834 0.5030443 0.7546776 0.7679386 0.9161795 0.6171094 0.0833551 0.4181471 0.4245068 0.6777731 0.1965225 0.6857710 0.4820933 0.8782130 0.2024519 -0.0080718 0.2606165 0.3589476 0.6065890 0.2372151 0.6515619 0.3003308 0.3128355 0.8368832 0.4026996 0.5265600 0.1664641 0.6581733 0.4778759 0.5181765 0.6249296 0.3388229 -0.0882813 0.3114863 0.3954850 0.7183599 0.4397860 0.4635651 0.4883458 0.3707669 0.2615246 0.6037824 0.1915320 0.7630554 0.3644724 0.4588472 0.6210857 0.8948163 0.4103639 0.3667023 0.5443741 0.5787100 0.4241618 0.3354631 0.7340768 0.5419162 0.8869971 0.4115426 0.4579335 0.5982810 -0.0658850 0.2037764 0.4425391 -0.4966706 -0.4347344 -0.3915322 0.3728886 0.2277808 0.1634354 0.1575045 -0.3126160 -0.4550075 -0.3647949 0.0491356 -0.3043466 -0.0977278 -0.4682133 -0.4044112 0.2501691 0.0735000 0.1416231 -0.4766389 -0.3654892 -0.4521060 0.1580467 -0.6625721 -0.3997614 0.2699441 0.1156029 -0.5555073 -0.4935820 -0.5073326 -0.1723836 -0.3546236 -0.3364172 -0.3239968 -0.3558230 -0.2478046 -0.2707780 -0.3679645 -0.0237774 -0.2056618 -0.2282945 -0.2881736 -0.5197022 -0.7264546 -0.0508124 0.0763699 0.6379501 -0.5891670 -0.4765310 0.5785792 -0.1925214 0.2885000 -0.2745244 -0.5221827 -0.0447374 -0.0678412 0.1269670 -0.0290648 0.4995607 0.2885739 0.6671875 -0.0897311 0.6542806 0.0831882 -0.5300355 0.2986147 -0.4269933 0.1118101 0.0057194 -0.3991734 0.5549014 0.2994255 -0.4938708 0.1483556 -0.1264992 -0.4941628 -0.6030296 0.1305196 -0.4476999 -0.2842732 0.1130928 -0.4869053 0.1607566 -0.7359591 0.4302197 -0.3281281 0.1848324 -0.1338697 -0.1508650 0.1065202 0.4917180 -0.2765403 -0.1855571 0.4560353 0.1795515 0.6772102 0.7148702 0.7316691 0.2974125 0.8102323 0.3794456 -0.3514516 -0.0716133 -0.0537549 -0.1339290 0.4503515 0.7825049 0.2927344 0.2181480 0.5668938 0.5794130 -0.3538319 0.6030798 -0.1670808 -0.4519646 0.0756646 0.2395684 0.5496730 -0.1473341 -0.0228607 0.6844194 -0.0806942 0.5565065 0.3448626 0.0918970 0.4564551 -0.0474960 0.7425081 0.0322218 0.0131017 0.3935282 0.4829031 0.5205797 0.2128584 0.0980940 0.6008077 -0.2391108 0.1664232 0.0746533
-0.1511031 0.7771990 0.8102265 0.8517334 0.5587294 0.9347917 0.0000000 0.8330359 0.5905216 0.8068260 0.7265839 0.8632505 0.8667256 0.6492169 0.1776344 0.4650016 0.4734849 0.1897861 0.4031932 0.7225911 0.7662260 0.8722069 0.5114809 0.1589109 0.2601914 0.2059894 0.6001873 0.2275495 0.6776911 0.3525791 0.7827576 0.0112063 0.0820313 0.3369582 0.1419791 0.5879138 -0.0138817 0.5608105 0.2140515 0.2612983 0.7196091 0.3760971 0.3907633 0.1862925 0.6115465 0.4906247 0.3228791 0.5032028 0.3160423 -0.0538343 0.0758031 0.3238103 0.7053756 0.2575342 0.4667154 0.4946777 0.0938834 0.1177408 0.5492361 -0.0470441 0.7019817 0.2191058 0.4547982 0.4745698 0.8005091 0.2242601 0.1865347 0.3967257 0.5064371 0.2873515 0.1724486 0.6323790 0.4110898 0.7948122 0.4074886 0.2954612 0.4987849 -0.1786714 0.0189817 0.3404470 -0.5620191 -0.5015605 -0.3887678 0.1742112 0.1425256 0.0186780 0.0009393 -0.2169451 -0.4289155 -0.2755472 0.1352288 -0.1378396 -0.0561977 -0.4729605 -0.2849735 0.4088342 0.1235046 0.2270678 -0.3111194 -0.3318008 -0.3536952 0.2979392 -0.6566935 -0.3152964 0.4085470 0.1972961 -0.4777149 -0.3596840 -0.4353273 -0.0742913 -0.2281110 -0.2943682 -0.1477885 -0.2263471 -0.1783495 -0.0747021 -0.2168311 0.2121958 0.0115390 -0.1269186 -0.0872223 -0.3063850 -0.6600480 0.1241036 0.3031558 0.6227402 -0.4700332 -0.5594100 0.6739281 -0.0298611 0.5196386 -0.4812331 -0.3051312 0.0360975 -0.1070818 0.1718986 0.2424144 0.6316966 0.4645041 0.7991754 0.1089195 0.7921570 0.1548076 -0.3864418 0.5191979 -0.2681898 0.3207911 0.2041363 -0.1971124 0.7286623 0.4199189 -0.4339059 0.2818039 0.1156603 -0.2930177 -0.7068394 0.4239181 -0.2426924 -0.1572602 0.2254634 -0.1917542 0.3403656 -0.6499739 0.6050903 -0.1025381 0.3314848 0.0336340 0.1279478 0.3121688 0.5994121 -0.0350274 0.0444358 0.3608189 0.2560554 0.6947750 0.7516918 0.7984219 0.3258831 0.8451749 0.4354040 -0.2658706 0.0439433 0.0222158 -0.0877607 0.4245701 0.7260147 0.2880682 0.1142775 0.5440816 0.6243334 -0.3166684 0.6712494 -0.0618490 -0.4697531 0.0901687 0.2007078 0.5863188 -0.1522888 -0.0171155 0.6854710 -0.0380312 0.5629522 0.2039170 -0.0108825 0.3787276 -0.1659791 0.8147686 -0.1230888 0.0598060 0.4606809 0.3928826 0.5931801 0.0930404 0.2905442 0.6919697 -0.4533622 0.1901488 0.1333856
-0.2137481 0.9080635 0.8205091 0.8835484 0.4070058 0.8380222 0.8330359 0.0000000 0.5803526 0.8259721 0.8533232 0.8365215 0.7672800 0.7229167 0.1369027 0.6593955 0.2741990 0.2212161 0.5656023 0.6880783 0.8298718 0.7113959 0.5594415 0.0548187 0.3603574 0.3427549 0.3249671 0.1361766 0.7511848 0.3509781 0.8634923 0.0060232 -0.1324602 0.2723392 0.1431938 0.6727905 -0.0549864 0.7321906 0.1188850 0.0901062 0.7559145 0.5179761 0.3161219 -0.0393486 0.6906355 0.6423002 0.2950124 0.6736774 0.1904843 0.2573195 0.0857023 0.1520789 0.7354979 0.2493448 0.6468795 0.6756734 0.0842702 0.1279905 0.6718741 -0.0461352 0.8035880 0.1414364 0.6788756 0.5640167 0.7643262 0.0791286 0.1103691 0.4150787 0.5985936 0.3902567 0.1263875 0.7408850 0.4522782 0.8448706 0.3247469 0.4132859 0.6436097 -0.2418296 0.0372734 0.2698686 -0.7091527 -0.5235406 -0.3631742 0.3374062 0.2587869 0.2788203 0.2364295 -0.1951675 -0.2194401 -0.1043299 0.1706767 0.0936060 0.1886902 -0.3913257 -0.4166831 0.4230641 0.4036704 0.4705132 -0.4211625 -0.1002352 -0.2925979 0.2928254 -0.5908188 -0.2859672 0.5180879 0.2707599 -0.3428977 -0.4814215 -0.1528067 0.0872306 -0.4962614 -0.1582522 -0.2826763 -0.3109962 -0.1279711 -0.1934039 -0.2740916 0.1421181 -0.0723756 -0.0769760 -0.2092823 -0.3610663 -0.6674744 0.0296059 0.1848201 0.7943643 -0.5128452 -0.2804684 0.7203312 0.0284997 0.3314195 -0.2462351 -0.5197024 0.1992414 -0.1785748 0.4014097 0.0206176 0.5097310 0.2379794 0.7080969 0.0054980 0.7183557 0.3107054 -0.3990806 0.3686178 -0.3148793 0.2203371 0.0453647 -0.2201871 0.6018655 0.0588403 -0.3760911 0.2677717 -0.1506842 -0.3207151 -0.6426529 0.3336255 -0.2475843 -0.1358386 -0.1049903 -0.3250597 0.1239720 -0.7432630 0.4054301 -0.1753444 0.2213920 -0.2091856 0.0803424 0.3166366 0.4659015 0.0546133 0.0675037 0.4670457 0.1857707 0.8254782 0.7913555 0.7861790 0.3304368 0.7991566 0.4396748 -0.1270402 0.1473516 0.2122388 0.1035475 0.4388365 0.7065151 0.2930963 0.1047457 0.5375739 0.6710257 -0.1535388 0.7644956 0.0042786 -0.1977347 0.2830530 0.4552749 0.7327438 -0.0628722 -0.2022238 0.8806758 -0.3703962 0.4374402 0.1466681 0.1342748 0.1320945 -0.4804155 0.7694989 0.0219216 -0.2344808 0.2654698 0.1535624 0.6748718 0.0272864 0.2820264 0.6458175 -0.1653946 -0.2777693 -0.0130478
0.0149782 0.7864340 0.3536479 0.6430931 -0.1580350 0.5695632 0.5905216 0.5803526 0.0000000 0.5245292 0.4161542 0.8166204 0.2499559 0.7323232 0.8119728 0.4039467 -0.0832404 0.8321815 0.4641262 0.3902536 0.8605139 0.3887488 0.2439253 0.7318736 0.1859122 0.0574108 0.5367700 0.7547487 0.8967767 0.8021693 0.4054626 -0.2149462 0.5150456 0.8669104 0.2150940 0.6002971 -0.0497779 0.4610730 0.5723732 0.5684622 0.3103258 0.3436054 0.4031710 0.2832091 0.5034741 0.3143189 0.3915277 0.2109623 0.4041255 -0.0601409 0.2672871 0.5047893 0.8770780 0.4036169 0.0139866 0.5066040 0.1979052 -0.2418888 0.1125580 0.1168877 0.4549008 0.1334136 0.4708772 0.2752854 0.5583017 -0.3026434 0.0993201 -0.0181451 0.6795772 0.0132599 -0.2663310 0.5184504 0.1068474 0.4727043 -0.2814068 0.0664597 0.3212236 -0.3599757 0.0034518 -0.0029220 -0.4480427 -0.6907093 -0.1430107 0.4107248 0.6673656 -0.0372573 -0.0465508 0.0904167 0.1993775 0.1915122 0.1533227 0.1572256 -0.4410014 -0.2542095 -0.0341232 0.0871741 0.1473074 -0.1997731 -0.0362018 -0.1824290 -0.2416309 -0.1584814 -0.4401823 -0.2529283 0.5313168 0.1707844 -0.2082303 -0.1749634 0.1244284 -0.1980389 0.0241777 -0.0852648 -0.1043625 -0.3726422 -0.4680880 -0.2351407 -0.4916270 -0.3219977 0.0364440 -0.3091297 -0.3094368 -0.5328655 -0.4583518 0.3184182 -0.1462511 0.4323513 -0.7919663 -0.1851795 0.1930495 -0.1178546 -0.1759673 -0.2237746 -0.6635141 -0.0986249 0.2738746 -0.1878495 -0.3457016 -0.1069805 -0.2523566 0.4760447 -0.3623742 0.1709862 0.2043628 -0.2818088 -0.0368183 -0.4418942 -0.2297380 -0.1911341 0.3317104 0.1315363 -0.2004299 0.0507694 -0.2513943 -0.2433868 -0.0049692 -0.4343699 0.3750412 -0.3650214 0.1096371 -0.2086190 -0.1597565 -0.2898775 -0.5957124 0.2632540 -0.3287105 0.3341690 -0.2867587 0.1894959 0.3906091 0.2735919 0.0586495 0.1209761 0.2191119 0.4122053 0.7201013 0.5737428 0.7687717 0.2335587 0.8692326 0.4028283 -0.1617544 0.0435092 -0.0684346 -0.2116106 -0.2009528 0.1636232 -0.3701516 -0.4140761 -0.0854698 0.1446184 -0.2335691 0.5143030 -0.0207129 -0.0639129 0.0917853 0.3329428 0.5290417 -0.1636439 -0.4939738 0.5536364 -0.3724716 -0.0894086 0.0526825 0.1578007 -0.1658047 -0.4686241 0.3535422 -0.0398289 -0.2920702 0.0562798 0.4024418 0.5819592 -0.3248421 0.1392420 0.6770382 -0.2097377 0.0514487 0.5594790
0.2041604 0.7832933 0.8064329 0.8569801 0.4194498 0.9050798 0.8068260 0.8259721 0.5245292 0.0000000 0.9386508 0.8049251 0.7633949 0.7713222 -0.0101317 0.5791187 0.5663588 0.0857553 0.5331738 0.7203129 0.7865022 0.8249804 0.4902013 -0.1134171 0.4721291 0.4390419 0.5310121 -0.0254735 0.7276299 0.4701197 0.8482984 0.1030950 -0.2763849 0.1222248 0.2220326 0.7253735 0.0390232 0.7566695 0.0425966 0.0530661 0.8316713 0.4845204 0.2718244 -0.1648677 0.6694735 0.5275727 0.2958344 0.7052439 0.1028228 0.1121274 0.1432418 0.1061925 0.6632643 0.2605650 0.5316453 0.5369549 0.2170345 0.3074424 0.6107970 0.0310559 0.7909936 0.1042358 0.3767530 0.7274421 0.8766193 0.3086919 0.1641444 0.5425827 0.4603931 0.5471366 0.4219598 0.8773312 0.5325695 0.9279659 0.5165338 0.5678489 0.7004263 0.0455177 0.3324640 0.5984328 -0.6420163 -0.2746945 -0.2465253 0.2821466 0.3609035 0.3899037 0.1893067 -0.1870872 -0.1856003 -0.1890751 -0.1852187 -0.1552764 0.1608846 -0.2821728 -0.3634446 0.3677754 0.2978281 0.3265641 -0.2893921 -0.0897501 -0.1293692 0.1574924 -0.5605607 -0.1368814 0.2208355 0.3505152 -0.3130920 -0.5663100 -0.3352546 -0.0158933 -0.2799139 -0.0449644 -0.1838452 -0.2025853 -0.0403999 -0.1073883 -0.2104698 0.0474910 -0.1314535 0.0450469 -0.2758058 -0.4358560 -0.5807129 -0.0813105 0.0665681 0.7337370 -0.5467666 -0.1313915 0.6098017 -0.0718886 0.1684086 0.0498603 -0.4892756 0.1840346 -0.2346841 0.3570063 -0.0643343 0.4640421 0.1604314 0.7122094 -0.1829494 0.5908714 0.1442694 -0.3771102 0.1262511 -0.4583442 0.0316245 -0.1312310 -0.3286256 0.4642432 0.1309132 -0.2470920 0.2088882 -0.2049929 -0.5398911 -0.3822137 0.1211876 -0.4299667 -0.2257355 0.0946052 -0.5006537 0.2444636 -0.7040686 0.4297397 -0.2428260 0.0486341 -0.2502352 -0.0945839 0.2005609 0.6678359 -0.1716520 -0.0778632 0.6359195 0.3927875 0.7525755 0.8014799 0.7838624 0.5289038 0.7980477 0.5455532 -0.0459944 0.1287345 0.0928913 0.0482883 0.4375478 0.7800329 0.2506014 0.2180544 0.5728640 0.6712358 -0.0006722 0.7070634 -0.0262481 -0.1593781 0.4004820 0.4959639 0.6504630 0.0932177 -0.1861741 0.6804830 -0.2803507 0.3649524 0.3804242 0.0854418 0.4813256 -0.1029658 0.5856937 0.0305754 -0.3061508 0.0833891 0.2306491 0.6384711 0.1426110 0.1277728 0.5995115 -0.2043173 -0.0046691 0.2528766
0.1697029 0.8081018 0.8270995 0.8619199 0.4550258 0.8801611 0.7265839 0.8533232 0.4161542 0.9386508 0.0000000 0.7202179 0.7103669 0.7783587 -0.0720439 0.7657588 0.5515978 0.0554929 0.5894511 0.7069821 0.6915428 0.8091555 0.6844100 -0.1868830 0.5696575 0.6162407 0.4269734 -0.0642127 0.6484043 0.3886855 0.9254328 0.3066602 -0.3434655 0.0289880 0.3544499 0.7087154 0.2016349 0.8146434 0.0881825 0.0620380 0.9101851 0.5709443 0.3856867 -0.0985678 0.7234714 0.5813055 0.3986694 0.8490542 0.1937294 0.2121729 0.2724298 0.1592403 0.6230391 0.4133504 0.6530485 0.5466878 0.3710391 0.4581644 0.6972503 0.1810190 0.8308881 0.2691877 0.4807287 0.8015217 0.8633983 0.4599576 0.3201330 0.6827320 0.5240050 0.6588715 0.5136383 0.8582739 0.6831031 0.9177418 0.4958282 0.6989253 0.7722039 0.1009849 0.3886699 0.5763225 -0.5886844 -0.3059726 -0.3614249 0.4297223 0.2744837 0.4661283 0.2839475 -0.3660284 -0.2944835 -0.3243811 -0.1105365 -0.2405316 0.1358120 -0.3495394 -0.5248868 0.2505043 0.2667946 0.3087180 -0.5503237 -0.1022097 -0.3134886 0.0898078 -0.4687245 -0.2121402 0.1656632 0.1752217 -0.4475190 -0.6544456 -0.3706982 -0.1073477 -0.5307966 -0.1787720 -0.4356841 -0.3923742 -0.1388727 -0.3466651 -0.3701097 -0.0905056 -0.3578540 -0.1387736 -0.4314278 -0.5289740 -0.6412170 -0.2506423 -0.0376761 0.7065006 -0.5304743 -0.1123138 0.5606780 -0.1518620 0.1197065 0.1061233 -0.5902652 0.0801725 -0.2407994 0.3978664 -0.1774600 0.4179000 0.1336771 0.5411637 -0.1372125 0.5409567 0.1838266 -0.4808012 0.1105634 -0.4650259 0.0520000 -0.1095260 -0.4544022 0.4375212 0.0868509 -0.4364938 0.2179946 -0.2818743 -0.5297082 -0.4524308 -0.0037947 -0.4236929 -0.2659282 -0.0775796 -0.5891320 0.1131211 -0.7779380 0.2311843 -0.2713572 -0.0908459 -0.3187743 -0.2053873 0.1038913 0.4721447 -0.2203733 -0.1512746 0.6289609 0.1087075 0.6906987 0.6777226 0.6076692 0.3162214 0.6715927 0.4749567 -0.1260867 0.1191796 0.1952978 0.1327637 0.4783110 0.7940775 0.3377714 0.2880199 0.5879052 0.6144565 -0.1522094 0.6061819 -0.1716212 -0.2342002 0.2414916 0.3912293 0.5430902 -0.0617838 -0.1444825 0.7061505 -0.3179047 0.4811844 0.3774767 0.1352827 0.4046662 -0.0886924 0.6124576 0.0638320 -0.1880538 0.1496521 0.2688937 0.4598399 0.3116581 0.0277185 0.4192910 -0.0343737 -0.1778317 0.0322667
-0.1069792 0.9091341 0.7206156 0.9165701 0.2712466 0.8624045 0.8632505 0.8365215 0.8166204 0.8049251 0.7202179 0.0000000 0.6107566 0.7038608 0.4694920 0.4938188 0.2003676 0.4451590 0.3981066 0.6402529 0.9535863 0.7025798 0.3337373 0.4204634 0.1606684 0.0803593 0.6155748 0.4756132 0.9054458 0.7017817 0.7279216 -0.2237945 0.2600513 0.6168686 0.0930419 0.5948098 -0.0622009 0.5240537 0.3889443 0.4011516 0.6075794 0.3010295 0.3499875 0.1790496 0.6137490 0.3348371 0.3351034 0.4009576 0.3019362 -0.1595877 0.1299040 0.3746328 0.8892404 0.2864140 0.3011968 0.4421851 0.1392283 -0.1497448 0.4520294 -0.0143587 0.6996799 0.1141659 0.4813729 0.4164885 0.8157261 -0.0404606 0.0565221 0.1386398 0.5616380 0.1107386 -0.0994143 0.7058081 0.2065156 0.8194698 0.0729478 0.1528142 0.4603686 -0.3819489 -0.0248299 0.1766441 -0.5396937 -0.6032773 -0.2456869 0.3097909 0.3608055 0.1746130 0.2218410 -0.1624540 -0.1093890 -0.1310044 0.1522743 0.0880691 -0.1204147 -0.2772441 -0.3258422 0.2873046 0.2973064 0.1162100 -0.2445584 -0.2530665 -0.3265980 0.2748807 -0.5976036 -0.3103548 0.5487275 0.1426755 -0.3218626 -0.4650415 -0.1093268 -0.1593820 -0.2754009 -0.0874402 -0.1757940 -0.4069294 -0.3070187 -0.1787329 -0.4029636 -0.0685031 0.0564598 -0.1011625 -0.2097426 -0.4893167 -0.5455868 0.3143101 0.1979652 0.7374700 -0.7752446 -0.4492564 0.6478171 0.0676304 0.2370499 -0.3519689 -0.5429828 0.1570386 0.0075386 0.0316118 -0.0556643 0.4007911 0.1610099 0.6933111 -0.1166284 0.6130849 0.1612080 -0.2440248 0.2567488 -0.2971408 0.0994870 0.0523406 -0.0032185 0.5194665 0.1065793 -0.1633712 0.1554189 -0.1344787 -0.4015105 -0.5694380 0.2958140 -0.3011910 -0.0611189 -0.0148822 -0.3257345 0.0848553 -0.6953727 0.4366805 -0.2501977 0.2436694 -0.1204220 0.0720012 0.2974036 0.4369273 0.0071465 0.0504177 0.4234265 0.3716471 0.8450417 0.8472807 0.8976365 0.4115270 0.8827435 0.3327089 -0.2160653 0.0086573 -0.0694348 -0.1360669 0.2916297 0.6376774 0.1155328 0.0137989 0.4369497 0.5630277 -0.1605241 0.7520334 0.1195221 -0.1369980 0.2567498 0.4923294 0.7600053 -0.0095366 -0.1832566 0.8159495 -0.1756308 0.2790283 0.3768773 0.2357854 0.1797315 -0.2782908 0.7009090 0.1004011 -0.2126103 0.2221254 0.3489828 0.6872610 -0.1757092 0.2620115 0.7038493 -0.2916909 0.0094591 0.3064307
-0.0957095 0.5664176 0.8622760 0.7066362 0.7978595 0.8101974 0.8667256 0.7672800 0.2499559 0.7633949 0.7103669 0.6107566 0.0000000 0.4843932 -0.2264244 0.4349787 0.6800531 -0.1989810 0.3392899 0.8459659 0.5050556 0.8439238 0.5004076 -0.2495278 0.2357952 0.2929194 0.3511703 -0.2098270 0.3868969 -0.0292340 0.8094273 0.0677140 -0.2776849 -0.0747575 -0.0019643 0.4095165 -0.0826658 0.5193581 -0.1164353 -0.1156512 0.7484448 0.2629729 0.1874219 -0.1308370 0.4579595 0.4819891 0.1316260 0.5468350 -0.0783006 0.0777794 -0.1187065 0.0213649 0.3264080 0.0164218 0.5728237 0.4348134 -0.0450825 0.2533847 0.5399581 -0.2301794 0.5518069 0.0302007 0.4551584 0.3897724 0.6012608 0.3701229 0.0409375 0.4482314 0.3375621 0.3348094 0.3717975 0.4763574 0.3990102 0.6656822 0.6328835 0.3295278 0.3784181 0.0020615 -0.0398332 0.3181891 -0.6673838 -0.2930906 -0.3251116 -0.0116709 -0.0647539 -0.0006588 -0.1440224 -0.1355983 -0.5825809 -0.3322959 -0.0494127 -0.2497491 0.2767942 -0.3975956 -0.4198791 0.3919510 0.1284401 0.4940282 -0.2820073 -0.2493467 -0.1753077 0.4173431 -0.5102755 -0.2254534 0.2709912 0.2329861 -0.3915512 -0.3654898 -0.4265173 0.0966617 -0.1257855 -0.2721721 -0.0436776 0.0145834 0.0032603 0.1116242 0.0144885 0.4331289 0.0606420 0.0701083 0.1574330 -0.0138896 -0.5385047 0.0153021 0.3752056 0.6540753 -0.1260556 -0.4408642 0.6757889 -0.0853751 0.6014622 -0.3436053 -0.0666636 0.1214048 -0.1575241 0.4507727 0.3725809 0.7709739 0.6151947 0.8090212 0.2574995 0.8679360 -0.0182126 -0.3769146 0.5957241 -0.1072172 0.4681753 0.3012022 -0.3716718 0.7707576 0.5800978 -0.5629841 0.4202169 0.3073943 -0.2743194 -0.6077294 0.2951871 -0.1296692 -0.3866897 0.4014691 -0.1287582 0.4805437 -0.4459948 0.5815761 0.0306167 0.3807140 0.2029372 0.0744440 0.2061752 0.6354366 -0.0887188 0.0227222 0.3450030 0.1125237 0.4485354 0.5662101 0.5970319 0.3375564 0.6369424 0.3782444 -0.1446131 0.0475272 0.0476184 -0.0346110 0.4942515 0.6791866 0.3977762 0.2729142 0.5824494 0.5792081 -0.1750220 0.4964075 -0.1912057 -0.5171339 0.2013803 0.1179100 0.4113864 -0.0586560 -0.0256359 0.6073169 -0.0984239 0.6111959 0.0520993 -0.2981416 0.5405872 -0.0900141 0.8211109 -0.1678642 -0.0145796 0.3863805 0.1580368 0.4467787 0.1805614 0.1211714 0.4901040 -0.4479210 0.1844844 -0.0423900
0.0972286 0.7828270 0.5851692 0.7372481 0.0795869 0.7622228 0.6492169 0.7229167 0.7323232 0.7713222 0.7783587 0.7038608 0.4843932 0.0000000 0.3103353 0.7871686 0.4218527 0.5326755 0.8847071 0.5216044 0.7549029 0.7020016 0.6907869 0.1733085 0.7618845 0.6436048 0.5982712 0.2901007 0.7935127 0.5466164 0.7182457 0.3634867 -0.0661357 0.3387124 0.4829012 0.7699783 0.2759582 0.8910676 0.2740435 0.2357769 0.7791606 0.6972735 0.4513986 -0.0052254 0.7911500 0.7321177 0.6029773 0.6636705 0.4084068 0.2937977 0.4450810 0.2990118 0.7841955 0.5393161 0.4901593 0.8132146 0.5193593 0.4132119 0.5249168 0.3044006 0.7711294 0.2929993 0.6794693 0.7544807 0.8268107 0.2572109 0.3959482 0.5510375 0.8849500 0.5902584 0.2656459 0.7793628 0.5581907 0.7197388 0.2587559 0.6117920 0.6548749 0.0439147 0.3900525 0.4011629 -0.4795120 -0.5706872 -0.5322945 0.4872288 0.5045825 0.0956485 0.0365040 -0.2923429 -0.1309704 -0.1233671 0.0919122 -0.1321101 -0.3168589 -0.5820630 -0.2041222 0.2426241 -0.0319603 -0.1075514 -0.4788875 -0.2777118 -0.4272902 -0.3837677 -0.5929897 -0.3786335 0.3935311 0.3271970 -0.5758223 -0.3832033 -0.3245329 -0.2531752 -0.2690954 -0.4190183 -0.5026388 -0.4587533 -0.4593198 -0.5123346 -0.5570621 -0.2951501 -0.4040470 -0.4215062 -0.6166290 -0.7249405 -0.6905277 -0.3174455 -0.3064168 0.4011239 -0.6330129 0.0003720 0.1877983 -0.3244664 -0.2055748 -0.0222930 -0.7497209 -0.3021513 0.0144019 0.1501850 -0.4293446 -0.0458810 -0.2301156 0.3622113 -0.4449879 0.1801846 0.2065421 -0.7132689 -0.1833544 -0.7922140 -0.3208417 -0.3559132 -0.2552908 0.1958084 -0.1996342 -0.3371814 -0.2807863 -0.4187297 -0.2573470 -0.4959039 0.1336739 -0.7019035 -0.2256120 -0.1530861 -0.5637159 -0.2143402 -0.7718963 0.2246130 -0.4909015 0.0157556 -0.6112188 -0.1289171 0.0927167 0.3125757 -0.2539187 -0.2438073 0.2684367 0.1943637 0.6792696 0.5426679 0.6560582 0.2083360 0.8550091 0.5461536 -0.2575305 0.0465873 0.1251583 -0.0385910 0.0965972 0.4702583 -0.1011284 -0.1142602 0.1381503 0.2598158 -0.3190131 0.4426560 -0.2640459 -0.2201581 0.0088051 0.2432069 0.3973284 -0.1919192 -0.3350436 0.4749854 -0.4188544 0.3287150 0.1436113 0.2234865 -0.0226650 -0.2698455 0.3293806 0.0208035 -0.1364746 0.2872121 0.5260760 0.5097551 0.0314905 -0.0315104 0.5988601 -0.1843584 -0.0035441 0.2179243
0.0088764 0.4712865 -0.0407050 0.2498185 -0.3880234 0.1175376 0.1776344 0.1369027 0.8119728 -0.0101317 -0.0720439 0.4694920 -0.2264244 0.3103353 0.0000000 0.0959064 -0.4803216 0.8624558 0.0687094 0.0007531 0.4797696 -0.0376513 -0.0181064 0.9616111 -0.1692199 -0.2718972 0.3462699 0.9204453 0.5943752 0.7172474 -0.0210726 -0.3129145 0.8399178 0.9619083 0.1454260 0.2359830 -0.0655736 -0.0017136 0.7473191 0.7558645 -0.1696239 0.0729654 0.3756229 0.5921320 0.2093760 -0.0649620 0.2699155 -0.1863884 0.5072879 -0.2483258 0.2740669 0.6427400 0.6182012 0.4214239 -0.3369684 0.1095184 0.1292288 -0.4799430 -0.2013968 0.1965962 0.0625677 0.1948642 0.1873303 -0.1289755 0.1169580 -0.4789826 0.0957640 -0.3471768 0.4095291 -0.3324673 -0.5580330 0.0830029 -0.1646441 0.0159618 -0.6751712 -0.2820584 -0.0559988 -0.5215172 -0.2345423 -0.3424736 -0.1231233 -0.5513589 0.0852451 0.4213225 0.5668456 -0.1147783 -0.0791272 0.1643393 0.3528430 0.2545599 0.3185948 0.1907279 -0.6444890 0.0373275 0.1387113 -0.2247942 0.0864382 -0.4725336 0.0897568 -0.0604184 -0.2226110 -0.2180183 -0.0362223 -0.0978047 0.3401536 -0.2074805 -0.0260050 0.1374872 0.3082419 -0.2662795 0.0993391 -0.0053889 -0.0200649 -0.3770183 -0.5108056 -0.2365398 -0.4743198 -0.4846845 0.1384390 -0.3912822 -0.1875483 -0.3357500 -0.0765994 0.5089354 -0.1579796 0.1166619 -0.5998159 -0.1617172 -0.0929727 -0.0151835 -0.2835372 -0.2250804 -0.4745122 -0.1478254 0.3844272 -0.4460143 -0.3992902 -0.3776013 -0.3935778 0.0717179 -0.1877658 -0.1546974 0.2306814 -0.0140005 -0.1310249 -0.0982691 -0.2275872 -0.0896955 0.6027109 -0.1315799 -0.2464519 0.1935986 -0.3129454 -0.1324715 0.3261950 -0.2100505 0.3286737 -0.1084726 0.3981852 -0.2777094 0.1029639 -0.4690648 -0.2288701 0.0388083 -0.1827765 0.2639247 -0.0792050 0.1972206 0.3141846 -0.1212987 0.1409940 0.1960088 0.0207319 0.1901608 0.3919693 0.1737043 0.3550812 -0.0380437 0.4471976 0.1326328 -0.0860672 0.0483159 -0.0870529 -0.1744623 -0.4049515 -0.2125226 -0.4496238 -0.4644302 -0.3323040 -0.1934922 -0.2718032 0.1481152 0.0110484 0.0320860 -0.1276932 0.1118758 0.2302659 -0.2303626 -0.3509005 0.2895502 -0.1247730 -0.3009370 -0.0023594 0.1686163 -0.4231892 -0.3498943 0.0941545 0.0115806 -0.0635091 -0.0176026 0.2804634 0.1877947 -0.4053460 0.1311703 0.2773976 -0.0216814 -0.0082749 0.5028986
-0.0298022 0.6791810 0.6355465 0.7188756 0.3184612 0.6680311 0.4650016 0.6593955 0.4039467 0.5791187 0.7657588 0.4938188 0.4349787 0.7871686 0.0959064 0.0000000 0.4256947 0.3205800 0.7300346 0.5940702 0.4697730 0.6171819 0.8407302 0.0196065 0.6545324 0.7950774 0.3759931 0.1712972 0.4634877 0.3309851 0.7877963 0.5684511 -0.1114942 0.1143471 0.6033807 0.4306130 0.5764781 0.7054292 0.3719464 0.2459037 0.7903797 0.4707752 0.6195201 0.1018330 0.5948942 0.5236101 0.7295682 0.7027001 0.3170798 0.1696949 0.5968980 0.3924010 0.4981663 0.6490618 0.4744042 0.5583729 0.7220022 0.4678809 0.4865431 0.4881948 0.5864486 0.5037725 0.7418777 0.5938877 0.6297319 0.5230010 0.5489886 0.6033766 0.8065465 0.5058840 0.3683892 0.4983252 0.6020441 0.5644978 0.1421013 0.5842335 0.5033230 0.1010339 0.2968567 0.1644615 -0.2997782 -0.5248405 -0.5491001 0.6196082 0.2011124 0.0890083 0.1548297 -0.4570217 -0.4629715 -0.4095117 0.1251326 -0.3898662 -0.2609708 -0.5739061 -0.5865613 -0.1386952 -0.1601085 -0.0854436 -0.8168926 -0.4173029 -0.7013488 -0.2801551 -0.3940804 -0.5978691 0.2231572 -0.1263321 -0.7082846 -0.5122199 -0.3270669 -0.3680286 -0.5359511 -0.6064630 -0.7625195 -0.6458258 -0.5761643 -0.7522310 -0.7178790 -0.4680828 -0.6433408 -0.6269108 -0.6058296 -0.7210038 -0.7068286 -0.4335160 -0.4079009 0.3738512 -0.5239454 -0.1782572 0.1022974 -0.5315241 -0.2144425 -0.0225357 -0.7791216 -0.4267100 0.1957211 0.0852885 -0.5323512 -0.0114293 -0.1197556 0.1049304 -0.3049708 0.1727086 -0.0262632 -0.7927132 -0.0757504 -0.5839101 -0.1920869 -0.1933357 -0.5235057 0.1455567 -0.0728549 -0.6882947 -0.2209833 -0.4014849 -0.3393973 -0.5422474 -0.2633626 -0.5804534 -0.4859267 -0.3062885 -0.6677952 -0.4144520 -0.7057932 -0.1529911 -0.5525163 -0.0168803 -0.4383860 -0.4090449 -0.2127365 -0.1003816 -0.4483230 -0.4320379 0.1739953 -0.3563575 0.3562656 0.2128561 0.2569562 -0.1824866 0.4925321 0.1395361 -0.5024442 -0.2211852 -0.0046483 -0.1437188 0.1547485 0.4074774 0.0591615 0.0863932 0.1639800 0.0676716 -0.5687119 0.1346835 -0.5423499 -0.4332798 -0.2486134 -0.0166350 0.1278507 -0.4038107 -0.2060233 0.4888982 -0.3631962 0.4652909 0.1070679 0.1338717 0.0470820 -0.1235741 0.4507459 0.1357673 0.0394995 0.3583551 0.5470908 0.0964228 0.2934859 -0.3639769 0.1942912 0.1373192 -0.0948390 -0.2438883
0.2546223 0.1334448 0.5960245 0.3690112 0.6965790 0.5624114 0.4734849 0.2741990 -0.0832404 0.5663588 0.5515978 0.2003676 0.6800531 0.4218527 -0.4803216 0.4256947 0.0000000 -0.3923637 0.3968984 0.6377760 0.0829378 0.7821878 0.5439668 -0.5307289 0.5067482 0.5477732 0.4416610 -0.4679689 0.0761757 -0.1753882 0.6180725 0.4654847 -0.4925142 -0.4406517 0.1183133 0.1994639 0.2351845 0.4677043 -0.2582532 -0.2732543 0.7590102 0.2276860 0.0643087 -0.2674502 0.3866951 0.3465147 0.1988443 0.4961648 -0.1136773 0.0257006 0.0279917 -0.1069329 -0.0088257 0.0704559 0.4853526 0.2328610 0.2988337 0.6524833 0.4161368 -0.0259373 0.3795970 0.0350923 0.2567018 0.4848155 0.5160809 0.8008849 0.1931563 0.5665953 0.2805664 0.5059391 0.6505733 0.3399596 0.4202584 0.4377443 0.7568051 0.4856437 0.2244043 0.4376301 0.2767185 0.4504767 -0.2578896 -0.0694316 -0.4874414 -0.1120207 -0.2663927 -0.0857990 -0.2574334 -0.4496768 -0.6940673 -0.6678198 -0.2388828 -0.5858052 0.0147074 -0.4378112 -0.4118598 0.1613246 -0.3415740 0.0078656 -0.4290673 -0.4152163 -0.2762518 -0.0325022 -0.2632164 -0.2107201 -0.0564270 0.0963301 -0.6137227 -0.3958508 -0.6828499 -0.3102317 0.0003342 -0.4993600 -0.3052127 -0.1048330 -0.1978175 -0.1534318 -0.1410295 0.1074072 -0.3002861 -0.0847928 -0.1097791 -0.1697404 -0.2914820 -0.4213938 0.0885134 0.2034209 0.0421313 -0.1758557 0.2049361 -0.3028012 0.2439977 -0.0426217 0.0469493 -0.2645386 -0.1353546 0.3273970 0.1210710 0.4199176 0.3974381 0.2655239 0.0700569 0.3791678 -0.3209930 -0.4863820 0.1051465 -0.2962741 0.1642841 0.1524643 -0.6173900 0.4539443 0.5578690 -0.6202275 0.1586971 0.2385204 -0.3840052 -0.3225120 -0.1716599 -0.3829596 -0.6292127 0.5297584 -0.3735473 0.3934401 -0.2377149 0.2728065 -0.0742451 -0.0964372 0.0241646 -0.2757027 -0.2591654 0.3506544 -0.4378367 -0.3609770 0.1151668 -0.1342876 -0.0015143 0.1284091 0.1382912 0.1655881 0.2834092 0.2337831 -0.2162100 -0.0862388 -0.0351911 -0.0695662 0.3762868 0.5219406 0.3111148 0.4053546 0.3767662 0.1765894 -0.1964032 -0.0295801 -0.4241727 -0.5022362 -0.0580163 -0.1789431 -0.1249566 -0.0562482 0.1425562 0.0536274 0.0956170 0.6712706 0.2534580 -0.2446891 0.5785914 0.5141851 0.3452350 -0.0705666 0.2426064 0.4125657 0.3700667 -0.0275705 0.3215497 -0.3063302 0.0476116 -0.4633106 0.4319423 -0.0725827
