0.0000000 0.0163501 0.1705048 0.1741745 -0.1592409 -0.5353673 0.2313435 0.1260895 -0.2328990 -0.3098870 0.0868097 -0.1720442 0.0191684 -0.1294459 -0.1303225 0.1591151 0.2593260 -0.3224501 0.1440250 0.4959694 -0.2414674 0.3240917 0.4968302 -0.3462122 0.3714322 0.4508146 0.4916490 -0.3299077 -0.4320257 -0.0006028 0.1597150 0.2955190 -0.3409031 -0.5253893 0.3290415 -0.2286150 0.3042467 0.2729338 0.1157332 -0.1922599 0.3607476 -0.3592076 0.2787577 -0.4071461 -0.3936260 0.4616198 0.1799056 0.2623876 -0.3239748 -0.4659368 0.1746471 0.1420492 -0.2450424 -0.2798684 0.2540040 0.1582339 0.2897422 -0.4663527 0.1165194 0.0883041 -0.0244563 0.0886786 0.2812830 -0.2513723 -0.2380004 0.3551195 0.1684006 -0.0560158 0.2629308 -0.2339351 0.1394048 -0.1628975 -0.0998872 -0.1701437 0.0946421 -0.3427449 -0.1556492 -0.0914859 -0.2478464 0.2251342 -0.2275211 -0.1880180 0.0790356 0.2931390 0.2195399 0.2792511 -0.0640925 0.0572745 0.3501214 0.0917123 0.2793557 0.0703780 0.3130334 -0.0424957 0.2119910 0.0693499 0.3180047 0.1671981 -0.1410640 -0.1196155 -0.2084681 0.3095136 -0.1144250 -0.1815409 0.3595270 -0.0486762 0.4336226 -0.3558320 0.3488560 0.1476632 -0.1675808 0.2837173 -0.1649014 0.2053850 0.2756848 0.2030537 0.4148796 0.3020788 0.2683643 0.4410617 0.4513176 0.4445894 0.0083487 0.3795112 0.4088816 0.2602006 0.4113517 -0.1312567 0.4181817 0.1710736 0.3432489 -0.2353434 0.1706943 -0.1393892 -0.0260034 0.0294061 0.0875621 0.4722633 0.0401318 0.2630826 -0.0443533 0.3771919 -0.0824004 -0.0150671 0.0217000 0.1209102 0.0926093 0.0416252 0.0335073 0.0296697 0.0183139 0.1894654 0.4272317 -0.2946036 0.2982843 0.0977661 0.1311157 0.2342590 0.0179114 0.3576169 -0.1312565 0.1551790 -0.1973868 0.4622800 0.0894805 -0.1965673 -0.3623676 -0.1614728 0.2052237 -0.2256891 -0.1619208 -0.1196586 0.6732655 0.5295704 0.0099392 -0.0719289 -0.1220200 0.0697982 -0.0693666 -0.0756773 0.0877631 0.0787109 0.0473848 0.1336598 0.3016923 -0.0927888 0.3519172 0.2270104 0.1354815 0.0329056 0.3389907 0.2273748 0.3535069 0.2447398 0.1983380 0.2365354 0.1175087 0.3390139 0.2963070 0.3649232 0.1420702 0.0745939 0.0122987 -0.0321430 -0.2272782 -0.2727886 0.2975170 0.2155072 0.0409631 -0.0804886 0.2571450 0.4170101 -0.1122712 -0.0547955 -0.4215427 0.2214006 0.5135284 0.1224688
0.0163501 0.0000000 0.6985170 -0.0878334 0.6127057 0.5300167 0.3187946 0.0616546 0.1864981 0.2804800 -0.0301219 0.8278971 0.5159789 -0.0101700 0.6040993 -0.1365246 0.1858675 0.4070123 0.1841936 0.5475084 0.6451864 0.4808170 0.2661478 0.4184291 -0.0561726 -0.1261963 0.1294776 0.0760807 0.5991569 -0.0777059 0.5567630 -0.0053251 0.2016601 0.4114712 0.0001250 0.2282445 -0.1021527 0.1307928 0.0609773 0.0511017 0.4566839 0.2663993 0.0328947 0.0986834 0.0862987 -0.0713493 -0.1227242 0.4070657 0.3115315 0.2999532 -0.1234022 -0.0152304 -0.0701796 0.0472341 0.3002546 0.1295842 0.0756367 0.2309120 0.0151420 -0.0938490 0.1579330 -0.0904402 0.4104936 0.1988263 0.0884108 0.4483413 -0.0455145 0.1201507 0.4465284 0.2174214 0.3502463 0.2133300 0.0356956 0.4414965 0.6140297 0.1538547 0.4144296 0.3974299 -0.0476063 0.4661866 0.0964057 0.0337392 -0.0989650 -0.1040978 0.0983396 -0.0942512 0.0323944 -0.0170958 -0.0502494 0.0084018 -0.1064398 0.1135679 -0.1705218 -0.0312188 0.3306953 -0.1317970 -0.1862199 -0.3764764 0.2814562 -0.2587358 -0.0366879 -0.3566782 -0.3306130 -0.3413706 -0.0967708 0.3340290 -0.2335717 -0.2908026 -0.1251006 -0.5385841 -0.3024582 -0.2701622 -0.4628041 -0.5078525 -0.4134856 -0.4225192 -0.3809123 -0.3695062 -0.4270726 -0.2969399 -0.2982074 -0.4195957 0.0055511 -0.1193510 -0.2345923 -0.0679268 0.0132508 -0.0830185 -0.1518143 -0.1851986 -0.0086086 -0.0945869 0.2137659 -0.2879615 0.3407020 -0.4135556 -0.1951326 -0.0189790 0.1502272 0.3166710 0.0519468 0.1326432 -0.0391264 0.1816512 0.0498819 -0.4026645 0.1637501 0.1789793 -0.0606066 0.3735451 0.1458536 -0.1050142 0.2127261 -0.2555594 0.1844417 0.0172334 -0.0849317 0.1643019 -0.2996617 0.0625100 0.3342326 0.2734499 -0.2410377 -0.0648814 0.2448398 0.2687464 -0.1081510 -0.2480303 -0.1694546 0.2298238 0.1308193 0.0522289 -0.2766055 -0.0367285 0.5972761 0.7131758 0.6030033 0.4953450 0.4007754 0.1260225 -0.0726817 -0.0057455 -0.0185065 -0.0181075 0.0321668 0.2918370 0.2757114 0.4036413 0.5019342 0.4349102 -0.3125850 0.5316478 0.5079272 -0.2637942 -0.1060640 0.0682210 0.1257862 0.5806560 0.4028266 0.1007398 -0.0453079 -0.0215402 -0.2022770 0.0877348 0.7145613 0.5904911 0.2697263 0.6686488 0.0259430 0.0528030 -0.2737049 0.0992323 0.8185143 0.3349751 0.3561414 0.6152158 0.3003600 0.3527238
0.1705048 0.6985170 0.0000000 0.0938927 0.6973437 0.4009799 0.2884550 0.1863844 0.0853762 0.2868110 0.1839116 0.4396969 0.6132628 -0.0328569 0.1130461 -0.1364341 0.2005061 -0.0988605 0.2350565 0.4418978 0.4433238 0.3777665 0.3913172 -0.0577904 0.0892198 0.1439285 0.2845479 -0.1321000 0.0837204 -0.1085139 0.3142701 0.3488592 -0.0399047 -0.0033112 0.2820987 0.2150935 0.2192918 0.4286781 0.2836510 -0.0386638 0.6409624 0.0759912 0.4163355 -0.0882426 -0.0574031 0.3135645 0.2464820 0.6675606 0.1450207 0.2605711 0.1746417 0.3547868 -0.0048196 0.1825353 0.6302611 0.4990381 0.3633739 0.0224397 0.1355389 0.1445020 0.2823458 0.0793467 0.6242804 0.1618161 0.1883202 0.6436441 0.1034443 0.0672727 0.5010681 0.1062398 0.4625098 0.1902242 0.0415440 0.5721816 0.5785869 0.1211774 0.5278475 0.4319472 0.0465011 0.7460476 0.2753081 -0.4843838 -0.3016736 -0.3394186 -0.1919801 -0.2785239 -0.0606932 -0.2150801 -0.2153106 -0.3160816 -0.3065918 -0.1497096 -0.3698314 -0.1212164 0.0294878 -0.0455459 -0.3043283 -0.4116166 0.0214323 -0.0012463 -0.0831212 -0.4505640 -0.4442565 -0.2309437 -0.2503888 0.1953625 -0.5090673 -0.4644402 -0.3360607 -0.6683562 -0.4465471 -0.4514534 -0.5321783 -0.5241472 -0.5365022 -0.4232675 -0.3722299 -0.4398154 -0.3863862 -0.3382928 -0.3847799 -0.4490875 -0.2051655 -0.1292556 -0.3457418 0.0128283 -0.0213183 -0.2636482 -0.2173213 -0.1764171 -0.1299222 -0.3326935 0.2438488 0.0589871 0.3363216 -0.3578949 0.0345951 -0.2586619 -0.0902132 0.0770363 0.1014299 -0.0354459 -0.1128351 0.1959799 0.1668523 -0.1255980 0.2115431 0.3138298 -0.1573825 0.1319110 0.0389325 -0.1406879 0.0318054 -0.1442057 0.1702495 -0.0370480 -0.2534635 0.1883656 -0.3510745 -0.0522461 0.4629173 0.1142997 -0.3502635 -0.2462846 0.0990929 0.0931900 -0.2256255 -0.2925216 -0.2933385 0.1523899 0.1930131 0.0958973 -0.1113600 0.0310269 0.4339544 0.4584052 0.3922710 0.4238947 0.3838872 0.2394922 0.1423713 0.1849522 0.1239885 0.2035076 0.2700753 0.5100113 0.6299264 0.7921672 0.7221698 0.5151241 -0.2030918 0.6803210 0.6229296 -0.2124664 -0.0668274 -0.1017839 0.0033372 0.5174210 0.5681375 0.0381549 0.0006444 -0.0787412 -0.4312951 -0.2164319 0.4382288 0.4515869 -0.0742532 0.4591146 0.0012075 0.0351264 -0.5253134 0.0296340 0.7476072 0.4889140 0.2425013 0.4891912 0.3603228 0.4364181
0.1741745 -0.0878334 0.0938927 0.0000000 0.0312361 -0.4415421 -0.2992564 0.9581011 -0.3862581 0.0464156 0.8847279 -0.1570995 0.6739533 -0.2915315 -0.5551842 0.5802161 0.2940119 -0.6094303 0.7624639 0.2894496 0.2175942 0.3461157 0.6047056 -0.6931068 0.6284002 0.4024542 0.1705688 -0.6245914 -0.2907613 -0.3555848 0.1907565 0.5474177 -0.5675988 0.0501996 0.3118278 0.4148330 0.3502312 0.6510459 0.1707991 -0.3351213 0.3897770 0.2439208 0.3812440 -0.4827891 0.6253092 0.5550910 0.3738604 0.3866527 0.0236412 -0.0965828 0.4068676 0.2244337 0.8579774 -0.1199619 0.5460774 0.5646383 0.4315377 0.0392282 0.2940815 0.4206825 0.6446937 0.3529417 0.5098926 0.7765724 0.7473937 0.3949557 0.5623700 0.5512627 0.2937010 0.7059147 0.5711205 0.7998400 0.7507223 0.5764136 0.2088567 0.6578137 0.4976691 0.5675468 0.7343818 0.3411180 0.6733323 -0.4922085 -0.1137076 -0.2844923 -0.3640815 -0.1379312 -0.2700071 -0.3626844 -0.0240108 -0.3165719 -0.2414822 -0.4006042 -0.1987413 -0.3181451 -0.1462017 -0.1934993 -0.2423182 -0.1600343 -0.3648041 0.0561542 -0.2930645 -0.1765808 -0.2774072 -0.0333324 -0.2225580 -0.2078968 -0.1988804 -0.3464243 -0.0898669 -0.0632386 -0.2088856 0.0000191 0.1131463 0.1802336 0.1541981 0.2492606 0.2476940 0.1930111 0.2080359 0.0816007 0.1411649 0.2038015 -0.5466655 -0.1093908 0.0615469 0.1682150 0.1010436 -0.3583371 0.0352749 -0.0452998 -0.0421090 -0.4784042 0.0701299 -0.2865599 -0.5721671 -0.0633470 -0.1701453 -0.1929327 -0.4539040 -0.1899951 -0.2049785 -0.3396334 -0.5038011 -0.1929229 -0.1049139 -0.0367588 -0.2856324 -0.1947273 -0.4983830 -0.5921364 -0.2620738 -0.1150415 -0.4537282 -0.4445882 -0.3368429 -0.0876102 -0.3972183 -0.1569155 -0.4433145 -0.1696656 -0.3915534 -0.5945392 -0.3067501 -0.2464898 -0.5443812 -0.4273310 -0.5710805 -0.3985418 -0.4166494 -0.5740232 -0.4143973 -0.2937504 0.4379586 0.2502001 -0.2587492 -0.4499738 0.0446195 -0.4283109 0.1068095 0.1168396 0.0190704 0.1260761 0.3144767 0.1494148 0.3296228 0.2822448 0.2387049 0.3280167 0.4368582 0.6703248 -0.0540065 0.2785481 0.0536986 0.0572930 0.0688476 0.0356470 -0.1422471 -0.2064986 -0.0031685 0.0215111 -0.2691700 -0.2927168 -0.6498205 -0.3758490 -0.4762897 -0.1340795 -0.1195430 -0.1068274 -0.2418151 -0.1960454 -0.5579723 -0.2628853 -0.3049822 -0.2006307 -0.0686608 0.0477301 -0.1780582 -0.2872224
-0.1592409 0.6127057 0.6973437 0.0312361 0.0000000 0.4309145 0.1471822 0.0885009 0.3244901 0.1836813 0.0515663 0.5486810 0.5774340 0.0481140 0.3648212 -0.2503741 0.0567174 -0.0133221 0.1638036 0.3460372 0.5760692 0.1696002 0.1692026 0.2370393 -0.0159989 0.0043859 0.3491074 0.1576434 0.4896699 0.1544136 0.1437047 0.2302284 0.2308850 0.2419240 0.1860192 0.4316322 0.0697797 0.2756386 0.2407911 0.2446851 0.4060492 0.3322279 0.2971561 0.1505369 0.1939797 0.1431132 0.1427754 0.4068503 0.2799328 0.6121817 0.0908014 0.2629355 0.1506486 0.3441048 0.4796073 0.4837162 0.2257201 0.2800461 0.2905840 0.0851691 0.4852474 0.0679307 0.6643198 0.3224841 0.3582443 0.5349181 0.0193701 0.1449826 0.5638684 0.2603661 0.4291349 0.3850678 0.2082969 0.6922698 0.6549850 0.3859431 0.6174299 0.5253986 0.2876059 0.6961266 0.4466738 -0.1594713 -0.2583459 -0.4423489 -0.2534559 -0.2719198 -0.0992048 -0.2011694 -0.1115140 -0.1699482 -0.5009826 -0.4476332 -0.5342748 -0.0813847 -0.0500584 -0.4196438 -0.5958149 -0.6402691 0.1113521 -0.1523338 0.0304068 -0.6442385 -0.5311779 -0.2979331 -0.4243488 0.0627728 -0.5482113 -0.5514791 -0.4541796 -0.6562501 -0.4345738 -0.5727216 -0.5452987 -0.4801425 -0.5741307 -0.5544481 -0.4101543 -0.5366446 -0.5556606 -0.4668345 -0.4550453 -0.4739328 -0.4582826 -0.2078159 -0.4593730 -0.2273162 -0.2420051 -0.4865896 -0.3752349 -0.3334081 -0.2802082 -0.4704508 0.0909552 -0.0696970 -0.0337115 -0.5510744 -0.2132723 -0.3862172 -0.0686608 -0.1081077 -0.1708691 -0.1339373 -0.3316535 0.2448060 0.0923590 -0.3090482 -0.0496983 0.0112089 -0.3503019 0.1503359 -0.2789738 -0.3056634 -0.1749488 -0.2799232 -0.0694837 -0.1131642 -0.5730403 -0.0381902 -0.5316886 -0.4784289 0.3356184 -0.0649984 -0.5163586 -0.6082122 -0.0152566 0.0363829 -0.1814241 -0.4451273 -0.6116876 -0.0590776 0.0703107 -0.1187048 -0.3315091 -0.3080732 0.4842719 0.4337323 0.2515509 0.4193111 0.3225614 0.2079134 0.0311708 0.1236712 0.2178229 0.1917991 0.3042421 0.6498037 0.6818750 0.7840104 0.7652216 0.5109303 -0.4428546 0.5591671 0.5104651 -0.2843733 -0.2075676 -0.1413792 -0.3262534 0.4481933 0.4796437 -0.2891930 -0.0041179 0.0721490 -0.4358487 -0.1634897 0.5084633 0.6739020 -0.2870000 0.4449598 0.0473391 0.1941971 -0.4561641 -0.1739181 0.7310504 0.7436600 0.5166465 0.4981640 0.2758714 0.4692663
-0.5353673 0.5300167 0.4009799 -0.4415421 0.4309145 0.0000000 0.0326658 -0.3185976 0.5637812 0.5412895 -0.2855348 0.3665094 0.0403422 0.4540781 0.4826224 -0.3824086 0.1178968 0.5694923 -0.2208202 -0.0339304 0.2071535 0.1445905 -0.1399540 0.6275668 -0.1456637 -0.0870157 -0.0163771 0.6065473 0.4853514 0.3459449 0.3114001 0.0134443 0.6008014 0.2075062 0.1217256 -0.1689355 0.0493029 0.0178634 0.2344104 0.3950610 0.2600100 -0.0601916 0.1283680 0.5940162 -0.1165180 -0.1683819 0.0912334 0.2350073 0.4794263 0.5375477 0.0876734 0.2016090 -0.1942201 0.4931353 0.1360497 0.0316016 0.1261144 0.4465245 -0.4409403 0.1561766 -0.3199087 0.1093023 0.0307797 -0.0443395 -0.0416379 0.2129073 -0.0045362 0.0333812 0.1389130 -0.0067555 0.1871150 -0.1013671 -0.0267983 0.1386391 0.3862843 0.0453953 0.1700459 0.2366991 -0.0813061 0.1940521 0.0499811 0.2802890 0.0499861 -0.0699724 0.0303922 0.0433879 0.4130667 -0.1056381 -0.0271997 0.0995643 0.0168836 0.3060747 -0.1257103 -0.1565575 0.0811774 0.1464979 -0.0028940 -0.2076222 0.2136830 -0.2460962 0.1531834 -0.1975240 0.1205371 -0.1940024 0.0090975 0.4455355 -0.2720037 0.2386427 -0.0771685 -0.3295010 0.0139960 -0.2230581 -0.1146928 -0.4692222 -0.4782496 -0.3983458 -0.6455189 -0.4245109 -0.4379070 -0.5085640 -0.5387421 -0.6901082 0.2559406 -0.1152900 -0.3581580 -0.2474190 -0.0362731 0.2529358 -0.2627323 0.0353998 0.0147640 0.1008411 0.1223313 -0.0519663 0.3601612 -0.1233232 -0.0047442 -0.2149855 0.1444138 0.0013295 0.0968786 -0.0048850 0.2158407 0.4756635 0.2033231 -0.2108670 0.2218363 0.2176404 0.0581002 0.2815711 0.0155481 -0.0853666 -0.0175622 0.1484322 0.0724098 0.0602335 -0.0075780 0.0315913 -0.0426495 -0.1012311 0.4443396 0.0666387 0.1404344 -0.1528794 0.0923833 0.3376179 0.2794812 -0.0313943 -0.0645240 0.3356120 0.1937237 0.1837174 -0.6450053 -0.5223363 0.1448843 0.3659674 0.1111238 0.1567689 -0.1103467 -0.2714733 -0.3541694 -0.4016170 -0.4369007 -0.3891241 -0.4390720 0.2181801 -0.1410000 0.0308023 0.1545103 0.0593189 -0.3059369 0.1905335 0.1929032 -0.1499526 -0.1652759 -0.1273796 0.0873123 0.3261850 0.1710265 -0.1375457 0.2438106 0.2137035 0.1875509 0.2400118 0.6425206 0.4962591 0.0160683 0.3979264 0.3871427 0.2888769 -0.0734451 0.0670021 0.5942871 0.1633320 0.3143917 0.3608808 0.1721553 0.3567149
0.2313435 0.3187946 0.2884550 -0.2992564 0.1471822 0.0326658 0.0000000 -0.1515207 -0.3140100 -0.2477730 -0.0272636 0.3697398 0.0556284 -0.3806609 0.3009159 0.1891279 -0.0703108 0.2976192 0.1479473 0.2903204 0.0001182 0.1958695 0.1568850 -0.0118328 -0.1049666 -0.0009605 0.2565978 -0.2394779 0.0247951 -0.3432663 0.1154218 -0.0466846 -0.2678782 0.1515311 -0.1472815 0.0908050 -0.1049829 -0.1366075 -0.2278633 -0.2394826 0.0992840 0.0698131 -0.1605182 -0.2548539 -0.1166514 -0.1247991 -0.2720583 0.0843187 -0.4256401 -0.1172935 -0.2624227 -0.1456301 -0.3163213 -0.1991459 -0.0367584 -0.1556981 -0.1217949 -0.0458704 0.0405862 -0.2442150 -0.1232828 -0.0080245 0.0314010 -0.2205467 -0.4358454 0.1425274 -0.0990064 0.0594736 0.2197576 -0.0973217 0.0478320 -0.2078442 -0.1916772 -0.1619292 0.1221694 -0.2131041 -0.1757692 -0.0861915 -0.2325209 0.1184880 -0.2001967 -0.1758655 0.0033558 0.0495324 0.1993739 0.0124244 -0.3021141 0.3054122 0.0891991 0.1812535 -0.1598429 -0.0539656 0.2319664 0.2040239 0.3643299 -0.2009638 0.0008674 0.1180433 0.3853230 0.0304847 0.3487256 0.0870599 -0.0490586 -0.1229634 -0.0587432 0.2552400 0.1196505 -0.0642014 -0.1091414 -0.0991587 -0.3944240 0.1542590 0.0135959 -0.0288925 0.2089827 0.1722248 0.2459783 0.2519084 0.1849839 0.4171482 0.2684268 0.1692794 0.3738000 0.3076936 0.3237048 0.3361629 -0.3014591 0.2379814 0.3241280 0.1198384 0.2443800 0.3557055 0.1572705 0.2472830 0.6312331 0.0930465 0.2999016 0.3566285 0.3939907 0.6549081 0.3842250 0.5519706 0.4480869 0.0163422 0.1094844 0.1134582 0.3753054 0.2729600 0.3894939 0.7548902 0.5430672 0.3316531 0.4726836 0.2006200 0.6150230 0.3421554 0.3295205 0.3871546 0.3547944 0.4339403 0.3336662 0.6859039 0.0451814 0.2547251 0.4777048 0.4742383 0.2579266 0.2041146 0.3030685 0.4581260 0.4310110 0.2890196 0.0366016 -0.0135776 0.7201985 0.5948082 0.2799825 0.4701981 0.3280417 0.2383901 0.2308519 0.1907943 0.0531994 0.1542599 0.0601314 -0.3010235 0.1384731 0.1553272 -0.0957433 -0.1800650 0.4693969 0.0149401 0.1371679 0.1150358 0.3534970 0.1305149 0.2834600 0.2931068 0.1919073 0.3149260 0.0923347 -0.0397009 0.2412189 0.4519789 0.2816438 -0.0587224 0.3295076 0.3870705 0.0173764 -0.0452948 0.1438104 0.3333590 0.4744013 0.2580124 -0.0998903 0.2496217 0.4069481 0.4242707
0.1260895 0.0616546 0.1863844 0.9581011 0.0885009 -0.3185976 -0.1515207 0.0000000 -0.4597705 0.0727226 0.9110059 -0.0230284 0.7829581 -0.3825287 -0.4575723 0.6185430 0.3099046 -0.4569267 0.8842270 0.3776897 0.2622002 0.4422794 0.6606585 -0.6614744 0.6634930 0.4327538 0.2104212 -0.6764582 -0.2180232 -0.4692636 0.2628873 0.5556300 -0.6308556 0.1648908 0.3183939 0.4450359 0.3573643 0.6804401 0.1190706 -0.4244561 0.4605970 0.3034133 0.3487689 -0.5273697 0.6785713 0.4876207 0.3441792 0.5035456 -0.0351827 -0.1477086 0.3753613 0.1621859 0.8229097 -0.1640315 0.6120233 0.5318740 0.4574572 0.0611002 0.2717962 0.3929462 0.6473385 0.3104190 0.5463101 0.7660258 0.6740205 0.5045468 0.5682652 0.5608214 0.3980418 0.7068014 0.6434381 0.7842738 0.7446311 0.5859692 0.3102058 0.6503741 0.5324028 0.5699523 0.6970818 0.4153165 0.6674486 -0.4857180 -0.0083289 -0.2739129 -0.2983068 -0.0549962 -0.2407636 -0.3258276 0.0382170 -0.2274384 -0.1931041 -0.3291476 -0.1018264 -0.2942893 -0.0082701 -0.2067131 -0.1964858 -0.0959863 -0.2381668 -0.0120092 -0.1628713 -0.1240304 -0.1829319 -0.1108080 -0.1923501 -0.1013475 -0.1803957 -0.2518873 -0.0910457 -0.0497500 -0.2668449 0.0366519 0.2116756 0.1964372 0.1954915 0.3099811 0.2746350 0.2600505 0.2718187 0.1399202 0.1987686 0.2233653 -0.4132040 -0.0105684 0.1190009 0.2317211 0.0927138 -0.2394796 0.0858813 0.0663559 0.0597662 -0.3904150 0.1839753 -0.2312298 -0.4449472 -0.0031887 -0.0313583 -0.1395863 -0.3293304 -0.0951494 -0.0435018 -0.2915505 -0.5203659 -0.1772510 -0.0044821 0.0316276 -0.1639370 -0.0713426 -0.5572080 -0.4378312 -0.1584944 -0.0101201 -0.4003498 -0.3698338 -0.1420231 0.0261054 -0.4121062 -0.0011613 -0.4910256 -0.1237875 -0.2182614 -0.5045424 -0.2240815 -0.2481161 -0.4135422 -0.2275432 -0.4960841 -0.4701746 -0.4589166 -0.5609657 -0.3901895 -0.3633358 0.4244436 0.2816929 -0.0874701 -0.3181885 0.1346628 -0.3444999 0.1753595 0.1155818 -0.0094611 0.1002863 0.2810548 0.1315319 0.3078737 0.2925294 0.2514968 0.3639547 0.4765064 0.7195285 -0.0058796 0.3811058 0.1699031 0.0385032 0.1269771 0.0794779 -0.0664546 -0.0719095 0.0898168 0.0964286 -0.2005031 -0.2387503 -0.5816281 -0.2390550 -0.3926939 -0.1046325 -0.0029511 0.0142728 -0.2247044 -0.1038806 -0.5186814 -0.2063453 -0.1300975 -0.2314779 -0.1122889 0.1031756 -0.0599592 -0.1311645
-0.2328990 0.1864981 0.0853762 -0.3862581 0.3244901 0.5637812 -0.3140100 -0.4597705 0.0000000 0.6413081 -0.3442464 -0.0517223 -0.2527028 0.8930062 0.3864733 -0.3856052 0.3434979 0.3018006 -0.5084860 -0.1559091 -0.1008041 -0.1678424 -0.0227216 0.6804177 -0.2357035 -0.0059099 0.2053976 0.8561390 0.3961400 0.8134507 0.1652875 0.0568812 0.8006764 -0.1700181 0.2642504 -0.4746971 0.1335173 -0.0644690 0.4470163 0.6835889 0.1028954 -0.4651865 0.3332840 0.7108130 -0.3702399 0.1162767 0.2571493 -0.0937203 0.6413611 0.5486104 0.2514437 0.4019161 -0.2198028 0.5526332 0.0107513 0.0957518 0.1712729 0.2334248 -0.5882364 0.2740386 -0.3684564 0.2896405 0.0444259 -0.1219413 0.0343246 0.0153183 0.0477461 0.0032463 -0.0270180 -0.1363397 0.0272165 -0.0951199 -0.0476384 0.0632279 0.1828444 -0.1107412 -0.0241934 0.1969699 -0.0332217 0.1876122 0.1140625 0.2801007 -0.3798827 -0.2743747 -0.3666223 -0.2228351 0.2150951 -0.5154115 -0.2339086 -0.2656534 -0.1404766 -0.0494824 -0.2590663 -0.5232329 -0.4926661 -0.0610254 -0.1994166 -0.3541488 -0.4081468 -0.5040297 -0.3969160 -0.3324203 -0.2863082 -0.3479183 -0.1550751 -0.1633797 -0.2835922 -0.2257473 0.0170942 -0.4462975 0.1378999 -0.2123429 -0.4134067 -0.5626451 -0.5078732 -0.4852954 -0.5725178 -0.5413844 -0.4792406 -0.5454999 -0.5218698 -0.5220981 -0.0640105 -0.1171947 -0.4438674 -0.2562557 0.0614398 -0.0413931 -0.3108035 -0.1646063 -0.1089618 -0.1611797 -0.0201461 -0.3418712 -0.1107183 -0.2152002 -0.3334625 -0.1782707 0.1275763 -0.1440484 -0.3259866 0.0296114 0.0088592 0.7046105 -0.0020493 -0.2013842 -0.1235751 -0.2326709 0.1750169 -0.1567309 -0.4249559 -0.1848147 -0.1222292 -0.0025698 -0.4164421 0.0083261 -0.0842741 -0.2324366 0.0032832 -0.2863841 0.0370970 -0.2861809 -0.1111383 -0.1124228 -0.1979875 -0.1943241 0.1254595 0.1828524 0.0733741 0.0687590 0.2112213 0.3259920 -0.5204270 -0.5601497 -0.2851175 -0.0228550 -0.3728400 -0.0824361 -0.5633130 -0.5532676 -0.6237884 -0.6089591 -0.6097800 -0.6000791 -0.5719062 0.2263859 -0.1541878 -0.0309083 0.1918325 -0.0437840 -0.3779669 0.0681661 0.1547180 0.0081921 -0.1759642 0.0182253 -0.0225738 0.3007292 0.3088429 -0.1954768 0.3992734 0.4001318 0.1146654 0.0666428 0.4240124 0.6516272 -0.1575515 0.2864642 0.6219057 0.4118848 0.0832649 0.1998945 0.2107832 0.1636854 0.5221225 0.4648836 0.2350567 0.1186162
-0.3098870 0.2804800 0.2868110 0.0464156 0.1836813 0.5412895 -0.2477730 0.0727226 0.6413081 0.0000000 0.2069534 -0.0011994 0.1666992 0.6914576 0.1092216 -0.0913978 0.6155697 0.2463328 -0.0038146 -0.1322830 0.0367514 -0.0447988 0.3423726 0.2621345 -0.0460731 0.1304730 0.1371596 0.3667242 0.2269817 0.3020167 0.2386382 0.2591017 0.3113075 0.0107146 0.3660897 -0.2724126 0.2911905 0.1821544 0.4607562 0.2655528 0.2829529 -0.3069083 0.4404599 0.3505616 0.0036049 0.2405138 0.3623791 0.1915992 0.5677836 0.2053905 0.3923676 0.4134395 0.1386303 0.4053304 0.2565614 0.1089218 0.3755116 0.2684966 -0.6542818 0.4570789 -0.1897062 0.3845479 0.0883132 0.2482680 0.2849592 0.2246573 0.3653176 0.2838470 -0.0073705 0.2085002 0.3622663 0.2275128 0.2595932 0.3340484 0.2743325 0.1706609 0.2436289 0.4472883 0.2499393 0.4236199 0.4357088 -0.1818894 -0.4326603 -0.5132399 -0.5295658 -0.3949319 0.0569850 -0.7746962 -0.4014837 -0.4569218 -0.2306549 -0.0246020 -0.2186372 -0.7155152 -0.4793480 0.1566894 -0.2033236 -0.2123279 -0.4740658 -0.5562137 -0.4058788 -0.3361996 -0.2533217 -0.4815218 -0.2594528 -0.1218759 -0.4579528 -0.1608288 0.0082610 -0.4818063 0.0288586 -0.1066816 -0.1041396 -0.4722141 -0.3602305 -0.1694740 -0.4275896 -0.3100766 -0.1654081 -0.4335333 -0.4265517 -0.4760190 0.0585424 -0.0934111 -0.3857114 0.0837294 -0.0300194 0.2187860 -0.2199149 -0.0056064 -0.0539511 -0.0042167 0.2885004 -0.2556026 0.0485653 0.1130141 -0.0560813 -0.2747277 0.0523719 -0.0361234 0.1256766 -0.1563940 -0.0623065 0.6099811 0.1375869 0.0938318 0.0103778 -0.0112574 -0.0020521 -0.3276702 -0.1993934 0.0025296 -0.3401855 0.2003067 -0.3070799 0.1866704 -0.1374937 -0.0293343 -0.1037257 -0.1697035 0.1044564 -0.4577792 0.0658262 -0.2102506 -0.2504718 0.0065058 0.0930053 0.1471238 -0.0541806 -0.0323584 0.2282373 0.3142842 -0.3075061 -0.3134401 -0.2804680 -0.1357654 -0.2370659 -0.2806371 -0.4074333 -0.4607572 -0.6944413 -0.6347448 -0.6183526 -0.6952155 -0.6415430 0.2796553 -0.2652628 0.0375335 0.3665486 0.3489847 -0.2097747 0.3596833 0.3182274 0.0924358 0.0533933 0.1615872 0.2177421 0.3272159 0.4509206 0.0101717 0.3248722 0.2028968 -0.1270544 0.0366529 0.1380112 0.5104805 -0.0395021 0.1554507 0.4174429 0.4203563 -0.2560780 0.0680293 0.2175080 -0.1489315 0.3600211 0.3603025 0.1300959 0.0547094
0.0868097 -0.0301219 0.1839116 0.8847279 0.0515663 -0.2855348 -0.0272636 0.9110059 -0.3442464 0.2069534 0.0000000 -0.1690619 0.6584625 -0.2643383 -0.4928321 0.7769179 0.3956810 -0.4190081 0.7970588 0.2406658 0.1051407 0.3453755 0.7403325 -0.6831286 0.5626412 0.4126861 0.2877638 -0.6333631 -0.2576737 -0.4443547 0.2643010 0.5462420 -0.6484601 0.1030296 0.2889460 0.3414755 0.3399420 0.5919114 0.1113221 -0.4480480 0.3913151 0.1221355 0.3781049 -0.5452564 0.5581744 0.5320123 0.3378740 0.3668294 -0.0584877 -0.0847636 0.3570425 0.2068936 0.7786985 -0.1585312 0.5192983 0.4968958 0.4141689 0.0482514 0.1110666 0.3879887 0.5545211 0.4311653 0.4743703 0.7329655 0.6265365 0.4271451 0.5410568 0.6626145 0.3362472 0.6971443 0.6134783 0.7477883 0.7010445 0.5546733 0.2481621 0.5865808 0.4749220 0.5718811 0.6880078 0.4560177 0.7105602 -0.6341949 -0.1724730 -0.3906085 -0.5156894 -0.1946558 -0.2773607 -0.4794993 -0.1230962 -0.4083811 -0.3014652 -0.4328647 -0.0821680 -0.4232322 -0.2385122 -0.2224209 -0.2375741 -0.0772017 -0.4279795 -0.0346238 -0.1592411 -0.1531712 -0.2833432 -0.0495612 -0.3337748 -0.2729819 -0.3041252 -0.3147277 -0.1854060 -0.1795077 -0.3196108 0.0587181 0.1776168 0.0467540 0.1516465 0.3199939 0.2288537 0.2237875 0.3101559 0.1342753 0.1557362 0.2209937 -0.3921674 0.0258670 0.0881963 0.2909156 -0.0107017 -0.2302826 0.0700196 0.0620015 0.0634294 -0.3819898 0.1498943 -0.1680760 -0.3960279 0.0150890 0.0071255 -0.1482810 -0.2781644 -0.0183804 -0.0332299 -0.2154339 -0.4202662 -0.0454508 -0.0777118 0.1295091 -0.1805159 -0.1620640 -0.4062244 -0.4354893 -0.1051805 -0.0132979 -0.4359532 -0.2203406 -0.1893422 0.1604637 -0.3390666 -0.0641941 -0.3376744 -0.0070043 -0.1784640 -0.4879364 -0.1909028 -0.1619115 -0.3881580 -0.3023695 -0.4508498 -0.2822933 -0.2707462 -0.4220313 -0.2104294 -0.0852320 0.3248908 0.1879625 -0.0781096 -0.2957710 0.0578149 -0.3144201 0.0545549 0.0696303 -0.0889091 0.0117942 0.1487621 0.0365018 0.1573853 0.2527698 0.1760473 0.3452643 0.4428423 0.6630773 0.1021728 0.3605628 0.1688292 0.1013210 0.1970573 0.1235676 -0.0126940 -0.0640244 0.2048120 0.1133845 -0.0978910 -0.2368760 -0.5404070 -0.1357737 -0.4123080 -0.0472018 -0.0734236 0.0783747 -0.1055900 -0.0209292 -0.5340019 -0.0248736 -0.1394125 -0.1656308 0.0169136 0.2100872 0.0195530 -0.1434458
-0.1720442 0.8278971 0.4396969 -0.1570995 0.5486810 0.3665094 0.3697398 -0.0230284 -0.0517223 -0.0011994 -0.1690619 0.0000000 0.4010318 -0.2915417 0.7006429 -0.2867367 -0.2101790 0.4645016 0.1253847 0.4063571 0.8437755 0.2839878 -0.1104460 0.4443544 -0.2463140 -0.4101331 -0.1969984 -0.0096681 0.7495483 -0.2602075 0.3002078 -0.2952814 0.1619863 0.7181229 -0.3190248 0.5558771 -0.3916869 -0.1404294 -0.2264545 -0.0045286 0.1281678 0.6572235 -0.3280598 0.0499206 0.3531631 -0.4250317 -0.4329319 0.1712592 0.1555725 0.2465433 -0.4136211 -0.3220240 -0.0120971 -0.0606164 0.0103404 -0.1055376 -0.2432167 0.3375368 0.3129031 -0.3656427 0.2933316 -0.3223486 0.1892150 0.2547793 0.0992682 0.2044761 -0.2744062 0.0724253 0.3352232 0.2920488 0.1792274 0.2497299 0.0183571 0.4272529 0.5210390 0.3144473 0.4735126 0.2846196 -0.0253572 0.2404132 -0.0126699 0.1652815 0.0459167 0.0289469 0.3185583 -0.0892700 -0.0045702 0.3453867 -0.0341372 0.2123144 -0.1339599 0.0960473 -0.2349636 0.3646665 0.4918332 -0.1793139 -0.2783774 -0.3845128 0.6392527 -0.1065046 0.1746421 -0.3640082 -0.2557167 -0.2219904 -0.1415704 0.3109558 -0.1968035 -0.1782285 -0.2415903 -0.3697094 -0.2371457 -0.3798925 -0.4056349 -0.3632850 -0.3724194 -0.4659975 -0.3544723 -0.3594339 -0.4751658 -0.3050158 -0.3219051 -0.4324862 -0.0142930 -0.2840983 -0.2741558 -0.1620864 -0.3171773 -0.0850558 -0.2262468 -0.3730716 -0.2443035 0.0813623 0.0515412 -0.1624644 0.3775147 -0.4304027 -0.2513413 -0.1327637 0.0430733 0.2769594 0.1344220 -0.0184490 0.0691266 -0.1724174 -0.1029474 -0.4646165 0.0167342 0.0981588 -0.0220461 0.4867013 0.2823158 -0.2120698 0.1023607 -0.1961760 0.1645568 -0.1846495 -0.0755292 0.0413814 -0.2094176 -0.0195494 0.1975198 0.3785709 -0.2693415 -0.2391657 0.2772236 0.3582166 -0.0439452 -0.2158109 -0.2765969 0.2836448 0.0756064 -0.0379283 -0.3399102 -0.0043934 0.7146398 0.8119388 0.7458599 0.6072014 0.6677587 0.4320038 0.1830006 0.2528910 0.2878435 0.2344109 0.2279720 0.2012076 0.2173118 0.2820447 0.3114205 0.3533554 -0.3482444 0.3698325 0.3084688 -0.3405859 -0.1921988 0.0166004 -0.0249567 0.3741106 0.1080245 -0.0725883 -0.3769341 -0.2455328 -0.1733003 0.0911195 0.6381602 0.4195412 0.1583090 0.3983055 -0.3794067 -0.1492065 -0.2453998 -0.1820172 0.7088920 0.4588555 0.3181109 0.2849046 -0.0425634 0.1473085
0.0191684 0.5159789 0.6132628 0.6739533 0.5774340 0.0403422 0.0556284 0.7829581 -0.2527028 0.1666992 0.6584625 0.4010318 0.0000000 -0.3369197 -0.0905824 0.2967743 0.2414773 -0.2200858 0.8110187 0.6116538 0.5714460 0.5362809 0.5737666 -0.3175190 0.4622901 0.2898994 0.2627414 -0.4402534 0.1128461 -0.3633132 0.3767889 0.5076951 -0.3289966 0.3342408 0.2868988 0.5395621 0.2800162 0.6676822 0.1937110 -0.2157033 0.6152026 0.4186548 0.3586871 -0.2785261 0.6210896 0.3238462 0.2961980 0.6950837 0.1757297 0.0615814 0.2872565 0.1990613 0.6524544 0.0360584 0.7576742 0.6417243 0.4533360 0.2252133 0.3172366 0.2918873 0.6800080 0.1866622 0.7789822 0.7077075 0.6188592 0.6770125 0.4362101 0.4466202 0.5966352 0.6383073 0.6865070 0.7479178 0.6214349 0.7819949 0.5646305 0.6377737 0.6949469 0.6594268 0.5974467 0.6529546 0.6433707 -0.4052027 -0.1405307 -0.4101253 -0.3108258 -0.2041091 -0.2345589 -0.3028127 -0.0943684 -0.2957980 -0.3520208 -0.3794371 -0.3653690 -0.2487661 0.0920094 -0.3528615 -0.4579210 -0.4110191 -0.0501196 -0.0954616 -0.1663680 -0.4823014 -0.4086078 -0.2940727 -0.3353888 0.0792537 -0.4532769 -0.4112841 -0.2843631 -0.4212402 -0.3574613 -0.2994676 -0.1407729 -0.1900578 -0.1876278 -0.1057804 -0.0475913 -0.1183198 -0.1120970 -0.1253494 -0.0970055 -0.1348675 -0.4428527 -0.0939453 -0.1395545 0.1695425 0.0300708 -0.2923604 -0.0807169 -0.0558952 -0.0321860 -0.4032842 0.3243774 -0.2170829 -0.1406254 -0.2602106 -0.0648160 -0.2487628 -0.1717467 0.0356990 -0.0246264 -0.2227812 -0.4808040 0.0270776 0.1373440 -0.1475188 -0.0141370 0.1086527 -0.5470435 -0.1167762 -0.0763655 -0.0493123 -0.2890451 -0.3996360 -0.0137919 0.0410184 -0.4939112 0.1386714 -0.6171665 -0.2251308 0.1323825 -0.2911981 -0.3614135 -0.4611219 -0.2257928 0.0064115 -0.3793550 -0.5645889 -0.6487288 -0.3656243 -0.1612084 -0.3360731 0.0913435 0.0949937 0.2622152 0.1012375 0.3824769 0.0072204 0.3983396 0.1927391 0.0081311 0.1490422 0.2841016 0.1927229 0.3546611 0.5104459 0.5192923 0.6765612 0.7435132 0.8012221 -0.2339792 0.5932347 0.4172059 -0.1228115 0.0866546 0.0502561 -0.0806275 0.2349315 0.3008169 0.0807099 -0.1833602 -0.1098838 -0.6217347 -0.1838770 0.1214935 0.2809141 0.0475007 0.3323256 -0.1789743 0.0130705 -0.6102536 -0.1817464 0.4101777 0.1170246 0.2288933 0.3544571 0.0800295 0.1795861
-0.1294459 -0.0101700 -0.0328569 -0.2915315 0.0481140 0.4540781 -0.3806609 -0.3825287 0.8930062 0.6914576 -0.2643383 -0.2915417 -0.3369197 0.0000000 0.0812291 -0.3428814 0.5861949 0.1430409 -0.4525342 -0.2442991 -0.2942165 -0.2304578 0.0283935 0.4872733 -0.1370008 0.1401309 0.2694415 0.7978372 0.0783912 0.8564037 0.0593643 0.1541106 0.6970312 -0.4342468 0.4135515 -0.6414593 0.3325857 0.0324522 0.6446563 0.7274389 0.1083310 -0.6237155 0.4688117 0.7214808 -0.4662383 0.3162367 0.4343438 -0.0958137 0.6460807 0.3452771 0.4431495 0.5586717 -0.2082091 0.6300078 -0.0026864 0.0535771 0.3164059 0.2525277 -0.7064740 0.4768663 -0.4774625 0.4021707 -0.1215733 -0.1452432 0.0475195 -0.0438552 0.2433348 -0.0242289 -0.2605388 -0.1926832 0.0705337 -0.1483464 -0.0119310 -0.0624028 -0.0033369 -0.1467436 -0.1840711 0.1789061 0.0532144 0.0965705 0.1749806 0.2405687 -0.3398961 -0.2494950 -0.3195164 -0.1589419 0.2303032 -0.5561914 -0.1379905 -0.2073835 -0.0055847 0.1244224 -0.1642832 -0.6038336 -0.4743459 0.2457161 0.0004457 -0.2000511 -0.5092525 -0.4441864 -0.3790504 -0.1764146 -0.0670643 -0.2590790 0.0035372 -0.0610323 -0.1341302 -0.0797934 0.2149605 -0.2743751 0.2697746 -0.0353521 -0.1532529 -0.3552040 -0.3356751 -0.2510869 -0.4296387 -0.3406449 -0.2950841 -0.4114027 -0.3904034 -0.3897608 0.0620041 -0.0324742 -0.3107099 -0.1328441 0.1603232 0.1690930 -0.1550502 0.0022719 0.0597914 0.0039238 0.0347101 -0.2468484 -0.0931622 0.0307518 -0.1882184 -0.0540876 0.1446831 -0.1802016 -0.2430388 0.0885645 0.0718471 0.6987021 0.1375924 -0.0429711 0.0058741 -0.1546999 0.1493917 -0.2570911 -0.4183962 -0.0521447 -0.0840668 0.0876389 -0.4014156 0.0914189 -0.0000046 -0.1353862 0.0986813 -0.2228706 -0.0094800 -0.3255412 0.1217225 -0.0547404 -0.2159008 -0.1999578 0.1956562 0.2491048 0.1301984 0.0647541 0.1909071 0.2850033 -0.3640114 -0.4788014 -0.4995581 -0.2807220 -0.5324532 -0.2950779 -0.7116601 -0.6800757 -0.6751140 -0.7177411 -0.7174908 -0.7341788 -0.6820202 0.1943040 -0.3063635 -0.1940304 0.0606554 -0.0933259 -0.2271221 -0.0403425 0.0562282 0.2154934 -0.0035626 0.0714310 0.0736770 0.1989785 0.2339190 -0.1116401 0.4478915 0.4057298 0.2237646 0.0726693 0.1179608 0.4898668 -0.1070546 0.0558888 0.6452842 0.3909071 0.1568300 0.2065103 -0.0925112 -0.1021138 0.2921881 0.2921186 0.2044499 0.0685346
-0.1303225 0.6040993 0.1130461 -0.5551842 0.3648212 0.4826224 0.3009159 -0.4575723 0.3864733 0.1092216 -0.4928321 0.7006429 -0.0905824 0.0812291 0.0000000 -0.3667200 -0.2200961 0.8177593 -0.2858708 0.2505553 0.3694459 0.1720416 -0.1731006 0.8134097 -0.3035948 -0.3184876 -0.0713264 0.4376267 0.8552248 0.1442454 0.3415372 -0.3603340 0.4872522 0.5475971 -0.2562143 0.0538963 -0.3918557 -0.3859694 -0.2999543 0.1472494 -0.0080195 0.1845440 -0.3610928 0.2792154 -0.0188568 -0.5607491 -0.4617518 -0.0668203 0.1376471 0.2292282 -0.4177499 -0.3778363 -0.3764010 -0.0536284 -0.1924395 -0.3082011 -0.2962476 0.1726796 -0.1302290 -0.3785671 -0.2178640 -0.2406904 0.0271536 -0.1732516 -0.3208648 0.1027390 -0.3579285 -0.0038333 0.3486353 -0.0335003 -0.0550872 -0.1417854 -0.1794829 -0.0132241 0.4553022 -0.0796767 0.1137676 -0.0049818 -0.3806390 0.0794862 -0.3628855 0.4968862 0.1663793 0.2404761 0.3294470 0.1534129 0.2230109 0.2271097 0.0962887 0.3097446 0.0933497 0.1835512 0.0832996 0.1649563 0.3253233 -0.2508222 -0.0508048 -0.1771481 0.4791020 -0.5144690 0.0687203 -0.0935042 -0.1449151 -0.4592448 0.0589897 0.1317104 0.0567455 -0.0500633 0.0034445 -0.1689227 -0.0882093 -0.1216787 -0.3663151 -0.3681409 -0.2541951 -0.4225599 -0.3475251 -0.2812682 -0.3603152 -0.2240134 -0.2276095 -0.3632769 0.2406767 -0.0123304 -0.1482813 -0.2086114 -0.1546060 0.0790884 -0.1259128 -0.1624763 -0.0661806 0.0938304 0.0587508 -0.3332555 0.3018594 -0.2745255 -0.2348555 0.0463439 0.2405022 0.3496603 0.0646454 0.1536100 0.1823570 0.1989900 -0.1555277 -0.3379863 -0.0713002 -0.0713053 0.2440217 0.5361448 0.1665019 -0.0801185 0.1876342 -0.0588952 0.2113311 -0.0137698 0.1042248 -0.0273552 0.0255214 0.0772803 0.1245882 0.3091747 -0.1872638 0.0925850 0.2518539 0.3330474 0.0981524 -0.0383833 0.0698660 0.1792896 0.0679431 0.0904038 -0.3675146 -0.2060894 0.4600497 0.6574694 0.2589766 0.4377834 0.1140783 -0.0651208 -0.2397633 -0.1833411 -0.1836975 -0.1547064 -0.1702739 -0.1051200 -0.0612217 -0.0304252 0.0583632 -0.0374695 -0.2297889 0.2039189 0.3007305 -0.2220356 -0.2183913 0.1217906 0.0419700 0.5031338 0.1786812 -0.0374836 0.0571762 0.1541728 0.2315541 0.3828911 0.7345979 0.3470472 0.2674823 0.5875263 0.0941624 0.1708029 0.2623517 0.1889405 0.6443276 0.3079289 0.2867848 0.4362140 0.2410301 0.1907977
0.1591151 -0.1365246 -0.1364341 0.5802161 -0.2503741 -0.3824086 0.1891279 0.6185430 -0.3856052 -0.0913978 0.7769179 -0.2867367 0.2967743 -0.3428814 -0.3667200 0.0000000 0.2300722 -0.1845677 0.5809808 0.2130505 -0.2145374 0.3644761 0.6055334 -0.5248781 0.4327163 0.2691509 0.2434684 -0.5539780 -0.2794809 -0.4565548 0.3493556 0.2642755 -0.6186100 0.0766005 -0.0002751 0.0847140 0.0801893 0.2703999 -0.2044050 -0.5382763 0.1310792 -0.0703935 0.0419785 -0.5599504 0.2857260 0.2961613 0.0380961 0.0316921 -0.2742985 -0.1543934 0.0616928 -0.0907844 0.4745924 -0.4316740 0.1619015 0.2375642 0.0858541 -0.1492005 -0.0114382 0.0897420 0.2436830 0.2981303 0.2279718 0.3774115 0.1926786 0.1098896 0.2825702 0.5121920 0.2091574 0.4421018 0.2436771 0.3956338 0.3921849 0.0713869 -0.0407588 0.2050836 0.0070118 0.1920108 0.3443561 0.0518320 0.3172372 -0.3814740 -0.0509336 -0.1262377 -0.3662923 -0.0046644 -0.2861052 -0.2498147 -0.0374834 -0.2621979 -0.1134262 -0.3165783 0.2413421 -0.2875027 -0.1559867 -0.3570045 -0.0137653 0.1646564 -0.3991902 0.0631041 -0.0537616 0.1336210 -0.1129203 0.1638469 -0.2018127 -0.2990656 0.0101595 -0.1026561 -0.0931303 0.0401928 -0.2672517 0.3325009 0.2991895 0.1395237 0.4186170 0.4947903 0.4250205 0.4399578 0.4859453 0.4275735 0.4284578 0.5238576 -0.1605579 0.2033313 0.3674437 0.2882968 0.1017022 -0.1189691 0.2414928 0.1980485 0.2753597 -0.1986518 -0.0235734 -0.1770000 -0.3339482 0.0512946 0.0158633 0.1878060 -0.0276973 0.2017754 -0.1397701 0.1021306 -0.2032209 -0.0781166 -0.2169106 0.0976033 -0.1439525 -0.2571491 -0.0940082 -0.1661694 0.0555351 0.1218965 -0.1147277 -0.1801553 -0.0173194 0.2998748 0.0060077 -0.0528428 -0.0357022 0.3024038 -0.2143510 -0.1594610 -0.0327224 0.2999445 -0.1755889 -0.2788611 -0.3025942 -0.0396618 0.1886056 -0.2110628 -0.1364898 0.0634714 0.3261622 0.1554504 0.0080771 -0.1814168 0.0629176 -0.2514658 -0.0452669 -0.0141590 -0.0432463 0.0138417 0.0420261 0.0281345 0.0254952 -0.1910781 -0.0522610 0.0000661 0.0023013 0.2003698 0.2998407 -0.0316528 -0.1135930 0.0866124 0.2335953 0.1184085 0.1024835 -0.2102173 0.0020397 0.2513907 0.0062686 -0.1626199 -0.2008356 0.1241937 -0.2907881 -0.2095897 0.1496112 0.2369911 0.0687256 -0.0828754 -0.1610011 0.2898038 -0.2239746 -0.3234508 -0.0507492 0.2539439 0.1064199 -0.1790634
0.2593260 0.1858675 0.2005061 0.2940119 0.0567174 0.1178968 -0.0703108 0.3099046 0.3434979 0.6155697 0.3956810 -0.2101790 0.2414773 0.5861949 -0.2200961 0.2300722 0.0000000 -0.1179533 0.2788599 0.1873626 -0.1771241 0.1366222 0.6674538 -0.0672461 0.2888337 0.4708499 0.6883934 0.1214610 -0.1795818 0.3596479 0.2300823 0.4745061 0.0071289 -0.4188216 0.5946895 -0.3517011 0.5582736 0.4443439 0.6717493 0.2589727 0.4397786 -0.4432455 0.6454044 0.1398827 -0.1792373 0.7025760 0.5549944 0.2523220 0.3685634 0.0016344 0.5787650 0.5687527 0.1269377 0.3132410 0.3673794 0.2774949 0.5985472 0.1492970 -0.4653352 0.6181600 -0.0445679 0.4983869 0.2436510 0.2153386 0.2543103 0.3636756 0.5933638 0.2540990 0.0353691 0.1400346 0.5199524 0.2400354 0.3256283 0.2017866 0.1802206 0.1089207 0.0264565 0.4630440 0.4001990 0.4573648 0.5474525 -0.1839370 -0.2763010 -0.3958034 -0.3612885 -0.0990688 -0.0791384 -0.6794660 0.0502503 -0.2048452 -0.0559117 -0.0040059 -0.0007617 -0.7111110 -0.2453730 0.1977780 0.0358707 -0.1085683 -0.5529655 -0.4594602 -0.2582940 -0.1091255 -0.1083580 -0.3423931 -0.0148907 0.0068070 -0.0453021 -0.2795570 0.2500536 -0.2501533 -0.0809332 0.1880722 0.1145168 -0.0773395 0.0220864 0.1935300 0.0458475 0.1067173 0.1179928 0.0095492 0.0535727 0.0629722 -0.0040899 0.2108085 0.0216586 0.2141842 0.2339979 0.1499824 0.1349657 0.2228104 0.3626886 -0.0790316 0.2764246 -0.2270030 -0.1526107 0.1496746 0.0309956 0.1586483 0.1600146 0.0306331 -0.0619134 0.1873563 -0.2450301 0.5328201 0.2714205 0.1401495 0.1304913 -0.0643862 -0.2405977 -0.2139881 -0.3206488 0.1628740 -0.0360943 -0.0733178 -0.0994878 0.3620437 -0.1995077 0.1518504 -0.2106678 -0.0715590 0.0513021 -0.3025593 0.0906175 -0.0445682 -0.1233638 -0.1312175 -0.0775380 -0.1000066 -0.0856369 -0.1935720 0.0155736 -0.0168234 0.1502330 -0.1036726 -0.2229393 -0.3142718 -0.3421711 -0.3293583 -0.4588423 -0.5307920 -0.5875066 -0.5765429 -0.4974796 -0.5863593 -0.4029452 0.3211459 -0.0237791 0.1143343 0.3731000 0.3560083 0.0320321 0.2994792 0.3434829 0.3250425 0.3031737 0.2471682 0.1468844 0.3549523 0.4953157 0.1485531 0.4308521 0.2953805 -0.0410936 0.0884998 -0.2010099 0.3612660 0.1157190 0.2160868 0.5018220 0.3737789 -0.0366399 0.2681205 -0.0789771 -0.2743421 0.0341946 0.4539007 0.4736948 0.2414773
