0.0000000 0.7181232 0.3941107 0.4557763 0.0962197 0.5441862 0.4025450 0.2818606 0.5778579 0.3360869 0.3710941 0.5252648 0.0560549 0.3324318 0.6585199 0.0696109 0.2724693 0.3886658 -0.1955949 -0.2123745 0.2635558 0.0249219 -0.3194181 0.4735355 -0.2530524 -0.2727186 0.1695981 0.3245472 0.2334990 0.2574934 0.1666079 -0.1783347 0.5420356 0.2517814 -0.3066915 0.2532824 -0.2812246 -0.1068843 0.0208466 -0.1488499 0.0443183 -0.0767437 -0.2540985 0.0786417 -0.0888196 -0.3051034 -0.4257360 0.0005407 0.2690749 -0.1985771 -0.4086254 -0.1907676 0.0933503 -0.2892894 -0.0795521 -0.2243104 -0.2741840 -0.1749387 -0.3404474 -0.2401112 -0.3506347 -0.1295691 0.2015382 -0.1461018 0.1160895 -0.1573961 -0.1907811 -0.2272162 -0.0100554 -0.0498966 -0.4650288 0.2040244 -0.2097494 -0.0131261 -0.3489465 -0.0450111 0.1173636 -0.4379026 -0.2813896 -0.1356193 -0.2602515 0.3772948 0.4674606 0.2427937 0.2692157 -0.1334229 0.1744313 0.2115696 -0.0663761 0.2253483 0.0318741 0.2859311 0.1441291 0.0522425 -0.0532040 0.1454099 0.1415992 0.0457425 -0.0973394 -0.0520191 0.3038085 -0.1608269 0.0875295 0.0727902 0.3191140 0.1128221 -0.0075974 0.1828788 -0.0393125 0.0017969 -0.0460751 0.3113037 0.4109603 0.1547251 0.1619978 0.2152219 0.0632741 0.0144581 0.4452229 0.0956911 0.0791999 0.1310021 0.1690798 0.5707193 -0.0505508 0.1652650 0.0470437 0.3534530 0.0411518 0.2177421 -0.0335993 0.3837575 0.1573291 0.4832143 0.3251956 0.3319774 0.2570501 0.0087818 0.0300379 0.2119705 0.3570888 0.2094537 0.1129499 0.3121068 0.4261225 0.4111564 0.2397833 0.2573322 0.1287007 0.1845978 0.1893980 0.3038146 0.0449896 0.4471332 -0.0149185 0.3398598 0.1062827 0.4146635 0.0765720 0.1344413 0.1479404 0.1304160 0.3325022 0.1187074 0.0422984 0.4006111 0.5840968 0.1692157 0.1393014 0.1055221 0.2543349 0.0645054 0.4830006 0.4454534 0.4488831 0.2322727 0.1973941 0.0136237 0.0977405 0.1167016 0.1111341 0.1953823 -0.0866372 -0.0104789 -0.2580479 -0.2532555 -0.1518134 -0.2262912 0.0360811 -0.0960154 0.1799334 -0.2937101 -0.1983768 0.0927043 0.2633438 0.0717335 -0.0630177 -0.1578754 -0.1780311 0.0580271 -0.0924310 -0.0159660 0.4269659 0.1074464 -0.0722303 -0.3298897 -0.1605921 0.0856068 0.0669787 -0.2064882 0.3572888 0.1351391 -0.4690850 0.0436317 -0.2079402 -0.3160098 0.2108519 0.3385384
0.7181232 0.0000000 0.7038717 0.6205876 0.3312205 0.6488644 0.5229788 0.5658207 0.5910233 0.4170020 0.5018164 0.5366374 0.3881205 0.4111793 0.6757354 0.3732672 0.4697651 0.3983724 0.1201407 0.0816802 0.2097420 0.0399345 -0.0248857 0.4962836 -0.0638342 -0.0693951 0.4795117 0.2157080 0.2888193 0.1789997 0.3655340 -0.0508355 0.5051080 0.3367903 -0.2088467 0.1805487 -0.0617903 0.0837049 0.0871868 -0.0857343 0.2119407 -0.1245253 -0.1684606 0.0752898 -0.0067373 -0.1407755 -0.2793693 0.1491061 0.2312679 -0.0701122 -0.2812350 -0.2120448 0.2194383 -0.3671361 0.0610369 -0.0467064 -0.0743792 -0.3651643 -0.3358537 -0.1942769 -0.2768331 -0.2530984 0.2094053 -0.0769638 0.1592320 0.0787551 -0.1476145 -0.3529244 0.2063385 -0.0759625 -0.2459308 0.2184197 -0.1405148 0.1727260 -0.1131120 0.0060421 0.3406098 -0.1855270 0.0353440 0.0243939 -0.0444290 0.3925876 0.1853851 0.0656153 0.2110965 -0.3247703 0.0646482 0.1698625 -0.2901507 0.2291698 -0.0762018 0.0850806 0.0839444 -0.1951190 -0.3471891 -0.0563417 0.0170410 -0.1447294 -0.1647085 -0.3218275 -0.0027548 -0.2577056 -0.1157664 0.0150196 0.1152212 -0.0709546 -0.1989622 -0.0852742 -0.2084010 -0.2348709 -0.1567728 0.1097165 0.2693691 -0.0637626 0.0322158 0.0134537 -0.1707039 -0.0524970 0.3344692 -0.0358636 -0.3100612 -0.2485669 0.0632541 0.2676227 -0.3777874 -0.0606391 -0.1846562 0.1724784 -0.3291567 0.0522770 -0.3430231 0.1637449 0.1504092 0.5738914 0.0716456 0.1272818 0.0004344 -0.2392691 -0.2884308 0.0468213 0.1479312 -0.0157680 -0.1227175 0.4739519 0.1866219 0.2796565 -0.0277561 0.0842578 -0.1642880 -0.0167658 0.0616716 0.3955718 -0.2312501 0.2473231 -0.1158184 0.3322702 0.0260947 0.2969430 -0.0916232 -0.0985724 -0.1168523 -0.2214196 0.2523230 -0.0685721 -0.2617151 0.3105068 0.4157243 -0.1503632 -0.1039252 -0.1608812 0.0000781 -0.2283008 0.3570398 0.5700687 0.6214363 0.4027288 0.1511548 0.1103105 0.0102000 -0.0021920 0.0215559 -0.0019281 -0.1373375 -0.0608389 -0.4026809 -0.1927841 -0.1971592 -0.2369966 0.1217246 0.1056994 0.1508008 -0.1999857 -0.0005789 0.0646610 0.2454064 0.0713192 -0.3752295 -0.0557515 -0.1143145 -0.3405434 0.1742169 0.4057909 0.5389700 0.3263979 0.0955733 -0.2365046 -0.3739792 0.1774014 0.3426750 0.2482977 0.2001400 0.1664668 -0.2396019 0.1706988 -0.1604029 -0.3634661 0.4476218 0.6080184
0.3941107 0.7038717 0.0000000 0.6914956 0.7661937 0.4464792 0.0547258 0.8238679 0.3606086 0.3169501 0.4769856 0.1282332 0.7361315 0.1199340 0.2892862 0.4817948 0.2931496 0.1101716 0.4191329 0.3176381 -0.2214467 0.2267667 0.1377674 0.3267252 0.1320299 0.1279819 0.1817857 -0.0672960 0.0051980 -0.1508038 0.4477366 0.0526972 0.3518930 0.4666208 -0.0591677 -0.2301171 0.0023600 0.2061133 -0.0910830 -0.2613148 0.2904367 -0.2531049 -0.1059546 -0.0999940 0.1781348 -0.0135192 -0.1792791 0.1907378 0.1490893 0.0054389 -0.2419496 -0.2355572 0.3509768 -0.3387227 0.1797976 0.0201445 -0.0359607 -0.2653977 -0.1241595 -0.2384561 0.0201290 -0.2086542 0.4519804 0.0105265 0.4209902 0.2062096 -0.0702460 -0.1371519 0.4126687 -0.0185970 0.0250583 0.3086192 0.0272639 0.2733512 0.1754107 0.0049182 0.2788717 0.0817879 0.2456776 0.1248540 0.1178727 0.3060385 0.1414150 -0.0981527 0.2396004 -0.1736227 -0.0156508 0.2526618 -0.2777238 0.3883510 -0.0230580 0.0613182 0.2670320 -0.1663285 -0.2543525 -0.0769515 -0.0108504 0.0242393 0.0238811 -0.3207546 0.1332728 0.0535491 0.1859594 -0.1218995 -0.0258124 -0.0264707 0.0958532 0.2013310 -0.1581656 0.1438723 -0.1279905 0.2684259 0.4504000 0.2254043 0.3365753 0.3311574 0.1784789 0.2248400 0.3996034 0.0472216 -0.0793776 -0.1454820 -0.1737090 0.2340458 -0.0883272 -0.1321844 0.0044729 0.1475268 -0.2920338 0.1334960 -0.0797284 0.1838950 0.3707318 0.2690983 -0.1009153 0.1314182 0.1347847 -0.2165561 0.0000336 -0.1708624 0.1103957 -0.0832425 -0.2878263 0.2294885 0.1293878 0.2394742 0.1752458 0.2687829 -0.2850061 -0.1259192 -0.1078475 0.2297218 -0.0376214 0.1787862 -0.0577875 0.1184161 -0.1350385 0.2944052 -0.2549196 -0.2786229 -0.0528178 -0.2043113 0.0420404 -0.1625100 -0.1966264 0.1157637 0.2320749 -0.2277312 -0.2482614 -0.2280567 -0.0967409 -0.2997271 0.0278987 0.1597274 0.1418266 -0.0881077 -0.1214546 -0.1037553 -0.3363553 -0.3196218 -0.1547431 -0.2709251 -0.2230793 -0.2318536 -0.2294293 0.0603319 -0.0075916 -0.0760132 0.1584820 0.1798378 0.0108931 -0.1557299 -0.0055036 -0.2572486 -0.0629599 -0.3898759 -0.5585837 -0.2084566 -0.1265062 -0.3030298 0.1206224 0.3916169 0.5062878 0.4648216 0.2343755 -0.1172513 -0.4310042 0.0033915 0.2087906 0.1454003 0.1006460 -0.2380653 -0.2673992 -0.0296684 -0.4052265 -0.3232378 0.1657521 0.4187256
0.4557763 0.6205876 0.6914956 0.0000000 0.4513190 0.7307004 0.0155044 0.8043611 0.7685411 0.7587574 0.7651428 0.2715880 0.5461898 0.6614001 0.7017543 0.4250570 0.6381542 0.4901902 0.3052554 0.1129825 -0.0631579 0.3611176 0.1422026 0.7857694 0.2153761 0.2046035 0.4215337 0.5069351 -0.0407212 0.4581490 0.4407798 0.3019801 0.6451364 0.3050432 0.0869994 -0.2235827 0.2600224 0.3043066 0.3637126 0.2829485 0.4663958 -0.4628947 0.2492658 0.1143133 -0.0367763 0.1945258 0.1423669 0.3798934 0.2739824 0.1389834 0.1900665 0.3793162 0.2499733 0.0076843 0.2949509 0.2253995 0.2811156 -0.2581352 -0.4900081 0.2798533 -0.2906383 0.2167680 0.3484099 -0.1018321 0.5068252 0.3234055 0.3621096 -0.1837287 0.4330778 -0.0722512 0.1167014 0.1142061 0.1963822 -0.2627628 0.1978907 -0.0932534 0.0491996 0.0244706 0.0604704 -0.2130438 -0.2241560 0.3893362 0.3321994 0.2754446 0.2310360 0.1211455 0.3153021 -0.0441908 0.1673271 0.3104557 0.1293523 0.3235360 0.3698138 -0.3392157 0.1033916 0.3732938 0.4392324 0.1171930 0.3234008 -0.5426890 0.2353284 -0.0136031 0.2440273 -0.5636365 0.2199634 0.2631514 0.1224399 0.2556018 -0.1511138 0.2509372 -0.0172480 0.2028147 0.2900585 0.2100432 0.3418472 0.2810387 0.2000565 0.1051052 0.2038844 0.1195914 0.0430703 0.0093325 0.0352691 0.0256512 0.0568441 0.0022900 0.1492066 0.2301335 0.0186661 0.1649585 0.1760802 0.3303060 0.2960097 0.1005372 0.1981258 0.1714299 0.3478861 -0.0484138 0.1235690 -0.0353845 0.2909509 0.0725080 -0.0832745 0.0024335 0.2878122 0.2187292 0.2259804 0.2176021 -0.0019854 0.0750155 0.1301792 0.1110708 0.0912064 0.3305571 0.1524719 -0.0761777 0.0665535 0.4008949 -0.0157044 -0.0537356 0.2789559 0.1286571 -0.1028473 -0.0368093 0.2790608 0.1697746 0.3625359 0.0864105 0.0329616 0.0722118 0.2253460 0.0303770 -0.1016008 -0.1549957 0.0236610 -0.0943296 -0.1730147 -0.5113609 -0.1440038 -0.4429120 -0.4933749 -0.3998607 -0.5166780 -0.4196108 -0.5295713 -0.1777785 -0.4518828 -0.5096339 -0.2494003 -0.1540960 0.0898248 -0.5030011 -0.4738853 -0.3375143 0.0656193 -0.3419635 -0.5916354 -0.3884771 -0.4754517 -0.0102826 0.2017436 0.3080720 0.6234619 0.3033877 0.4723697 -0.3284918 0.0387643 0.2859757 0.3184702 -0.1382231 0.5296088 -0.2958694 -0.1274306 0.3041285 -0.0682993 0.0499816 -0.0112787 0.1570128
0.0962197 0.3312205 0.7661937 0.4513190 0.0000000 0.0770374 -0.2616941 0.5834132 0.2043205 0.0182505 0.1088264 -0.1873047 0.5335808 -0.0722210 -0.0503390 0.0749589 -0.0648544 0.0899336 0.1911799 0.5255208 -0.2882121 0.1415741 -0.1859477 0.1217917 -0.0120553 -0.1375311 -0.1476513 -0.0745591 -0.3363621 -0.2272880 0.3452983 -0.0371465 0.1592405 0.1191417 -0.3121580 -0.4455580 -0.1817571 0.0600911 -0.3015796 -0.2933910 0.1621895 -0.4541622 -0.3473453 -0.0274850 -0.1277113 -0.1199401 -0.2046893 0.0930493 -0.0957533 -0.1345275 -0.3102491 -0.2992510 -0.0394324 -0.2597861 0.0880745 -0.1099712 -0.1060212 -0.3555129 -0.1135556 -0.3356100 -0.0523880 -0.2415127 0.4922985 -0.3095578 0.1620511 0.1542955 -0.2376705 -0.2829623 0.3485843 -0.2964764 0.1238745 -0.0969172 -0.2226076 0.1581701 0.1607689 -0.2205012 0.2673569 0.1747590 0.0731594 0.1728015 0.1964763 0.0178823 -0.1769922 -0.3498251 -0.0676195 -0.2333308 0.1721308 0.0042083 -0.3412913 0.1931685 0.0564558 0.0389441 0.3182095 -0.3725041 -0.2321715 -0.1673821 0.0318002 0.0944043 -0.0883331 -0.3276017 -0.0977402 0.1231950 0.1146944 -0.1472259 -0.1341699 -0.1865356 0.0220204 0.1203973 -0.2163419 0.2162261 -0.3078982 0.1925755 0.3953592 0.2648872 0.4303693 0.3752380 0.3147778 0.3664531 0.3952774 0.2213616 0.1096051 0.0158588 -0.2946959 0.1811469 0.0273703 0.0964461 0.1933110 -0.1653634 -0.1734655 0.0122412 -0.0077843 -0.0106358 0.4852363 -0.0770948 -0.2511198 -0.0943687 0.0445984 -0.3222657 0.0919534 -0.3255075 -0.1477001 -0.3012997 -0.4623719 0.0612454 -0.0953951 0.0194493 -0.0045208 0.0935288 -0.5156530 -0.3629833 -0.3461249 -0.0027328 -0.3042700 -0.1646502 -0.2882690 -0.0789865 -0.4151432 0.0029161 -0.4553695 -0.5012236 -0.2690398 -0.4418100 -0.2099819 -0.4329137 -0.3584239 -0.2312363 -0.1660665 -0.5181593 -0.5304549 -0.4787587 -0.4417528 -0.5370411 -0.1008557 -0.0611384 -0.1511019 -0.2368569 -0.1006891 -0.0830336 -0.2744079 -0.4497742 -0.3280528 -0.4508062 -0.3635186 -0.4058149 -0.1463431 0.1169192 0.1609244 0.1931304 0.2585141 0.1599226 0.1352252 -0.0226891 -0.0100259 -0.1552972 0.0671832 -0.3865854 -0.4317548 -0.0971129 -0.0412161 -0.1033530 0.3427559 0.3443123 0.4055503 0.4701118 0.4363919 0.0361648 -0.4194697 0.1793158 0.3650114 0.2105395 -0.0352596 -0.2283255 0.0152917 -0.0415946 -0.3718314 0.0162442 0.2042754 0.3509285
0.5441862 0.6488644 0.4464792 0.7307004 0.0770374 0.0000000 0.4668605 0.6244302 0.7625535 0.7762522 0.7772040 0.6216861 0.4093567 0.5064930 0.7661309 0.5469925 0.7699455 0.2258757 0.3129234 -0.1129894 0.2392323 0.2935113 0.3686204 0.6459996 0.2151155 0.3312001 0.6718525 0.2612499 0.4985109 0.2622592 0.2342128 0.2096098 0.5099739 0.4932931 0.2123356 0.1885296 0.2678986 0.2454279 0.3996412 0.1852652 0.3886001 -0.0507676 0.2660005 0.1323225 0.0725104 0.1903585 0.0754628 0.2919789 0.3393047 0.1393946 0.1063884 0.1803294 0.3229399 0.0303173 0.1734463 0.2354799 0.3078712 0.0569711 -0.4287314 0.2352302 -0.2743973 0.2915862 0.0005435 0.0163313 0.3676943 0.2929983 0.4232139 0.1178899 0.2002707 0.1125665 -0.1210377 0.2705960 0.4340239 -0.2339131 -0.0614795 0.1374894 -0.0411578 -0.2876744 0.1274595 -0.2524501 -0.3479675 0.4711401 0.4419776 0.3035919 0.1707555 -0.0273026 0.1495914 -0.0783599 -0.0261376 0.0550038 -0.0988793 0.3725933 0.1934029 -0.2040776 -0.0239358 0.3100912 0.3616800 -0.0250938 0.1535787 -0.4600973 0.0992795 -0.1764352 0.2871946 -0.3506250 0.2149629 0.1920450 0.0393261 0.3157967 -0.3246053 0.1149704 -0.0496839 0.2186206 0.3264354 0.1545706 0.2536168 0.2025619 0.1070915 0.1332525 0.3251621 0.1121130 0.0102543 0.0167654 0.1208678 0.0797161 -0.0018605 0.0177444 0.1058590 0.4270324 -0.0715415 0.3229816 0.0838258 0.2615792 0.0032204 0.3268251 0.1563781 0.3624159 0.3091145 -0.1290898 -0.0878781 0.2089960 0.3925408 0.1545099 0.0582676 0.0492515 0.4147507 0.4757281 0.0736146 0.1804107 0.0916546 0.1677460 0.2633187 0.3197469 0.0526391 0.4859156 0.1657617 0.3158806 0.0878937 0.5004269 -0.0206092 0.1901714 0.2625502 0.1535136 0.3258690 0.1774923 0.1697856 0.4733852 0.6468189 0.1772824 0.1335183 0.1430700 0.2779371 0.0791950 0.0958962 0.1869943 0.5015232 0.2835671 0.0136646 -0.2949715 0.1294923 -0.0476986 -0.1841808 -0.0513562 -0.2006206 -0.1189396 -0.5231306 -0.3529725 -0.5445448 -0.6264726 -0.3250361 -0.1509284 0.2434980 -0.4999595 -0.4299844 0.0008931 0.1596333 -0.0240653 -0.3322825 -0.2163962 -0.3679835 0.0115084 -0.1371033 0.0778392 0.4330291 -0.0424622 0.1480743 -0.4996917 -0.0046346 0.2589209 -0.0044697 -0.1121934 0.4210616 -0.0434918 -0.4048416 0.1367556 0.0872222 -0.3400193 0.1341983 0.3290309
0.4025450 0.5229788 0.0547258 0.0155044 -0.2616941 0.4668605 0.0000000 -0.1107329 0.2036611 0.1023147 0.1499759 0.8701751 -0.2235851 0.1227685 0.3977203 0.1753529 0.3346188 0.1298870 -0.1606131 -0.3618648 0.7310899 -0.3044801 0.0962013 0.1011811 -0.2417967 -0.0946406 0.5459709 -0.0495348 0.6342612 -0.0386598 -0.2599305 -0.3567136 0.0977410 0.2868835 -0.1066604 0.6927930 -0.1645854 -0.3055866 -0.0002299 -0.2578172 -0.2843007 0.4744844 -0.1288007 0.0360010 0.1950095 -0.2995120 -0.3763970 -0.3569184 0.2435800 -0.2447050 -0.3356643 -0.4135973 0.2855738 -0.4808771 -0.4242512 -0.2559882 -0.2121808 -0.0022921 0.0776559 -0.2073405 0.0676468 -0.3917119 -0.3950686 0.1397544 0.1287155 -0.1852999 -0.1282345 -0.0947695 -0.3480394 0.1176338 -0.4040937 0.3808937 0.0010620 0.3827521 -0.4554213 0.2622518 0.3511159 -0.4945329 -0.0853596 0.2264511 -0.1450984 0.2650783 0.0903437 -0.1211534 -0.0545766 -0.4494830 -0.2785741 0.0557770 -0.4322800 -0.1524081 -0.3925008 -0.1458253 -0.2279463 0.1241918 -0.4301052 -0.2831643 -0.2499068 -0.1543212 -0.4132062 0.0781995 -0.2219123 -0.3102092 -0.2142860 0.3743568 -0.0414734 -0.1873910 -0.3167771 -0.2666407 -0.2865333 -0.5469173 -0.1215673 -0.0546210 -0.0414167 -0.4246771 -0.4233795 -0.4186409 -0.5629109 -0.2466283 0.1351148 -0.0836079 -0.4241581 -0.1774404 0.0618823 0.1944392 -0.4272048 0.0447905 -0.1634715 0.0201092 -0.1883703 0.0609009 -0.4907523 -0.0535513 -0.1950792 0.5510433 -0.1387945 -0.0065643 -0.2080735 -0.0569021 -0.4812067 0.2632092 -0.0624852 0.1480290 -0.0939767 0.3619277 0.0924905 0.2070851 -0.1877988 -0.1846050 -0.1593714 0.0940460 0.0599215 0.3492929 -0.1924099 0.0346743 -0.2004852 0.3618142 -0.0535216 0.0462944 -0.1029557 0.1184276 -0.2581069 -0.2261124 0.3210211 0.1206879 -0.3834864 0.2668471 0.2625169 -0.1500622 -0.0228464 -0.0030021 -0.0233991 -0.1612176 0.6311283 0.7412561 0.9297581 0.9131988 0.6813195 0.6281799 0.6190723 0.7096667 0.6211527 0.6375754 0.4705125 0.5307097 0.0007154 0.1153308 -0.0021423 -0.0411885 0.1373323 0.1587717 0.2711714 0.2568842 0.2829050 0.6513026 0.4949142 0.7215462 0.3109235 0.4697945 0.3311966 -0.1458124 -0.0777755 0.0474808 -0.1253754 -0.2014057 -0.2769179 -0.1196368 -0.2435546 0.2059411 -0.0819408 0.3316011 -0.2015106 0.5300733 -0.0992161 0.2231986 0.1446746 -0.4711105 0.5157680 0.5334536
0.2818606 0.5658207 0.8238679 0.8043611 0.5834132 0.6244302 -0.1107329 0.0000000 0.4775650 0.6198481 0.6936246 0.0235050 0.9079171 0.3015466 0.3773910 0.6275797 0.5005441 0.0359073 0.6763527 0.3572883 -0.4035403 0.5039528 0.3960743 0.4510787 0.4467886 0.4543134 0.3047660 0.0663090 0.0709709 0.0726058 0.6275935 0.4786170 0.3290408 0.3827692 0.2040428 -0.3540407 0.3683980 0.5698145 0.2900791 0.2039538 0.6541790 -0.2987945 0.2016442 -0.0779656 0.1193663 0.4241294 0.2595097 0.5825435 0.0871001 0.3679698 0.1689368 0.2324248 0.2573176 0.1222871 0.5227964 0.4644590 0.4109886 -0.1777501 -0.2005212 0.1554680 -0.0536426 0.2497030 0.5259422 -0.0343148 0.4476607 0.5440323 0.3407329 0.0109050 0.6854870 -0.0712855 0.2651251 0.1149747 0.3586750 -0.0825752 0.3889612 -0.0126408 -0.0112538 0.2001685 0.4093547 -0.1743746 -0.0170609 0.3293059 0.2857033 0.2477005 0.3420475 0.1524300 0.1215104 0.2004641 0.0462367 0.3107812 0.1262370 0.3088880 0.4302880 -0.1530270 0.0136823 0.2703788 0.3951684 0.1055558 0.3590596 -0.4645138 0.2525348 0.1306102 0.4180846 -0.3742268 0.2056450 0.2634502 0.3332310 0.4434635 -0.1209180 0.4591164 -0.0149732 0.3593279 0.4990554 0.4928373 0.6208594 0.5520956 0.4661123 0.3891132 0.3786772 0.2090742 0.1582895 -0.0245863 -0.0058268 0.0531740 0.2069055 -0.2109735 0.0935054 0.3290881 -0.1559704 0.2066260 0.2198679 0.1779081 0.2060448 0.1000613 -0.0040914 0.2125659 0.2840420 -0.1644114 -0.0160041 -0.1165667 0.2244493 -0.0608276 -0.0532843 -0.0856027 0.2295385 0.2413392 0.1109963 0.2511505 -0.0576732 0.0043858 0.0169148 0.1513581 0.0483809 0.3281732 0.1466018 0.0159467 0.0292731 0.3740665 -0.0783652 -0.1086339 0.2438054 0.0877757 -0.0523883 -0.0611030 0.1329018 0.1719210 0.3224503 -0.0079675 -0.0547163 -0.0446428 0.0614814 -0.0775717 -0.3136985 -0.0629975 0.0146294 -0.2795171 -0.4645581 -0.4999459 -0.4749692 -0.5467513 -0.4886730 -0.4976271 -0.3509486 -0.3494224 -0.3365301 -0.0649162 -0.1926373 -0.3263777 -0.0262335 0.0643019 0.0867373 -0.4926483 -0.2857989 -0.4976022 -0.2125101 -0.5600811 -0.7106481 -0.5207137 -0.4516758 -0.2447062 0.0495827 0.3155690 0.6052748 0.3958743 0.3966455 -0.2892746 -0.1740345 0.0075937 0.1734714 -0.0588197 0.4518226 -0.4891798 -0.2282522 -0.1320763 -0.1750881 -0.1835752 -0.0294017 0.1890835
0.5778579 0.5910233 0.3606086 0.7685411 0.2043205 0.7625535 0.2036611 0.4775650 0.0000000 0.5928933 0.4915484 0.5142096 0.1675858 0.7015876 0.9069583 0.1300112 0.4622100 0.7204123 -0.0819135 0.1500744 0.1784833 0.1126901 -0.1328173 0.8650131 -0.1387717 -0.1167739 0.3212939 0.7401218 0.0141523 0.6272889 0.2364112 0.0857128 0.7290867 0.0433296 -0.2140013 -0.0755811 0.0636898 0.0164857 0.2334029 0.2440965 0.3260488 -0.5711168 -0.0773986 0.2773956 -0.4592713 -0.0413672 -0.0405679 0.2659380 0.0956240 -0.0805300 0.0264527 0.2318763 -0.1964106 -0.0401654 0.1055453 0.0066019 0.1052843 -0.3566887 -0.7362575 0.1782897 -0.6604416 0.2397669 0.1946900 -0.4908092 0.1484769 0.0768636 0.2177641 -0.3822444 0.1379915 -0.3274868 -0.2188652 -0.1288346 -0.0770567 -0.4977920 -0.1664773 -0.3327718 -0.0831313 -0.1808774 -0.2670626 -0.4678519 -0.3021838 0.6163327 0.3015699 0.2345058 -0.0765318 -0.0553319 0.4958856 -0.3625427 0.0727214 0.1142843 0.1898943 0.3432170 0.1619174 -0.5406359 0.1446448 0.2503066 0.3729567 0.0034383 0.1610684 -0.6882586 0.0613972 -0.2543732 0.0496944 -0.4399328 0.2190287 0.1479978 -0.1194112 0.1047948 -0.1765313 -0.0095791 -0.0847556 0.1265371 0.2803360 0.0575086 0.1809919 0.1454738 0.0647987 -0.0148680 0.2902507 0.1492761 0.0518106 0.0735734 0.0322114 0.2390276 -0.0557886 0.1961948 0.1348492 0.2222636 0.0594705 0.1857798 0.1012661 0.3321978 0.1287674 0.3004552 0.1960506 0.2676346 0.3777252 -0.1178401 0.0521014 0.0396751 0.2705357 0.0482527 -0.1468853 0.1438594 0.4514053 0.4470009 0.0906470 0.1133098 -0.0282780 -0.0446028 0.0553988 0.1891386 -0.1363462 0.3744094 -0.0300587 0.2026075 -0.0842084 0.3816450 -0.1069557 -0.0489540 0.1617030 -0.0280744 0.1805706 -0.1249207 0.1648263 0.2996564 0.5168898 0.0386190 -0.0197976 0.0211680 0.1361226 -0.0139146 0.2041656 0.0394062 0.1967357 0.1789202 0.0079605 -0.3730147 0.0666958 -0.2733421 -0.3717729 -0.2978141 -0.6347657 -0.5161536 -0.7141462 -0.4356867 -0.5992800 -0.6406937 -0.3204253 -0.3007684 0.2526906 -0.5755533 -0.5218669 -0.0099073 0.3221877 0.0209694 -0.2770792 -0.3311396 -0.5747293 0.1093136 0.3238930 0.1626313 0.6150045 0.2830931 0.5249943 -0.4421244 0.1612350 0.6629021 0.4309046 -0.2293640 0.5063447 0.0063904 -0.1084176 0.3365897 0.0329223 0.1752336 0.2583630 0.3187635
0.3360869 0.4170020 0.3169501 0.7587574 0.0182505 0.7762522 0.1023147 0.6198481 0.5928933 0.0000000 0.9214268 0.2349977 0.4260048 0.7647362 0.6153897 0.5747675 0.9119051 0.2630883 0.4632507 -0.0907418 -0.0139798 0.4640871 0.4377209 0.6228955 0.5011410 0.5209385 0.6627119 0.3766387 0.2098539 0.5380085 0.3593630 0.5713241 0.3694068 0.2759949 0.4081344 -0.0386891 0.5429921 0.5011835 0.7790005 0.5886633 0.5384410 -0.1529082 0.5855015 0.0328925 0.0927539 0.4748324 0.4361585 0.5034097 0.3001210 0.3935989 0.4635681 0.5947635 0.3236565 0.3592224 0.4407061 0.4917282 0.5549758 0.0754090 -0.3173438 0.5311010 -0.1838688 0.5138778 0.1868540 0.0848073 0.3258467 0.4617724 0.5509285 0.1417435 0.4412476 0.0795636 0.1677439 0.0350085 0.5074073 -0.3720095 0.1988703 0.0910237 -0.1266478 0.0007246 0.2090162 -0.2889374 -0.2314154 0.1018885 0.4309626 0.5111644 0.3010641 0.2697789 0.0935079 -0.0296388 0.2976793 -0.0714681 -0.0407409 0.3348539 0.1810173 -0.0600952 0.0910755 0.5802945 0.5767062 -0.0595688 0.2820498 -0.4329296 0.1666772 -0.1254644 0.2582059 -0.5553606 0.3069835 0.3050425 0.1263203 0.2627742 -0.1971533 0.2864203 0.0167465 -0.0371304 0.0219580 0.1144853 0.2285376 0.1261207 0.1202771 0.0096536 -0.0989197 -0.0732523 -0.0200658 -0.1296432 0.1761471 -0.2576098 0.0338559 -0.0969344 -0.0063918 0.3492867 0.0246163 0.0645063 0.2464638 0.2394208 -0.0135675 -0.1458713 0.2204459 0.1704915 0.2445128 -0.0087161 0.0850120 0.0888492 0.3728848 0.1208875 0.2211712 -0.2495410 0.1782056 0.0727669 0.0666315 0.1379160 0.2591492 0.2445102 0.3235073 -0.0480462 0.2349563 0.3619983 0.4147341 -0.1803352 0.2104719 0.3393095 0.1215810 0.1776582 0.4180700 0.3808954 -0.0960245 0.1189171 0.4543329 0.1622273 0.3315443 0.3049058 0.2302369 0.1960188 0.3033899 0.1703859 -0.2750569 -0.1244082 0.1612480 -0.0032114 -0.2681579 -0.5527342 -0.0754519 -0.3828949 -0.5271243 -0.3179271 -0.2796691 -0.1876453 -0.4077509 -0.2426134 -0.4764015 -0.5534793 -0.3359504 -0.1485900 -0.0767949 -0.5890961 -0.4694735 -0.3803389 -0.0779269 -0.2648855 -0.4663984 -0.4101548 -0.4025134 -0.0097956 -0.1288200 0.2041629 0.3186966 -0.0953826 0.3097699 -0.2857771 0.2008760 0.0082190 0.0630928 -0.1759210 0.4452283 -0.2471603 -0.1283357 0.0329634 0.1639030 -0.1606377 -0.1604163 -0.0216281
0.3710941 0.5018164 0.4769856 0.7651428 0.1088264 0.7772040 0.1499759 0.6936246 0.4915484 0.9214268 0.0000000 0.2121805 0.5604058 0.5972527 0.5366250 0.7688857 0.9019113 0.1502168 0.5703811 -0.0415380 0.0200163 0.5654638 0.5362708 0.5991611 0.5590137 0.5831554 0.7400240 0.2262492 0.3806621 0.3596045 0.4301453 0.4874815 0.4608738 0.5280340 0.4559899 0.1024686 0.5319806 0.5437265 0.7301649 0.4766916 0.5184233 -0.0012808 0.6020547 0.1577253 0.2834142 0.4531841 0.3359632 0.4369742 0.5258070 0.4287559 0.3462932 0.4404124 0.5273509 0.2722537 0.4156404 0.4479224 0.4536836 0.2334522 -0.2119940 0.4023732 -0.0483861 0.3676249 0.0756549 0.2986813 0.3934718 0.4363330 0.4496279 0.3181330 0.3830939 0.2967682 0.0627635 0.2227211 0.5428910 -0.2127296 0.2081009 0.2898027 -0.1043905 -0.1699892 0.1999420 -0.2252231 -0.3363136 0.0184471 0.2953297 0.3064066 0.2307319 0.1924193 -0.0474559 -0.0227430 0.1317748 -0.0871578 -0.1327898 0.2573650 0.1405278 -0.0098693 -0.0190007 0.4552191 0.3619272 -0.1715491 0.2079342 -0.3406374 0.0695289 -0.1154059 0.2140577 -0.5222858 0.1484526 0.2129788 0.0993130 0.2765826 -0.1902366 0.2662832 0.0238098 -0.0447188 0.0421636 0.1175009 0.1947980 0.1198927 0.0921293 -0.0677336 -0.0940318 -0.1927260 -0.0761168 -0.1822089 0.1752495 -0.2920471 -0.0364384 -0.1458258 -0.0286327 0.3564302 0.0052492 0.1203840 0.2344021 0.1896030 -0.0599403 -0.0304650 0.1489035 0.1921852 0.2199339 0.0393298 0.1103241 0.1858192 0.3791320 0.2138611 0.2401694 -0.1713331 0.2230027 0.1502972 0.1331839 0.1585182 0.2666218 0.3265281 0.3566257 0.0380157 0.3606343 0.4025841 0.4287308 -0.0762136 0.2616656 0.4133759 0.1781573 0.2058889 0.3556716 0.4130812 0.0274720 0.2317493 0.4250658 0.2478856 0.3549127 0.3429669 0.3284908 0.2835361 0.3277633 0.2320424 -0.1980988 -0.0946978 0.1960493 -0.0458538 -0.3026160 -0.4918038 -0.0988258 -0.2978080 -0.3926555 -0.1880847 -0.1413177 -0.0816652 -0.3383876 -0.2137489 -0.4049529 -0.5165950 -0.3855890 -0.2508495 -0.1865087 -0.5728287 -0.4912178 -0.3892038 -0.1272118 -0.3432046 -0.4816950 -0.3930642 -0.3782355 -0.0467538 -0.1908291 0.2167473 0.3108057 -0.1341657 0.1672344 -0.3829738 0.1146497 -0.1266196 0.0048043 -0.1502050 0.4122550 -0.3494521 -0.2660721 0.0470901 -0.0074107 -0.2751607 -0.1885921 0.0331231
0.5252648 0.5366374 0.1282332 0.2715880 -0.1873047 0.6216861 0.8701751 0.0235050 0.5142096 0.2349977 0.2121805 0.0000000 -0.2011054 0.3165529 0.6719742 0.0607088 0.3880662 0.3337462 -0.2286167 -0.3802570 0.7586060 -0.2040962 -0.0043578 0.3833131 -0.2730636 -0.1314624 0.4912307 0.2187354 0.5128151 0.1589636 -0.1653157 -0.2751937 0.3397313 0.2563807 -0.0980992 0.5900296 -0.1356897 -0.2837962 0.0262480 -0.1777260 -0.1044153 0.2299412 -0.1016200 0.0769227 0.0288659 -0.2699132 -0.2824592 -0.1951866 0.2576709 -0.2313139 -0.2212251 -0.2221426 0.2212494 -0.4033185 -0.3148580 -0.2171627 -0.1141794 -0.1049873 -0.1308311 -0.0541216 -0.0856828 -0.2175715 -0.2269784 -0.0388495 0.3055674 -0.1277411 0.0371551 -0.2095109 -0.2661183 0.0363694 -0.3182095 0.3366295 0.0231691 0.1846569 -0.4175083 0.1849685 0.3857592 -0.4270856 -0.1338108 0.1347860 -0.2677889 0.5586989 0.3931559 0.1212033 0.0169024 -0.2571247 0.0030010 -0.0087581 -0.2169049 0.0174297 -0.1871671 0.0953792 -0.0185957 0.0018784 -0.1485682 -0.0577190 -0.0078522 0.1192599 -0.1489262 -0.0730660 0.0111832 -0.1576791 0.0040712 0.1847956 0.1949555 0.0672920 -0.1250807 -0.0382088 -0.1780909 -0.3592902 0.0002112 0.1382242 0.1201303 -0.2699782 -0.2623890 -0.2524509 -0.4071987 -0.2040193 0.2742035 0.1546919 -0.1883954 0.0745469 0.1313782 0.3573940 -0.1793826 0.2774929 0.1282702 0.2201188 0.0720470 0.2818662 -0.2270875 0.2741550 0.0268324 0.5704677 0.0805419 0.2167770 0.1256299 0.0863425 -0.2596595 0.3455744 0.1401259 0.2928264 -0.0530129 0.3477146 0.3575982 0.4122116 0.0455731 0.0029056 -0.0400869 0.1899030 0.1545137 0.3798382 -0.1020549 0.2632343 -0.0942252 0.3547753 0.0139545 0.2240404 -0.0288162 0.2097207 -0.0242089 -0.0640865 0.3157998 0.1867014 -0.1233035 0.3681243 0.4897675 0.0174692 0.0817421 0.1579221 0.1655984 0.0158856 0.5867043 0.5648328 0.7991462 0.8201594 0.6847945 0.4053938 0.6673201 0.5919818 0.4632409 0.5404118 0.2378549 0.3425900 -0.1225715 0.0684697 -0.1819625 -0.2166001 0.0194034 0.0499768 0.4645530 0.1140128 0.0532440 0.6420093 0.6292600 0.7000128 0.2351845 0.3453590 0.1342363 0.1284898 -0.0509892 -0.0918091 0.0602652 -0.0685043 -0.0594911 -0.1836906 -0.0538310 0.4810487 -0.0394158 0.0717662 0.1006223 0.5194809 -0.1205039 0.3923930 0.2326772 -0.2391275 0.4810080 0.4627207
0.0560549 0.3881205 0.7361315 0.5461898 0.5335808 0.4093567 -0.2235851 0.9079171 0.1675858 0.4260048 0.5604058 -0.2011054 0.0000000 0.0113312 0.0505608 0.6899092 0.3281027 -0.2710401 0.8699329 0.4881193 -0.5091476 0.6275488 0.5430193 0.1153247 0.6482416 0.6383013 0.2089443 -0.2238798 0.1678495 -0.1684999 0.7336577 0.5830349 0.0397515 0.3596343 0.3592560 -0.2980360 0.5068313 0.7422331 0.2162749 0.1392689 0.7126343 -0.0780278 0.2628327 -0.2192699 0.3280832 0.5991769 0.3814767 0.6509699 0.0011431 0.5722670 0.2499587 0.1448539 0.2915458 0.1270213 0.6665100 0.6122497 0.4976355 -0.0764545 0.0088530 0.1731609 0.1944432 0.2165798 0.4752160 0.1158327 0.3770789 0.6684444 0.3408048 0.1927034 0.7485907 0.1091749 0.3956919 0.1909656 0.4611353 -0.0042234 0.5814488 0.1869533 -0.0619341 0.2569688 0.5476780 -0.0925525 -0.0042661 0.1601236 0.1371669 0.1677545 0.2790677 0.2520047 0.0649138 0.2089100 0.0760551 0.2879952 0.2275358 0.2974024 0.4291693 -0.0668734 0.0770248 0.2577660 0.2299952 0.0917832 0.3846336 -0.3713077 0.1960690 0.2688106 0.4160688 -0.3316052 0.1519050 0.2822196 0.4375280 0.4862970 0.0776799 0.5460631 0.1568604 0.3763122 0.4738502 0.5307296 0.5828063 0.5502161 0.4918920 0.3721868 0.3337532 0.1771355 0.2488352 0.0303022 0.0956439 0.0004863 0.2711954 -0.2584669 0.1323046 0.3934612 -0.1712529 0.2781145 0.3052522 0.1637037 0.2064279 0.0845593 -0.0311145 0.2711934 0.2638343 -0.1274113 0.0501651 -0.0248411 0.2491065 0.0089428 0.0919901 -0.0638585 0.1982480 0.2262264 0.1257483 0.2950533 0.0456934 0.0946509 0.1075908 0.2591553 0.1270242 0.2791010 0.2814224 0.0848148 0.1651521 0.4008262 0.0523156 0.0099186 0.2602471 0.1362141 0.0015648 0.0894976 0.1217315 0.2287710 0.2359734 0.0646822 0.0476504 0.0295604 0.0987870 0.0089763 -0.3719405 -0.0487893 -0.0768111 -0.3800604 -0.6075650 -0.4808461 -0.5763096 -0.5121385 -0.4684594 -0.4255572 -0.1852444 -0.2098699 -0.1840270 -0.0147183 -0.0868985 -0.2391807 -0.0307625 0.0774135 -0.0143107 -0.3973670 -0.2036295 -0.5093396 -0.3428458 -0.6134482 -0.7351171 -0.4710117 -0.3736532 -0.2598259 -0.1070787 0.2218198 0.4670233 0.2126880 0.2675080 -0.3017510 -0.1407799 -0.2171053 0.0029845 -0.0321790 0.3032308 -0.5776606 -0.2160040 -0.2203139 -0.1524534 -0.2382999 -0.1985878 0.0280208
0.3324318 0.4111793 0.1199340 0.6614001 -0.0722210 0.5064930 0.1227685 0.3015466 0.7015876 0.7647362 0.5972527 0.3165529 0.0113312 0.0000000 0.7738499 0.1673678 0.6970522 0.7596024 -0.0137221 -0.0319841 0.1531256 0.0920262 0.0097471 0.7563324 0.0686292 0.0483470 0.5157735 0.7947165 -0.1174811 0.8889516 0.2026065 0.3149236 0.5101287 -0.1578832 0.0150279 -0.0661775 0.3164891 0.1548947 0.6660925 0.6157011 0.3039860 -0.4483965 0.3151910 0.1523601 -0.3356289 0.1608331 0.2639233 0.2997314 0.1634470 0.1060481 0.3398178 0.5682570 -0.0731374 0.1785432 0.1981558 0.1774778 0.2920178 -0.2768614 -0.5039884 0.4162744 -0.4888361 0.2622819 0.1705014 -0.2506306 0.0818746 0.1342920 0.2594327 -0.3709875 0.1919328 -0.2665890 -0.0332901 -0.3123943 -0.0162972 -0.4662032 -0.0620836 -0.2566287 -0.0578657 -0.0128786 -0.2105059 -0.3900752 -0.2068867 0.2191727 0.2580644 0.4259292 0.1033576 0.1771715 0.2029492 -0.2198149 0.3287755 -0.0687545 0.0473465 0.1049891 0.0216663 -0.2879790 0.1147910 0.4060440 0.4556136 -0.0912469 0.1841560 -0.5308086 0.0269137 -0.2583838 -0.1037337 -0.4891717 0.2664642 0.2097010 -0.1322792 -0.1348588 -0.0926483 -0.0893747 0.0077739 -0.2747558 -0.2218337 -0.2418959 -0.1224310 -0.2038588 -0.2251779 -0.3215134 -0.2934565 -0.1710491 -0.2548943 -0.2393296 0.0608556 -0.2116038 -0.2450464 -0.0387771 -0.1451937 0.0480526 0.0341895 -0.1964561 0.0090827 0.2105348 -0.0516009 -0.1113565 0.1571210 -0.0449095 0.0846081 -0.0184155 -0.0262381 -0.0530571 0.1518973 0.0116714 -0.0042452 -0.1283956 0.0553981 -0.0675844 -0.0740088 -0.1238740 0.0858475 0.0500171 0.1007324 -0.2153834 -0.0207502 0.1816208 0.1474693 -0.3188586 0.0538024 0.0484503 0.0431986 -0.0541589 0.1806829 0.1345572 -0.2603032 -0.1604553 0.3368130 -0.0432366 0.1414369 0.1378978 0.0962476 0.0938152 0.1457771 0.0730377 -0.0545179 -0.1162001 0.1069605 0.1798667 -0.0616247 -0.3705920 0.0628193 -0.3392088 -0.4509914 -0.3151237 -0.4720115 -0.3390721 -0.4957492 -0.1899805 -0.4898501 -0.5144676 -0.2839379 -0.2382934 -0.0699628 -0.5089917 -0.3965107 -0.2192200 0.1455117 0.0433606 -0.3103969 -0.3504569 -0.4390205 -0.0672490 0.2659395 0.2935910 0.2925757 0.1711451 0.5048959 -0.1684500 0.2397502 0.3617359 0.4261901 -0.1633880 0.3714536 -0.0403359 0.2599960 0.3096673 0.1250212 0.2517934 0.0699144 0.0247941
0.6585199 0.6757354 0.2892862 0.7017543 -0.0503390 0.7661309 0.3977203 0.3773910 0.9069583 0.6153897 0.5366250 0.6719742 0.0505608 0.7738499 0.0000000 0.1719720 0.5951725 0.7142022 -0.1287502 -0.1095865 0.3402755 0.0069933 -0.0798835 0.8686117 -0.1671163 -0.1073510 0.4871432 0.7077658 0.1885437 0.6505409 0.1450293 0.0279768 0.7544100 0.1606277 -0.1385875 0.1297277 0.0461254 -0.0178772 0.3435447 0.2852814 0.2414111 -0.3567918 0.0395849 0.2932615 -0.3135367 -0.0818288 -0.0666995 0.1919909 0.2802503 -0.0873217 0.0150844 0.2593111 -0.0033646 -0.0277650 0.0292298 -0.0228149 0.0579676 -0.2444683 -0.6315582 0.1592440 -0.5857468 0.1556449 0.0840635 -0.2620094 0.1612000 -0.0254688 0.1641674 -0.3268071 0.0239248 -0.1812100 -0.2969450 -0.0286856 -0.0457035 -0.3523941 -0.2709514 -0.1776939 0.0387778 -0.2432693 -0.2217002 -0.3617402 -0.3089476 0.6095635 0.4210741 0.3622287 0.1189876 -0.0403149 0.2871258 -0.1551378 0.1020968 0.1249643 0.0413107 0.2331188 0.0565891 -0.3190404 0.0783771 0.2554943 0.3185634 -0.0232428 0.1458884 -0.4769811 0.1346204 -0.2892375 0.0014948 -0.3048195 0.2718992 0.1954184 -0.1385923 0.0197758 -0.1659204 -0.1684873 -0.0126949 0.0309626 0.1268032 -0.0855417 -0.0070556 -0.0278654 -0.1347395 -0.1895100 0.1460034 0.0124322 -0.1442897 -0.0544206 0.0702091 0.1872979 -0.1847849 0.0845837 -0.0269527 0.2467319 0.0216190 0.0971971 -0.0497434 0.3374592 -0.0117456 0.3671581 0.2407088 0.2363258 0.2426759 -0.0400260 -0.1016439 0.1121212 0.2781557 0.1139717 -0.0384553 0.1705058 0.3856336 0.3700779 0.0576109 0.0306870 0.0677923 0.0717338 0.1301692 0.1500195 -0.0646698 0.4310691 0.0105728 0.1703703 0.0591360 0.3012781 0.0174736 0.0464962 0.1608285 0.0868332 0.1952088 -0.0081252 0.2063662 0.3155837 0.5688533 0.1681381 0.1326001 0.1427676 0.2589766 0.1209655 0.2398262 0.1722507 0.3954071 0.3301278 0.1374177 -0.2075802 0.1832350 -0.0738732 -0.1525529 -0.0821882 -0.4103998 -0.2850134 -0.5946162 -0.3648911 -0.5594996 -0.5988048 -0.2628145 -0.2334207 0.1893907 -0.4830816 -0.4060851 0.0346847 0.2987557 0.1691122 -0.1895936 -0.2709010 -0.4510551 0.0118973 0.1976018 0.1683480 0.5112023 0.2625483 0.3132884 -0.3499948 0.1066283 0.5359904 0.3449808 -0.1777462 0.5240744 0.1415610 -0.1248381 0.3434476 0.0775841 0.0717170 0.3183203 0.3422798
0.0696109 0.3732672 0.4817948 0.4250570 0.0749589 0.5469925 0.1753529 0.6275797 0.1300112 0.5747675 0.7688857 0.0607088 0.6899092 0.1673678 0.1719720 0.0000000 0.6187874 -0.1976674 0.7754771 0.1343414 -0.0908848 0.5178727 0.8174875 0.2362984 0.6203030 0.7271948 0.6335440 -0.1789340 0.5064520 -0.0255873 0.3916430 0.4001723 0.1813410 0.6187057 0.5331514 0.1677286 0.5410252 0.5824009 0.5214178 0.2435685 0.4254603 0.2684872 0.5256648 0.1044935 0.4808217 0.4841037 0.2755143 0.3475080 0.4688826 0.4906855 0.2319203 0.1286010 0.5799046 0.1489576 0.4029401 0.4466062 0.3588034 0.3784950 0.0209762 0.1807918 0.1906454 0.1383380 -0.1371152 0.5123233 0.2250651 0.3728538 0.2664437 0.4801576 0.2777827 0.4409499 0.0186932 0.3877456 0.5285025 0.0299452 0.2360818 0.3779329 -0.1818852 -0.1465787 0.3095054 -0.1873664 -0.1956974 0.0282986 0.0107081 0.0312053 0.1109987 0.1240620 -0.2161867 0.0348282 -0.0936379 -0.0984160 -0.1068413 0.1710892 0.0625949 0.0427809 -0.1190272 0.1820482 0.0790341 -0.2592119 0.1753679 -0.2866045 -0.0367598 0.0197332 0.1921325 -0.2792512 0.0036563 0.1147442 0.1293085 0.2642003 -0.0529897 0.1879014 0.1294942 -0.0188808 0.1418840 0.1660723 0.1456497 0.1366048 0.0860063 -0.0264032 -0.0274582 -0.2412154 -0.1472916 -0.2855032 0.0578725 -0.3055502 -0.0748336 -0.3708311 -0.1571920 0.3702970 -0.1772968 0.1718658 0.1438437 0.0219884 -0.1592548 0.1721156 -0.0270243 0.2739657 0.1403128 0.0083555 0.0197137 0.1313898 0.3290257 0.1673358 0.2421012 0.0018601 0.2104134 0.2984768 0.1284367 0.2043485 0.2284310 0.2924020 0.2632195 0.2301932 0.3677611 0.4171423 0.4421595 0.2081057 0.2692094 0.4018127 0.1916563 0.1880813 0.2868859 0.2994592 0.2788075 0.2582972 0.2266933 0.3645853 0.3417619 0.2703984 0.2654912 0.1942309 0.2369038 0.1667177 -0.2106102 0.0287891 0.1959572 -0.0521808 -0.3714250 -0.2759925 -0.2243505 -0.1166454 -0.1407822 -0.0960197 0.0822342 0.0376049 -0.2102734 -0.1596911 -0.2467694 -0.3918783 -0.3009251 -0.1278086 -0.2442435 -0.3796769 -0.2151949 -0.3197095 -0.3488979 -0.3308338 -0.4329197 -0.2886441 -0.2651928 -0.3071359 -0.2350395 0.1934935 0.2355788 -0.1316848 -0.0811580 -0.3467599 -0.0316986 -0.3544719 -0.1780815 -0.0295659 0.1917009 -0.4174100 -0.3529447 -0.1581284 -0.1326310 -0.4873342 -0.1734463 0.1299865
0.2724693 0.4697651 0.2931496 0.6381542 -0.0648544 0.7699455 0.3346188 0.5005441 0.4622100 0.9119051 0.9019113 0.3880662 0.3281027 0.6970522 0.5951725 0.6187874 0.0000000 0.1894875 0.4210128 -0.2281978 0.2225795 0.3288263 0.5146570 0.5434611 0.4434205 0.5039557 0.8746489 0.2201176 0.4321849 0.3840926 0.2203591 0.3951419 0.3492826 0.4412430 0.4413086 0.1973698 0.4814331 0.3946474 0.7598855 0.4850851 0.3812386 0.0722140 0.6341571 0.1072626 0.2299048 0.3692764 0.3350614 0.3182148 0.4963541 0.3090643 0.3561011 0.4396022 0.5037520 0.2688324 0.2634892 0.3711645 0.4621401 0.2371234 -0.2091317 0.4016181 -0.0907016 0.3120067 -0.0437626 0.2894718 0.2994788 0.3519396 0.4255820 0.2444320 0.2338033 0.2478203 0.0477156 0.1125740 0.5312917 -0.1844659 0.0480149 0.2911055 0.0224539 -0.1559116 0.2222166 -0.1171118 -0.2746488 0.0213201 0.3383055 0.3747527 0.2797250 0.1363795 -0.1479977 0.0008992 0.1226722 -0.1671855 -0.2942939 0.1327451 0.0477444 -0.0169063 -0.0982691 0.4268996 0.3778002 -0.1587694 0.1402573 -0.3073369 -0.0152338 -0.1829418 0.1546496 -0.4512492 0.1574235 0.1803578 -0.0042462 0.1227882 -0.3244690 0.0607250 -0.0152017 -0.1952642 -0.1487254 -0.1075864 -0.0017498 -0.1027671 -0.1277571 -0.1429783 -0.2181365 -0.2211988 -0.2640380 -0.2769104 0.0949998 -0.3872837 -0.1898237 -0.1628963 -0.1135895 0.2416934 -0.1034651 -0.0221183 0.0210077 0.1250607 -0.1445051 -0.1137500 0.0689612 0.0734186 0.0194895 -0.0796365 -0.1106681 0.1341185 0.2702334 0.0988051 0.1551616 -0.2272936 0.0176854 0.0077480 -0.0925819 -0.0494388 0.1535711 0.2274229 0.2902299 -0.0807032 0.1622676 0.2860926 0.3165534 -0.1596142 0.1745156 0.1819796 0.0670513 0.1531504 0.2132705 0.2828993 -0.0526246 0.1498097 0.3039240 0.1281628 0.2765297 0.2488397 0.2271144 0.1903515 0.2432757 0.1456170 -0.2026764 -0.0088237 0.3971830 0.2175062 -0.0704565 -0.3017014 0.1289939 -0.1491864 -0.2841413 -0.0917218 -0.0541749 0.0219162 -0.3198180 -0.1623856 -0.4407283 -0.4787512 -0.3229997 -0.1293923 -0.0938096 -0.4341851 -0.3651771 -0.2015996 -0.0208621 -0.0760896 -0.3826697 -0.2256250 -0.2182395 -0.1024334 -0.2169763 0.2177699 0.1403241 -0.1595849 0.1274183 -0.2420728 0.0271595 -0.0206596 -0.0094072 -0.0097521 0.2793242 -0.1043947 -0.1102186 0.0940634 0.1376975 -0.2721807 -0.0206816 0.1042228
