0.0000000 0.2314616 0.2526219 0.1710325 -0.0492869 0.1630958 0.2214507 0.2593706 0.4692550 0.3664036 0.3032310 0.0473015 -0.0781585 0.4167090 0.2496596 0.1247665 0.2107454 0.5561435 0.0429586 -0.1060503 0.0630615 -0.3030080 -0.2831525 0.0797982 -0.1753410 -0.3191785 -0.3889620 0.0680268 0.1334702 -0.3340348 -0.2741078 -0.3898838 -0.0576625 -0.0115948 -0.3980614 0.0674726 -0.4903329 -0.4372273 -0.3931600 -0.3093088 -0.4154894 0.1598567 -0.3383710 -0.2248442 0.2723678 -0.4857868 -0.4625122 -0.4052183 0.1322712 -0.0610428 -0.4296026 -0.3531495 0.1503352 -0.1870215 -0.4645746 -0.6037123 -0.5644704 0.1295615 0.2585452 -0.1954261 0.2505478 -0.0269884 -0.1679863 0.0680626 -0.0937243 -0.0465470 -0.0267150 0.1408784 0.1430944 0.1926562 0.1251673 0.0414696 0.0004068 -0.0630019 0.1788387 -0.0188388 0.1198583 0.0448194 -0.1705095 0.0612666 -0.1466612 -0.1788160 -0.1356727 -0.0661706 0.0716827 0.0468246 0.2906654 0.1027328 0.2896301 -0.0510785 -0.0538639 0.1939241 0.1641434 -0.1107630 0.3047209 0.1088316 0.0704020 -0.1876254 0.2413383 0.0668041 0.0776791 -0.4850597 -0.1494207 0.1819377 -0.1848203 0.1170129 -0.0572533 -0.0666033 -0.3059814 -0.0846625 -0.0369330 0.1371792 0.1965240 0.1372225 0.0721605 0.1746535 0.3372353 0.1386409 0.2937924 0.1761225 0.3159260 0.4033814 0.1317474 0.0833551 -0.0874094 0.2370950 0.2572769 -0.1291772 -0.1177202 0.1299525 -0.1038967 -0.0386574 -0.2035138 0.0870563 0.1366809 -0.2169625 -0.1878035 -0.2408603 -0.1089066 0.2434919 0.1053593 0.0484669 -0.2119175 0.2245732 -0.2063592 -0.0582491 -0.1380560 -0.0387878 0.3720715 0.1302242 0.1425786 0.0082517 -0.0830645 0.0611980 0.0630941 0.2950029 -0.1033448 -0.0808908 -0.2014798 -0.2300943 0.1661427 -0.0020733 0.2046598 -0.3426915 0.1257119 0.0491487 0.2885496 0.2665017 -0.2529354 -0.0915168 0.2576334 0.2687214 0.4499139 0.5545456 0.0985480 -0.0272149 -0.2927185 -0.1413649 -0.0457604 -0.0046562 0.1095082 0.1735496 0.1473991 0.1567072 0.2339664 -0.1057997 -0.0107686 -0.1932803 0.0330777 0.2562746 -0.1076902 0.2068357 0.0638151 -0.0476522 0.0306528 0.0175211 -0.1485237 0.1374847 0.0307821 0.0483749 0.1212945 0.2485394 -0.3038783 0.1556402 0.4835106 0.4306659 0.0660409 0.1270124 0.1036320 0.5961774 -0.1949350 0.6067146 0.4412073 -0.0715414 0.5245099 -0.2733348 0.1561656 0.0937101
0.2314616 0.0000000 0.7443190 0.7795552 0.2530618 0.6515754 0.5725834 0.7052931 0.4399666 0.5005928 0.5228536 0.4601187 0.4788037 0.5868777 0.4433518 0.6734649 0.5283786 0.2480791 0.5290763 0.1393355 0.3009407 0.1795661 0.1970661 0.1121398 0.3939124 0.3080101 -0.3024848 0.1667083 0.4099433 -0.1965770 -0.1651052 0.1122732 0.0512800 0.1914275 -0.0542804 0.3467044 -0.0700413 -0.0345504 -0.2609658 -0.2801008 -0.2073001 0.4609068 -0.1403492 -0.1292799 0.4779571 0.0387744 -0.1857233 -0.3459952 0.3570734 0.2213848 0.0496863 -0.1874908 0.4854628 -0.0294622 -0.1434611 0.1177216 -0.0687061 0.3672013 0.1708610 0.3366145 0.4458053 0.2812800 -0.1829585 0.6291806 0.3611753 0.5154080 0.5146669 0.4292825 0.3604814 0.6111556 0.3220344 0.4839200 0.5061385 0.2753841 0.2713900 0.5644782 0.2712373 0.0215309 -0.0031619 -0.0521636 -0.4483044 0.1142902 -0.0568817 -0.2679294 -0.4019489 0.2467010 0.5336624 0.0055421 0.2313351 -0.0848920 0.3598702 0.0637393 0.4665711 0.1387536 0.3186840 0.4116554 0.5995435 0.4501367 0.2724826 0.2974932 0.3442024 0.0609752 0.3730827 0.5125077 0.4265340 0.2218583 0.3248205 0.3534391 0.2688249 0.2445655 0.2123794 0.0871268 0.2397660 0.4614090 0.1232819 0.3611854 0.4958504 0.3788458 0.3143017 0.4020385 0.5590753 0.5954552 0.2624539 0.3433263 0.2385684 -0.0786797 0.6047654 0.3275468 -0.0686952 0.4644483 0.1505742 0.3857567 0.1193448 0.2564120 0.0125299 0.3634781 0.1710008 -0.1353073 -0.0415287 0.2057568 0.3380169 0.1581890 0.0462398 0.2310907 -0.0483263 0.2922850 0.0381304 0.0978752 0.2800045 0.2432743 0.2911358 -0.0955697 0.1243458 0.4900193 0.4199077 0.3969029 0.1570203 0.0939432 0.2375539 0.2087491 0.6424298 0.3270856 0.3140323 0.0424014 0.5997691 0.2420374 0.5157167 0.4359881 0.2167074 0.6253352 0.6152305 0.6193494 0.2419100 0.2771830 0.6214901 0.1354613 -0.2864631 -0.4165507 0.0702139 0.2407629 0.0851489 0.3868693 0.2019596 0.2318641 -0.0682476 0.2142330 -0.2044117 -0.2552198 0.0203002 0.0491446 0.1678009 -0.1090296 -0.3381361 -0.0475251 -0.0087560 -0.2075874 -0.4806699 -0.3091853 -0.1561537 -0.2845784 -0.0493528 -0.0693470 -0.0146832 -0.2210045 0.0721204 0.0516774 -0.2255831 -0.0210797 0.1107030 0.3258031 0.3398710 -0.1284618 0.2410420 0.1166219 0.1446841 0.3588212 0.2711654 0.0820795
0.2526219 0.7443190 0.0000000 0.6636154 0.5399039 0.5537963 0.3533138 0.8280278 0.3477697 0.5268658 0.5547575 0.5007103 0.6712899 0.4711845 0.2642413 0.5830692 0.4659034 -0.0179616 0.6120612 0.1766208 0.5550382 0.4747513 -0.0664706 -0.0832259 0.5249237 0.2364558 -0.4605416 -0.0165471 0.4163019 -0.3886924 0.0913682 0.0861745 -0.1513676 0.1786547 -0.3088298 0.6491505 -0.1827061 0.1777118 -0.4669365 -0.4780136 -0.0576775 0.6614684 -0.3415735 -0.3606374 0.7383963 0.0494153 -0.3304125 -0.0713491 0.2954887 0.4473960 -0.1559853 -0.3382727 0.7299478 -0.2106407 0.0644103 0.2096900 -0.1266553 0.3733926 0.4333704 0.2145261 0.6491712 0.2883072 0.0812867 0.7737540 0.6996031 0.4994662 0.4942163 0.4825134 0.6153244 0.6576956 0.1850293 0.6886992 0.4771667 0.5780722 0.3373364 0.6796324 0.6510011 -0.2283279 -0.1089541 0.1411073 -0.5483587 0.0123248 -0.0706307 0.0053112 0.0189923 0.3597858 0.2503397 -0.0692312 0.3914245 0.2472915 0.0994813 0.1479282 0.2820448 0.1762401 0.3373624 0.4245671 0.3123684 0.2660238 0.4171226 0.3769980 0.5023141 -0.0143256 0.2370047 0.4048154 0.4141110 0.4428438 0.2973708 0.3344466 0.1920920 0.3404911 0.4710947 0.1405884 0.2762499 0.4283776 0.4310790 0.4328215 0.5304462 0.5581809 0.5116216 0.5038636 0.5512468 0.5819172 0.1706707 0.4472243 0.2350768 0.0866520 0.6301922 0.2430825 0.0355530 0.4025801 0.1710678 0.3978180 0.3181791 0.2540206 0.0918221 0.2274447 0.1083774 0.0372785 0.1219456 0.4340107 0.3862550 0.3681639 0.1808262 0.2218195 -0.0217703 0.2903352 0.1618251 0.1900075 0.5125898 0.4953828 0.3807657 0.0553164 0.3546687 0.5204316 0.6202218 0.4782749 0.5470992 0.1228665 0.5132042 0.3168648 0.4315901 0.5908730 0.4159948 0.3667112 0.5568776 0.2578873 0.4797502 0.5931742 0.3687230 0.4825600 0.5146787 0.5842013 0.2412067 0.2356834 0.4529637 0.1419607 -0.0618158 -0.1870779 0.3776274 0.5970830 0.2548295 0.5165941 0.5635970 0.4337222 0.2237099 0.3849903 0.0626719 0.0847534 0.4300300 0.4367252 0.1007386 0.0619428 -0.1776698 -0.1771045 -0.0865542 -0.1871231 -0.3779662 -0.0869753 -0.0479690 -0.0725558 -0.2268727 -0.2395900 -0.3077454 -0.3992393 -0.0561809 -0.0938243 0.0114473 -0.0517370 -0.1367411 0.1171942 0.0415732 -0.1433857 0.1161321 0.3775632 0.3644531 0.1605834 0.0805132 -0.0492128
0.1710325 0.7795552 0.6636154 0.0000000 0.1333526 0.9125408 0.7433908 0.7620228 0.4389663 0.6862731 0.7295017 0.5817516 0.4757581 0.6519142 0.4636194 0.6513160 0.6738743 0.0546622 0.5145706 0.2848126 0.4225305 0.1824873 -0.0508954 -0.0527125 0.2991943 0.0942650 -0.5584077 -0.0766258 0.3323641 -0.4920432 0.0065098 -0.0813960 -0.2205686 0.0530685 -0.4332459 0.5538204 -0.4047022 -0.1651848 -0.5873816 -0.6484817 -0.1044933 0.6640663 -0.5207347 -0.4482650 0.5867105 -0.3353418 -0.5545729 -0.2132057 0.2237678 0.1729121 -0.3361491 -0.5313865 0.5539162 -0.1432786 -0.0884161 -0.0382164 -0.3822197 0.4464182 0.4041449 0.1153161 0.5992979 0.2484808 0.0171561 0.6236570 0.3936826 0.6522973 0.6296992 0.5375266 0.5902606 0.6556549 0.6338397 0.5778719 0.6742100 0.3449601 0.5962955 0.6826190 0.4882001 0.3047569 0.2322207 0.1568730 -0.2211124 -0.2427245 -0.1912468 -0.3469337 -0.3977097 0.0266243 0.1447229 -0.0841843 0.1261014 -0.0775117 0.0568998 -0.1884494 0.2162594 0.1581750 0.1539148 0.2624127 0.3324648 0.1893017 0.1624497 0.3277439 0.3899088 -0.1996870 0.1114271 0.6075612 0.1146887 0.0447914 0.0822144 0.1253057 0.0109383 0.2128682 0.1244367 -0.0440088 0.0741926 0.3235011 0.1520440 0.2837401 0.3217848 0.1935808 0.2706174 0.1587789 0.3512746 0.4517025 0.1072879 0.3057131 -0.0556512 -0.1590668 0.3909882 0.1281249 -0.1893212 0.2451999 -0.0869751 0.2009944 -0.0025348 0.0240241 0.0580904 0.1603602 -0.1181171 -0.2275883 -0.1513394 -0.0163050 0.3044969 0.1578262 0.0651281 -0.1161852 -0.2388324 0.0596111 -0.1245750 0.0154363 0.3654776 0.2161513 0.0590056 -0.3001209 0.1114689 0.3454592 0.4680879 0.1493085 0.2627579 -0.1012490 0.2084387 -0.0874687 0.6018438 0.3381651 -0.0234651 -0.0365687 0.4598436 0.0163741 0.2966069 0.4320991 0.0409432 0.3673015 0.4525930 0.4018987 0.4109049 0.4350891 0.7724174 0.5221936 0.0072680 -0.1903405 0.2974013 0.3776501 -0.0394966 0.4889505 0.4479752 0.4140410 0.2239537 0.2262092 0.0611750 -0.0220357 0.3352628 0.4785673 -0.1280100 0.0671799 -0.0809620 -0.2671816 -0.2355559 -0.3517650 -0.4074308 -0.1645577 -0.0531348 -0.3145210 -0.0883318 -0.1892666 -0.1091457 -0.4282609 -0.0040951 0.0505708 -0.2821482 -0.2024877 0.1388023 0.2084376 0.1299867 -0.1912271 0.1284637 0.1733902 -0.0973346 0.2834106 0.3720983 0.2567166
-0.0492869 0.2530618 0.5399039 0.1333526 0.0000000 0.1016457 -0.1894337 0.5659924 -0.2613690 0.1801985 0.3035796 -0.0847490 0.7811725 -0.1682305 -0.3352102 0.4549292 -0.2129944 -0.4079987 0.6036084 0.0847952 0.0231423 0.6066985 0.1860509 -0.5140230 0.6270463 0.4821777 -0.2696795 -0.4845923 -0.1857884 -0.3602841 0.5162177 0.3694928 -0.4998304 -0.3768265 0.0862499 0.4087845 0.2036723 0.6518168 -0.1412079 -0.2201755 0.3772938 0.2590371 0.0510086 -0.4703867 0.0753890 0.3484122 0.0670225 0.3575256 -0.2367220 0.6633378 0.2542626 0.0570780 0.2094680 -0.3520592 0.4362044 0.4247618 0.2009341 -0.0988471 0.4646443 0.4271768 0.5718362 0.2834492 0.4124177 0.4273879 0.4956987 0.3045924 0.4319262 0.1847403 0.3729578 0.3784037 0.1114526 0.5446869 0.3104059 0.6949923 0.1663581 0.4255762 0.5154294 -0.2078719 0.0537800 0.2771954 -0.1969951 0.1248457 0.0923858 0.3135572 0.0599148 0.3896731 0.0704069 -0.0863469 0.2286114 0.1857466 0.1149553 0.2529736 0.2276203 0.0622820 0.2158644 0.2786964 0.1921930 0.2507878 0.3296283 0.1174714 0.2982556 0.2897964 0.2939258 0.1608727 0.3413782 0.4441809 0.4040960 0.5146253 0.3621879 0.5733614 0.4339577 0.4075753 0.4240958 0.3913181 0.3117132 0.4327451 0.3172518 0.1355579 0.2749693 0.4132715 0.4098256 0.3080153 0.3550922 0.4548787 0.3436394 0.3274165 0.5335316 0.4174502 0.2719446 0.4201968 0.3142552 0.4403168 0.6089201 -0.0088412 0.2198678 0.3566201 0.2159468 0.3182869 0.1357235 0.4759650 0.3499572 0.4392173 0.5016619 0.3003026 0.1632993 0.4464081 0.1965655 0.1529471 0.3435565 0.4985040 0.4343917 0.2403950 0.3845947 0.4436082 0.4942457 0.4123072 0.4950143 0.2744339 0.5970543 0.6237944 0.3207608 0.5088268 0.5585967 0.6656586 0.4297389 0.2940566 0.4542974 0.2148802 0.2124145 0.4081549 0.3047778 0.1248400 -0.1340687 0.0256283 -0.0105655 -0.2830891 -0.2475966 0.0666101 0.1178807 0.4605380 0.5828084 0.5073061 0.5078653 0.4727615 0.3205147 0.6593992 0.3495460 0.3237126 0.4067912 0.3114299 0.2747743 0.1220891 0.0146784 0.1483397 0.1979677 0.1945940 0.2214869 0.2277297 0.1545946 0.2846219 -0.2786983 -0.5103955 -0.2577443 -0.1737202 -0.1351584 -0.2996928 -0.0929108 -0.2269081 -0.3293877 -0.3163947 -0.0439303 -0.0075027 -0.0451101 0.1926242 0.0498045 -0.0705154 -0.2152030 -0.3909662
0.1630958 0.6515754 0.5537963 0.9125408 0.1016457 0.0000000 0.8738028 0.7556042 0.6068616 0.8579019 0.8520546 0.6745592 0.4457677 0.7400077 0.5936570 0.7240823 0.7208568 0.1726554 0.6563942 0.3252514 0.4894657 0.2636911 -0.1486471 -0.0348082 0.4229856 0.1225862 -0.6881229 -0.1103806 0.3602410 -0.5554816 0.0570877 -0.0534139 -0.2662157 0.0321687 -0.5633124 0.6034022 -0.5282991 -0.1500333 -0.6989397 -0.7528762 -0.0345353 0.7448202 -0.6707735 -0.4994671 0.6226597 -0.3966243 -0.6758038 -0.1936952 0.2514087 0.1658990 -0.4414415 -0.6338205 0.5416749 -0.0859584 -0.0981950 -0.1380472 -0.5304468 0.5966339 0.4778007 0.0610635 0.6271006 0.3214012 -0.0613004 0.6230424 0.3265864 0.5530814 0.6502459 0.7201748 0.5307711 0.7155367 0.6951691 0.6073621 0.7567924 0.3067393 0.6657175 0.6890066 0.4547058 0.2737521 0.1478294 0.0722528 -0.3170105 -0.3065151 -0.1698070 -0.2591778 -0.2097429 0.0356310 0.0083588 -0.0092209 0.1875775 -0.0011335 -0.0833873 -0.1376478 0.1553092 0.1982539 0.1472687 0.1844628 0.2692638 0.1192791 0.2020652 0.4136557 0.4240988 -0.2515296 0.0767994 0.6445703 0.0603848 0.0598317 0.0590337 0.1161128 -0.1154919 0.1918728 0.1755234 -0.0175712 0.1064889 0.3184466 0.0894230 0.2720405 0.2573753 0.0754627 0.2052899 0.0803194 0.2263425 0.3531289 0.1515977 0.0374197 -0.1331564 -0.0802356 0.2483236 0.1768335 -0.1472485 0.1534290 -0.1781149 0.0917089 -0.1761642 0.0378811 0.0963001 0.1700871 -0.1602203 -0.1980136 -0.2423402 0.0931887 0.4182399 0.2332761 0.0653133 -0.0841392 -0.2550058 0.1613314 -0.1205083 0.1109754 0.5106304 0.2522680 0.1622622 -0.3074856 0.0924140 0.4582165 0.5502413 0.2007706 0.3270339 -0.1131219 0.1774601 -0.0405041 0.6798610 0.3518696 0.0715375 -0.0139896 0.5269868 0.0281763 0.4217844 0.5143949 0.0173013 0.4729000 0.5625207 0.4551109 0.4288065 0.4608249 0.8624903 0.4438661 -0.1340460 -0.3476762 0.2318118 0.3121551 -0.0925507 0.5359689 0.5196393 0.4938682 0.3447201 0.1154281 0.1242955 -0.0773530 0.2758736 0.4332272 -0.1667485 0.0183115 -0.1385718 -0.3050467 -0.2116349 -0.3817703 -0.4322435 -0.2455725 -0.1299511 -0.3158616 -0.1741934 -0.3094880 -0.3297630 -0.5926880 -0.2128338 -0.0262787 -0.2688844 -0.5155481 0.0500827 0.0604078 -0.0435824 -0.1527569 0.0479664 -0.0678362 -0.0997081 0.0953289 0.3420183 0.2369684
0.2214507 0.5725834 0.3533138 0.7433908 -0.1894337 0.8738028 0.0000000 0.4800075 0.7472417 0.7330510 0.6362240 0.8016198 0.0780526 0.7390102 0.8364119 0.5618546 0.6852764 0.4084446 0.5132527 0.3658472 0.5583554 0.1115871 -0.0993557 0.2450273 0.2994078 0.0014503 -0.4794637 0.1864226 0.5427114 -0.3268732 -0.0542843 -0.0687136 0.0298121 0.2362650 -0.5294550 0.4475688 -0.5595900 -0.1900430 -0.5377625 -0.5575738 0.0079847 0.6251451 -0.6154106 -0.2423547 0.5369038 -0.4037258 -0.6281075 -0.2008748 0.3540356 0.0373853 -0.4983728 -0.5955181 0.4073412 0.0332504 -0.1180726 -0.1974869 -0.5860354 0.5952256 0.2967712 -0.1508223 0.3964020 0.0640034 -0.1620168 0.4274085 0.1426131 0.4235355 0.3098015 0.5350678 0.4394422 0.4616646 0.5134035 0.3491279 0.4909425 0.0878471 0.6105337 0.4270399 0.2090741 0.3046016 0.0558964 -0.0311991 -0.2688126 -0.1759235 0.0062224 -0.2301089 -0.1360549 0.0936246 0.1047469 0.2651073 0.2380088 0.0827865 -0.0340273 -0.1507185 0.2091097 0.2740729 0.2296114 0.1983184 0.3753252 0.1519306 0.2527130 0.4295305 0.4584675 -0.2658683 0.1977299 0.6386534 0.0700257 0.0930239 0.1210371 0.1367315 -0.1538055 0.1610357 0.1905432 -0.0141297 0.0703158 0.3265195 0.0882433 0.2261396 0.3281461 0.1956390 0.2758589 0.1175665 0.2548662 0.4137894 0.1530989 -0.0627451 -0.0637772 -0.1297123 0.1646368 0.2112088 -0.1716804 0.1776123 -0.1299608 0.1780871 -0.4265292 0.2166268 0.2021022 0.1731978 -0.0816623 -0.2253425 -0.1694119 0.0249089 0.4646322 0.1113062 -0.0905519 -0.0190449 -0.1642560 0.1306277 -0.0603218 0.1948205 0.5554391 0.1639426 0.1232991 -0.2253043 0.0426958 0.4794657 0.4284846 0.2917579 0.2339204 -0.0332690 0.0244681 -0.1006664 0.6470931 0.2638359 0.0956694 -0.1149328 0.5168062 0.1462605 0.4816513 0.6039503 0.0671866 0.4704977 0.6580504 0.5583604 0.5493324 0.4853939 0.9300318 0.5309469 -0.0928944 -0.4084025 0.1910885 0.1140294 -0.2072746 0.4062397 0.3055873 0.3506783 0.2279377 -0.0728579 0.0374151 -0.2043679 0.0611726 0.1968684 -0.1277834 -0.0396773 -0.1812167 -0.2546582 -0.1907786 -0.4057953 -0.4010445 -0.3930854 -0.1735065 -0.3047908 -0.1688474 -0.0977672 -0.2646886 -0.5327314 -0.0548727 0.1778491 -0.0506797 -0.4012897 0.0618223 0.2063093 0.0467344 -0.0811495 0.2031436 -0.0960621 0.0295327 0.2512114 0.2088063 0.1414966
0.2593706 0.7052931 0.8280278 0.7620228 0.5659924 0.7556042 0.4800075 0.0000000 0.3389754 0.7775806 0.8479166 0.3901520 0.8118650 0.5630682 0.1817547 0.7386517 0.4746137 -0.0665739 0.7682125 0.1544953 0.4283782 0.4190238 -0.1137312 -0.3345210 0.6496751 0.2854548 -0.7675427 -0.3900408 0.1786581 -0.7099891 0.0917107 0.0858965 -0.4540429 -0.1134005 -0.4347946 0.7105559 -0.3311928 0.0941203 -0.7004651 -0.7612228 -0.1633866 0.7246733 -0.5304617 -0.6293557 0.6586004 -0.1447580 -0.5371474 -0.2371913 0.1818778 0.3842101 -0.2509135 -0.5430679 0.7036858 -0.3033925 -0.0055868 0.0883574 -0.3319573 0.4449613 0.6194188 0.3279504 0.8139995 0.3945460 0.0887446 0.8117970 0.6151942 0.5324725 0.7389428 0.6686282 0.5981564 0.8588857 0.5435690 0.8429516 0.7464411 0.6376091 0.5751009 0.8288761 0.7208638 -0.0153992 0.0452469 0.2228147 -0.4979689 -0.1410293 -0.1080136 0.1003462 0.0087810 0.2589592 0.0686030 0.0348030 0.3726464 0.1924626 -0.0607351 0.0133214 0.1844942 0.3309316 0.2517232 0.1971347 0.2018570 0.0893732 0.4077731 0.5421318 0.5567744 -0.1283760 0.1214497 0.6749428 0.1943304 0.2897946 0.1993425 0.2602803 0.0672543 0.3262596 0.3784557 0.1237053 0.2493720 0.3868938 0.2855968 0.4084668 0.3692025 0.2066936 0.3392582 0.2939107 0.3421151 0.4207132 0.3307205 0.2257228 0.0026352 0.1142218 0.4778368 0.2497545 -0.0392589 0.2117134 -0.1045199 0.3150238 0.2383962 0.0720907 0.1388253 0.1593775 -0.1346502 -0.1172744 -0.2191360 0.3308513 0.3726945 0.4201739 0.3093021 -0.0014137 -0.2709237 0.2307102 -0.1279111 0.0298098 0.5495858 0.4880373 0.3205974 -0.2337543 0.1968382 0.4583052 0.5483582 0.3978755 0.5446059 -0.1065055 0.4753332 0.2166858 0.5083815 0.5169601 0.3303406 0.2597662 0.4628171 0.0699456 0.4845607 0.5078135 0.1132824 0.4322829 0.4917805 0.4054620 0.2955785 0.3550417 0.6014506 0.1441303 -0.2504469 -0.2703328 0.2808534 0.4922057 0.2461669 0.6864872 0.6958432 0.6294740 0.3908193 0.4170294 0.1725272 0.0601180 0.4581752 0.5496997 0.0548703 0.1511321 -0.0629290 -0.1790621 -0.0337763 -0.1776939 -0.3370547 -0.0176104 -0.0060709 -0.0618983 -0.4057875 -0.4586656 -0.4762623 -0.5244270 -0.2007848 -0.1141894 -0.1274242 -0.4123092 -0.2662787 -0.0431005 -0.1571469 -0.1941308 0.0553309 0.1695670 0.0510460 -0.0562427 0.1746183 -0.0631372
0.4692550 0.4399666 0.3477697 0.4389663 -0.2613690 0.6068616 0.7472417 0.3389754 0.0000000 0.6948889 0.4996530 0.7433423 -0.0944102 0.7932957 0.8893835 0.4006679 0.5753957 0.7895352 0.3117445 0.0392762 0.6139217 -0.0375107 -0.2752400 0.5952208 0.1570913 -0.0997284 -0.5010344 0.4626715 0.7423183 -0.1831970 -0.2907783 -0.1831896 0.3244269 0.5168279 -0.5511972 0.4320589 -0.5930654 -0.3595657 -0.4852987 -0.3926316 -0.2369658 0.6032686 -0.6041740 0.0373006 0.6819017 -0.3855733 -0.5756330 -0.3432074 0.6510728 -0.0000985 -0.5512447 -0.4979006 0.5052038 0.3350376 -0.3733185 -0.4036739 -0.5975290 0.7821980 0.0778737 -0.3109549 0.2742215 0.2126826 -0.3858573 0.4177691 0.1558353 0.0849772 0.1426734 0.6280913 0.2328226 0.4324337 0.1235785 0.2285220 0.2830138 -0.0669122 0.2134865 0.2723914 0.1116337 -0.1431590 -0.2603633 -0.1540133 -0.4893676 0.0911616 0.0109467 -0.1867319 0.0932413 0.0630151 0.1650114 0.1388106 0.2436791 0.0810579 -0.1136205 0.0062943 0.2411137 0.0860983 0.2411886 0.0423240 0.2367545 0.1218418 0.2481518 0.3395000 0.3292594 -0.3254070 0.0663735 0.3769598 0.0991571 0.1364345 0.0442154 0.0738494 -0.2649426 -0.0914511 0.1662852 0.0556177 0.1687966 0.2125043 -0.0212068 0.1112768 0.2293544 0.2577801 0.2007205 0.1277505 0.1500166 0.2926526 0.1793790 -0.1911553 -0.0442638 0.0673439 0.0673576 0.1706567 -0.0147623 0.1756018 -0.0568896 0.0064857 -0.4594855 0.4293183 0.0835081 0.0992266 0.0366589 -0.0680417 0.0064884 0.3479629 0.4572781 0.2389818 -0.2892355 0.2531852 -0.0256968 0.2103149 0.1414635 0.3450254 0.6142925 0.2052765 0.2837066 0.0199067 0.1775101 0.4561238 0.3358386 0.4277034 0.2312728 0.0796694 -0.1083537 -0.0702688 0.4330022 0.2676573 0.2484010 -0.1318984 0.4259590 0.2436166 0.5301297 0.6556482 0.0539666 0.4271816 0.6048992 0.6503064 0.2959420 0.3363444 0.5937254 0.2919503 -0.1237097 -0.4404397 0.1923504 0.2353970 -0.1453712 0.3225352 0.1728158 0.1972091 0.0047466 -0.2832552 -0.2009059 -0.3058826 -0.0210502 0.1157258 -0.1002886 0.0008347 -0.1438838 -0.1601486 -0.0496917 -0.2302714 -0.4464427 -0.4261775 -0.1645560 -0.2505082 -0.0731757 0.0097349 -0.3661560 -0.2625423 -0.0415442 0.0422981 0.0938681 -0.2383226 0.0952465 0.3562214 0.0356394 0.0980537 0.3156819 -0.1726557 0.3815779 0.0007472 0.1495764 0.0949969
0.3664036 0.5005928 0.5268658 0.6862731 0.1801985 0.8579019 0.7330510 0.7775806 0.6948889 0.0000000 0.9452039 0.5614521 0.4590011 0.7718992 0.5244601 0.7648358 0.6908760 0.2802813 0.7431870 0.0588350 0.5137469 0.2144146 -0.2354872 -0.0597232 0.5269966 0.2067614 -0.8714274 -0.2400859 0.3915713 -0.7279568 0.0348840 0.0217877 -0.3295670 -0.0092328 -0.6232917 0.7148406 -0.5347187 -0.1383690 -0.8130901 -0.8346347 -0.1420778 0.8336427 -0.7268866 -0.5700510 0.7088276 -0.4039926 -0.6995701 -0.2814391 0.3445372 0.1437092 -0.4714089 -0.6496838 0.6239475 -0.0816772 -0.1732074 -0.2566694 -0.5742571 0.7282589 0.5663694 0.1353386 0.7205430 0.4975403 -0.0746765 0.6977271 0.3364752 0.4286399 0.7020931 0.8814504 0.4374214 0.8574315 0.6590439 0.6923982 0.7977764 0.3814416 0.5975784 0.7117880 0.5294328 0.1216843 0.0348620 0.0937654 -0.4182896 -0.2204093 -0.1487312 -0.0841643 0.0862129 0.0744897 -0.0536276 0.1303699 0.2687471 0.0815552 -0.2066560 -0.0093335 0.1859741 0.2442908 0.2005921 0.0162907 0.1049719 0.0480840 0.3155908 0.5514988 0.4523152 -0.2523040 0.0175349 0.6001733 0.0108310 0.1148525 0.0852322 0.1144127 -0.1734539 0.1738642 0.2219616 0.1496322 0.2220829 0.3037542 0.1230150 0.2925886 0.1838888 0.0155637 0.2230619 0.0848295 0.1100665 0.2793778 0.3460833 -0.0355283 -0.0997698 0.1871675 0.2098174 0.2475927 0.0194588 0.1233477 -0.1749265 0.0354335 -0.0839298 0.0768480 0.2327322 0.1530288 -0.1413345 -0.0813044 -0.2647344 0.3821677 0.5210478 0.4196703 0.2096813 0.0650408 -0.2327092 0.2673180 -0.1294278 0.1507955 0.6832686 0.4142825 0.3719204 -0.1889095 0.1177123 0.5457806 0.4786470 0.3248510 0.4063397 -0.1001700 0.2772342 0.0798380 0.5498100 0.3941222 0.2863597 0.0799511 0.4614673 0.0823137 0.5788030 0.5824230 0.0435061 0.4066014 0.5574269 0.4405273 0.2928720 0.4817075 0.6723072 0.2446996 -0.2901054 -0.3440795 0.1807202 0.3655392 0.1224007 0.6528799 0.6338866 0.6144983 0.4276415 0.1315785 0.2337419 -0.0131022 0.3498640 0.4606050 -0.0479358 0.1156126 -0.0765834 -0.1336576 0.0199319 -0.1577895 -0.3980463 -0.0906619 -0.0781947 -0.1252506 -0.3066376 -0.4811900 -0.5570381 -0.5213642 -0.3408197 -0.0757965 -0.0930299 -0.5782194 -0.1424502 -0.0930487 -0.2364291 0.0207649 -0.0300980 -0.1973776 0.0338579 -0.2554701 0.1031936 -0.0033674
0.3032310 0.5228536 0.5547575 0.7295017 0.3035796 0.8520546 0.6362240 0.8479166 0.4996530 0.9452039 0.0000000 0.3779304 0.5651171 0.6267698 0.3082229 0.8304183 0.6402288 0.1139452 0.7482871 0.1925345 0.3188153 0.3131733 -0.2434731 -0.2844030 0.4989564 0.1895885 -0.8797143 -0.4415616 0.1456361 -0.8244701 0.1546543 -0.0230536 -0.5142759 -0.2360561 -0.5927874 0.6349368 -0.5052128 -0.1109104 -0.8143028 -0.8431911 -0.1057621 0.7625743 -0.6768007 -0.7083450 0.5908015 -0.4339392 -0.6836926 -0.2314935 0.1153506 0.1202522 -0.4024097 -0.6287379 0.5122702 -0.2432898 -0.1001839 -0.2411317 -0.5426964 0.5421816 0.6708536 0.2134392 0.7383650 0.5011396 0.0061244 0.6293629 0.2671386 0.4466845 0.7659747 0.8262811 0.4509609 0.8541117 0.7621601 0.6934265 0.8504076 0.4002830 0.6677343 0.7233994 0.5274319 0.2557610 0.1207383 0.1100533 -0.3381548 -0.2898569 -0.2400313 -0.0905256 0.0068900 -0.0421694 -0.1343606 0.0128132 0.1441930 -0.0405880 -0.2876944 -0.0419474 0.0668727 0.1658323 0.0530704 -0.0313664 -0.0043570 -0.0352606 0.1905631 0.4512511 0.3251484 -0.2964554 -0.1028308 0.5462416 -0.0847881 0.0051785 -0.0138923 0.0833207 -0.2145890 0.1975619 0.1037878 0.0779508 0.2136730 0.2899698 0.1254977 0.3150335 0.1571607 -0.0561291 0.1681021 0.0062421 0.1013626 0.2310023 0.2289420 -0.0120111 -0.1719242 0.0908700 0.2230240 0.1527951 -0.1042336 0.0683577 -0.2701472 0.0215517 -0.0200641 -0.0967538 0.1532573 0.0593484 -0.2819570 -0.1791962 -0.4334938 0.2313114 0.3583405 0.3409369 0.2447630 -0.0976663 -0.3639674 0.1681820 -0.3092946 -0.0850185 0.5260087 0.3203700 0.2530218 -0.3365844 -0.0075621 0.4213883 0.3869273 0.1788413 0.3170728 -0.2247839 0.2232088 0.0311844 0.5368753 0.2815261 0.1861824 0.0487515 0.3635394 -0.0339489 0.4925989 0.4476403 -0.0166979 0.3333793 0.4714941 0.3119000 0.2805214 0.4608160 0.6345748 0.1758103 -0.3654287 -0.3008203 0.0462747 0.2647313 0.1009987 0.6034462 0.6719712 0.6198786 0.5101763 0.1724131 0.3281298 0.0155418 0.3404322 0.4613490 -0.1374880 0.0747509 -0.0734596 -0.2257210 -0.0835133 -0.2186459 -0.3839411 -0.0142625 -0.1180735 -0.1675176 -0.2291663 -0.4289483 -0.4930575 -0.5285886 -0.2892449 -0.0759090 -0.2118726 -0.5543244 -0.0814756 -0.0959966 -0.2024182 -0.0043115 -0.0282885 -0.1930359 -0.0775222 -0.2615361 0.2452353 0.0813248
0.0473015 0.4601187 0.5007103 0.5817516 -0.0847490 0.6745592 0.8016198 0.3901520 0.7433423 0.5614521 0.3779304 0.0000000 0.1102526 0.6182696 0.8877532 0.3590315 0.5261766 0.3027109 0.4451739 0.2435851 0.8932400 0.2823258 -0.0314526 0.4847494 0.4093860 0.0954299 -0.3260841 0.4329698 0.8438742 -0.0992960 -0.0048351 0.0685605 0.3012954 0.6144671 -0.4475055 0.6167977 -0.4181917 0.0640560 -0.4050175 -0.4096319 0.1246691 0.6734101 -0.5430737 0.0064048 0.7157031 -0.1155052 -0.4662718 0.0115907 0.6208555 0.3078479 -0.4519426 -0.4824973 0.6463575 0.2596998 0.0610544 0.0831509 -0.3848894 0.7261068 0.0927767 -0.2546880 0.3307759 0.0361064 -0.0691919 0.5716407 0.5043350 0.3345797 0.1523521 0.4796635 0.4955179 0.3767544 0.1051246 0.4088269 0.2812457 0.2479495 0.3590826 0.4539534 0.3796567 -0.0904633 -0.0649516 0.0892066 -0.3665612 0.1071319 0.2503231 -0.0230830 0.1242073 0.3688971 0.1646351 0.2696135 0.4181031 0.4315771 0.0818263 0.0000643 0.3355013 0.3701691 0.4020172 0.3478219 0.4564023 0.3529849 0.4431995 0.4827847 0.6560795 -0.0103701 0.4008354 0.5151587 0.4055644 0.4095079 0.3363304 0.3030208 0.0835876 0.2576895 0.5340507 0.1381937 0.1539146 0.3831024 0.3162626 0.2716524 0.4005449 0.5147016 0.4591673 0.3720991 0.3196639 0.4453935 0.1944134 0.1184797 0.2106615 0.0555346 0.2056969 0.3877089 0.1472973 0.3242374 0.1855796 0.3681873 -0.2540722 0.5382066 0.3119598 0.3562317 0.2524139 0.1606111 0.3162728 0.2959090 0.6559972 0.3706631 -0.0265956 0.2179205 0.1934453 0.3286049 0.3990633 0.5855129 0.6879813 0.4219933 0.3059763 0.1527252 0.4825200 0.6235689 0.5833565 0.5296746 0.5940457 0.2797451 0.2733908 0.1570892 0.5011559 0.6171266 0.2922144 0.2523496 0.5956147 0.3904556 0.4822191 0.7464493 0.3239198 0.5466057 0.6371922 0.6528410 0.3720189 0.2502016 0.7707497 0.6294340 0.3015189 -0.2152441 0.5930958 0.5031892 -0.0820197 0.3995974 0.2870310 0.2863245 0.0209413 0.0322308 -0.0826253 -0.0089035 0.2633549 0.3023315 0.0776225 0.1000502 -0.0638073 -0.1206180 -0.0632288 -0.2358001 -0.2583940 -0.4017306 -0.0031283 -0.0816727 -0.3196565 -0.2213020 -0.2355974 -0.4808901 -0.1255163 -0.0083948 0.2421073 -0.2768191 -0.1140478 0.0898672 0.1172326 -0.2525217 0.1537035 0.2218597 0.1743847 0.3750817 -0.0974107 -0.0825139
-0.0781585 0.4788037 0.6712899 0.4757581 0.7811725 0.4457677 0.0780526 0.8118650 -0.0944102 0.4590011 0.5651171 0.1102526 0.0000000 0.1539306 -0.1795000 0.5955883 0.1701820 -0.4663627 0.7616020 -0.0294693 0.2134453 0.5898992 0.1816138 -0.5120827 0.7639170 0.5689731 -0.4521229 -0.4936178 -0.0471375 -0.4799483 0.3510376 0.3553595 -0.4854996 -0.2226065 -0.0014531 0.5537769 0.1220561 0.4881304 -0.3808581 -0.4857423 0.0506325 0.4188740 -0.1272754 -0.4909140 0.3418191 0.2951166 -0.0927098 0.0446214 0.0742318 0.6402808 0.1906223 -0.1362790 0.5154242 -0.2351481 0.3285292 0.4811249 0.1123777 0.2364054 0.4746544 0.6041578 0.7034443 0.5238171 0.3795947 0.7527026 0.6581703 0.4210672 0.7516592 0.5210950 0.4457150 0.7441653 0.3670008 0.8264977 0.6960107 0.7924277 0.3472803 0.8150344 0.7351346 -0.1500265 0.2520136 0.3844097 -0.2872588 -0.0489924 0.0248707 0.2351982 0.0433450 0.4152888 0.1559385 -0.0332897 0.3717820 0.2520464 0.1910889 0.2539935 0.3053318 0.3590054 0.3571966 0.3870235 0.2183746 0.3082572 0.4666731 0.4693506 0.4717007 0.2883423 0.3027279 0.4651884 0.4291038 0.4629285 0.4123930 0.4391513 0.4509229 0.5406478 0.5210580 0.3384527 0.3704997 0.4785363 0.3706671 0.5235074 0.3790899 0.1210906 0.3209850 0.4141393 0.3809104 0.3574638 0.4650566 0.3557889 0.2583769 0.2939996 0.5910857 0.4401771 0.2872236 0.3139821 0.2188354 0.3701854 0.6406601 0.0686255 0.1728482 0.4246928 0.1791689 0.2621829 0.0583819 0.4478286 0.3813569 0.5635898 0.5918253 0.1732066 0.0812977 0.4728259 0.1535165 0.1734236 0.3062021 0.6221091 0.4900063 0.0803452 0.3979782 0.4858590 0.5537380 0.3713197 0.5738976 0.1866411 0.6992174 0.5542238 0.4084576 0.6176914 0.4587226 0.5934245 0.4873596 0.2335360 0.3964916 0.2346918 0.2966104 0.4013125 0.3123980 0.1898023 0.0427469 0.1020288 0.2475326 -0.1271090 -0.1950899 -0.0260395 0.2350823 0.5082571 0.5172190 0.5706306 0.5916834 0.5687099 0.3258454 0.6488387 0.2819929 0.3649642 0.5618314 0.4664754 0.3065414 0.2252750 0.0224098 0.0939960 0.2001914 0.1213111 -0.0345654 0.2525473 0.2303184 0.1595475 -0.4456096 -0.6891703 -0.2813410 -0.3312540 -0.3172269 -0.1799758 -0.2207818 -0.4148942 -0.4258759 -0.4074404 -0.1787855 -0.3173008 -0.1659143 0.2535695 -0.1821695 -0.0510382 -0.0726512 -0.1794081
0.4167090 0.5868777 0.4711845 0.6519142 -0.1682305 0.7400077 0.7390102 0.5630682 0.7932957 0.7718992 0.6267698 0.6182696 0.1539306 0.0000000 0.6639556 0.4579405 0.7732212 0.5505147 0.3901526 -0.1035864 0.5610090 -0.2375174 -0.2294801 0.2896943 0.2591447 0.0512356 -0.5909024 0.2028424 0.5850065 -0.3185619 -0.5056047 -0.0045015 0.0578138 0.3571428 -0.4975006 0.5326277 -0.4233424 -0.4521277 -0.5458196 -0.5706600 -0.4451393 0.6868207 -0.5588253 -0.1837522 0.7461442 -0.3052460 -0.5453317 -0.5737216 0.5452448 -0.1565211 -0.4243982 -0.4942895 0.6730657 0.1228943 -0.5498878 -0.2784889 -0.4079477 0.7148607 0.2043533 0.0672560 0.4419023 0.3296036 -0.4380098 0.5981246 0.3255713 0.4836502 0.4902352 0.6683201 0.2941083 0.6388891 0.4435088 0.4651821 0.5412041 0.0900886 0.3571684 0.4885207 0.2934771 -0.0414590 -0.2232547 -0.2047827 -0.5542764 -0.2072518 -0.2327091 -0.3008479 -0.1280830 0.0320880 0.0949892 0.0766274 0.2674717 0.0235210 -0.0106277 -0.1929992 0.1289350 0.1567867 0.1861348 -0.0145860 0.2400851 -0.0449221 0.1964330 0.4219319 0.3802361 -0.3033279 0.0244878 0.5498909 -0.0282273 -0.0161162 -0.0403679 -0.1304647 -0.2256808 -0.2296444 0.0646082 -0.1597224 -0.0962766 0.0199059 -0.1168422 -0.0444437 0.0950720 0.1447639 0.0800351 0.0694299 0.0723628 0.2556485 0.1870028 -0.1261033 -0.1986716 -0.0397784 0.1175933 -0.0190517 -0.1555830 0.0023173 -0.2452737 -0.1443579 -0.2564494 0.1216179 -0.0864721 -0.0309475 -0.1651999 -0.3388107 -0.2136470 0.2279023 0.2754390 0.0492925 -0.1314425 0.0614724 -0.3067444 0.0094516 -0.1165734 0.1698118 0.5475652 0.0958047 0.1274533 -0.2673761 -0.0468391 0.3219680 0.4410323 0.2196958 0.1842484 -0.2116506 0.1514831 -0.1836428 0.4137285 0.1938653 0.0620718 -0.2442595 0.3900934 -0.0734351 0.3218723 0.5561485 -0.0118731 0.3707935 0.4538374 0.5765280 0.2566311 0.3222357 0.6038195 0.2507343 -0.2081586 -0.5884590 0.2313750 0.2741625 -0.1766906 0.4376915 0.3057757 0.2564661 0.0874633 -0.0931364 -0.2328435 -0.3886126 0.0799977 0.2733453 -0.0723412 -0.1011166 -0.2924547 -0.2190595 -0.0813843 -0.2944927 -0.6348004 -0.4002239 -0.2583413 -0.3356768 -0.1310922 -0.1371713 -0.4214977 -0.3981423 -0.2787236 -0.0972098 -0.0398704 -0.2611934 0.0770314 0.1906426 -0.1422918 0.0692406 -0.0124219 -0.1886106 0.3443737 -0.0824355 0.2766697 0.2142650
0.2496596 0.4433518 0.2642413 0.4636194 -0.3352102 0.5936570 0.8364119 0.1817547 0.8893835 0.5244601 0.3082229 0.8877532 -0.1795000 0.6639556 0.0000000 0.3135574 0.5130509 0.6386162 0.2798562 0.1556118 0.6846061 0.0153057 -0.0259933 0.6711997 0.1768861 -0.0031052 -0.2400039 0.6063015 0.8280454 0.0235804 -0.1721084 -0.0407724 0.4534564 0.6184661 -0.3751472 0.3530591 -0.4448087 -0.1852655 -0.3022249 -0.2475083 -0.0163194 0.4922713 -0.4547416 0.1752681 0.5353768 -0.2404711 -0.4250808 -0.1675359 0.6443251 0.0884276 -0.4280258 -0.3874867 0.4149522 0.3880953 -0.1788166 -0.2006760 -0.4560119 0.7019950 -0.0609418 -0.3199967 0.1384049 0.0338487 -0.2894407 0.3502563 0.1623558 0.1679038 0.0222977 0.4380273 0.2565362 0.2608555 0.0911115 0.1569641 0.1788325 -0.0544787 0.2475552 0.2267356 0.0690250 0.0139741 -0.0903842 -0.0640553 -0.2822648 0.1442286 0.2025517 -0.1912984 0.0055699 0.2134683 0.2875834 0.2634334 0.2902287 0.1816225 0.1086904 0.0381575 0.3976907 0.1931165 0.3557421 0.2544935 0.4682999 0.3461300 0.2985187 0.3349432 0.4139205 -0.0910265 0.3288733 0.3998680 0.2728899 0.2319769 0.2438495 0.2024008 -0.0410842 0.0798136 0.2831614 0.1150448 0.1400539 0.3202608 0.0843738 0.1684782 0.3430196 0.3810384 0.3198105 0.2639783 0.2672898 0.3927882 0.1866476 -0.0465661 0.1630208 0.0590883 0.1028685 0.3321919 0.0966104 0.2955369 0.1429711 0.2042016 -0.4791172 0.5213828 0.2626484 0.3080544 0.2436334 0.0691719 0.2217678 0.2580936 0.5851102 0.2334039 -0.2023766 0.3142524 0.1781681 0.2985511 0.3265961 0.5186111 0.5684891 0.2336075 0.2862739 0.1458311 0.3023385 0.5398864 0.3786669 0.4789431 0.2557390 0.2557672 -0.0364238 0.0302941 0.5119993 0.3606094 0.2647179 -0.0296756 0.5341584 0.3753124 0.5041957 0.6259565 0.1484892 0.4970565 0.6413743 0.6411803 0.3753168 0.3238914 0.7079487 0.5054087 0.1010566 -0.3275361 0.3122146 0.2151358 -0.1767220 0.2336804 0.0447728 0.1200255 -0.0915461 -0.1941725 -0.2028333 -0.2253005 -0.0246157 0.0481499 0.0424556 0.0285056 -0.1151515 -0.0403879 0.0031204 -0.1870533 -0.3079047 -0.4468217 -0.0683622 -0.1567487 -0.0939042 0.0061024 -0.1531852 -0.2628580 0.0351892 0.1477705 0.1753709 -0.1773881 0.0963844 0.3217323 0.1895413 -0.0064516 0.3068415 -0.0477748 0.2326151 0.3274774 0.0030056 0.0291755
0.1247665 0.6734649 0.5830692 0.6513160 0.4549292 0.7240823 0.5618546 0.7386517 0.4006679 0.7648358 0.8304183 0.3590315 0.5955883 0.4579405 0.3135574 0.0000000 0.6130578 0.1329268 0.8429688 0.2108565 0.2085560 0.4630303 0.1696394 -0.1094713 0.6282339 0.4805025 -0.5519134 -0.2281762 0.2477298 -0.5041364 0.2762661 0.2875750 -0.2541997 -0.1184959 -0.1858124 0.4807659 -0.1185916 0.2308233 -0.4085287 -0.4604521 0.1894362 0.6085940 -0.2637878 -0.4256788 0.4249279 -0.0166644 -0.2575928 0.0275493 0.1718362 0.2321847 0.0218786 -0.1900773 0.3477621 -0.0299926 0.1682909 0.0839683 -0.1666741 0.4929161 0.4428887 0.4234416 0.5688369 0.6369213 0.1028989 0.5750036 0.1948607 0.4639365 0.7346287 0.7569738 0.3322618 0.7494985 0.6029403 0.5587671 0.7851834 0.3523035 0.4765386 0.6304249 0.3361914 0.2100688 0.1332858 -0.0256023 -0.2903891 0.0428991 -0.0429337 -0.1562432 -0.1243257 0.0875732 0.1842829 0.0618976 0.1157239 -0.1064245 0.0566344 0.1942260 0.3014719 0.0727460 0.2094081 0.2131078 0.2942613 0.3111327 0.2636652 0.2997391 0.2545353 0.0254045 0.2067936 0.3645098 0.2473697 0.1737718 0.2464556 0.4368817 0.0685734 0.4304334 0.1866498 0.3122898 0.5185435 0.5795530 0.2631306 0.5580713 0.3722088 0.1676216 0.2992874 0.2674149 0.4012289 0.4576468 0.3149351 0.2019753 0.2172677 0.1082567 0.5081807 0.4130177 0.0843463 0.4585393 0.1318761 0.2232295 0.1808216 0.0790432 0.1581258 0.3765193 0.0909543 0.0732276 -0.2322033 0.2936091 0.4674959 0.3355615 0.3081684 0.1743921 -0.0000792 0.4355869 -0.0643699 0.0318926 0.4717299 0.3070361 0.3720625 -0.0270955 0.1204570 0.6741177 0.4246326 0.2807487 0.2532605 0.1405659 0.3058327 0.3001666 0.7917918 0.3311527 0.4136068 0.2676915 0.6516561 0.3254396 0.7373560 0.5365514 0.3437290 0.6494791 0.7330451 0.5567208 0.0261670 0.2076962 0.5280284 -0.0262651 -0.4927596 -0.3930959 -0.1403635 0.1642677 0.1913294 0.4824041 0.4263298 0.4218042 0.2812231 0.1734768 0.2756815 -0.0244624 0.1548705 0.1371292 0.0879585 -0.1535581 -0.2953072 -0.0632030 0.0280689 -0.1176045 -0.2913859 -0.1583284 -0.1960405 -0.1710771 -0.0464057 -0.3941295 -0.1321785 -0.2980348 -0.2202884 -0.1206351 -0.2515986 -0.3989244 0.0701594 -0.1782129 0.2318597 0.0616868 -0.0383472 -0.2326348 -0.0309088 -0.0549281 0.1471997 0.0339178
0.2107454 0.5283786 0.4659034 0.6738743 -0.2129944 0.7208568 0.6852764 0.4746137 0.5753957 0.6908760 0.6402288 0.5261766 0.1701820 0.7732212 0.5130509 0.6130578 0.0000000 0.2991322 0.4433545 0.1056883 0.3992109 0.0131829 -0.1225792 0.1693540 0.2066344 0.0879443 -0.4125385 0.1153857 0.4791339 -0.2794534 -0.2147519 0.0117207 0.0186369 0.2393729 -0.3879365 0.3821961 -0.2732760 -0.2841043 -0.4147117 -0.4563653 -0.1565779 0.6113728 -0.3994268 -0.2158181 0.6769876 -0.2277959 -0.3767897 -0.2511472 0.3772594 -0.2544058 -0.2511868 -0.3178990 0.4647394 0.0684023 -0.2291209 -0.1487499 -0.2539928 0.5925821 0.2299567 0.1643655 0.3020739 0.4460504 -0.2079835 0.4531558 0.1023503 0.4617049 0.5331502 0.6634893 0.2212699 0.5760682 0.5267549 0.3211413 0.6176746 -0.0251122 0.3728161 0.4457313 0.1812342 0.1798635 -0.0883803 -0.2929294 -0.3592994 -0.3213565 -0.3238160 -0.4666286 -0.1365340 -0.1300710 0.0626263 -0.0034993 0.0855677 -0.1136149 -0.0119113 -0.0370592 0.0058108 0.0088650 0.0968717 0.1267184 0.1235694 -0.0031121 0.0840762 0.2498186 0.1471236 -0.2642002 -0.0710455 0.2483222 0.0125635 -0.0730931 -0.1107180 -0.0772702 -0.2158518 -0.0800801 -0.0308479 -0.1252013 0.0623427 0.1742228 0.1305887 0.1778493 0.1464239 0.1973804 0.1699011 0.0173707 0.1418759 0.3093890 -0.0770641 -0.0136406 -0.1149755 -0.1997897 0.2244686 -0.0937577 -0.1869420 0.0925613 -0.1435742 -0.2291844 -0.1110598 -0.0028092 -0.1594130 -0.0102535 -0.1497955 -0.2522275 -0.2711382 0.0110359 0.1524944 -0.0694759 -0.0798134 -0.0802377 -0.2168287 0.0037866 -0.1897996 -0.0359057 0.3163742 -0.0210109 0.0266515 -0.2292899 -0.1675132 0.3431618 0.3367423 -0.0906645 0.0265696 -0.1544444 0.1138752 -0.2097055 0.4908166 0.0556998 -0.0660937 -0.1953116 0.4015868 -0.0213783 0.2806657 0.4961805 0.3208401 0.3345315 0.4487696 0.5842701 0.1635588 0.1884252 0.5067369 0.1975631 -0.2080925 -0.4923481 -0.0131580 0.0606644 -0.2511312 0.1907786 0.2530926 0.1276528 0.1687475 -0.2350665 0.0103553 -0.2392332 0.0440106 0.1307647 -0.1978686 -0.3270306 -0.4694573 -0.3599682 -0.2765942 -0.4102204 -0.6532203 -0.3476596 -0.4221254 -0.4713525 0.1395058 -0.0762155 -0.0955159 -0.3594250 -0.3065102 -0.0351348 -0.1876374 -0.2131555 0.2804950 -0.0218072 0.0563774 0.0679637 -0.2608246 -0.2343380 0.1764692 -0.1058249 0.3380099 0.4387174
