0.0000000 0.7174579 0.5902052 0.3190667 0.4988313 0.1961000 0.5911814 0.2585140 0.5405250 0.0881806 0.0661433 0.6934902 0.1139764 0.1078212 0.6180521 0.0130977 0.1232623 0.1106499 0.0750839 0.1257393 0.6161899 0.1783535 -0.0306791 0.4903888 0.0227762 -0.0911988 0.2540928 0.2605027 0.6011256 0.2304510 0.2688970 -0.0044179 0.2906914 0.3146666 -0.1172507 0.5095572 -0.1492471 0.0742500 0.0542090 0.1226706 -0.0446239 0.4125070 -0.0652599 0.1768592 0.3320112 -0.0531990 -0.0737787 0.1254742 0.2340525 0.1844682 -0.0272564 0.0009480 0.3308470 0.2274683 0.0419736 0.0888300 -0.0752243 0.3240603 0.1954101 0.0240230 0.2000960 0.1925402 0.3087899 0.3654179 0.4128852 0.0028634 0.0719817 0.3255179 0.1494000 0.3953451 -0.0017552 0.4844079 -0.0336529 0.3870441 0.1444486 0.3477195 0.4530777 -0.1324141 0.1269264 0.1220712 0.3434386 0.1641652 -0.0415279 -0.2641729 -0.3396416 -0.1693782 -0.1452271 -0.5304389 -0.2496072 -0.3692966 -0.2278380 -0.1507618 -0.2095073 -0.4337154 -0.1396997 -0.2223145 -0.2760816 -0.3418101 -0.3588057 -0.2026918 -0.2760994 -0.3234375 -0.2467522 -0.1915541 -0.2179843 -0.2215269 -0.1665379 -0.3259972 -0.0348297 -0.0183682 -0.1154721 -0.3091022 -0.1599741 -0.1327477 -0.0570604 -0.2105266 -0.2775807 -0.2484393 -0.3039596 -0.1914049 -0.4222629 -0.3622013 -0.4664333 -0.4398051 -0.1098000 -0.0298801 -0.4760342 -0.4221196 -0.0081599 -0.4090075 -0.2462159 -0.2318410 -0.2832954 -0.1882300 -0.1630182 -0.2961779 -0.1292294 0.0010836 -0.1120390 -0.0233481 -0.4440360 0.1224381 -0.1712202 -0.0123297 -0.0804661 -0.3989193 -0.0600396 -0.1038926 -0.3312417 -0.2822397 -0.3758750 -0.0511238 -0.1746802 -0.5052206 -0.2179026 -0.0294926 -0.2065579 -0.1789842 -0.1360964 -0.3859146 -0.2655947 -0.3390306 -0.2008690 -0.2119453 -0.2568448 -0.0067051 -0.3652964 -0.3062929 -0.2589048 -0.3385883 -0.3270065 -0.2930612 0.7467911 0.6593345 0.5474248 0.6846206 0.5672715 0.5665072 0.5436270 0.4295911 0.2093222 0.2846408 0.1687150 0.2576826 0.2604384 0.1812586 0.1222682 0.4301650 0.5647403 0.4848092 -0.1274373 0.3785257 0.4230782 -0.1834839 -0.1619265 -0.2109087 -0.1419129 0.1774605 0.3614461 -0.1653456 0.0029251 -0.3215728 -0.2019025 -0.1758171 0.2992082 0.7659494 -0.1477472 0.1226953 -0.0260568 0.1266469 0.0954501 -0.0283428 0.1645766 0.2121399 0.2965922 0.0878845 0.2869694 0.2107871
0.7174579 0.0000000 0.5327260 0.4608809 0.4196239 0.5075915 0.6764183 0.3348237 0.8482244 0.1745566 0.2532722 0.7533659 0.0988885 0.3593732 0.8278896 0.1711373 0.2475840 0.2356163 0.0770215 0.1163652 0.7247793 -0.0572092 0.0438672 0.4352419 -0.0751006 -0.0486308 0.3989249 0.3181858 0.6854252 0.3153713 0.0013779 -0.0749352 0.1529803 0.2342499 -0.2932889 0.8156613 -0.2854500 -0.1679177 -0.0231382 0.0368798 -0.2022188 0.8340518 -0.2509325 0.0672841 0.7316233 -0.2661688 -0.3153622 -0.1750940 0.0273069 -0.1367687 -0.3103742 -0.2151166 0.1631361 0.0930112 -0.2036970 -0.1995557 -0.3310965 0.3768959 0.3864404 -0.2643248 0.4432169 -0.0345678 0.0194470 0.3321763 0.2623428 -0.1843074 -0.0083644 0.4186668 -0.1540150 0.5683212 -0.0318684 0.3400071 0.0200098 0.2463962 -0.2023600 0.4711181 0.2967176 -0.3755872 0.0131512 -0.1993617 0.0806885 -0.0551429 -0.2248314 -0.0742120 -0.1891294 -0.2631567 -0.2161637 -0.3091391 -0.2102800 -0.3274436 -0.4457986 -0.4804667 -0.5092915 -0.0261374 -0.4349132 -0.5431145 -0.5430387 -0.4699663 -0.4758832 0.2347965 -0.1668062 -0.3565616 -0.3715317 0.2315915 -0.3860325 -0.5318900 -0.0690583 -0.3600730 0.2882482 -0.0141080 -0.3033444 0.1165666 -0.1137019 -0.2408308 -0.0329483 -0.1549437 -0.3316064 -0.2781785 -0.3103366 0.0348061 -0.5605102 -0.4691303 -0.5967875 -0.4988744 -0.2084470 0.2933664 -0.5395210 -0.5875472 0.0858443 -0.4699312 -0.3905360 -0.2170534 -0.3216038 -0.1306312 -0.2348427 -0.3854905 -0.1764922 0.1955125 -0.1870324 0.4151128 -0.5946605 0.4395150 -0.4723792 0.3946921 -0.0011099 -0.4778571 -0.1843497 -0.2405178 -0.6589339 -0.2721291 -0.2370788 0.2851320 -0.2947905 -0.6897816 -0.4485023 0.3322247 -0.5786168 -0.1558281 -0.5318405 -0.3951109 -0.4859616 -0.4600273 0.1186868 -0.6287871 -0.4959429 0.1648808 -0.4227574 -0.5608337 -0.5945119 -0.6489276 -0.5776449 -0.6183841 0.8478185 0.6139926 0.7608249 0.5379339 0.6440992 0.5206896 0.7656340 0.7266493 0.5590338 0.6289959 0.3941413 0.5841493 0.4874865 0.1456519 0.2969658 0.3348530 0.2576863 0.2307851 0.3146905 0.1385528 0.2038164 0.3549739 0.3373859 0.3573865 0.2589297 0.0287936 0.3240999 0.2786278 -0.1988105 -0.2309233 -0.1660138 0.0864908 0.4543594 0.6376766 0.3823767 0.2351864 -0.2845759 0.0897106 0.1111519 0.2658552 0.3963541 0.3833035 0.4645860 0.1341411 0.6703194 0.5867449
0.5902052 0.5327260 0.0000000 0.7859173 0.8869259 0.6146225 0.3147218 0.7461195 0.4823446 0.4889876 0.5466754 0.2250058 0.5715867 0.4733072 0.1537147 0.5096534 0.3432476 0.3899420 0.4831607 0.4797153 0.2093966 0.3477052 0.4015626 -0.0827843 0.4134132 0.4022981 0.2195567 0.0533916 0.0196226 -0.0163828 0.3827058 0.5186234 -0.3267740 -0.2610326 0.2356937 0.3033241 0.2748007 0.3317846 -0.2808147 -0.3506163 0.3293640 0.3134900 0.0454973 -0.4163946 0.1821394 0.3070862 0.2644894 0.2920131 -0.3906317 0.2995818 0.1998560 -0.1633931 -0.2141310 -0.3167942 0.2111728 0.2467746 0.1648482 -0.2373860 0.3033364 0.2877622 0.6526156 0.2049440 0.1895699 -0.1504010 0.0817053 0.2535772 0.3913722 0.4650867 0.2469284 0.3622242 0.2451457 0.3452361 0.3738509 0.5371806 0.2150086 0.5928232 0.5139274 0.0704168 0.3872810 0.3634400 0.3908589 0.3698164 0.1991994 0.2774160 0.2303003 0.0552975 0.3467070 -0.2927076 0.0755374 0.0398979 0.0575582 0.0915779 -0.1476338 -0.0994044 0.1226458 0.0307600 -0.2184580 -0.2788983 -0.0714518 -0.0264083 0.1198511 -0.1220096 -0.0386890 0.0580065 0.0816720 0.0679939 0.2174309 -0.0148888 0.1626532 0.2219287 0.2000103 0.0398101 -0.1313924 0.0075937 0.1345132 0.0273848 -0.0827429 -0.0240853 -0.0734553 -0.2235344 -0.4210913 -0.2364258 -0.2184771 -0.4275248 -0.2624800 -0.2272089 -0.4201295 -0.2639141 -0.2404813 -0.4119196 -0.3446625 0.0136051 -0.4092935 -0.2358546 0.0504678 -0.2643560 -0.2537036 -0.0989336 -0.2453045 0.0129726 -0.3318886 0.1328027 -0.0854386 -0.0146153 -0.1933447 -0.2989232 -0.2137463 -0.2522605 -0.4073184 -0.1119340 -0.0953523 0.0086454 -0.2265502 -0.5035031 -0.3003142 -0.0547261 -0.3377738 -0.2453933 -0.2139459 -0.1392721 -0.3044846 -0.2085379 0.0218360 -0.3688493 -0.2709181 0.0141881 -0.2767640 -0.4294892 -0.4281426 -0.3777620 -0.3842131 -0.4133367 0.4351761 0.1384855 0.1550015 0.3000319 0.2838630 0.1976306 0.3545127 0.3676011 0.2682799 0.2885933 0.1773398 0.1741352 0.2790079 0.4620715 0.4871825 0.6036949 0.2403813 0.0494703 -0.1193453 -0.0373631 -0.0710716 -0.0803400 -0.2744031 -0.3354161 -0.4833658 -0.2481651 0.2033704 -0.4240259 -0.3842018 -0.7095135 -0.4395520 -0.5462726 0.5926145 0.5743341 -0.2642807 -0.0615079 -0.2454596 -0.2899391 -0.1692101 -0.2473241 0.7551467 0.2750988 0.3127443 0.3424478 0.5068337 0.5268790
0.3190667 0.4608809 0.7859173 0.0000000 0.7968678 0.8493483 0.0915003 0.8578117 0.5310478 0.8094461 0.8909566 0.1994204 0.5513460 0.6943347 0.1624309 0.8432675 0.6792305 0.6131947 0.6502168 0.5845146 0.1729131 0.3496523 0.8300202 -0.0057000 0.5820141 0.7519899 0.5896946 0.1902340 0.0252205 0.2608506 0.3094580 0.6602826 -0.1538688 -0.0427721 0.5795374 0.3148897 0.4110378 0.3141439 0.0897578 -0.0002125 0.3969900 0.3090317 0.4545223 -0.1767774 0.2338774 0.4485578 0.4595258 0.2785943 -0.1471890 0.2664628 0.4399442 0.1821901 0.0345501 -0.0276146 0.2034680 0.2907078 0.0919746 0.0631901 0.2440512 0.3158917 0.6729556 0.4257424 0.1940041 0.1273172 0.2967106 0.0893212 0.1992681 0.6410705 0.2610666 0.6277999 0.0131036 0.4764046 0.2507866 0.6383310 0.0048876 0.6645433 0.4793226 -0.2138758 0.2177229 0.0535252 -0.0230772 0.2790741 0.2154955 0.4908920 0.4720691 0.2304759 0.3063491 0.1267226 0.2242242 0.3144306 0.0234551 -0.0417373 -0.2223276 0.2404549 0.0995766 0.0205654 -0.2527831 -0.1471539 -0.0118565 0.1165860 0.4127323 -0.0007862 0.2268686 0.2480642 0.0062565 0.0300231 0.5434081 0.2848354 -0.0180202 0.4474997 0.3489686 0.3691921 0.3339678 0.3166682 0.5108742 0.4295873 0.2670347 0.2743331 0.3048004 -0.3542051 -0.3143640 0.0296129 -0.2586316 -0.1024723 -0.4694007 -0.4055662 -0.2861335 -0.3957270 -0.5371512 -0.3572838 -0.4898205 -0.3060300 -0.4742549 -0.2758725 -0.3502533 -0.5542158 -0.5011612 -0.4510256 -0.5188210 -0.1602743 -0.5916395 -0.1891059 -0.3758088 -0.1384398 -0.3564061 -0.5501958 -0.5139242 -0.5556484 -0.4758209 -0.3929732 -0.3613297 -0.2013679 -0.5089473 -0.4705170 -0.5187787 -0.2779335 -0.4553515 -0.5175879 -0.4014618 -0.3595652 -0.4997269 -0.4410765 -0.2620774 -0.4473300 -0.4875451 -0.3474292 -0.5224308 -0.3920576 -0.4437067 -0.4885395 -0.5210203 -0.4651868 0.2339520 0.0252609 -0.0448951 0.2106802 0.2617996 -0.0669301 0.3088012 0.2182742 0.2900951 0.2936466 0.1240313 0.1713839 0.2826541 0.6861762 0.6104565 0.5688219 0.1017600 -0.0611538 -0.2508618 -0.1332264 -0.1413270 -0.0769784 -0.2969200 -0.1411579 -0.2156562 -0.3350550 0.1189862 -0.3967204 -0.2667649 -0.6167785 -0.5606232 -0.3720958 0.5841320 0.2476787 -0.2475854 -0.1971595 -0.1186992 -0.2959729 -0.3212051 -0.1875153 0.6476755 0.2704170 0.0919077 0.1962999 0.5975388 0.5551558
0.4988313 0.4196239 0.8869259 0.7968678 0.0000000 0.5377664 0.0794385 0.8647298 0.4186079 0.6431797 0.6844897 0.0490194 0.7487986 0.5048247 0.1144434 0.6572276 0.4734343 0.4432426 0.6480085 0.6893706 0.0267375 0.4748286 0.5570910 -0.0605149 0.5382527 0.4871347 0.3060029 0.0352009 -0.0309193 0.0610884 0.5346028 0.6342271 -0.1937004 -0.1157353 0.3986343 0.1818648 0.3646653 0.5003697 -0.1639903 -0.2156310 0.4900627 0.2171431 0.2441125 -0.3054776 0.0786441 0.5022742 0.4638655 0.4410789 -0.2563661 0.4647155 0.3603919 -0.0137637 -0.0859516 -0.2284407 0.3555378 0.4381921 0.2633931 -0.2189562 0.2622565 0.4006118 0.6338666 0.3921451 0.3050067 -0.1105099 0.1200347 0.3042373 0.3986651 0.5389100 0.4366471 0.3582505 0.2364293 0.2691076 0.4062981 0.6120583 0.2624794 0.5834752 0.5114735 0.0780436 0.3792461 0.2951057 0.1654196 0.4631185 0.3599227 0.4760629 0.3917115 0.3244873 0.4921565 -0.1112637 0.3460451 0.2824643 0.2810168 0.2373896 0.0273128 0.0564588 0.3360921 0.2343727 -0.0160123 -0.0446639 0.0816312 0.0009784 0.3352871 0.1307060 0.1966067 0.1271349 0.2274288 0.2562531 0.3195812 0.1113649 0.1575111 0.2304988 0.3598223 0.1253985 0.0506086 0.0618792 0.1577645 0.1081890 -0.0304478 -0.0198753 0.0046909 -0.2532365 -0.3163931 -0.1313977 -0.0150610 -0.2135867 -0.2464343 -0.4449649 -0.2285628 -0.0636075 -0.3260122 -0.1561188 -0.1996914 -0.0277033 -0.2419311 -0.0216188 -0.0485784 -0.2489599 -0.1451863 -0.2267562 -0.1701931 -0.2599625 -0.3187648 -0.1514485 -0.0075314 -0.0894673 -0.0669461 -0.2806661 -0.1184191 -0.1454415 -0.2325044 -0.0968715 -0.1681748 -0.0442035 -0.1441705 -0.3065358 -0.1452730 -0.1710577 -0.1828527 -0.1286668 -0.0696908 -0.1561538 -0.1235524 -0.1145764 -0.0975325 -0.2186868 -0.0855523 -0.1086908 -0.2611247 -0.1968823 -0.1983814 -0.1941723 -0.1815325 -0.1823536 0.2902422 0.0324438 -0.0475487 0.1839501 0.0643439 -0.1030220 0.1285607 0.1510459 0.1260240 0.1733750 0.1324639 0.1010416 0.2697462 0.6807546 0.6624396 0.7209822 0.2644898 0.0534719 -0.2227512 -0.1133274 -0.1460342 -0.3003740 -0.4462796 -0.4867316 -0.5965534 -0.3813503 0.0096811 -0.5872005 -0.2826657 -0.6241613 -0.3362960 -0.6682515 0.6921151 0.3854635 -0.4071928 -0.2829409 -0.0844288 -0.4660988 -0.1543587 -0.4238547 0.7726659 0.1187032 0.0766553 0.2929244 0.3080099 0.2852070
0.1961000 0.5075915 0.6146225 0.8493483 0.5377664 0.0000000 0.2565346 0.5667574 0.6213699 0.6975037 0.7622640 0.2222001 0.3155579 0.7599447 0.1890464 0.7236361 0.6975766 0.5340384 0.4341520 0.5216575 0.1604943 0.1287056 0.7260781 0.1801783 0.3494314 0.5526445 0.7083401 0.4822099 0.1511574 0.4659501 0.0636304 0.4329515 -0.0201784 0.0446467 0.4494078 0.3319114 0.2214427 0.0662820 0.2830237 0.1507791 0.2390864 0.3276453 0.4304293 -0.0189594 0.4132950 0.1808343 0.2847828 0.0380036 -0.0409593 -0.0001115 0.3496548 0.2916500 0.0447291 0.1060782 -0.0335335 0.0509543 -0.1006877 0.2284864 0.1050995 0.1615475 0.5560287 0.2961343 0.0143609 0.1905310 0.2073122 -0.0444414 0.0466478 0.4735477 0.0530042 0.5744659 -0.0555310 0.3384110 0.0801836 0.2681796 -0.1775361 0.3802157 0.1155363 -0.3706229 -0.0991561 -0.2563839 -0.2599864 -0.0444182 -0.0482276 0.3232864 0.4209414 0.0515562 0.1718026 0.2361421 0.0558100 0.1628481 -0.0668457 -0.2501619 -0.4372795 0.1578681 -0.1428052 -0.1869290 -0.4514517 -0.1867806 -0.0789995 0.0471429 0.1882084 0.0363003 0.0546401 0.1208485 -0.1463901 -0.1809438 0.3526780 0.2362729 0.0841101 0.4255883 0.1076020 0.3216692 0.3369274 0.2321838 0.4029446 0.3420702 0.2305472 0.2497634 0.2771799 -0.1089023 -0.1448642 0.1093626 -0.3632291 -0.0336991 -0.3393700 -0.1471846 -0.1682958 -0.5059533 -0.3528306 -0.3279637 -0.3930419 -0.3217009 -0.2929137 -0.2493842 -0.3800567 -0.5563740 -0.3808981 -0.2758400 -0.4016000 -0.0054392 -0.5897806 -0.0553065 -0.5285677 0.0059841 -0.2075621 -0.5659259 -0.4857698 -0.5185789 -0.5141328 -0.4997739 -0.4413408 0.0100912 -0.5962749 -0.5090457 -0.5624967 -0.0570692 -0.6191342 -0.4669977 -0.5596242 -0.5509949 -0.5442086 -0.5725678 -0.2099561 -0.6324829 -0.6076423 -0.2261073 -0.5962569 -0.4802420 -0.5946984 -0.6274217 -0.5527912 -0.5578711 0.3686984 0.1194781 0.1381416 0.1855356 0.2815865 0.0715366 0.2813729 0.1697972 0.2609256 0.2168928 0.0207357 0.1138318 0.1335113 0.4527334 0.4791909 0.2893357 -0.1395867 -0.1660317 -0.0066524 -0.3019878 -0.2051618 0.1486258 -0.0113795 0.1037609 0.0412162 -0.3547439 0.0153619 -0.1488545 -0.1114567 -0.4208113 -0.5530069 -0.1154965 0.6518332 0.0741230 0.0781352 0.0660929 0.0341117 -0.1791620 -0.2307742 0.0242792 0.5338799 0.0879977 0.0822475 0.2582918 0.7491978 0.7106087
0.5911814 0.6764183 0.3147218 0.0915003 0.0794385 0.2565346 0.0000000 -0.0906805 0.6701169 -0.0366993 -0.0786438 0.4800515 -0.1615126 0.2637994 0.4827050 -0.2493185 0.0877298 -0.3613483 -0.2699130 -0.0068832 0.4681547 -0.1778074 -0.2459473 0.3988673 -0.3423744 -0.3995467 0.2020989 0.2349729 0.4588948 0.1237896 -0.1295716 -0.3887910 0.0856290 0.0939986 -0.4613576 0.4289542 -0.4342361 -0.2615419 -0.0299039 -0.0250390 -0.3519975 0.4470829 -0.3458836 -0.0789738 0.6008144 -0.4490143 -0.4775666 -0.2384378 -0.0332478 -0.2320985 -0.3650549 -0.0837535 0.0846547 0.1409281 -0.1949009 -0.2942755 -0.2797797 0.2771692 0.1902311 -0.3055195 0.3643968 -0.0600364 0.0377288 0.2483498 0.2350950 -0.1542988 -0.0498234 0.2070131 -0.2077512 0.3418109 -0.0546011 0.2938589 -0.0523801 -0.0823018 -0.0506829 0.1402289 0.0483288 -0.1999053 -0.1615703 -0.1794064 0.0481704 -0.4881478 -0.5434378 -0.5397639 -0.5721577 -0.5889991 -0.4961361 -0.5501113 -0.6750052 -0.7238383 -0.5510408 -0.4735419 -0.3729905 -0.4260112 -0.6397056 -0.5475450 -0.4522440 -0.2140434 -0.6030043 -0.2409236 -0.5003752 -0.2131735 -0.4806289 -0.2232553 -0.4831202 -0.6195604 -0.2603874 -0.3545722 0.2376081 -0.0484701 -0.5826794 0.0758289 -0.1293060 -0.2667453 -0.1440839 -0.2200072 -0.2593751 -0.1695013 -0.2462749 0.3547646 -0.1616092 -0.2409686 -0.3953401 -0.3068514 0.2034761 0.5228132 -0.2451491 -0.3661869 0.3548231 -0.2592975 -0.1191526 0.0283348 0.0157676 -0.0929394 0.0843707 -0.0939844 0.0302690 0.3354054 -0.0108445 0.3879724 -0.2469294 0.4436041 -0.2115280 0.3647332 0.0551225 -0.2526758 -0.1044204 -0.0821463 -0.3860884 -0.2643377 -0.1703537 0.3542029 -0.2421531 -0.4769542 -0.2440462 0.4389109 -0.2895188 -0.0014059 -0.2638892 -0.3297622 -0.3067667 -0.4044750 0.2034950 -0.3468530 -0.4255008 0.3974999 -0.1404366 -0.4178081 -0.4980647 -0.5241858 -0.3860660 -0.5224106 0.7888259 0.6281799 0.9022346 0.3578240 0.4389667 0.6895039 0.4928798 0.5123567 0.3717719 0.2843998 0.1096953 0.2526451 0.1836742 -0.0255933 0.0522416 0.0169929 0.1196904 0.1771900 0.3876405 0.0035764 0.1154494 0.3069615 0.3929213 0.2261414 0.2024830 0.0259605 0.0152446 0.3856849 -0.2807648 -0.1054522 -0.2609590 -0.0322429 0.2690541 0.3935674 0.4850432 0.1656301 -0.2640373 0.0456372 -0.0667195 0.1275205 -0.0087304 -0.0027900 0.3074052 0.2010626 0.5015567 0.4208114
0.2585140 0.3348237 0.7461195 0.8578117 0.8647298 0.5667574 -0.0906805 0.0000000 0.4551171 0.7388076 0.8304215 -0.0274761 0.8216677 0.5077245 0.1041555 0.8398393 0.4769864 0.5777623 0.8519976 0.6471974 -0.0454636 0.5805587 0.6828750 -0.2182708 0.7392056 0.7322866 0.3592559 -0.0701929 -0.1666352 0.0909501 0.5713909 0.7735079 -0.3283346 -0.2289414 0.5297399 0.1891739 0.5830001 0.5942764 -0.1647891 -0.1735003 0.5565931 0.2879003 0.2927623 -0.3140278 -0.0125826 0.6685036 0.5991381 0.5086949 -0.3454435 0.5411402 0.4741554 -0.0305074 -0.2117037 -0.2424538 0.4794581 0.5505198 0.4192057 -0.2208052 0.4564489 0.5438139 0.6887889 0.4707069 0.3690086 -0.1596679 0.0023684 0.3917665 0.5277214 0.6472856 0.5024137 0.4213182 0.3483791 0.1394254 0.5788563 0.5865297 0.3026154 0.7584475 0.4535804 0.1329569 0.5509178 0.3389529 0.1073189 0.4593714 0.4526539 0.6640325 0.5314581 0.4306449 0.5486639 0.0708024 0.4610402 0.4482262 0.2875455 0.2708231 0.0921255 0.3568057 0.4079516 0.2856652 0.0702496 0.0077222 0.2244568 0.2481072 0.4889650 0.1116686 0.3297866 0.4074333 0.3135588 0.3261378 0.5174825 0.3133137 0.1474970 0.5057866 0.4791211 0.3871426 0.2228078 0.2428955 0.3552607 0.3350605 0.1220137 0.1339619 0.1593911 -0.2506953 -0.3080044 -0.0566119 -0.0135804 -0.1023760 -0.2432520 -0.4014477 -0.1807398 -0.0430618 -0.3406195 -0.1284210 -0.2398423 -0.0122000 -0.3212490 -0.0554994 -0.0558007 -0.2166116 -0.2573576 -0.2442553 -0.2694034 -0.1725059 -0.2647998 -0.1357593 -0.0523664 -0.0532187 -0.1647425 -0.2000704 -0.1757322 -0.2198728 -0.2164627 0.0069556 -0.0266971 -0.0787881 -0.1147788 -0.1897386 -0.2181102 -0.1498144 -0.1848437 -0.1690231 -0.1008057 -0.0187224 -0.1553303 -0.0440683 -0.0114865 -0.1990255 -0.0979890 -0.1425630 -0.1509556 -0.1440456 -0.1726446 -0.1674045 -0.1910120 -0.1837462 0.1234720 -0.2023016 -0.2055752 -0.0440453 -0.0069742 -0.2845629 0.1415539 0.2467940 0.3050323 0.3754190 0.3526619 0.2950274 0.4399770 0.6586217 0.6201757 0.6303340 0.0209448 -0.2043466 -0.1669854 -0.2193494 -0.2975937 -0.1349258 -0.3156848 -0.2857545 -0.4526118 -0.4688174 -0.0293223 -0.4464383 -0.3273699 -0.4954110 -0.2496039 -0.5236379 0.4655906 0.1950552 -0.2899147 -0.3715833 -0.1708010 -0.4453428 -0.1607051 -0.3971367 0.6658923 0.2119735 0.0282180 0.2801419 0.3920923 0.3874197
0.5405250 0.8482244 0.4823446 0.5310478 0.4186079 0.6213699 0.6701169 0.4551171 0.0000000 0.4660446 0.4682765 0.4904113 0.2616641 0.5797424 0.7236989 0.3784688 0.4746133 0.2085359 0.2718116 0.3064583 0.4123853 0.1110221 0.2349793 0.4695729 0.0470057 0.0571581 0.6168044 0.3808476 0.5333269 0.5090347 0.1068654 0.0045685 0.1302338 0.2310397 -0.0920271 0.6201810 -0.1234723 0.0097680 0.1474581 0.1993999 -0.0912552 0.6843583 -0.0414935 0.0733111 0.6877914 -0.0574641 -0.0558551 -0.0313248 -0.0030429 0.0118302 -0.0124420 0.0383026 0.1327343 0.2311307 -0.0073600 0.0226370 -0.1009802 0.4058123 0.3896309 -0.0026248 0.5764666 0.2503208 0.2099575 0.3367376 0.2287413 -0.0106905 0.1582556 0.5629681 0.0830784 0.6559569 0.0860725 0.2345195 0.1979239 0.1518624 -0.0525946 0.5471984 0.1801402 -0.2976536 0.0762334 -0.1195902 -0.0809318 -0.2067110 -0.1163014 0.1092265 -0.0399007 -0.0742679 -0.0416171 -0.1912312 -0.1232715 -0.2170117 -0.2543749 -0.2697529 -0.2924310 0.0065077 -0.3034710 -0.3021558 -0.3082461 -0.1573649 -0.3083939 0.1452272 -0.1131957 -0.0564543 -0.1031901 0.1975043 -0.1577942 -0.3347939 0.1594568 -0.0268113 0.3596831 0.3400425 -0.2531956 0.3820611 0.1476789 -0.0184690 0.1625653 0.1038663 -0.0934574 0.0151080 -0.0554251 0.3170967 -0.2256038 -0.2015305 -0.3278785 -0.2153601 0.0962325 0.2894526 -0.2399276 -0.3349729 0.2170505 -0.1543917 -0.0998954 -0.0330860 -0.0497560 0.0570773 -0.0646948 -0.2094214 0.0106481 0.2296992 -0.0638109 0.2975395 -0.4278434 0.3013033 -0.2893576 0.4118965 0.1081734 -0.3317917 -0.0839273 -0.1011396 -0.4173884 -0.2812753 -0.2281431 0.3518919 -0.2264177 -0.4353983 -0.3079053 0.4142070 -0.3922315 -0.0079963 -0.3295812 -0.4263925 -0.3020158 -0.4028624 0.1716013 -0.4620958 -0.3822898 0.2499010 -0.2200232 -0.3392981 -0.4499086 -0.5257353 -0.3658469 -0.4677503 0.8128583 0.3953473 0.6139102 0.2332110 0.4403661 0.2809984 0.5463705 0.5800214 0.4520747 0.5481655 0.3749729 0.5024957 0.4418267 0.3062570 0.3472105 0.3032564 0.0066563 0.0179632 0.4123778 -0.1307020 -0.0773019 0.3833361 0.3695073 0.3227265 0.1953398 -0.2593243 0.0312405 0.2681274 -0.1941493 -0.1355996 -0.2933905 -0.0943170 0.4465047 0.3254856 0.4655687 0.1538257 -0.1845772 -0.0691838 -0.1192303 -0.0103371 0.3231864 0.1528956 0.2754523 0.4297956 0.7045495 0.6196316
0.0881806 0.1745566 0.4889876 0.8094461 0.6431797 0.6975037 -0.0366993 0.7388076 0.4660446 0.0000000 0.9389442 -0.0655028 0.4869943 0.8319569 0.0754582 0.8586110 0.8778530 0.4735893 0.6150229 0.6142054 -0.1234182 0.2540668 0.8590836 0.1155855 0.4209949 0.6145119 0.7282585 0.2509588 -0.0101062 0.4477384 0.2102251 0.4625116 0.0332946 0.1620586 0.6596610 0.0297001 0.3019197 0.2666079 0.3553061 0.2952233 0.2836902 0.0242418 0.6742340 0.0234217 0.1988084 0.4663939 0.6008071 0.1892261 0.0300616 0.2187409 0.6252075 0.5088934 0.2081218 0.2454635 0.1544413 0.3253560 0.0918240 0.2035438 -0.1040192 0.3529207 0.6001958 0.6973938 0.1601938 0.2886831 0.4155930 -0.0171052 0.1033924 0.6560485 0.3192827 0.6784021 -0.1234184 0.3957761 0.2057538 0.5456133 -0.0478264 0.5598792 0.3925033 -0.2936226 0.0734428 -0.0183376 -0.3626393 0.1422293 0.2454604 0.5512876 0.5098497 0.3428477 0.3482552 0.1883264 0.2809228 0.3402837 0.1728327 0.1000517 -0.0591667 0.1312033 0.1587810 0.1991609 -0.0409656 0.1038375 0.0203750 -0.1296695 0.3840157 0.2372092 0.3632682 -0.0215532 0.1307129 0.1489122 0.5817546 0.3977250 0.0186964 0.5370398 0.2543305 0.4686100 0.5209964 0.3618140 0.5453959 0.5591611 0.3963102 0.4211427 0.4322527 -0.0228843 0.0061896 0.1735083 0.1826646 0.1785979 -0.1076358 -0.3443997 -0.0440387 -0.0361155 -0.3099770 -0.0043888 -0.0895950 -0.0581976 -0.1187255 0.1428239 -0.2124474 -0.3195292 -0.1578729 -0.3617900 -0.2416461 -0.3006424 -0.3824119 -0.3369557 -0.1757931 0.0001909 0.0106672 -0.4118230 -0.2765602 -0.2913353 -0.1604374 -0.4223256 -0.4217616 -0.0153939 -0.3504791 -0.1625367 -0.3322379 -0.1394840 -0.2132240 -0.1874532 -0.1651795 -0.4264240 -0.2616983 -0.3865674 -0.2056737 -0.2279875 -0.2589113 -0.2274687 -0.3255110 -0.0988029 -0.1787958 -0.2739422 -0.1802260 -0.1745153 0.0549693 -0.0557046 -0.2317103 -0.0374137 -0.0141010 -0.3394506 -0.0487701 -0.1931429 -0.1328491 -0.0776615 -0.2106205 -0.1873477 -0.0854433 0.8416624 0.5682892 0.4393898 0.0078930 -0.0750662 -0.0932487 -0.2197139 -0.2038737 -0.0914059 -0.2206072 -0.1665791 -0.1632138 -0.3615766 -0.0864907 -0.3319067 -0.0337692 -0.3587807 -0.5632564 -0.4445708 0.5186955 -0.1317982 -0.1863201 -0.2012767 0.1285665 -0.2801955 -0.4596489 -0.2885376 0.4960699 0.0679537 -0.0312498 0.2557425 0.3065963 0.2447625
0.0661433 0.2532722 0.5466754 0.8909566 0.6844897 0.7622640 -0.0786438 0.8304215 0.4682765 0.9389442 0.0000000 -0.0119757 0.5489379 0.8182410 0.0727823 0.9466285 0.8460693 0.5486541 0.6987302 0.6405926 -0.0446006 0.2915852 0.8851400 0.0104957 0.5484122 0.7393641 0.6897199 0.2370793 -0.0888502 0.3770045 0.2475637 0.5986240 -0.0887025 0.0149901 0.6693164 0.1295378 0.4054579 0.3036338 0.2393727 0.1646142 0.3637495 0.1492953 0.6107491 -0.0588366 0.1697635 0.5027100 0.5863583 0.2254880 -0.0675061 0.2564716 0.5759212 0.3610266 0.0746056 0.0773853 0.2129858 0.3408824 0.1129386 0.1052152 0.0846009 0.3479625 0.6399514 0.5577070 0.1751600 0.1518592 0.2843148 0.0201999 0.1216064 0.6126718 0.3138438 0.6103532 -0.0663119 0.3150730 0.2217701 0.5232362 -0.0456339 0.5857621 0.3293099 -0.2595753 0.1134970 -0.0768737 -0.3231414 0.2026075 0.2599504 0.5750401 0.5373852 0.3243575 0.3615231 0.2476429 0.3232489 0.4116095 0.1400262 0.0202806 -0.1309577 0.2798279 0.1609789 0.1026072 -0.1301475 0.0400320 0.0884863 0.0076264 0.4016508 0.1319210 0.3375679 0.1633840 0.0699042 0.1246339 0.6150926 0.4256827 -0.0451551 0.5266000 0.2734196 0.4860082 0.5245351 0.4004768 0.5566465 0.5834763 0.3873753 0.3676497 0.4317294 -0.2009298 -0.1219444 0.1701856 -0.0301747 0.1618599 -0.3330104 -0.3844893 -0.0923579 -0.1773875 -0.4619157 -0.1223906 -0.2894767 -0.1831429 -0.2993114 -0.0028657 -0.2707253 -0.3879443 -0.3459600 -0.4158577 -0.3960187 -0.1963676 -0.4432312 -0.2731003 -0.3170361 -0.0563925 -0.1699333 -0.4249941 -0.3971930 -0.4277926 -0.2994401 -0.3421265 -0.3296283 -0.0853107 -0.4083418 -0.2806242 -0.4288496 -0.1806155 -0.3839154 -0.2957247 -0.3325407 -0.3347331 -0.3619463 -0.3700210 -0.1854336 -0.3842237 -0.3512373 -0.2416212 -0.3703479 -0.2564038 -0.3461447 -0.3665614 -0.3321799 -0.3251879 0.0168916 -0.1237676 -0.2260534 -0.0540572 0.0527386 -0.2733581 0.0860698 -0.0318992 0.0900105 0.1144998 -0.0166779 0.0013192 0.0923429 0.7427694 0.5492598 0.4113672 -0.0948065 -0.2167180 -0.1482607 -0.2677104 -0.2650786 -0.0208452 -0.2276186 -0.0769678 -0.1458703 -0.3913887 -0.1070654 -0.3079069 -0.1870605 -0.3510678 -0.5259395 -0.3727713 0.5578652 -0.1045863 -0.1650165 -0.3000563 -0.0288426 -0.2907661 -0.3217222 -0.1940600 0.5437383 0.1170651 -0.0500769 0.1494472 0.4447862 0.4015811
0.6934902 0.7533659 0.2250058 0.1994204 0.0490194 0.2222001 0.4800515 -0.0274761 0.4904113 -0.0655028 -0.0119757 0.0000000 -0.4088125 0.1056890 0.7856795 -0.0934773 0.1207215 0.1523447 -0.2947942 -0.3727773 0.9701317 -0.3283279 -0.0831534 0.5311370 -0.3041847 -0.1655146 0.3425432 0.3474447 0.8098173 0.3286818 -0.3210846 -0.3123852 0.4205627 0.4631099 -0.3122004 0.8329249 -0.4575184 -0.4610418 0.1785780 0.2936975 -0.4830284 0.6378739 -0.1531906 0.3809252 0.6311865 -0.4511663 -0.4324326 -0.3882768 0.3848527 -0.3474657 -0.3490352 -0.0590468 0.4938525 0.3556515 -0.4228863 -0.3956099 -0.5367273 0.6141900 0.0526266 -0.4418710 -0.0075068 -0.0416558 -0.1430759 0.6372574 0.5648729 -0.4653043 -0.3505913 0.2448162 -0.3702960 0.5429228 -0.3800609 0.5811977 -0.3600170 0.3326151 -0.4093495 0.2929279 0.4224092 -0.5375640 -0.1434812 -0.2537691 0.1823360 -0.0874712 -0.2788463 -0.3440013 -0.4100036 -0.3573518 -0.4871669 -0.4092783 -0.3187535 -0.4022260 -0.5999378 -0.5523042 -0.5756207 -0.2308287 -0.4799703 -0.5954325 -0.5744648 -0.6012498 -0.5655233 0.1024354 -0.3227035 -0.6425312 -0.4173217 0.0032285 -0.5217803 -0.5608673 -0.0812313 -0.4212492 -0.1027619 -0.1691610 -0.2793410 -0.1639283 -0.1239207 -0.0978942 0.0703831 -0.0809114 -0.1623177 -0.1774280 -0.2298436 -0.2762527 -0.5878550 -0.4446106 -0.7371717 -0.4620439 -0.4288322 0.1587690 -0.6830780 -0.7278777 -0.0997196 -0.5970044 -0.4914660 -0.4025178 -0.5335935 -0.2194346 -0.3604992 -0.4577419 -0.3406671 -0.0186802 -0.3113993 0.3762677 -0.6241644 0.3290463 -0.5125748 0.1539002 -0.1668666 -0.5079855 -0.2850558 -0.3693255 -0.5976934 -0.4220055 -0.3565530 -0.0254958 -0.3434396 -0.6852180 -0.5341842 0.0474365 -0.5180002 -0.3311528 -0.5258161 -0.3946169 -0.5917442 -0.5356636 -0.1328156 -0.4873920 -0.5300463 -0.0347631 -0.4919590 -0.5619403 -0.4921737 -0.5434734 -0.6187863 -0.5496119 0.5980165 0.7614841 0.6449388 0.8280662 0.9205560 0.6065051 0.8726031 0.5695314 0.2959805 0.4770356 0.1695544 0.4072904 0.2201411 -0.0792264 -0.1105254 0.1117491 0.5478389 0.5620614 0.0233809 0.6559019 0.6811169 0.2797350 0.2064814 0.4133752 0.4660329 0.5313083 0.6148580 0.2622327 0.0283524 -0.0698679 -0.2187048 0.3712463 0.0595630 0.6897417 0.1662669 0.3557233 -0.2329029 0.5566485 0.1302690 0.5484388 0.0139504 0.5148839 0.5609842 -0.1733818 0.4180085 0.3518584
0.1139764 0.0988885 0.5715867 0.5513460 0.7487986 0.3155579 -0.1615126 0.8216677 0.2616641 0.4869943 0.5489379 -0.4088125 0.0000000 0.2542875 -0.1536069 0.6412964 0.2072506 0.4445306 0.9032108 0.8162985 -0.4389463 0.8258038 0.4294429 -0.2633792 0.7955666 0.5816055 0.1086355 -0.1025815 -0.3756451 0.0000445 0.8505184 0.8077951 -0.3792309 -0.3339115 0.4761780 -0.1836369 0.7369787 0.8605200 -0.2498283 -0.3060518 0.8129543 0.0535585 0.1837628 -0.3825585 -0.2959236 0.8049438 0.6788744 0.7764666 -0.4153739 0.7898156 0.5121307 -0.0804010 -0.3987474 -0.3862090 0.7486649 0.7843711 0.7194607 -0.4666815 0.5515785 0.7091275 0.5622505 0.2845993 0.6108249 -0.4955982 -0.3786776 0.7087739 0.6771109 0.2950231 0.7656522 -0.0287233 0.6284739 -0.2565756 0.6429466 0.1887584 0.6334043 0.4064273 0.0600668 0.4909063 0.5395421 0.4617549 0.1356592 0.4573312 0.4673598 0.6284059 0.5334405 0.4688534 0.6885220 0.1973873 0.4704645 0.4611321 0.5354549 0.5031330 0.3888936 0.3458226 0.5683435 0.4903143 0.3715818 0.2484800 0.4614642 0.2137051 0.4586224 0.3623668 0.3630803 0.3971522 0.4975911 0.5085241 0.2494109 0.3146791 0.2030548 0.4501693 0.4476024 0.2153028 0.0800793 0.0729492 0.0487644 0.0768100 -0.0675350 -0.0225106 0.0217413 -0.0425489 -0.0387376 0.0546540 0.2258565 -0.0101813 0.0881939 -0.3174886 0.1850482 0.2986954 -0.0997978 0.1757285 0.0662188 0.0943726 0.0893994 -0.0821859 0.1065028 0.0520713 0.0064318 -0.0754633 -0.0044482 -0.3295648 0.0860619 -0.2215711 0.2665764 -0.1324243 -0.0606631 0.1186929 0.0709732 0.0928346 0.1478439 0.2606756 0.1325935 -0.0443384 0.1071435 0.2105185 0.1877642 -0.1189103 0.1774475 0.0425302 0.2664132 0.1258878 0.2500985 0.2609496 0.0200411 0.1189731 0.2116468 -0.0888546 0.1300178 0.2417752 0.1555893 0.1378775 0.2018423 0.1773630 0.0831012 -0.4433559 -0.3222029 -0.4037115 -0.4201322 -0.3547087 -0.2342255 0.0852285 0.2205297 0.1719434 0.3947381 0.2010268 0.4493629 0.4993553 0.5873768 0.5666452 -0.2517872 -0.4584455 -0.1014745 -0.5483628 -0.6255810 -0.2934320 -0.3224369 -0.4761812 -0.6176119 -0.7399617 -0.3332384 -0.4628577 -0.2717405 -0.2894927 0.1054810 -0.5469281 0.4111941 0.0187189 -0.2526451 -0.4272960 -0.0018889 -0.6264106 0.0182896 -0.6433588 0.5255506 -0.1244617 -0.2951725 0.3915870 0.1925935 0.1992700
0.1078212 0.3593732 0.4733072 0.6943347 0.5048247 0.7599447 0.2637994 0.5077245 0.5797424 0.8319569 0.8182410 0.1056890 0.2542875 0.0000000 0.1397622 0.6718031 0.9209304 0.3106424 0.3232798 0.4952720 0.0871100 -0.0569850 0.6044500 0.2715111 0.0850812 0.3105012 0.7700929 0.5002347 0.1461466 0.5133112 -0.0888121 0.1840189 0.0735183 0.1749397 0.3393554 0.1859125 -0.0002776 -0.0435209 0.3185328 0.2172952 0.0257541 0.1926251 0.4394566 -0.0010277 0.5148076 0.1144697 0.2690870 -0.1194045 -0.0023664 -0.0869241 0.3224698 0.3963455 0.2056618 0.1735502 -0.0921984 0.0237366 -0.1862361 0.2459740 -0.1676916 -0.0079550 0.6797959 0.3912243 -0.0329435 0.2897128 0.4126616 -0.2509990 -0.1711362 0.4347821 0.0574298 0.6451420 -0.2903327 0.3962227 -0.0493932 0.3024264 -0.2725224 0.3692234 0.2243089 -0.4475337 -0.2303252 -0.2567884 -0.4085858 -0.1621890 -0.1580784 0.2513001 0.2433427 -0.0942156 0.0593348 -0.0208028 -0.0617117 -0.0162139 -0.1298187 -0.2245753 -0.3853838 -0.0891127 -0.2419093 -0.2004344 -0.3429649 -0.1376676 -0.2805628 -0.2223189 0.0006502 -0.0281806 -0.0596208 -0.1571785 -0.2100157 -0.2224133 0.3324288 0.0885797 0.0765223 0.3089777 -0.2104771 0.3753316 0.2846332 0.0790855 0.3019138 0.3439496 0.1716430 0.2045328 0.2085589 0.1156322 -0.1423033 -0.0152363 -0.0232812 -0.0203424 -0.1512621 0.0065397 -0.1910867 -0.1951881 -0.1382860 -0.1566789 -0.1827150 -0.0538731 -0.1214374 0.0676780 -0.1266183 -0.3081294 -0.1545966 -0.1215938 -0.2326916 0.0865158 -0.4077191 -0.0010026 -0.2839914 0.2296180 0.0669161 -0.4104233 -0.3507662 -0.3540600 -0.3415132 -0.4783410 -0.3745956 0.2463120 -0.4706466 -0.3535461 -0.4699085 0.1180600 -0.4336201 -0.1185969 -0.3790213 -0.4767958 -0.4224365 -0.5378065 -0.0045459 -0.4908032 -0.4635986 0.0526185 -0.3094400 -0.3486634 -0.4899290 -0.5031780 -0.3434574 -0.4306161 0.2513446 0.1361060 0.1043390 0.0062951 0.1892147 -0.0092601 0.1674726 -0.0453685 -0.1037497 -0.0644074 -0.2794954 -0.1922714 -0.1683433 0.6622486 0.4773766 0.2731840 -0.0895352 -0.1214836 0.2071999 -0.2291227 -0.1996116 0.2654511 0.1189869 0.1434959 0.1216367 -0.2944610 -0.1024212 0.0144857 -0.2334272 -0.1504331 -0.5834546 -0.2357102 0.6486530 -0.0515423 0.1872470 -0.0651854 -0.1195633 -0.0434659 -0.3146517 0.0531559 0.5190751 0.0860283 0.1903278 0.2399956 0.5322684 0.4773428
0.6180521 0.8278896 0.1537147 0.1624309 0.1144434 0.1890464 0.4827050 0.1041555 0.7236989 0.0754582 0.0727823 0.7856795 -0.1536069 0.1397622 0.0000000 0.0156210 0.1481241 0.1675477 -0.0857467 -0.1924047 0.7115008 -0.2108666 -0.0906125 0.5977920 -0.2813856 -0.2107591 0.3571334 0.2680621 0.8235792 0.4243101 -0.1482847 -0.3716051 0.3973039 0.4920759 -0.3515103 0.7461018 -0.4646729 -0.3366538 0.1895227 0.3474944 -0.4692581 0.6910543 -0.2038477 0.4082833 0.6707097 -0.3805500 -0.3619326 -0.3441018 0.3142161 -0.2511451 -0.3239370 -0.0814554 0.3889645 0.4073234 -0.3579198 -0.2846681 -0.4367177 0.6432490 0.1638963 -0.3499808 0.0654974 0.0337894 -0.0588231 0.5830153 0.3810772 -0.3584822 -0.1545663 0.3496734 -0.2357474 0.5730388 -0.1973107 0.2929227 -0.1237610 0.1995650 -0.3220801 0.3874381 0.2974505 -0.4968118 -0.0405365 -0.2313594 0.0073019 0.0172146 -0.0263551 -0.0423637 -0.2256378 -0.0774974 -0.2192354 -0.2098452 -0.0847142 -0.2443720 -0.3864437 -0.3794100 -0.3344605 0.0032788 -0.3502391 -0.4198770 -0.3410568 -0.3469357 -0.3928833 0.2402941 -0.1530986 -0.3182702 -0.2065221 0.1701054 -0.2605176 -0.4266186 -0.0414773 -0.2758272 0.2048128 -0.0533928 -0.3231806 0.0741358 0.0072742 -0.1197430 0.0415257 -0.0607432 -0.2110661 -0.1471442 -0.2183349 0.1498461 -0.3710744 -0.3989677 -0.3963625 -0.3082742 -0.0458856 0.3250307 -0.4498396 -0.4196006 0.2222213 -0.2753894 -0.1513858 -0.1209723 -0.2051331 0.1466856 -0.2052239 -0.2055115 0.0306133 0.2421884 -0.0065756 0.3864599 -0.4737629 0.3881303 -0.4023171 0.4468293 0.1654092 -0.3682393 0.0432838 -0.0170215 -0.4588963 -0.2181084 -0.2343955 0.2746479 -0.0753585 -0.5136470 -0.2746936 0.3989334 -0.4140331 0.0208947 -0.3925854 -0.3739345 -0.3025935 -0.3512901 0.1149480 -0.4432078 -0.2731699 0.1811761 -0.3049704 -0.3526649 -0.3319833 -0.4425831 -0.3681539 -0.3720527 0.6908874 0.6412601 0.6410652 0.5303196 0.6392192 0.4189687 0.6736726 0.5518735 0.3445128 0.5187289 0.3017298 0.5054370 0.3167811 -0.0075336 -0.0244617 0.1110078 0.3329598 0.4055787 0.3433979 0.3674591 0.4431302 0.3716140 0.4147767 0.4848419 0.4487986 0.3317175 0.4695406 0.4269338 0.1627808 -0.0125205 -0.0773648 0.2464685 0.1351898 0.5144235 0.3811402 0.4337927 -0.0766284 0.2976618 0.0544290 0.3287895 0.1146604 0.4555603 0.4471401 0.0020883 0.3145271 0.2287786
0.0130977 0.1711373 0.5096534 0.8432675 0.6572276 0.7236361 -0.2493185 0.8398393 0.3784688 0.8586110 0.9466285 -0.0934773 0.6412964 0.6718031 0.0156210 0.0000000 0.7385840 0.6792257 0.8191102 0.6952111 -0.1494726 0.4440613 0.8767305 -0.0629405 0.6834902 0.8339934 0.6034399 0.2094627 -0.1824590 0.3609614 0.3928969 0.7254013 -0.1453314 -0.0598585 0.7498311 0.0559788 0.5618756 0.4403754 0.2009238 0.1332529 0.5238833 0.1015752 0.6254950 -0.0449740 -0.0056450 0.6319508 0.7055551 0.3710263 -0.0846639 0.4016681 0.6668344 0.3110185 -0.0273923 -0.0070273 0.3219737 0.4767876 0.2506316 0.0106738 0.1664299 0.4953318 0.5357673 0.4787630 0.2798631 0.0099549 0.0944956 0.1615717 0.2266135 0.4911676 0.4409905 0.4456401 0.0741010 0.1399875 0.2768390 0.4449461 0.0684029 0.5321503 0.2024705 -0.1483442 0.1972874 0.0082287 -0.2677856 0.3398855 0.3976378 0.6446093 0.6296889 0.4354668 0.4967785 0.3717756 0.4264804 0.5308928 0.2592992 0.1095618 -0.0450474 0.3473532 0.3114746 0.1915327 -0.0575482 0.0519688 0.2793884 0.0812431 0.4442028 0.1486257 0.4263596 0.2472044 0.1701387 0.2622665 0.6192772 0.5192953 -0.1283061 0.6203950 0.3787406 0.4094543 0.5410714 0.4855044 0.5849428 0.6139288 0.4263853 0.4077985 0.4748038 -0.2352226 -0.0563188 0.2487012 -0.0373928 0.2054955 -0.3130887 -0.4387903 -0.0191299 -0.1499059 -0.4836933 -0.1177374 -0.2839090 -0.2213368 -0.3121755 -0.0674812 -0.2942892 -0.3627593 -0.3716396 -0.4368424 -0.4097642 -0.2667017 -0.3794261 -0.3234977 -0.2985188 -0.1399999 -0.2305723 -0.3567384 -0.3620039 -0.3941220 -0.2375524 -0.2617535 -0.3027000 -0.1694164 -0.3623584 -0.1934066 -0.3752461 -0.2400908 -0.3416375 -0.3252102 -0.2855655 -0.3085585 -0.2903174 -0.2869972 -0.2322013 -0.3350095 -0.2847586 -0.3179107 -0.3485092 -0.1852590 -0.2679523 -0.3001415 -0.2661568 -0.2397093 -0.0571084 -0.2843425 -0.3910956 -0.1721158 -0.0420747 -0.3252156 0.0215079 -0.0520679 0.1264441 0.1245530 0.0853386 0.0428354 0.1457127 0.6397567 0.4824455 0.4049843 -0.2310160 -0.3685080 -0.2038322 -0.3700905 -0.3840875 -0.0587166 -0.2781237 -0.1146466 -0.2097550 -0.4653615 -0.1262763 -0.3669134 -0.0949771 -0.3028568 -0.3910358 -0.3142390 0.4598854 -0.1717096 -0.2234787 -0.2406907 0.0759407 -0.2954533 -0.1832381 -0.2511521 0.5100097 0.0822758 -0.1722306 0.1686871 0.4314165 0.4167453
0.1232623 0.2475840 0.3432476 0.6792305 0.4734343 0.6975766 0.0877298 0.4769864 0.4746133 0.8778530 0.8460693 0.1207215 0.2072506 0.9209304 0.1481241 0.7385840 0.0000000 0.3557481 0.3469469 0.5256958 0.0712584 -0.0016612 0.7392543 0.3830196 0.1439741 0.3952542 0.8482251 0.5244000 0.1849437 0.6038964 -0.0387055 0.2250560 0.2671099 0.3715837 0.5070613 0.1402207 0.0314751 -0.0046638 0.5304364 0.4449645 0.0719207 0.0710429 0.6684886 0.2157222 0.4132300 0.1919803 0.3839233 -0.0408060 0.2567643 -0.0076066 0.4766395 0.6044714 0.4411242 0.3816081 -0.0562897 0.1099099 -0.1963538 0.4118460 -0.2698042 0.0603292 0.5020541 0.5087013 0.0647851 0.4707072 0.5707260 -0.2982370 -0.2710631 0.4465299 0.1475786 0.6749673 -0.4140489 0.4928911 -0.1789236 0.4056585 -0.2960136 0.3258466 0.2570311 -0.5450812 -0.2793028 -0.3162462 -0.5045096 -0.0796753 -0.0152450 0.2627296 0.2726510 0.0900234 0.0616920 0.1177020 0.0332146 0.1103674 -0.0585080 -0.1892567 -0.3005082 -0.0984087 -0.1335484 -0.1032302 -0.2716455 -0.0155690 -0.1916725 -0.3133719 0.0686647 0.0655268 0.1813489 -0.2203989 -0.1853858 -0.1185620 0.4645389 0.2611712 -0.1680995 0.3583648 -0.0775335 0.3425552 0.5180395 0.3106871 0.4964866 0.5281470 0.3841903 0.3798718 0.4145892 -0.0321191 -0.0019993 0.1828779 -0.0199162 0.1952104 -0.2249294 -0.2403499 -0.0870648 -0.2288711 -0.3285161 -0.0952828 -0.1916564 -0.2646828 -0.1389429 0.0874773 -0.3445631 -0.4382413 -0.2296703 -0.3649415 -0.3211600 -0.1952291 -0.5284915 -0.3006146 -0.3506763 0.0035235 -0.0314829 -0.5357498 -0.4031301 -0.4081913 -0.2751805 -0.6285509 -0.5898239 -0.0104327 -0.5278375 -0.3047846 -0.4503045 -0.1319161 -0.3651888 -0.2439729 -0.3403465 -0.6102014 -0.4075751 -0.5979080 -0.2984019 -0.3775756 -0.4452868 -0.2014814 -0.4419369 -0.2417088 -0.3513609 -0.4265785 -0.3162414 -0.3216100 0.1398418 0.0990884 -0.0744523 0.0610391 0.1776004 -0.1216108 0.0914682 -0.2149834 -0.2063835 -0.1624824 -0.3568160 -0.2695140 -0.2258518 0.7248686 0.4300129 0.3088669 0.0057266 -0.0161890 -0.0496976 -0.1540130 -0.1172242 0.0357403 -0.1139195 0.0347787 0.0919522 -0.2486770 -0.1063145 -0.1494133 -0.0393825 -0.1415036 -0.6450485 -0.2532933 0.5485790 -0.1521377 -0.0161971 -0.1104771 0.0855147 -0.0299211 -0.3692389 -0.0455309 0.3430465 0.0006062 -0.0174422 0.1555972 0.3967388 0.3098450
