0.0000000 0.2214043 -0.0708907 0.3448941 -0.3460431 0.3316630 0.8544224 -0.1082978 0.2779273 0.1048780 0.0441292 0.5649569 -0.2958270 -0.1327680 0.3961500 -0.0487874 -0.3029973 0.3671333 0.3274317 -0.2647234 0.0310470 0.0333104 -0.1807912 0.1707149 0.2589646 0.0181150 -0.3274313 0.0274217 -0.2331625 -0.0650747 -0.0024212 0.1919536 -0.0990728 -0.0554617 -0.1113952 -0.0442769 0.0118215 0.1587851 -0.1464936 -0.3473258 0.4101701 0.4022886 -0.0875695 -0.3138997 0.2362854 0.1134134 0.0248865 0.3010377 -0.3219800 0.0790355 -0.1541974 0.2533777 -0.0598735 -0.1148071 0.1095949 0.0340520 -0.0524481 -0.2246507 0.2245132 -0.0311536 0.1125995 0.3268847 -0.0201448 -0.1216695 -0.0008475 -0.0909376 -0.1091798 -0.1242508 -0.1810128 -0.1572871 0.0170790 -0.0553837 0.0065857 -0.0575291 -0.2622591 -0.0801868 -0.0557796 -0.0782462 -0.0920743 0.0353954 -0.1661323 0.3850260 0.5438686 0.7511370 0.5421991 0.8371422 0.5112401 0.5964209 0.8514361 0.4518401 0.4381614 0.5482905 0.0413182 0.7253781 0.4709855 0.2910883 0.4105345 0.0742169 0.4241396 0.6671335 0.3418656 0.3464744 0.2782002 0.7722633 0.3949984 0.0908851 0.4648555 -0.1258173 0.6027737 0.4725481 0.3636788 0.4317636 -0.1180532 -0.0050872 0.3606214 -0.1875241 -0.0045474 0.1777830 -0.1347716 0.3413701 0.3540802 0.2132381 0.2828273 -0.0945465 0.5765270 0.2977747 0.3588225 0.0690894 0.7399456 0.4487857 0.7090193 0.3670493 0.3360336 -0.1976440 0.6081020 0.2201155 0.2523977 0.6227744 0.5385392 -0.0724977 0.2760878 0.5108049 -0.1514423 -0.2637365 0.4471691 -0.1913840 0.5751188 0.4149333 0.5328170 0.3955803 -0.2259214 0.0794243 0.4942199 0.1261261 0.1195425 -0.2900323 -0.2987951 0.1044146 -0.3022276 -0.1394149 0.0377884 0.1807512 -0.0251248 -0.3439025 0.2213672 0.0708157 -0.0477293 0.1579791 -0.2266368 -0.0624081 0.2217835 0.1251794 0.4809831 0.5456683 0.8368030 0.3331545 0.3442645 0.2489310 0.0971866 0.0642579 -0.1176642 -0.0623094 -0.0470469 -0.0939353 0.0739542 -0.0080093 0.1415128 -0.1202382 -0.0865232 -0.0206154 0.1696466 -0.0810578 -0.1567610 0.1463726 0.1980733 0.1145437 -0.0616418 -0.1611481 0.0016073 0.0628678 -0.0937688 -0.1974596 -0.0734511 -0.0528769 0.6324048 -0.0354181 0.0918519 0.1734407 0.0658184 -0.4202585 -0.1181102 0.0226306 0.2834011 0.2093840 0.1439963 0.1489812 -0.2641379 -0.5985249
0.2214043 0.0000000 0.6543600 0.7524227 0.3437075 0.6569161 0.2584350 0.6078917 -0.0281805 0.0603714 0.1532557 0.6891163 0.6029018 -0.2839276 0.3228590 0.0701254 0.1312763 -0.0730214 0.5183746 0.2880230 0.6341668 0.6016409 0.2122991 0.0016988 0.4805772 0.3770205 0.0555502 -0.1816808 0.4009002 -0.1578390 0.5963228 0.1670002 -0.2800680 0.1545533 0.3442045 0.2137185 0.3762909 0.4989822 -0.1297976 -0.2598523 0.3255249 0.1760832 -0.0113606 -0.2708270 0.4514075 0.4691920 0.4228554 0.3379619 -0.1685647 0.3211373 0.2810853 -0.1871625 0.4853255 -0.0464414 0.4215472 0.4504682 0.3858566 0.0893087 0.5778048 0.1207368 0.6386349 -0.0647741 0.4493755 0.5656030 0.7297904 0.3194233 0.2230382 -0.0559993 0.3181864 0.4346296 0.4559335 0.7831657 0.1395961 0.7196851 0.3532240 0.5357876 0.7316866 0.4777323 0.5589629 0.5196982 0.5651644 -0.0990672 0.0422693 0.2270576 0.1168767 0.2476828 -0.0651313 0.2939960 0.1567962 -0.1301914 0.0690700 0.1545135 0.5486690 0.1307577 -0.1056600 -0.1589030 -0.0462679 0.5149906 -0.2097230 0.0506733 -0.1870446 0.3248686 0.1870542 -0.0034225 -0.1036753 -0.2092740 0.2687377 0.2602668 0.1581448 0.2912703 -0.1249755 0.0845714 0.1552561 0.0522929 -0.0318446 -0.0972479 -0.2299583 -0.1401058 -0.1522022 0.1485450 -0.1089848 -0.2099232 -0.1446374 -0.0121818 0.2396686 -0.0600790 -0.1702080 -0.1912528 -0.2490910 -0.0027116 0.1319057 -0.1537583 -0.0428117 0.3996014 -0.1289600 -0.0960899 0.2908132 -0.2145345 -0.0433860 -0.0001740 -0.1508954 0.0547991 0.5488166 -0.1101531 0.0373083 -0.0030600 -0.1853914 -0.2279256 -0.0342084 -0.1422506 0.5560159 0.1857966 -0.1624238 -0.2394174 -0.4651989 0.2276317 0.4495912 -0.2409089 0.3550032 0.7360730 -0.3083207 0.1841106 0.1781079 0.4753053 -0.2972417 -0.0984708 -0.2962698 -0.1064279 0.4161854 0.4085993 -0.1014147 0.1417089 0.3268643 0.2262540 0.3553309 0.0206702 0.4160139 -0.5612607 0.5319368 0.0719640 -0.2750821 -0.1196179 0.1803776 0.0172722 0.5828056 0.7406332 0.5034629 0.2437499 0.5684656 0.5881621 0.1514573 0.3503338 0.3864185 0.0966594 0.1770423 -0.2424555 0.0763234 0.5061773 0.6937961 -0.2757054 0.1859337 -0.5647681 -0.2948411 0.0504422 0.1427801 0.3806563 -0.5331753 0.2797695 0.0484518 0.0926282 -0.2023799 0.1643496 0.5052766 0.4336129 0.6321837 -0.1046041 -0.1628310 -0.1759165
-0.0708907 0.6543600 0.0000000 0.3197788 0.8335233 0.2084745 -0.1163752 0.7425368 -0.4323890 -0.1890050 0.2673592 0.2190745 0.8769760 -0.7003754 -0.3209156 0.2056929 0.1009165 -0.6632786 0.2385062 0.5858206 0.2247491 0.7357313 0.4857678 -0.6097784 0.3416456 0.4850355 -0.0918289 -0.6971557 0.0925350 -0.6371256 0.7902556 0.4892405 -0.8072469 -0.3391732 0.5622694 -0.0390033 0.6194846 0.7836172 -0.4297332 -0.4934150 0.6000057 0.2312272 -0.1145198 -0.7334048 0.5544319 0.7959936 0.6142342 0.7092017 -0.6843181 0.7388490 0.4301934 -0.2633331 0.2785298 -0.0862806 0.8442300 0.8410672 0.7201285 -0.0383845 0.7210628 0.3823527 0.7418992 0.1319445 0.8211676 0.4837544 0.5370794 0.7678049 0.6525085 0.2337535 0.8097160 0.5730803 0.8183392 0.4171682 0.4830337 0.4457383 0.7728215 0.6789374 0.4353820 0.8497144 0.6560249 0.4910831 0.7197747 0.2203029 0.3130806 0.2124444 0.2765840 0.1099876 0.1815758 0.2578039 -0.0223013 0.0735444 0.1196078 -0.0203383 0.5843021 0.0384483 -0.0237145 -0.0535499 -0.1499528 0.5910593 -0.0334355 -0.0616723 -0.1232014 0.4661484 0.3257691 -0.2967751 0.1948647 0.0136904 0.0975724 0.4439530 0.0668160 0.1188425 0.1374802 -0.1692465 0.2042319 0.2671122 -0.0960414 0.0152947 -0.1898437 0.0593019 -0.2225140 -0.2212841 -0.2136471 -0.3231799 -0.3415423 0.0326486 -0.1478635 -0.3136643 -0.3467887 0.0750315 -0.4640542 0.1812846 0.0514538 0.0709597 0.0090861 0.7766913 -0.0793574 0.1000904 0.6659587 -0.5045998 -0.0220214 -0.4276736 0.0850564 -0.0727128 0.6339197 -0.3585992 0.3573274 0.2313162 -0.0888795 -0.1319408 0.0087712 -0.0578784 0.1491894 0.1440007 -0.1799391 -0.0248218 -0.5384756 -0.1035422 0.0658051 0.0076757 -0.0085429 0.2954335 -0.0432769 -0.1526787 -0.3626592 0.1384330 -0.1228152 -0.2728797 -0.4176015 -0.2175438 0.0019706 -0.0258603 -0.0237982 -0.1895491 0.0588113 -0.1215729 -0.0398156 -0.1224501 0.0770529 -0.5258009 0.1301366 -0.1470915 -0.3190050 -0.1010073 0.3640153 0.1067005 0.7908007 0.6190186 0.6398224 0.2090824 0.3001267 0.3299316 -0.2081637 0.3906272 0.3068693 -0.2743946 -0.2448941 -0.4852218 -0.3630827 0.1050435 0.4393063 -0.4854770 -0.1934321 -0.4534027 -0.0830755 -0.2429633 -0.2584180 0.2498572 -0.6458783 -0.1366038 0.0998410 0.0683118 -0.0084582 -0.3899623 0.3226521 -0.1592748 0.3143316 -0.1032821 -0.0643055 -0.1136658
0.3448941 0.7524227 0.3197788 0.0000000 0.0157735 0.8495118 0.4485191 0.4950847 0.4349357 0.5416515 0.4859752 0.5580945 0.3198398 0.0276696 0.3766645 0.4052810 0.3697134 0.1921694 0.5606646 -0.1680307 0.3005174 0.4040133 0.3503009 0.0809867 0.5343191 0.3650257 0.2155165 -0.0396357 0.0091610 0.0436605 0.3297986 0.3061091 -0.2098173 0.1941171 0.3341126 0.1905503 0.3933308 0.4084523 0.0957543 -0.1137681 0.2846206 0.2464454 0.2478681 -0.2045576 0.3819506 0.3677850 0.3996686 0.3531290 -0.0978544 0.1220346 0.2891390 0.1735408 0.5121201 0.1103522 0.2153313 0.3022082 0.2990663 0.1858850 0.3398105 0.2029481 0.4076896 0.2312441 0.2178578 0.4754834 0.5471170 0.2231896 0.1213451 0.1090333 0.1122253 0.5156753 0.3609668 0.5688297 0.2373790 0.4656873 0.2472202 0.4655002 0.4806578 0.3329647 0.3638857 0.3364252 0.2320103 -0.3439894 -0.0990952 0.1009525 -0.0500804 0.3428349 -0.0122434 0.2269610 0.1773628 -0.2086527 -0.0369595 -0.0883485 0.0593108 0.2668323 -0.1346243 -0.2959058 -0.2369709 0.0519563 -0.2691243 0.3387849 -0.1646684 0.0538717 -0.1663205 0.2965905 -0.2788844 -0.3779174 0.0307553 -0.2321710 0.1676061 0.1464586 -0.2370180 -0.1076569 -0.2750275 -0.4363677 -0.3936825 -0.4974101 -0.5413728 -0.4325508 -0.4691199 -0.1871016 -0.4205748 -0.4016235 -0.2094973 -0.3946592 0.1884119 -0.1839671 -0.4915746 -0.1306741 -0.0774568 -0.4025050 0.1746564 0.1133597 -0.3898068 0.0988184 0.2055661 -0.0094053 -0.0415703 0.1335184 0.0600444 0.0754067 -0.0977835 0.1673938 0.4399806 -0.0563572 0.0189468 -0.1399325 -0.1229845 -0.2214692 0.1359810 -0.2955057 0.3920704 0.2190028 0.0090117 -0.4009970 -0.4367024 0.0366618 0.4252315 -0.4137656 0.4257842 0.5672597 -0.5888357 0.2457889 0.3410282 0.4503704 -0.5574001 -0.0850369 -0.2209023 0.0457805 0.5882343 0.2959297 -0.3289775 0.1136644 0.3784135 0.4098443 0.4945807 0.0513784 0.0614168 -0.6152207 0.1594338 -0.1508184 -0.3785448 0.0429558 0.2122463 0.1965965 0.3385504 0.4463559 0.2884488 0.1036331 0.2569174 0.2818400 -0.2160048 0.2007323 0.0993295 -0.1257395 -0.0539172 -0.2312622 -0.0185817 0.2335291 0.4069813 -0.2712456 -0.1024882 -0.5802984 -0.5769663 -0.2643531 0.1026783 0.2049778 -0.3388637 0.0485495 -0.3316103 -0.2637542 -0.5606670 0.1915837 0.3860976 0.2631883 0.1880588 -0.0794674 -0.0817381 -0.1773527
-0.3460431 0.3437075 0.8335233 0.0157735 0.0000000 0.0383216 -0.2898701 0.5231431 -0.3072921 -0.1097367 0.1629619 0.0634100 0.7845339 -0.5075239 -0.3537358 0.1183302 0.1389361 -0.6818522 -0.0630743 0.6805829 0.1185947 0.5808983 0.4451014 -0.5696151 0.0479176 0.2511706 -0.0456815 -0.5791788 0.1526559 -0.5058154 0.6850572 0.3490783 -0.6792768 -0.2635216 0.4108270 -0.1716852 0.4899988 0.5814419 -0.3965887 -0.3156048 0.4293814 0.0244942 -0.1640978 -0.5810730 0.3890882 0.6841749 0.4628906 0.4938306 -0.4844988 0.5827627 0.3198223 -0.2983400 0.2663528 -0.0144665 0.7457022 0.7613130 0.6638138 0.0201383 0.5407962 0.4062160 0.5284049 0.0642917 0.7326187 0.4779382 0.4292776 0.8018544 0.6259407 0.2736894 0.7845987 0.4856347 0.7375054 0.2802527 0.4894935 0.3824991 0.8071967 0.6063952 0.3445902 0.7424938 0.5858454 0.4703722 0.6569212 0.0934799 0.1184770 -0.0800892 0.0343470 -0.2455900 -0.0660658 -0.1535460 -0.3348906 -0.0508278 -0.1051762 -0.0827479 0.5408442 -0.2771739 -0.3623112 -0.2839902 -0.2452367 0.4620923 -0.2108380 -0.1895520 -0.2385612 0.2967960 0.0603053 -0.3758846 0.0575163 -0.1324258 -0.0294190 0.2223873 -0.0755348 -0.0709044 -0.0088569 -0.2621006 0.0628700 0.2690863 -0.2403133 -0.0511596 -0.2526318 0.1857516 -0.2870380 -0.3557881 -0.2765962 -0.3929623 -0.5668922 0.1132581 -0.2858706 -0.4377891 -0.3874318 -0.1424260 -0.4985546 0.1191559 0.0098213 -0.1526719 -0.0792612 0.9287911 -0.2791013 -0.0567991 0.6464202 -0.6828833 0.0073126 -0.4802998 -0.0247264 -0.3737039 0.5277298 -0.3101969 0.2506019 0.3613481 -0.2513339 -0.2330776 -0.1820934 -0.2880374 -0.0202688 0.0233907 -0.3490591 -0.0412194 -0.6284340 -0.0156272 0.0427346 -0.0286040 0.0782315 0.0740080 -0.0805439 -0.4522078 -0.3478500 0.0767386 -0.1701643 -0.2702493 -0.3789541 -0.2304727 -0.1006576 -0.2752269 -0.1445107 -0.4049622 -0.1744468 -0.2864818 -0.3002380 -0.0961102 0.0972334 -0.3347957 0.0814035 -0.1325929 -0.1526236 -0.0763128 0.2903764 0.1122500 0.7093565 0.5140091 0.5958651 0.3907321 0.2904475 0.2558848 -0.2777625 0.4489984 0.3546367 -0.2758101 -0.3525735 -0.4744062 -0.4570841 0.0887031 0.3440111 -0.4787116 -0.2672098 -0.3887173 -0.0300634 -0.2177922 -0.3641935 0.3839133 -0.6371210 -0.0433199 0.0236645 0.1352379 -0.0853471 -0.4590415 0.2329374 -0.2414583 0.1096928 0.0364975 -0.0427706 -0.1291096
0.3316630 0.6569161 0.2084745 0.8495118 0.0383216 0.0000000 0.5391134 0.2771218 0.6575974 0.7058152 0.5231535 0.7092646 0.1620876 0.1669523 0.6356797 0.4403000 0.3976327 0.3358440 0.4656280 -0.0809172 0.3766387 0.3265715 0.4220302 0.2780292 0.5081387 0.3856456 0.3310057 0.0859363 0.2025116 0.1860879 0.2825961 0.3367787 -0.1103212 0.5035217 0.4419639 0.0287455 0.4872329 0.3059444 0.2219311 -0.0101307 0.3040834 0.0733726 0.3948408 -0.1093480 0.5675946 0.4148823 0.5066930 0.2580605 0.0427247 -0.0642814 0.4218423 0.3592369 0.7711392 0.1867514 0.2047527 0.2689029 0.4279361 0.2994161 0.3747607 0.4370901 0.4784863 0.3986473 0.2013557 0.7091404 0.7135103 0.3385949 0.2271921 0.2109946 0.0499453 0.5889962 0.3427426 0.6939506 0.3482078 0.6758342 0.2400295 0.5356952 0.6210874 0.2807784 0.4759215 0.6187613 0.3246681 -0.4124429 -0.1264237 0.0942178 -0.0280697 0.3400959 -0.1372201 0.1043262 0.2570925 -0.2596278 0.0563243 0.1131817 0.0836492 0.2178616 -0.1927572 -0.3742258 -0.1911686 0.0163610 -0.3344483 0.4542120 -0.2624415 0.0849669 -0.2024463 0.3923401 -0.2590255 -0.4860082 0.1611245 -0.2809745 0.1758311 0.3803157 -0.4020314 0.0069105 -0.2393740 -0.3655893 -0.4392374 -0.5775949 -0.5736983 -0.5206779 -0.5923150 -0.1524499 -0.3712276 -0.3909986 -0.3271261 -0.4279949 0.2818489 -0.2281938 -0.3945515 -0.3651840 0.0677284 -0.2854589 0.3168823 -0.0929563 -0.4197823 0.1561224 0.1453944 -0.1333815 0.0302600 0.1727113 0.2690376 -0.0122994 -0.1934364 0.0304168 0.2563694 -0.1930605 0.0101325 -0.1856416 -0.0920097 -0.2036367 0.0605561 -0.4207695 0.2642779 -0.0939322 -0.0615755 -0.5345385 -0.5596606 -0.0876597 0.3941785 -0.5706686 0.4396423 0.5262179 -0.7290705 0.0048809 0.2345072 0.3841700 -0.6650533 -0.1504808 -0.3139443 0.0222842 0.4790889 0.0466326 -0.3538906 0.0031269 0.1978255 0.2277682 0.4214993 0.0304713 0.2053389 -0.4558783 0.2958722 -0.0840690 -0.2609871 -0.1188901 0.0064277 0.0092589 0.4275221 0.6161822 0.5258796 0.3855507 0.4508982 0.4563213 -0.2303132 0.4248337 0.2531726 -0.1253515 -0.0686023 -0.3648087 -0.0400027 0.3936698 0.6288891 -0.3463262 -0.0686405 -0.6278146 -0.5240405 -0.2248689 0.1317721 0.2840715 -0.4495601 0.1138249 -0.4392606 -0.2859137 -0.5622801 0.2101068 0.4817474 0.4165112 0.1834645 -0.1611082 -0.1109937 -0.4392258
0.8544224 0.2584350 -0.1163752 0.4485191 -0.2898701 0.5391134 0.0000000 -0.1932862 0.5249308 0.4348320 0.1382625 0.7521161 -0.3514258 0.1381178 0.5994035 0.0233472 -0.0531699 0.5977257 0.1444101 -0.4232756 0.1969600 -0.1054151 -0.0662529 0.3944174 0.0878642 -0.1615937 -0.0271100 0.2963673 -0.1024379 0.2346642 -0.1122142 0.0410715 0.0424341 0.2862193 -0.1821114 0.0226040 -0.0853202 0.0392466 0.0424258 -0.1795166 0.3321176 0.2942787 0.0718707 -0.1563298 0.3259248 0.0319500 -0.0613966 0.1976715 -0.0919456 -0.1729384 -0.2161570 0.3659575 0.2644080 -0.0158782 0.0312373 -0.0301071 -0.1077301 -0.0568438 0.3336671 -0.0070849 0.1931801 0.3995744 -0.0123536 0.1239721 0.2196335 -0.0592848 -0.1970641 -0.0817328 -0.2818668 0.0352177 0.0212860 0.1334499 0.0711633 0.1359901 -0.2315305 0.0798470 0.1558891 -0.0063731 0.1056452 0.2504776 -0.0148271 0.0542818 0.2705159 0.6023471 0.2223673 0.7423353 0.1787827 0.3965734 0.6673974 0.0890241 0.1098202 0.3908593 -0.2058653 0.5668180 0.1924700 -0.0938739 0.0439959 -0.1815447 0.1216747 0.7846528 0.0344120 0.2235896 0.1277709 0.7881894 0.0721687 -0.2016304 0.4482095 -0.2048526 0.3173694 0.5879633 -0.0514501 0.2413144 -0.3942095 -0.1100014 0.1550410 -0.4289249 -0.1556321 0.0130924 -0.3338137 0.1580499 0.2078696 0.1859313 -0.0688596 -0.2366862 0.5272820 -0.0248206 0.2894140 -0.2446124 0.5408934 0.2746093 0.7189742 0.0987388 0.0677675 -0.0715420 0.4731860 -0.0035375 0.1249888 0.5573412 0.5696774 -0.1158189 0.0630152 0.3338466 -0.1349994 -0.3743212 0.2251222 -0.3796150 0.4047744 0.1846360 0.4229851 0.1004993 -0.2025716 -0.0502322 0.3246991 -0.1705493 -0.1179444 -0.3186255 -0.1160329 -0.2118668 -0.0080324 -0.0028319 -0.3386292 0.0441178 0.0330858 -0.1197592 -0.1250276 0.0406407 -0.2817027 0.2977928 0.0752746 -0.0564239 0.0506205 0.2366808 0.6613766 0.6166653 0.9079732 0.4238723 0.4248717 0.1723633 0.1523664 -0.0177880 -0.1967210 -0.0748238 -0.0800553 -0.0198871 0.1949510 0.1477776 0.2709598 0.0142048 0.0730374 0.1798571 -0.0268251 0.1573950 -0.0311810 0.0085969 0.0020744 -0.1023353 -0.1825251 -0.0110614 0.1800677 -0.1682377 -0.2775908 -0.5396615 -0.4458926 -0.2914224 0.3854836 0.1087600 -0.1758776 0.3123459 -0.3512912 -0.6837927 -0.5024615 0.0580928 0.3251294 0.3505508 0.0615639 0.2416144 -0.3886491 -0.6937618
-0.1082978 0.6078917 0.7425368 0.4950847 0.5231431 0.2771218 -0.1932862 0.0000000 -0.2269384 0.0036902 0.5883220 -0.0113351 0.7475400 -0.4522897 -0.2798822 0.5731525 0.2927724 -0.5281928 0.6229909 0.5203987 0.0022221 0.6736790 0.6506346 -0.4784450 0.6982650 0.6796504 -0.0186744 -0.6614879 -0.0788501 -0.5403970 0.6432469 0.6109609 -0.6751801 -0.4253296 0.6939557 -0.0362604 0.5880575 0.7430614 -0.0912051 -0.2335518 0.4857566 0.1651215 0.2530519 -0.4619691 0.3257904 0.6562252 0.7058783 0.5870306 -0.5186355 0.5724824 0.6600189 -0.0626543 0.1097992 0.1818183 0.4678187 0.5426099 0.6102874 0.2681429 0.3087831 0.4869157 0.4005653 0.2224833 0.4015243 0.3593120 0.3758266 0.5186552 0.6320010 0.4508761 0.5367011 0.5775656 0.7040807 0.3061909 0.4383540 0.1962479 0.6596281 0.5114729 0.1511551 0.5558548 0.2605757 0.1568659 0.2423112 0.1006020 0.3037817 0.1349568 0.2386932 0.1640303 0.1173794 0.2940884 -0.0256037 0.0697217 0.2481118 0.0008742 0.5116378 0.1601831 -0.0780701 0.0398790 0.0535625 0.6704253 -0.0903403 -0.0177163 -0.0522221 0.5332643 0.3734236 -0.1683073 0.2618699 -0.0018820 0.2340575 0.2404603 0.3409208 0.1509122 0.1202626 0.0618818 0.3820360 0.2628029 -0.1780803 0.1105214 -0.2997062 -0.1384954 -0.2725671 -0.2128627 -0.2930716 -0.4773541 -0.3629565 -0.1962846 -0.0170676 -0.3600598 -0.5285941 0.1289445 -0.4258648 -0.1185271 0.0787656 0.3307198 0.0582745 0.3943771 0.2416540 0.5121003 0.5082154 -0.4094656 0.0190064 -0.3624774 0.4281379 -0.1785293 0.3370523 0.0640009 0.4154925 0.5458547 0.0176511 0.1454517 0.2559608 0.0365912 0.1006192 0.4289789 -0.0984793 0.1751221 -0.1775450 -0.0149665 -0.0854077 0.2177668 -0.1454999 0.1952497 0.0908408 -0.1418466 -0.1348992 -0.0018052 -0.0737241 0.0385268 0.0700649 -0.0390738 -0.0171590 0.0259256 0.0741611 0.0094862 -0.0572311 -0.2182656 -0.0857153 -0.4203242 -0.2710895 -0.7341195 -0.1481316 -0.3972153 -0.5920120 -0.1623252 0.2723379 0.0399607 0.3331056 0.3745195 0.1937502 -0.2039786 -0.1024923 -0.0354822 -0.2472132 -0.1109486 -0.1981644 -0.3651601 -0.2774177 -0.4257038 -0.3441134 -0.1560217 0.2526967 -0.4893922 -0.1525495 -0.2091924 -0.1538208 -0.3270239 -0.1340936 -0.0944096 -0.4885311 -0.4196288 0.0307875 0.0407510 -0.1373501 -0.3453922 -0.1139207 -0.3608270 0.0184190 -0.5142919 -0.0751655 0.0606671
0.2779273 -0.0281805 -0.4323890 0.4349357 -0.3072921 0.6575974 0.5249308 -0.2269384 0.0000000 0.9083460 0.4468919 0.3373132 -0.4697448 0.6839394 0.6895175 0.3929950 0.4751986 0.6705232 0.1989150 -0.3548121 -0.0902327 -0.2655613 0.2362606 0.5766171 0.1521736 -0.0760525 0.4025052 0.4479165 -0.0043218 0.5667668 -0.3195466 0.1119574 0.2699258 0.5098569 0.0342531 -0.2566171 0.0332273 -0.2406448 0.4896833 0.3789221 -0.0920984 -0.2597532 0.4748431 0.2812076 0.0537148 -0.0989987 0.0531918 -0.1720976 0.3816193 -0.5358558 0.1058818 0.6103380 0.4321594 0.3943644 -0.3385447 -0.2799503 -0.0375047 0.3701302 -0.2422053 0.2689749 -0.2156441 0.4297741 -0.4034606 0.3351654 0.2256432 -0.0621512 -0.1542459 0.2338040 -0.4578713 0.2069063 -0.1528401 0.2058109 0.1217104 0.1780815 -0.1705613 0.0367536 0.1100980 -0.2926528 -0.0991060 0.1396471 -0.2832555 -0.5089736 -0.2921473 -0.1404819 -0.2761714 0.0999014 -0.3404754 -0.1824274 0.0689959 -0.3549679 -0.0983340 0.0551144 -0.3874922 0.0838070 -0.3764496 -0.5093224 -0.2069394 -0.4477046 -0.4198224 0.4693036 -0.3204561 -0.2643554 -0.4932574 0.5452837 -0.3575647 -0.6470046 -0.0287932 -0.7086411 0.0816092 0.1384691 -0.5248788 0.0102183 -0.5175009 -0.4771873 -0.4442476 -0.6427990 -0.4954086 -0.4102902 -0.5933908 -0.2695443 -0.3450217 -0.3548688 -0.2866580 -0.5412444 0.2485159 -0.2754011 -0.2852560 -0.3844749 0.3394782 -0.4357341 0.3097172 0.0156782 -0.4462418 -0.1343180 0.3016539 -0.1090307 -0.2664654 0.3071086 0.3907494 -0.0242453 -0.0576421 -0.1379371 -0.2140065 -0.0569084 -0.0994529 -0.1403275 0.0068851 -0.0226371 0.2159182 -0.4421539 -0.1539039 -0.1246292 0.0571857 -0.2823474 -0.2571071 -0.1082063 0.1267467 -0.3881609 0.3153177 -0.0464355 -0.6492886 -0.2070376 0.4116843 0.0276148 -0.4959368 0.2161101 0.0860635 0.3363518 0.2491227 -0.1674346 -0.2274063 0.0234473 0.0402338 0.1798347 0.2962217 0.0383376 -0.0301789 -0.0817989 -0.1099680 -0.2673498 -0.1799022 -0.1369077 -0.3109722 -0.0978210 -0.1520139 0.0411151 0.0689025 0.1951962 0.0417023 0.0682379 -0.3443465 0.1338907 -0.0646690 -0.2111660 -0.2275195 -0.2092278 -0.1367242 -0.0011167 0.1000065 -0.2182095 -0.2202091 -0.2841974 -0.4998510 -0.3025477 0.2430439 0.0451529 -0.1246752 0.0401743 -0.6279663 -0.4513266 -0.6944163 0.0997693 0.0936804 0.1968233 -0.3531031 0.0436901 -0.1454451 -0.4498619
0.1048780 0.0603714 -0.1890050 0.5416515 -0.1097367 0.7058152 0.4348320 0.0036902 0.9083460 0.0000000 0.6669257 0.2558918 -0.2239986 0.5977813 0.5160948 0.6206335 0.6987184 0.5260476 0.2343904 -0.3006750 -0.1331414 -0.0958157 0.5203363 0.3801883 0.2425269 0.0553589 0.5778015 0.3008611 -0.1032895 0.4866597 -0.1531753 0.2832489 0.0361025 0.4404892 0.2345504 -0.2297514 0.2181230 -0.0103150 0.5348389 0.3761547 0.0686406 -0.2015658 0.6333244 0.1377614 0.2303277 0.1029111 0.2249628 0.0365147 0.2220048 -0.3919699 0.2744038 0.6634093 0.5790887 0.4758545 -0.1509220 -0.0730626 0.1595834 0.4851761 -0.0485688 0.4402973 -0.0076690 0.5804452 -0.1937150 0.5107707 0.3807528 0.1700578 0.0482082 0.4423715 -0.2496336 0.5198366 0.1203344 0.2831479 0.3686975 0.2420634 0.0998777 0.3108447 0.1803400 0.0155127 0.1260314 0.2672891 -0.0870131 -0.5967268 -0.3462965 -0.2203003 -0.3499439 0.0760649 -0.3754075 -0.2070701 -0.0870157 -0.4860352 -0.1955388 -0.1304262 -0.4467818 0.0581635 -0.4513457 -0.6256489 -0.4469283 -0.4490947 -0.5245501 0.5192562 -0.4442864 -0.1906764 -0.4612231 0.4186335 -0.4295792 -0.7040660 -0.0866734 -0.6537334 -0.0565604 0.1480005 -0.6386822 -0.2295669 -0.5825157 -0.4899942 -0.6516926 -0.7352877 -0.6245388 -0.5817680 -0.7723733 -0.5438381 -0.5481183 -0.5005549 -0.5210291 -0.6755894 0.0624636 -0.5873216 -0.5344754 -0.3534183 0.0036553 -0.5932283 0.2260529 0.0673688 -0.6465560 0.0170233 0.3184672 -0.0454971 -0.2309236 0.1406521 0.3296711 -0.1889234 -0.0300300 -0.2415147 -0.0642612 -0.1534604 -0.0956193 -0.0982955 -0.0851127 -0.1257366 0.2152283 -0.5794173 -0.1402044 -0.1279662 -0.0687925 -0.3925649 -0.4475310 -0.2065825 0.1565208 -0.4884570 0.3726729 0.0255856 -0.7753298 -0.3132670 0.2996906 0.1230933 -0.7094025 0.1149952 -0.0728928 0.3272556 0.3716391 -0.2259758 -0.3307344 -0.0184618 0.0558665 0.1010234 0.2180278 -0.0805565 -0.2279519 -0.3526852 -0.2533831 -0.4615954 -0.3894957 -0.1420960 -0.1703396 0.0137850 0.0461767 0.1819288 0.2015828 0.1642879 0.0071647 0.0681468 -0.6435675 0.2034314 -0.0966061 -0.5073125 -0.5251201 -0.4796142 -0.3470688 -0.0614298 0.1740521 -0.4835911 -0.3908619 -0.4507536 -0.6622948 -0.5571253 -0.0344233 0.0308613 -0.3586882 -0.1545112 -0.7813938 -0.5601703 -0.8281495 -0.0663744 0.0874637 0.0205719 -0.4364917 -0.0207974 -0.0889961 -0.3284471
0.0441292 0.1532557 0.2673592 0.4859752 0.1629619 0.5231535 0.1382625 0.5883220 0.4468919 0.6669257 0.0000000 -0.0618094 0.1837455 0.0356768 0.0164134 0.9778300 0.6409618 -0.0654017 0.5477798 0.1297848 -0.3955438 0.2991390 0.9153929 -0.1760353 0.6924363 0.6252517 0.3398542 -0.3827638 -0.3600530 -0.1544539 0.2249013 0.8059492 -0.5457629 -0.1419631 0.7649340 -0.3640214 0.6352701 0.5108280 0.3270263 0.0646860 0.4683297 -0.0075535 0.7278577 -0.3152057 0.4188401 0.5480541 0.7260387 0.5136702 -0.3722960 0.1626830 0.7663206 0.6120261 0.3290057 0.4909348 0.2233335 0.2892382 0.5915076 0.5023546 0.1012171 0.8003519 0.1987328 0.7925351 0.0784218 0.4686079 0.3309419 0.4945439 0.5936835 0.7772134 0.1742005 0.7153424 0.5376029 0.1384502 0.6604169 0.0614075 0.4731812 0.4647634 -0.0547672 0.3354867 0.1364118 0.1981306 -0.0412505 -0.1447307 0.2033607 0.0616124 0.1462160 0.2947770 0.0259964 0.1877747 0.0974715 -0.0686437 0.2323197 -0.0450925 -0.1076282 0.3218914 -0.0927162 -0.1845341 -0.1617153 0.0647477 -0.1813824 0.4688797 -0.1772042 0.2963286 0.0718933 0.2490621 0.1284571 -0.2995403 0.1217770 -0.2554342 0.2936921 0.2889653 -0.1835416 -0.0261374 -0.0427619 -0.0890982 -0.5156057 -0.3560795 -0.5425007 -0.5212891 -0.7293097 -0.5758043 -0.5212973 -0.6307532 -0.5173580 -0.6935714 0.0066490 -0.6370817 -0.6856820 0.0320573 -0.1230761 -0.3697879 0.2544993 0.5225376 -0.3097384 0.1340509 0.6271732 0.5208677 0.2583730 -0.0423710 0.3711426 -0.5036517 0.4882866 -0.1960682 -0.0295746 -0.1245874 0.4332337 0.3345090 0.2008220 0.2586550 0.5028693 -0.1812711 -0.3206423 0.1576531 0.0472970 -0.0059184 -0.2320435 -0.4344137 -0.2652192 -0.0243306 -0.1660095 -0.1463803 -0.3038876 -0.3986362 -0.1133818 -0.2195442 -0.3823170 0.1204391 0.0804374 0.2094516 -0.0444338 -0.3715036 -0.0272393 -0.0725714 -0.1379864 -0.2519031 0.0074771 -0.4538259 -0.5827551 -0.5825667 -0.5490309 -0.7064785 -0.6860897 -0.2557849 0.0177229 -0.0350148 0.1548955 0.1989139 0.2266882 -0.1558005 -0.3245492 -0.2097736 -0.7406615 -0.0565805 -0.4066664 -0.7594552 -0.6778835 -0.6669376 -0.5929575 -0.4324092 0.1067265 -0.6743849 -0.5056451 -0.2349127 -0.4003531 -0.7245251 -0.1622065 -0.2888104 -0.4582249 -0.7197932 -0.5261652 -0.4635410 -0.5091969 -0.4518470 -0.2134991 -0.4890714 -0.5306785 -0.5048010 -0.0828233 -0.2373018
0.5649569 0.6891163 0.2190745 0.5580945 0.0634100 0.7092646 0.7521161 -0.0113351 0.3373132 0.2558918 -0.0618094 0.0000000 0.0610811 -0.0040351 0.6969992 -0.1842927 -0.0840523 0.3927126 0.1335369 -0.0871513 0.7183086 0.1616997 -0.0971764 0.3958060 0.0907016 -0.0313397 -0.0019193 0.2537336 0.4319700 0.1702305 0.2073253 -0.1062719 0.0674480 0.5082222 -0.0476917 0.2140855 0.0643002 0.1173170 -0.1335300 -0.2616996 0.2311725 0.1813908 -0.1309152 -0.1335817 0.4380280 0.1874997 0.0890813 0.1141882 0.0462350 -0.0552149 -0.0974837 -0.0286769 0.5447380 -0.1907940 0.2271980 0.1943694 0.1013468 -0.1051740 0.5609070 -0.0344589 0.4952570 0.0284368 0.2780307 0.4404340 0.5862718 0.1356654 -0.0764226 -0.2797663 -0.0050681 0.1601384 0.1510445 0.6099672 -0.0123840 0.6480002 0.0089816 0.3177337 0.6679848 0.2018723 0.4626120 0.5842568 0.4301524 -0.1010978 0.0535281 0.4067316 0.0781723 0.4439610 -0.0512890 0.2155792 0.4460494 -0.1058902 -0.0085060 0.3320646 0.2230717 0.1979841 -0.0451962 -0.2580293 -0.0448053 0.1151229 -0.1267725 0.3822880 -0.1668297 0.1762730 0.0568580 0.3947696 -0.1274002 -0.2975495 0.3802288 0.0687400 0.1330417 0.5202343 -0.2171803 0.1831575 -0.1859981 -0.0614742 0.0954387 -0.3458885 -0.2019560 -0.0203212 -0.2134498 0.2767533 0.1133664 0.0860194 -0.1250713 -0.0284191 0.4249287 0.0799997 0.2342970 -0.4330149 0.2427057 0.2658231 0.4633917 -0.3477438 0.0198551 0.2661079 -0.0693269 -0.3279276 0.1923736 0.2261014 0.2995309 0.0734000 -0.3169162 0.2263878 0.2561322 -0.3044138 -0.0288907 -0.4013087 0.0356218 -0.1796865 -0.0062940 -0.0934396 0.2932495 -0.1013358 0.0483847 -0.4159059 -0.4199494 0.0380686 0.3499574 -0.4485899 0.3652780 0.5230366 -0.4796961 0.1556294 0.1353091 0.3373428 -0.2901775 -0.1498050 -0.4974632 0.0283914 0.3428164 0.2197189 -0.1279440 0.1867540 0.5672949 0.5298313 0.7142500 0.4590429 0.7723815 -0.0232114 0.6812059 0.3005179 0.0159448 -0.0404697 0.0185260 0.0117680 0.5229730 0.5885120 0.5659802 0.4338460 0.6344766 0.6572082 0.2405152 0.5165565 0.4824764 0.2835286 0.2859414 -0.0849402 0.1139478 0.5646511 0.6143509 -0.1109159 0.0211711 -0.7210315 -0.4122253 0.0307316 0.3135533 0.4905801 -0.3813437 0.6289609 -0.1948261 -0.2708565 -0.3711716 0.3147421 0.6347612 0.7174579 0.5332952 0.2272074 -0.3240528 -0.6228793
-0.2958270 0.6029018 0.8769760 0.3198398 0.7845339 0.1620876 -0.3514258 0.7475400 -0.4697448 -0.2239986 0.1837455 0.0610811 0.0000000 -0.6428655 -0.4272249 0.1778868 0.0802525 -0.7407130 0.2111126 0.6135490 0.2633859 0.8602660 0.4253453 -0.6903804 0.3513915 0.5585085 -0.0503315 -0.6482798 0.0769217 -0.5929376 0.8976270 0.3995977 -0.6749131 -0.3218113 0.5405154 0.2232969 0.6327427 0.7941710 -0.3863384 -0.3771279 0.4761306 0.3576875 -0.1251317 -0.5640843 0.4573863 0.7506354 0.5895128 0.5517585 -0.5196520 0.7734910 0.4464537 -0.4094960 0.2560256 -0.1342416 0.7779279 0.8366965 0.7073743 -0.0168504 0.6230418 0.3434887 0.6886645 -0.0562920 0.7948253 0.4152323 0.4462342 0.7139490 0.6760813 0.1969597 0.8654964 0.5452314 0.8037134 0.3588335 0.4734044 0.4065340 0.8318156 0.6974317 0.3914501 0.8416922 0.6651450 0.4468523 0.6869691 0.0947897 0.1006075 -0.0798254 0.1149345 -0.1025078 0.1361144 -0.0515816 -0.2107347 0.0925287 -0.0559075 -0.1651419 0.6258238 -0.1217417 -0.1513639 -0.0433167 -0.1279790 0.5891878 -0.0416097 -0.1893499 0.0390592 0.3514992 0.1076167 -0.3797724 0.0474750 0.1054400 -0.0070648 0.2609593 0.0501334 -0.0902104 0.1597452 -0.2495044 0.2117883 0.1207481 -0.3051034 -0.0013474 -0.3012033 -0.0480023 -0.1955369 -0.2431950 -0.3092641 -0.3787521 -0.3293550 0.1262751 -0.3148502 -0.2176258 -0.4947736 0.0543022 -0.6132217 -0.0450264 -0.1437581 -0.0563748 -0.1243017 0.6014266 -0.2508046 0.0728447 0.4418038 -0.5186227 -0.1927260 -0.1385296 -0.0618703 -0.0974561 0.6886855 -0.0008951 0.1762800 0.3561850 -0.3045597 -0.2793854 -0.2682375 -0.1862172 0.3638075 0.2066165 -0.3132261 -0.2010319 -0.4999625 0.1841863 0.2434643 -0.1189960 0.1774779 0.4349080 -0.0276542 -0.0552862 -0.1812945 0.3463800 -0.2639847 -0.4360067 -0.3699538 -0.4732470 0.1425277 -0.0294577 -0.3219480 -0.3947804 -0.1000733 -0.1414961 -0.1906749 -0.1071613 0.0416295 -0.5067158 0.2056472 0.0544578 -0.1182657 0.1483399 0.5783312 0.3236026 0.6993433 0.5746029 0.4761717 0.2733706 0.2560813 0.1536558 -0.1513876 0.2412889 0.2424690 -0.1280327 -0.1289476 -0.2518249 -0.1416631 0.2261552 0.4083903 -0.2545138 -0.0139610 -0.2982835 0.0264922 -0.0046395 -0.3075583 0.4104700 -0.4179521 -0.1084997 0.2480132 0.3323227 0.0721151 -0.1210821 0.3186658 -0.1661007 0.3263905 -0.1385849 0.2102114 0.2244583
-0.1327680 -0.2839276 -0.7003754 0.0276696 -0.5075239 0.1669523 0.1381178 -0.4522897 0.6839394 0.5977813 0.0356768 -0.0040351 -0.6428655 0.0000000 0.6257136 0.0332206 0.5379899 0.8187152 -0.0432338 -0.4262580 0.0046394 -0.6393577 -0.0751275 0.8135347 -0.2212021 -0.4680784 0.6459708 0.8483115 0.2866792 0.9393879 -0.6789236 -0.3609230 0.7193915 0.6323990 -0.3273882 -0.0663604 -0.4224118 -0.7005674 0.7303869 0.8189346 -0.6519787 -0.5784294 0.4449994 0.8265774 -0.3892739 -0.6231194 -0.3999712 -0.7338124 0.7981200 -0.8628789 -0.1716877 0.4422632 0.2001114 0.4449905 -0.7962243 -0.7594174 -0.5167403 0.4049727 -0.6234989 -0.1568363 -0.5631470 -0.0136206 -0.7619397 0.0847647 0.0133758 -0.4952629 -0.5469699 0.0621817 -0.7668491 -0.0313308 -0.5723967 0.1268265 -0.2688370 0.0319114 -0.4433816 -0.2112892 0.0393353 -0.6281696 -0.3523447 -0.1755520 -0.4516814 -0.5436190 -0.6566101 -0.5363632 -0.7063597 -0.3157464 -0.6069346 -0.4413479 -0.3438588 -0.6582497 -0.3114741 -0.1680634 -0.5598780 -0.3089741 -0.5229349 -0.5175002 -0.2881423 -0.5621409 -0.5652784 0.0463635 -0.4871292 -0.5247635 -0.4603889 0.1618652 -0.5113940 -0.6050551 -0.2210521 -0.4647058 -0.3763964 -0.0453526 -0.7070726 -0.1819977 -0.3992830 -0.3081831 -0.2364023 -0.2708912 -0.0793445 -0.4484069 -0.1502550 -0.1740652 -0.1945903 -0.1137117 -0.0085418 -0.4313708 -0.0328706 -0.2299605 -0.0179369 -0.1777776 0.0249398 -0.5539139 -0.1371911 -0.1296626 -0.4602874 -0.3791252 -0.0143536 -0.1781142 -0.6756312 0.1931300 0.1201944 0.1625970 -0.1073529 -0.2340029 -0.3177471 0.1991629 -0.5682143 -0.2158377 -0.0740313 -0.0263043 0.0960998 -0.3418191 0.0448380 -0.1275816 0.0590995 -0.1121643 0.0472529 0.2353550 0.2830917 -0.2595929 0.4375992 -0.0178184 -0.4293315 -0.0620621 0.6215653 0.1522534 -0.2869251 0.5084774 0.3649766 0.5647782 0.3647659 0.1342663 -0.0116591 0.3525755 -0.0368161 0.0757512 -0.0117160 -0.0227460 -0.0658255 0.0147261 -0.0580785 -0.1631264 0.0194808 -0.1350541 -0.4968505 -0.1661323 -0.4947032 -0.1516682 -0.2774074 0.0596975 0.0286356 0.0929111 -0.1791927 0.0084819 -0.0259362 -0.1441070 -0.1588250 -0.0183574 0.1449564 0.1095758 -0.0932274 -0.0060491 0.0854790 0.0399369 -0.3805672 -0.0409634 0.2046698 -0.0528281 0.1196165 0.1718419 -0.5064284 -0.1642790 -0.4533694 0.1953242 -0.0854351 0.3032463 -0.2742063 0.1442121 0.1146685 0.0766669
0.3961500 0.3228590 -0.3209156 0.3766645 -0.3537358 0.6356797 0.5994035 -0.2798822 0.6895175 0.5160948 0.0164134 0.6969992 -0.4272249 0.6257136 0.0000000 -0.0690217 0.2693118 0.8208192 0.2700955 -0.1936220 0.4721638 -0.2644650 -0.0920909 0.8680805 0.1113970 -0.1774377 0.3859128 0.6672609 0.5611300 0.6872616 -0.2831795 -0.1878788 0.4995004 0.7502388 -0.1040799 -0.0531266 -0.1242006 -0.3616223 0.4284432 0.3739652 -0.2504309 -0.3616089 0.2703982 0.4589664 0.0723889 -0.2196866 -0.0622983 -0.4169280 0.5291735 -0.5906859 -0.0173373 0.3490913 0.4822746 0.2223517 -0.3835018 -0.3987131 -0.1854280 0.2419803 -0.0868570 -0.0172087 -0.0462824 0.0600157 -0.3907822 0.4016145 0.4614153 -0.2354290 -0.3443264 -0.1027162 -0.5572064 0.0631818 -0.3053398 0.5692826 -0.1991016 0.5275463 -0.3338972 0.0344183 0.4971454 -0.3733507 0.0103513 0.2947445 -0.0632448 -0.3243975 -0.2732257 0.0076209 -0.2363008 0.1667623 -0.3942949 -0.0216276 0.2213150 -0.4114189 0.0442286 0.3136691 -0.0586521 0.0302845 -0.2771961 -0.3790985 -0.0121574 -0.1299167 -0.4002596 0.2870080 -0.3977704 -0.1330184 -0.1537056 0.4278060 -0.2735890 -0.5835936 0.2113141 -0.2014171 0.0125524 0.4255727 -0.5468772 0.2195791 -0.1570664 -0.1368063 0.0181885 -0.2970022 -0.1207929 -0.3434548 -0.2002206 0.2156130 0.0269558 -0.0516615 0.0505447 -0.3276608 0.4012881 0.0290551 0.2077545 -0.3626915 0.3332423 -0.1015613 0.2645532 -0.2394537 -0.1720292 -0.1221655 0.0191270 -0.2539340 -0.2284315 0.3112284 0.3446129 0.1305821 -0.1837195 0.0213353 -0.1238416 -0.0609463 -0.2876697 -0.3346988 0.0812670 0.0142966 0.1567297 -0.1898394 0.2260965 -0.1751973 0.1375303 -0.2303842 -0.1876113 0.1732667 0.3580699 -0.3707083 0.4066538 0.3311386 -0.5170567 0.0465373 0.5168071 0.2061473 -0.2709754 0.3339906 0.0527092 0.3826370 0.3062409 0.2255996 0.0562373 0.3494877 0.1935729 0.2678964 0.4354728 0.1552758 0.4769779 -0.0138711 0.4629665 0.0976445 0.0112311 -0.2717782 -0.4626538 -0.2982317 -0.0087804 0.3655644 0.2581311 0.3610370 0.4843247 0.5436951 0.1544674 0.3201998 0.3075537 0.1305386 0.1892153 -0.0864561 0.2486473 0.4718071 0.4229265 -0.0563599 0.2293282 -0.3252258 -0.3686295 0.1219819 0.5494701 0.2123927 -0.1561682 0.4682983 -0.3292972 -0.1714452 -0.3876796 0.3315991 0.3755837 0.7337276 0.2741185 0.1043511 -0.1356002 -0.4616078
-0.0487874 0.0701254 0.2056929 0.4052810 0.1183302 0.4403000 0.0233472 0.5731525 0.3929950 0.6206335 0.9778300 -0.1842927 0.1778868 0.0332206 -0.0690217 0.0000000 0.5899584 -0.1032673 0.5418061 0.1350222 -0.4519306 0.2959296 0.8899786 -0.2112029 0.7038378 0.6474367 0.2956214 -0.4002658 -0.4193843 -0.1781947 0.2118665 0.7817492 -0.5012068 -0.1778941 0.7645004 -0.3299082 0.6155189 0.4889808 0.3378222 0.0785960 0.4440404 -0.0151524 0.7346358 -0.2662707 0.3527020 0.5112775 0.7115684 0.4847318 -0.3258688 0.1452270 0.7753939 0.5723547 0.2601015 0.4500589 0.1696779 0.2577138 0.5751832 0.4901177 0.0328743 0.7967269 0.1310895 0.7537351 0.0404195 0.3879848 0.2301525 0.4626238 0.6086046 0.7639607 0.1816333 0.6651826 0.5131084 0.0489072 0.6314285 -0.0257431 0.4614146 0.3935077 -0.1500329 0.2980191 0.0692575 0.1181417 -0.1083201 -0.2046747 0.1481580 0.0081803 0.1396062 0.2301670 0.0130896 0.1078750 0.0368850 -0.0601348 0.2424022 -0.0552453 -0.1135794 0.2659243 -0.0943316 -0.1361575 -0.1192219 0.0665694 -0.1846364 0.4033425 -0.1464585 0.2823960 0.0384374 0.1659271 0.1172915 -0.2470765 0.1079103 -0.2931100 0.2990219 0.2167513 -0.1749190 -0.0230290 0.0023443 -0.1052021 -0.5560786 -0.3340305 -0.5581154 -0.5275538 -0.7025778 -0.5696289 -0.5294232 -0.6172370 -0.5198980 -0.6449274 -0.0282819 -0.6029265 -0.7050022 0.0151829 -0.1638619 -0.4174315 0.1871947 0.4808432 -0.2870422 0.0443511 0.5949750 0.5488960 0.1866191 -0.0657085 0.2704150 -0.4419846 0.4718095 -0.2598694 -0.1120339 -0.0255024 0.3707673 0.3992625 0.1290303 0.2238720 0.4132797 -0.1908930 -0.3126600 0.1002767 -0.0380334 -0.0199008 -0.1683110 -0.4064560 -0.2947577 -0.0274218 -0.1972677 -0.1731143 -0.2447736 -0.4078310 -0.1390713 -0.2319560 -0.3885471 0.0600157 0.1106488 0.1085129 -0.0748359 -0.4057531 -0.0906038 -0.1325090 -0.2401409 -0.3159227 -0.0953009 -0.5046687 -0.6728425 -0.5910975 -0.5880701 -0.6778678 -0.6621694 -0.2169623 0.0325728 -0.0224116 0.0593685 0.1044699 0.1163514 -0.2210824 -0.4029684 -0.3136720 -0.7148847 -0.1820820 -0.4973140 -0.7210275 -0.6476500 -0.6013399 -0.5442871 -0.4567323 0.0366627 -0.6071109 -0.4563792 -0.1446131 -0.3327853 -0.6719846 -0.1960157 -0.3649429 -0.3826017 -0.7636677 -0.4635540 -0.4001323 -0.4394750 -0.3976321 -0.3033520 -0.5565291 -0.5878016 -0.5626370 -0.0427577 -0.1337641
-0.3029973 0.1312763 0.1009165 0.3697134 0.1389361 0.3976327 -0.0531699 0.2927724 0.4751986 0.6987184 0.6409618 -0.0840523 0.0802525 0.5379899 0.2693118 0.5899584 0.0000000 0.2423726 0.3193233 0.0754281 -0.1474733 0.0312561 0.7003236 0.2064496 0.2772021 0.1423848 0.8795297 0.1688006 0.1352878 0.4525149 -0.0205737 0.3482220 -0.1211851 0.2546093 0.4046588 -0.2962700 0.2995788 0.0743441 0.6630341 0.6394750 -0.0996919 -0.4286531 0.7380937 0.2239753 0.1495370 0.1418246 0.3024007 -0.0649103 0.1379414 -0.2135145 0.4704454 0.5736067 0.4953509 0.7176456 -0.1058077 -0.0624264 0.2234300 0.6796627 -0.1253381 0.4459279 0.0328822 0.4107971 -0.1777952 0.6167798 0.5179371 0.2201166 0.1564404 0.6502826 -0.1337353 0.7023490 0.1977337 0.4373617 0.4138438 0.3257169 0.2959263 0.4936367 0.2784464 0.1347756 0.1966282 0.2209675 0.0637877 -0.3926967 -0.3961021 -0.5186007 -0.4905185 -0.2442925 -0.4852802 -0.2216104 -0.4486838 -0.6265392 -0.2178135 -0.3370501 -0.2793982 -0.1513344 -0.5499005 -0.5986575 -0.5414234 -0.2004687 -0.6026141 0.1492400 -0.5884650 -0.1527796 -0.2298523 -0.0024752 -0.3709639 -0.6527300 -0.2502413 -0.2613015 -0.3274363 0.0345188 -0.6527699 -0.4275992 -0.2653128 -0.1606187 -0.5556115 -0.3263916 -0.3250466 -0.6912494 -0.5493211 -0.6635406 -0.5925238 -0.6262771 -0.3735573 -0.6980537 -0.2813983 -0.7826995 -0.6213832 0.0445461 -0.4955418 -0.6930652 -0.1789585 0.2470463 -0.7205446 0.1740614 0.1649805 0.1007423 -0.1818066 -0.2668250 0.1744749 -0.3616987 0.1722584 -0.3620647 0.1755204 -0.0796345 -0.1426461 0.1245825 -0.0979412 -0.0107507 0.3054374 -0.5059682 0.0279146 0.1067998 -0.0694479 -0.0741185 -0.4155901 0.0183684 0.2442888 -0.1970568 0.3761540 0.1042827 -0.5389740 -0.3464169 0.3749676 0.1822301 -0.5287314 0.4207053 0.1906864 0.4983884 0.3590176 -0.0465926 -0.0158370 0.1126609 -0.1513085 -0.2445367 -0.1855143 -0.4161213 -0.4137432 -0.5803303 -0.3383797 -0.6434720 -0.4839536 -0.3179786 -0.2079214 -0.0917901 0.1064852 0.3608553 0.2385637 0.1264756 0.0385724 0.1560262 -0.7463576 0.2520357 0.0007865 -0.7890185 -0.7343205 -0.6801591 -0.3819994 -0.0738311 0.2183312 -0.6451257 -0.2066513 -0.1991917 -0.4878340 -0.4815344 -0.1502155 0.0170696 -0.4703015 -0.3896990 -0.5939782 -0.1910329 -0.5651128 -0.3456877 0.0221682 -0.1343935 -0.2931085 -0.1227992 0.2003488 0.1253730
