0.0000000 0.3074926 0.3760298 0.4720698 0.1082657 0.3705631 0.4753316 0.4003128 0.3735904 0.2649020 0.3659797 0.3697491 0.1682243 0.1874042 0.3065490 0.1335218 0.1879481 0.2811850 0.0114808 0.2398509 0.1398759 0.1731745 0.2655579 0.6033750 0.1172427 0.2211092 0.1600833 0.3637736 0.4551347 0.3372272 0.1910701 0.1194703 0.5728889 0.6423098 0.2909839 0.2363230 0.1693322 0.1786341 0.4023589 0.3947863 0.0270277 0.6384151 0.2805735 0.5150669 0.7641381 0.2508034 0.2176312 0.0570872 0.6565657 0.1586032 0.1563230 0.0467583 0.7279434 0.2165665 0.0768957 0.1572823 0.0903047 0.1934430 0.1119822 0.0118241 0.6907959 -0.1553351 -0.1998049 0.2360023 0.5616217 -0.0742481 -0.1465990 -0.0219601 -0.0154340 0.0964787 -0.1418442 0.4970674 -0.0477775 0.2432555 0.0760052 0.3044707 0.5504553 -0.0922743 0.2721789 0.4890840 0.7305244 0.1205575 0.1090411 -0.1601962 0.0783781 -0.2311825 -0.1417972 -0.0698154 -0.3261737 -0.1330222 -0.1251963 0.1898778 0.3405487 -0.2209492 -0.4804424 -0.2006359 0.2529719 0.3255649 -0.5043556 -0.0360703 -0.1564012 0.2137712 0.0301343 -0.2576684 0.1700643 -0.3846276 0.1472993 0.1058624 0.1450872 -0.0913028 -0.1528424 0.1595903 0.0227175 -0.0620439 0.2982618 0.0645600 0.0488372 0.3619861 0.2436129 0.1114092 0.0203007 0.1527914 0.0417258 0.1891973 -0.0205934 0.0476783 -0.2437260 0.0882968 0.0100177 -0.1457760 -0.1542934 0.2462742 -0.0443652 0.1733378 -0.0615898 0.0712974 0.0871565 0.2470410 0.1497198 0.0392220 -0.2286829 0.0840916 -0.1615374 -0.0549688 0.0448060 -0.0763854 0.2616592 0.1451017 -0.3580275 0.0611202 -0.0312829 0.0185399 0.1350413 -0.2321272 -0.1356024 0.0006828 0.1369159 0.0091717 0.1446484 0.0144434 -0.2143522 -0.0432996 0.0008737 0.2037093 -0.0832630 -0.1853035 -0.1557756 0.0596551 0.1308359 -0.1478806 -0.3000138 -0.1442824 0.5860902 0.5573088 0.4049386 0.4715743 0.4099847 0.3629661 0.0990178 -0.1538390 0.1132987 0.1086154 0.3888372 0.3140214 -0.1294147 0.5647106 -0.2342295 -0.1100018 0.4687927 0.5102644 0.1627126 0.4544815 0.4057337 -0.0050001 -0.0011071 0.1331238 -0.0113708 0.4986615 0.5093268 0.0866596 0.4390968 0.1437775 0.3053910 0.3835536 -0.0884597 0.2525644 0.1720579 0.4604782 0.3189787 0.2947303 0.3043056 0.1109152 -0.0359734 0.3640024 0.1843608 0.1630379 0.1216452 0.1055967
0.3074926 0.0000000 0.6087136 0.8844452 0.3000005 0.7907000 0.1093876 0.7138248 0.7977640 0.5176165 0.5182242 0.4300621 0.5781287 0.4233305 0.7731324 0.5242506 0.3150209 0.5111703 0.4077681 0.7502797 0.0956971 0.5802144 0.4952360 0.2067581 0.5041179 0.4932969 0.2002617 0.3195462 0.5386175 0.5367629 0.7410299 0.6007913 0.1295495 0.0892486 0.5188943 0.1698302 0.5476682 0.5282377 0.6964293 0.7303063 0.5957408 0.4431118 0.5547106 0.4169733 0.2098433 0.5662250 0.5371055 0.5149404 0.2853139 0.3152987 0.4787033 0.4717646 0.2994087 0.5690731 0.4219610 0.4380555 0.5672986 0.4119932 0.2881870 0.4127420 0.3337942 0.2723259 0.2084547 0.5265448 0.6267053 0.6143337 0.3563418 0.3469278 0.4603745 0.3460872 0.4425470 0.5654838 0.3190997 0.6386889 0.4663342 0.3069326 0.3057973 0.3573643 0.4393446 0.2078408 0.1979506 -0.3534853 0.2311512 0.2754321 0.2980543 0.1486847 0.0163219 -0.0243255 -0.1572310 0.0268091 0.0607596 0.0090581 0.2968953 -0.0747870 -0.3267585 0.2556646 0.1138074 0.2533045 -0.2597359 0.1894223 0.3602810 0.4135020 0.4026509 0.1965770 0.1456510 -0.0164985 0.2331262 0.2402684 0.0461264 0.0131497 -0.0945147 0.0337476 -0.1646154 0.1137270 0.1532858 0.0767231 0.1687682 0.0765971 0.0650779 -0.2973061 -0.1562487 0.0506059 -0.0199394 -0.3473434 -0.3328991 -0.2888865 -0.0579132 0.1174592 -0.3681560 -0.2086017 -0.2699189 0.2560033 0.0784018 -0.3526593 0.1557196 -0.0604613 -0.3988686 -0.0528136 -0.1028628 -0.3836925 0.0863562 -0.4006817 0.1978259 -0.6179153 -0.4747206 -0.2194869 -0.1332214 -0.2201149 0.1642914 -0.2476180 -0.4346531 -0.4163437 -0.0352516 0.0672729 0.0087962 -0.5283216 0.2539692 -0.4198361 0.3718373 -0.2844713 -0.0814560 -0.0742221 -0.1689111 0.3432285 0.0914181 -0.4236788 0.1774663 0.3742881 0.2577126 0.1448406 0.1041603 0.2345550 0.3094757 0.2815591 0.3430741 0.2166771 -0.0283314 0.0658613 -0.3153052 -0.3913065 0.0778466 -0.1304764 0.3177241 0.1965747 0.3501648 0.5218546 0.5570008 0.6877074 0.2493020 0.2236673 -0.1929981 -0.0266606 -0.1231261 -0.3496831 -0.4291168 -0.2522126 -0.4618102 -0.1452002 0.1377262 -0.3397582 0.4537348 0.1203556 0.3516563 0.4726369 0.5891950 0.2001483 -0.4456573 0.5175431 0.7297808 -0.2264146 0.5071116 -0.2399978 0.4717126 -0.1505078 -0.4637971 0.6951226 0.6140877 0.2463597
0.3760298 0.6087136 0.0000000 0.6922021 0.4137216 0.6436343 0.3764069 0.6594241 0.4635041 0.4604288 0.2771264 0.3560217 0.5813018 0.2975333 0.4188692 0.0994224 0.2249209 0.4555211 -0.0273810 0.6554623 -0.1523979 0.2606102 0.2288265 0.2992340 0.1690896 0.1848198 0.0801146 0.3132281 0.3440915 0.3412722 0.4916869 0.3011236 0.2460602 0.3218344 0.2727875 -0.0144123 0.2607459 0.2997923 0.4499717 0.4967797 0.3262611 0.2979469 0.2809639 0.4077710 0.3664131 0.2581084 0.1632095 0.2175180 0.3528029 0.2473042 0.1482457 0.2258046 0.4655816 0.2106932 0.2036028 0.2081685 0.2465913 0.2034402 -0.1061583 0.0558260 0.4038859 -0.0653134 -0.0369333 0.3219326 0.6161770 0.2916101 0.0201866 0.0332314 0.3334584 0.0945462 0.0623150 0.4731871 0.0363987 0.2974365 0.2074803 0.1274937 0.4048562 0.0262647 0.2878783 0.2871306 0.3455176 -0.5125518 0.1531178 0.1849865 0.0886423 0.0424744 -0.0745267 -0.2217705 -0.3235888 -0.2400047 0.1274108 -0.0109863 0.1799864 -0.0458329 -0.2489362 0.1971258 0.0622696 0.1669079 -0.1174103 0.1552823 0.2234895 0.5199543 0.4025334 -0.0246835 0.0408525 0.2742587 0.2154488 0.2224825 0.0802249 0.0466276 -0.0330727 -0.0356818 0.1612792 0.3448238 0.2461728 0.3344273 0.1839984 0.0276713 0.1017292 -0.4214253 -0.0038355 0.1971987 0.1026434 -0.0452411 -0.2800641 -0.5279753 0.0492637 0.2505147 -0.6120165 0.0487309 -0.1690748 0.2404089 -0.0642067 -0.0078507 0.0727986 0.0540983 -0.1132257 -0.1951965 -0.0828141 -0.4384132 0.1082830 -0.4252423 -0.0262855 -0.5042033 -0.2486681 -0.0532503 0.0372589 0.0032218 0.1881328 -0.1961634 -0.3351870 -0.3693999 0.0349923 0.1067394 0.1125859 -0.1666542 0.0276427 -0.1901547 0.1360390 -0.2933832 0.0715255 -0.1397909 -0.1833408 0.0862965 0.0640293 -0.3993751 0.0642513 0.2967128 -0.1410544 -0.2128849 0.1573369 0.1662351 0.5073540 0.2270652 0.3239687 0.4146064 0.1286972 0.1433727 -0.4363330 -0.7021006 0.0554975 -0.3408500 -0.0708097 -0.0550153 -0.1731206 0.3351579 0.0257664 0.2015386 0.3246525 0.3286214 -0.3477849 0.1053819 -0.0644950 -0.3846418 -0.6358241 -0.4102331 -0.6220883 -0.0335851 0.2288192 -0.4809402 0.5970841 0.4382524 0.3876994 0.1082848 0.3255889 0.0430817 -0.4625749 0.3978999 0.6315805 0.1128484 0.5594061 -0.4965065 0.1831137 -0.3086214 -0.3149876 0.3430478 0.3827657 0.2214316
0.4720698 0.8844452 0.6922021 0.0000000 0.2219920 0.8809387 0.1879960 0.8533378 0.8315971 0.6893906 0.6965629 0.5554926 0.5375946 0.5691368 0.7808384 0.6126808 0.5064058 0.4384361 0.4814753 0.7107716 0.2231329 0.6856754 0.5990544 0.2442529 0.6191925 0.6108567 0.2644930 0.3323053 0.7623785 0.5168815 0.7454430 0.6990317 0.1424079 0.2203016 0.5634805 0.4391416 0.6099519 0.6606342 0.6857503 0.7330160 0.6680463 0.6939496 0.5861801 0.4222579 0.4670844 0.6622478 0.5167317 0.6018473 0.3999459 0.4629500 0.4807550 0.4995327 0.4997231 0.6165965 0.5492567 0.5668944 0.6061180 0.5307918 0.1807494 0.4203403 0.5555234 0.3361640 0.2515582 0.5985466 0.7325886 0.6398483 0.4075648 0.4373832 0.5577235 0.4933624 0.4807247 0.5768105 0.4470157 0.5579263 0.5230503 0.5168290 0.3914233 0.4550518 0.6164423 0.2781511 0.3968738 -0.4460015 0.0453046 0.1406853 0.1974405 0.0458471 0.0046226 -0.0098262 -0.2328087 -0.0776367 0.0121086 0.0333453 0.3501304 -0.0563939 -0.4058175 0.1178852 0.2190440 0.3189538 -0.2631201 0.1002060 0.3307983 0.4026050 0.2834829 0.1019760 0.1721617 -0.1289898 0.2295134 0.1169022 0.0901864 -0.0094132 -0.1554864 0.0129198 -0.1776180 0.1192080 0.1458142 0.0991087 0.1404722 0.0405391 0.0504136 -0.2241296 -0.1346982 0.1058959 -0.0360658 -0.3553646 -0.3741878 -0.1792112 -0.0455339 0.1329731 -0.3061432 -0.2810060 -0.2823208 0.4305080 0.0154236 -0.3473501 0.2070649 -0.0912669 -0.4163841 -0.0369553 -0.0995281 -0.2727898 -0.0024320 -0.2117161 0.0364751 -0.5186427 -0.4291575 -0.2161238 -0.0416804 -0.1707037 0.0384760 -0.0794254 -0.2299191 -0.3252529 0.0940523 -0.0564887 -0.0774834 -0.2796172 0.1984052 -0.2930456 0.2377826 -0.1553373 -0.1370638 -0.0953537 -0.1648672 0.4032583 -0.0087580 -0.3722402 0.0844646 0.2781393 0.1572126 0.0100545 0.0197825 0.1181655 0.3343448 0.2886004 0.4052906 0.3377811 0.1398937 0.1191768 -0.1053951 -0.4173161 0.0193321 -0.2489628 0.2561646 0.0881356 0.1740348 0.6011909 0.3438302 0.5487367 0.2217255 0.2679305 -0.0106882 0.0170638 -0.1098273 -0.2353651 -0.3643915 -0.1984369 -0.4398370 -0.0978474 0.1722861 -0.2274763 0.5862759 0.1678906 0.3420871 0.4544068 0.4815624 0.2631842 -0.3008987 0.6786732 0.7393840 -0.1628609 0.5525540 -0.2683974 0.4249366 -0.0808802 -0.3092457 0.6662998 0.4117053 0.1587230
0.1082657 0.3000005 0.4137216 0.2219920 0.0000000 0.0955274 0.0528166 0.3873818 0.1668664 0.2040586 0.1896104 -0.2332702 0.5708669 0.0632758 0.0251604 0.1786987 0.1122671 0.0452076 0.0946791 0.4449295 -0.4549250 0.0377284 -0.0058365 -0.0207733 -0.0055851 -0.0773774 -0.0204047 0.0096401 -0.2367863 0.0641034 0.3531088 -0.0083459 -0.0445491 -0.0964004 0.0092056 -0.2736556 -0.0220288 0.1182729 0.2277508 0.1169450 0.0941089 -0.0841500 0.0322169 0.0377623 -0.1141239 0.0513739 0.0572248 0.1134813 -0.0614318 -0.0548155 -0.0213311 -0.0428241 -0.0249389 0.0192627 0.1029288 -0.0077832 0.0046672 -0.0288354 0.0322665 -0.0475501 0.0884571 -0.1141317 0.4021110 0.2485941 0.3049942 0.1085257 -0.1405056 -0.0393238 0.3032470 -0.0182069 0.0117085 0.4062469 -0.1735402 0.5145987 0.4105609 -0.1630479 -0.0987817 -0.0217561 -0.1161134 -0.2062486 -0.0248313 -0.1254796 0.0954685 -0.0520942 0.0706322 -0.0124179 -0.3171116 -0.4348953 -0.0653450 -0.0400666 -0.1695473 -0.2484850 0.2195561 -0.2366730 -0.1396495 0.1084980 -0.1674390 0.0510938 -0.2323193 -0.0875127 -0.0815683 0.2070815 0.1454806 -0.1212005 0.0368208 0.1767546 0.1840596 0.0761372 0.0754320 0.1590294 0.0392941 0.0568613 -0.1106435 0.3040094 0.3248809 0.1706363 0.2419456 0.1325394 0.1551806 -0.3201435 0.0796562 0.1289407 -0.0724948 -0.1622873 -0.1407510 -0.3562537 -0.0510420 -0.2064844 -0.0771834 -0.1155095 -0.0383021 -0.3445699 -0.0167026 -0.2634343 -0.1178601 -0.1676298 -0.0378064 0.2474259 0.2840542 0.0088775 -0.1987378 -0.1876925 -0.1825476 -0.0249103 0.1983843 -0.1236431 0.2910774 0.2922352 -0.1057774 -0.0115485 -0.0731401 0.1351151 -0.0044841 -0.1428959 0.0231986 -0.1949648 -0.2432230 0.0948997 -0.1726002 -0.0484610 -0.1766731 0.1042540 -0.0198369 0.0008827 -0.0605563 -0.0939733 -0.2250941 -0.1824398 -0.1496591 -0.0804421 -0.1191249 -0.0653193 0.3251790 0.0662069 -0.1514216 -0.1100003 -0.2423185 -0.1771777 -0.3855038 -0.1847501 -0.0101506 -0.0963671 0.1432455 0.1772705 0.1967615 0.2639462 0.2730266 0.2761826 0.2028864 -0.0436358 -0.4374112 -0.1755744 -0.2304588 -0.4025976 -0.3528357 -0.3306268 -0.4414126 -0.1322395 -0.0796458 -0.3972731 -0.1514246 -0.2861869 -0.0897656 -0.1777565 0.3934999 0.0790159 -0.2927442 -0.0642980 0.1083682 -0.3569705 -0.2478158 -0.2097973 0.2366868 0.0135027 -0.2290009 0.1701389 0.3005231 0.0162570
0.3705631 0.7907000 0.6436343 0.8809387 0.0955274 0.0000000 0.3035903 0.6153298 0.9218134 0.8272479 0.6539341 0.6732863 0.4187870 0.7280260 0.8333896 0.6535210 0.6602161 0.5653238 0.5334966 0.6754300 0.3522905 0.7270518 0.7049479 0.3740108 0.6751616 0.5899800 0.4352594 0.4545257 0.8059718 0.5329577 0.7439634 0.7279022 0.2194357 0.3405319 0.5443194 0.5793594 0.5382493 0.7169665 0.6980056 0.7348880 0.7422985 0.7000545 0.6068579 0.4785695 0.5000865 0.6510137 0.4899420 0.6861991 0.5019059 0.5144769 0.4309554 0.5541524 0.5727408 0.7360097 0.6513056 0.5633203 0.5339763 0.6741335 0.1231993 0.3437380 0.5497454 0.4558715 0.2949258 0.6753586 0.7067411 0.5933945 0.4483556 0.5818047 0.5733619 0.6431300 0.4418445 0.7241002 0.5385859 0.5352807 0.5038387 0.7015674 0.5586439 0.3820701 0.6834096 0.3774947 0.4518623 -0.3487702 0.0114151 0.3819009 0.2371307 0.2834878 0.1958233 0.0230780 -0.0925488 0.0773889 0.1701876 0.1042570 0.4388123 -0.0762966 -0.2381329 0.2419896 0.3177722 0.5286271 -0.1883080 0.0453273 0.3333572 0.5806914 0.3551516 0.0701710 0.3141338 -0.1078306 0.3571924 0.1986513 0.2672482 0.1497342 -0.0316097 0.0972939 -0.1256741 0.2577495 0.2000349 0.2583875 0.3669491 0.1283126 0.2562320 -0.1352302 -0.0308452 0.2416161 -0.0675557 -0.2922953 -0.2764622 -0.0650673 -0.0524883 0.0838577 -0.2094753 -0.2837806 -0.2195257 0.4545979 -0.0213043 -0.3201167 0.1675089 -0.1346300 -0.2913228 0.0487824 0.0282473 -0.1488457 0.0079253 -0.0275616 0.0573450 -0.3998763 -0.2598875 -0.1991625 0.0202208 -0.0978889 0.0553507 0.0550009 -0.2521836 -0.2060917 0.2358033 -0.0092130 -0.1306416 -0.0890571 0.2883255 -0.1866435 0.4004492 -0.2156645 -0.1363956 -0.0806784 -0.0746167 0.4832903 0.0022024 -0.3351695 0.1377344 0.3582838 0.2463649 -0.0618152 0.1365090 0.1948392 0.1644270 0.1402913 0.2655295 0.4347966 0.2223474 0.0945866 0.0725286 -0.4345454 -0.1245293 -0.3146818 0.1416542 -0.0656370 0.1326115 0.6028573 0.2727678 0.4832471 0.2924802 0.3928644 0.0285082 0.1287721 -0.0050107 -0.1767101 -0.2924388 -0.1308387 -0.2890129 0.1117883 0.2886853 -0.0753190 0.6321405 0.2101822 0.3240193 0.4226681 0.6763940 0.3685513 -0.0744935 0.8500229 0.8193677 0.1358373 0.6403254 -0.1870277 0.6490976 0.1207850 -0.1496908 0.7534943 0.3619267 0.1607207
0.4753316 0.1093876 0.3764069 0.1879960 0.0528166 0.3035903 0.0000000 -0.0086525 0.2585903 0.1378842 -0.0702667 0.5251044 -0.2481088 0.0742251 0.1974139 -0.2263565 0.0626799 0.3979640 -0.3665520 0.2451359 0.3566962 -0.2395079 -0.0688797 0.7305018 -0.2748348 -0.2982275 -0.1377423 0.3782457 0.1859524 0.1165869 -0.1695693 -0.2563738 0.6079224 0.6365926 -0.2739332 0.0664153 -0.4002432 -0.2345245 -0.0098939 0.0125079 -0.3103737 0.2013013 -0.2871073 0.4244316 0.4925176 -0.3193990 -0.3227869 -0.3204293 0.5403574 -0.2995141 -0.4471425 -0.4109200 0.6528838 -0.1376971 -0.3124661 -0.3823382 -0.4591355 0.0691485 -0.4478763 -0.6286710 0.2479793 -0.4183984 -0.3851569 -0.0474995 0.2712754 -0.5004404 -0.5568887 -0.1587477 -0.3523953 -0.1457476 -0.6076648 0.4096753 -0.3490429 -0.0203327 -0.2868091 0.0400274 0.3613788 -0.5540421 -0.1817481 0.5840571 0.2883008 -0.0983322 0.0137138 -0.0555230 -0.1579692 -0.0004046 -0.2168946 -0.1305538 -0.3602695 -0.2157804 -0.0395318 0.0939785 0.1521047 -0.2273429 -0.3200383 -0.1913676 -0.0154026 0.3328710 -0.4074493 -0.1979963 -0.3473728 0.2852015 -0.0093646 -0.3694895 0.0063284 -0.1385016 0.0953250 0.0392787 0.0528235 -0.0007988 -0.2082824 -0.0103032 0.2531039 0.0799841 0.2805111 0.1551092 0.0496585 0.1525115 0.1713377 0.1625878 0.2258077 0.1363669 0.0486049 0.4408906 0.0975752 0.2635435 -0.1665587 0.0705534 -0.0292712 -0.0876689 -0.1052293 0.0237968 -0.2551147 0.3997305 -0.3904834 0.0059536 0.3779167 0.1602132 0.2865509 0.1224924 -0.2484902 0.0827845 -0.5168845 0.1049806 0.2372018 -0.0496692 0.2236554 0.1925102 -0.2906982 0.0642091 -0.2160249 0.0196970 0.0492648 -0.1697676 -0.1800765 -0.1038047 -0.1460726 -0.0693072 -0.1206570 -0.2013727 -0.1959614 -0.0983967 -0.2006661 -0.1247012 -0.1797260 -0.2108421 -0.1687610 0.0210788 -0.3057274 -0.3826560 -0.1461448 -0.2405365 0.3305516 0.4486218 0.5691118 0.8793819 0.8492439 0.7714624 0.3598959 0.0906508 0.2474231 -0.0420328 -0.3889629 -0.4409976 -0.4751265 0.3027422 -0.3077949 -0.1993759 0.4752792 0.6532910 0.1706572 0.7848824 0.7663867 0.3444202 0.2448982 0.5584803 0.2613754 0.6746715 0.4309594 0.3951535 0.1796204 0.1696601 0.0386022 0.0749639 0.0198968 -0.2630768 0.3867500 0.1641033 0.1145792 0.4087313 0.3038933 0.4369897 0.0499605 0.3063827 0.3515674 -0.1787759 0.0991324 0.0187341
0.4003128 0.7138248 0.6594241 0.8533378 0.3873818 0.6153298 -0.0086525 0.0000000 0.5582977 0.6164411 0.7630541 0.2727127 0.7445125 0.4886698 0.5024083 0.5685523 0.4583289 0.3559311 0.4724395 0.7649861 0.0407581 0.5905955 0.5090518 0.0620936 0.5220560 0.5768355 0.1861826 0.3215112 0.5362016 0.4573993 0.7215524 0.5729441 0.0331184 0.0644474 0.5394208 0.3063548 0.5931575 0.6080811 0.5398335 0.6178383 0.5715305 0.5375836 0.5090280 0.3016151 0.3706996 0.6550347 0.5053811 0.5260873 0.2432147 0.4998266 0.4670858 0.4429301 0.3868416 0.4324782 0.5272593 0.6118197 0.5843042 0.4364351 0.1411246 0.4563713 0.6309456 0.2330674 0.3798441 0.5965733 0.7747447 0.5905631 0.3466556 0.3629240 0.6510100 0.4364768 0.4634770 0.4551687 0.3746832 0.5244795 0.6311528 0.3396304 0.2353620 0.5366736 0.5534927 0.0960188 0.4131676 -0.5118554 -0.0603801 -0.2210019 -0.0951359 -0.2876875 -0.1322559 -0.2219839 -0.3876946 -0.3265690 0.0190425 0.0566949 0.1475985 -0.1851401 -0.4305432 0.2058114 0.1141512 0.0460600 -0.2474955 0.0520209 0.3112437 0.1466176 0.1253068 0.1170485 0.1143437 -0.1504380 -0.0489799 -0.0381092 -0.0348489 -0.2760807 -0.2370454 -0.1581304 -0.1606071 0.0186712 0.0001378 -0.0214286 -0.0161643 -0.1436212 -0.1144082 -0.4545819 -0.2477409 0.0831997 0.0550081 -0.3794373 -0.5590910 -0.3765157 0.0800085 0.2546933 -0.3101637 -0.1377875 -0.1821239 0.4586519 0.1238852 -0.2603060 0.3809378 0.1039240 -0.3068239 0.1067008 0.0331830 -0.1145551 0.1648685 -0.1386046 0.0196595 -0.3167921 -0.2318704 0.0063644 0.2015919 0.0700406 0.1528925 -0.0133294 0.0538602 -0.1246082 0.1973983 0.0044925 0.1521297 -0.1188325 0.1199029 -0.0559119 0.1291630 0.1401598 0.0195149 -0.0118614 0.0043278 0.4109420 0.0850012 -0.1538771 0.0674269 0.1848084 0.1413902 0.1078481 0.0172464 0.1782089 0.3262480 0.1902108 0.1803590 0.1146818 -0.0567881 -0.0354237 -0.2203290 -0.3242698 0.0523967 -0.1736742 0.3175561 0.2328774 0.1121086 0.5696633 0.2742311 0.4302938 0.1341364 0.1030204 -0.1945825 -0.1138725 -0.2599280 -0.3293532 -0.4636989 -0.3523126 -0.5379284 -0.2048520 0.0332045 -0.4184073 0.4400095 0.0521927 0.3449573 0.3189778 0.2531726 0.1149206 -0.4117227 0.4340100 0.5505339 -0.3276156 0.4301507 -0.3087569 0.1328521 -0.1538878 -0.1748650 0.3840424 0.3970324 0.1017999
0.3735904 0.7977640 0.4635041 0.8315971 0.1668664 0.9218134 0.2585903 0.5582977 0.0000000 0.7993341 0.6554437 0.5683873 0.3893832 0.7236025 0.8376818 0.6653699 0.6041623 0.5309464 0.5563520 0.6099986 0.2890276 0.6436089 0.6396727 0.3463550 0.6034752 0.5182590 0.3678996 0.4239274 0.7283432 0.5150221 0.6732676 0.6349823 0.2257501 0.3102451 0.4456470 0.5535629 0.4570717 0.6259890 0.6547500 0.7031214 0.6511150 0.6777246 0.5236844 0.4973757 0.4445545 0.5849893 0.4479867 0.6165428 0.5372696 0.3535293 0.3573525 0.5180915 0.5668724 0.8084667 0.5662187 0.4582327 0.4754807 0.7727680 0.1617364 0.3023197 0.4352258 0.4781451 0.3298001 0.7333755 0.6219309 0.5648766 0.3928322 0.6456480 0.5055040 0.6397909 0.4304060 0.8128449 0.5211389 0.7054805 0.4970693 0.6760768 0.5587038 0.3388456 0.6356093 0.4300248 0.4170482 -0.1687757 0.0628185 0.3682936 0.2637743 0.3420059 0.1135297 0.0865038 -0.0249478 0.1796855 -0.0101314 0.0263585 0.4620910 0.0001359 -0.2599042 0.1188252 0.1737753 0.4801317 -0.3261894 0.1073579 0.2440531 0.4753644 0.2851991 0.2201953 0.2182524 -0.1780992 0.3025721 0.1258542 0.1729478 0.0742697 -0.1278575 0.1035927 -0.2714164 0.1381215 0.1039359 0.1215493 0.2987613 0.0542991 0.1864902 -0.1792565 -0.1059462 0.1017413 -0.0772670 -0.3804938 -0.2286423 -0.0546798 -0.1942471 -0.0767659 -0.1205933 -0.4032511 -0.2953441 0.2257850 -0.1066120 -0.4125755 0.0422342 -0.2166057 -0.3510453 0.1527092 0.0219687 -0.0757732 -0.1065380 -0.0196587 0.1475098 -0.3663241 -0.2280747 -0.2703957 0.0303666 -0.0462124 0.0344787 -0.0419149 -0.2731270 -0.1653725 0.1252931 -0.0561278 -0.1742895 -0.1690149 0.2628131 -0.1742201 0.4342469 -0.2300781 -0.1528023 -0.0962292 -0.0589788 0.4863695 0.0040971 -0.3646457 0.1187367 0.3326782 0.2948018 0.0251125 0.1101682 0.1792903 0.2343246 0.3536157 0.3356213 0.4258213 0.2341086 0.1663254 0.1165453 -0.2432858 0.0365933 -0.0991757 0.2351163 0.0751515 0.3053854 0.5682665 0.4086149 0.6214848 0.4225037 0.4397483 -0.0498999 0.1492308 0.0423780 -0.2197456 -0.2486998 -0.0935627 -0.3200966 0.1297970 0.3913954 -0.0760322 0.3932600 0.0065541 0.1922394 0.3308160 0.7238844 0.4668815 -0.0696412 0.7336906 0.6582956 0.0264509 0.4204871 -0.1240963 0.7189310 0.1895161 -0.1976557 0.7268942 0.3856635 0.1250683
0.2649020 0.5176165 0.4604288 0.6893906 0.2040586 0.8272479 0.1378842 0.6164411 0.7993341 0.0000000 0.8374454 0.4224814 0.4870927 0.9436560 0.5504930 0.7840536 0.9012148 0.4675718 0.7229162 0.5996367 0.2995565 0.7493798 0.7878746 0.2375059 0.7436170 0.6055739 0.5588815 0.4589883 0.7180749 0.4486495 0.7206050 0.7105237 0.0990946 0.2840182 0.4905395 0.7227648 0.4906191 0.7933942 0.5619231 0.6102175 0.7679091 0.6672688 0.5678768 0.3063608 0.4750480 0.6958861 0.4598616 0.7793141 0.4532541 0.5844841 0.3750151 0.6065819 0.5603232 0.7612428 0.7931154 0.6328514 0.5012809 0.8296554 0.0242526 0.3646934 0.5799750 0.6374563 0.6006202 0.8431686 0.6891602 0.6121053 0.5177272 0.8187861 0.7717827 0.8754159 0.5152598 0.7623751 0.6867318 0.6251868 0.7293593 0.8245584 0.5387327 0.5163707 0.7724280 0.2708613 0.5282567 -0.2816672 -0.3215962 0.1366361 -0.0513174 0.1297085 -0.0111336 -0.0957445 -0.1619088 -0.0773872 -0.0268401 -0.0596355 0.3584786 -0.0954535 -0.2980341 0.1505994 0.1797904 0.4364216 -0.2759838 -0.0221036 0.1207598 0.3969251 0.0843733 0.0587111 0.2348887 -0.3050994 0.1760727 -0.0932581 0.1644317 0.0021468 -0.1619207 -0.0676820 -0.3354461 0.1639928 0.0286510 0.1302929 0.3334086 -0.0069016 0.2226008 -0.2521105 -0.1223182 0.2495395 -0.1031067 -0.4642241 -0.4453952 -0.0253169 -0.0648813 -0.0769736 0.0218166 -0.3857412 -0.2071176 0.4382464 -0.0671373 -0.4448811 0.2518503 -0.2052523 -0.2923337 0.3702235 0.2221533 0.2750029 -0.0064510 0.3278355 -0.0019233 -0.0352273 0.0663140 -0.1390459 0.3057598 0.1825508 0.0135635 0.3329766 0.1686864 0.2056061 0.4384798 -0.1100554 -0.1225507 0.2752066 0.1421477 0.1765238 0.3144554 0.1040419 -0.1546969 0.0492103 0.1024558 0.5595176 -0.0443531 -0.0474312 -0.0217199 0.1522141 0.2855067 -0.0567065 0.0867494 0.1274588 -0.0162825 0.0175051 -0.0547867 0.2315413 0.0937769 -0.0839924 0.2575727 -0.2270251 -0.1623620 -0.1751993 0.1473041 0.0069558 0.1478684 0.5318509 0.2282952 0.4559095 0.3007622 0.2498563 0.0052749 0.0200037 -0.1207631 -0.1335851 -0.1790965 -0.1446430 -0.2350931 0.1607009 0.2889578 -0.0318947 0.3664432 -0.1160608 0.0560544 0.0900292 0.6075654 0.4189719 0.0778789 0.7320030 0.5741787 0.0732988 0.3435071 -0.0924685 0.5964856 0.2899776 0.1430549 0.5554541 0.1969358 -0.0432214
0.3659797 0.5182242 0.2771264 0.6965629 0.1896104 0.6539341 -0.0702667 0.7630541 0.6554437 0.8374454 0.0000000 0.4003896 0.5455752 0.7862805 0.5486938 0.8781058 0.7860157 0.3711182 0.8511419 0.5599944 0.3854698 0.8411928 0.8683572 0.1711160 0.8366668 0.8015640 0.5059623 0.4558212 0.7405253 0.4695912 0.7566884 0.7755508 0.0729067 0.1845993 0.6789449 0.7390108 0.6622744 0.8626987 0.5671938 0.6170782 0.7564514 0.7535839 0.6734568 0.2698698 0.5289102 0.8439780 0.6514147 0.8084215 0.3593939 0.6732829 0.5688579 0.5903827 0.4789089 0.6899993 0.8310551 0.7809913 0.6266141 0.6890120 0.1299901 0.5461350 0.7295443 0.5689437 0.6387072 0.7687909 0.7366765 0.6292247 0.5094027 0.6801703 0.7917756 0.7969322 0.5727976 0.5575461 0.6144658 0.6296416 0.8497859 0.7295315 0.4254747 0.6545088 0.7384477 0.1988657 0.5304661 -0.2271284 -0.3694894 -0.1718544 -0.0988598 -0.2024220 -0.0058662 -0.1293927 -0.1855278 -0.1118581 -0.0134292 0.0321933 0.2130812 -0.2799144 -0.3638635 0.1702983 0.2553159 0.2389528 -0.2682982 -0.1135725 0.2303643 0.0696590 -0.1458885 0.0034162 0.3318210 -0.4540418 -0.0330303 -0.2361684 0.1200509 -0.2077842 -0.2238091 -0.0728272 -0.4165008 -0.1342065 -0.1216035 -0.1756440 0.0389705 -0.0941986 -0.0130379 -0.2343603 -0.3273268 0.0585304 -0.0140284 -0.4978721 -0.5074974 0.0323103 -0.0695414 0.1204767 0.1117875 -0.3876093 -0.1785995 0.6287456 0.0670952 -0.3351363 0.4975330 0.0230211 -0.2489697 0.4625930 0.2999596 0.3678480 0.1174124 0.4052232 -0.0441540 0.1065482 0.0696055 0.0241220 0.4377433 0.2625912 -0.0468087 0.4133074 0.3724296 0.2897236 0.5356393 -0.1202640 0.0321063 0.2688539 0.1787003 0.2763589 0.1713239 0.3219007 -0.0995980 0.1561774 0.2247661 0.6245817 0.0171827 0.1612227 -0.0030531 0.0539515 0.3649113 0.1491820 -0.0093536 0.1060695 -0.0531732 -0.0342740 -0.1530962 0.0312203 0.0176592 -0.1066126 0.2773600 -0.0074197 -0.0717590 -0.0239931 0.3703176 0.2120143 0.2095306 0.6978264 0.2903395 0.4553103 0.2238140 0.1472531 0.1301776 0.0084487 -0.1259713 0.0151415 -0.0677845 -0.0956011 -0.1385530 0.1061181 0.1634619 0.0053544 0.2907667 -0.2278842 0.1439837 0.3082528 0.3461000 0.2557266 0.0838703 0.6581039 0.4453232 -0.2406850 0.3205114 0.0262578 0.3217313 0.3121595 0.2199547 0.4525167 0.0703467 -0.1992656
0.3697491 0.4300621 0.3560217 0.5554926 -0.2332702 0.6732863 0.5251044 0.2727127 0.5683873 0.4224814 0.4003896 0.0000000 -0.0360010 0.3603072 0.7370225 0.3065669 0.3475107 0.3601888 0.2721919 0.2915725 0.7678782 0.4532563 0.4929609 0.4192033 0.4191743 0.3704323 0.1616258 0.3105694 0.7749614 0.2619711 0.3562828 0.4416434 0.2575115 0.3601090 0.2841371 0.5330420 0.2178378 0.3721435 0.2641578 0.3302245 0.3860909 0.6721207 0.2588288 0.3048013 0.5670986 0.2884101 0.1749596 0.3250855 0.4113460 0.1598821 0.0981705 0.1904334 0.5592646 0.3218495 0.2779890 0.2100449 0.1447995 0.3357741 -0.0052287 -0.0252542 0.5039317 0.1612778 -0.0669525 0.3284397 0.5167671 0.1251139 0.0504848 0.1945890 0.0977960 0.3112075 0.0311095 0.3531920 0.2276685 0.2550255 0.0991658 0.5035021 0.5739579 0.0571541 0.3552010 0.5853019 0.3272352 -0.3712440 -0.2211422 0.0298300 -0.0624704 -0.0981295 0.1353573 -0.1584459 -0.2569990 -0.0990605 0.1363426 0.1125645 0.1106119 -0.2697752 -0.3351745 0.0741114 0.2302885 0.3134216 -0.2663460 0.0323317 0.1542909 0.1910295 -0.1116883 -0.2917124 0.2942666 -0.2601679 -0.0221995 -0.0271611 0.1132187 -0.0696620 -0.2034756 -0.0943817 -0.1140952 -0.0478117 0.0222516 -0.0741128 0.0086189 -0.0451644 -0.0159221 -0.0297268 -0.2267727 0.0230927 0.0649100 -0.1125956 -0.2646143 0.3437794 -0.1855949 0.3758723 -0.0443049 -0.3088153 -0.2198372 0.5743443 -0.1469184 0.0864933 0.1294416 0.1234845 0.0097664 0.1247985 0.1691825 0.0255451 -0.0119542 0.1873429 -0.3479360 -0.0519241 -0.0911853 -0.0641938 0.1428822 -0.0068574 -0.1970883 0.2018110 -0.1981222 -0.0754102 0.2847175 -0.1247010 -0.1235401 -0.0032871 0.0556090 -0.0830825 0.0243760 -0.2952289 -0.1155030 -0.1428642 -0.1816298 0.1188233 -0.0820792 -0.1688815 0.0401041 0.0898368 -0.1126507 -0.1747251 -0.0349214 -0.0774510 0.1063074 0.1004004 0.3392849 0.6140139 0.6361890 0.5265529 0.3911484 0.0228661 0.1995799 -0.0462844 -0.0100139 -0.2146576 -0.0016390 0.5800717 0.1338157 0.2679498 0.4056400 0.6307900 0.2271023 0.5535375 0.4840839 0.3552738 0.1831133 0.3884867 0.2059555 0.3712712 0.3171368 0.4170838 0.4056307 0.0966620 0.1743153 0.4291898 0.2730379 -0.0559992 0.3345590 0.6085149 0.4109627 0.0209048 0.5930801 0.1853678 0.2970305 0.2170330 0.1352469 0.3658619 -0.1286413 -0.2718101
0.1682243 0.5781287 0.5813018 0.5375946 0.5708669 0.4187870 -0.2481088 0.7445125 0.3893832 0.4870927 0.5455752 -0.0360010 0.0000000 0.3496550 0.2686814 0.4259011 0.3041395 0.2485441 0.3853415 0.6843659 -0.3042476 0.4702679 0.3607497 -0.0351590 0.3667333 0.3981225 0.2235293 0.2288318 0.1965886 0.3831717 0.7663930 0.4152402 -0.0033524 -0.0409953 0.4557319 -0.0129214 0.4589492 0.4810366 0.5495341 0.5562659 0.5282109 0.2215897 0.5056493 0.2489937 0.1242143 0.5059495 0.4543691 0.4724620 0.1286541 0.3346645 0.4195924 0.4746304 0.1616105 0.4013818 0.4543525 0.4496631 0.4733337 0.3518740 0.3139884 0.4326089 0.4016218 0.2241828 0.4836028 0.6251391 0.5999356 0.5158424 0.2840324 0.3052693 0.5988856 0.3503861 0.4123288 0.4872001 0.2886184 0.6413032 0.5696406 0.2070133 0.2913113 0.4386551 0.4768830 -0.0010956 0.4088527 -0.2764350 0.1198805 0.0651599 0.0602818 -0.0482994 0.0858442 -0.2159727 -0.1050600 -0.0543169 0.2190134 0.1243922 0.2730572 -0.1515664 -0.1302940 0.4846482 0.0993924 0.1280387 -0.1225914 0.2152809 0.3450011 0.3074206 0.2932410 0.2649945 0.2394341 0.0764720 0.0297749 0.1141600 0.1166808 -0.1286030 0.0321807 -0.0127253 -0.1362185 0.1701420 0.0938293 0.1122075 0.1881238 -0.0148648 0.0412877 -0.5586041 -0.2469526 0.1164034 0.0590794 -0.4144059 -0.3996387 -0.5643272 0.0007401 0.1537572 -0.2332288 -0.0019125 -0.0632642 0.2059693 0.1145239 -0.3080874 0.3144777 0.1345206 -0.1959067 0.2028751 0.1060309 -0.1449873 0.2083133 -0.1754581 0.2536416 -0.2763179 -0.0180887 -0.0015350 0.2614836 0.2268595 0.2594662 -0.0772539 -0.0550031 -0.0150768 0.1751108 0.1029846 0.2456287 -0.0545533 0.1498572 0.1281547 0.3448167 -0.0154022 0.1404682 0.0141134 0.1209489 0.3459184 0.1978133 -0.1519993 0.0924377 0.2212364 0.3308740 0.1364514 0.0892181 0.3098072 0.2196546 0.0006044 -0.1969765 -0.1940343 -0.4092561 -0.3528388 -0.4882365 -0.4524225 -0.0270358 -0.0774161 0.3995131 0.4234130 0.3466601 0.2877214 0.3497865 0.4435177 0.2061062 0.0409724 -0.5075853 -0.2617677 -0.4107819 -0.6283131 -0.6381594 -0.6190537 -0.6462857 -0.2377962 0.0981736 -0.5960910 0.1673660 -0.1065760 0.2480383 0.0933301 0.4374663 0.3203220 -0.4710306 0.2674005 0.3828531 -0.2552316 0.1730155 -0.5034131 0.2803351 -0.1177321 -0.2533430 0.4058711 0.3779940 0.0430221
0.1874042 0.4233305 0.2975333 0.5691368 0.0632758 0.7280260 0.0742251 0.4886698 0.7236025 0.9436560 0.7862805 0.3603072 0.3496550 0.0000000 0.4663194 0.7764671 0.8969537 0.4746879 0.7451998 0.4942868 0.3136481 0.7481019 0.8160272 0.1664296 0.7589905 0.6347432 0.7005143 0.5133964 0.6550199 0.5413222 0.6641506 0.7297038 0.0336132 0.1966685 0.5157425 0.7262117 0.5086399 0.7726810 0.5398127 0.6064175 0.7611049 0.6325424 0.6065947 0.2126105 0.4115179 0.6781631 0.4914095 0.7838639 0.3702488 0.5554923 0.4288148 0.7127625 0.4764838 0.7764974 0.7791394 0.6148958 0.5281130 0.8184865 0.0762444 0.4346895 0.4984832 0.7768319 0.6380555 0.8405446 0.6149114 0.6331894 0.6278057 0.8875059 0.7701486 0.9198499 0.6004102 0.6617941 0.7920077 0.6056202 0.7217957 0.8616306 0.4948250 0.6054175 0.8178810 0.2493277 0.5138804 -0.2905231 -0.3808468 0.1144003 -0.0610850 0.0992046 -0.0348506 -0.0742083 -0.0923691 -0.0604035 -0.0919571 -0.1470515 0.2566290 -0.0392330 -0.2518426 0.1399948 0.1193068 0.3312286 -0.1892300 0.0484700 0.0565549 0.2601215 0.0104089 0.0025905 0.1631349 -0.3116743 0.0806021 -0.1850761 0.0853313 -0.0321967 -0.1560504 -0.1090460 -0.4186332 0.0592111 -0.0511500 0.0326515 0.2849690 -0.0388335 0.1505458 -0.1929415 -0.1709441 0.1597469 -0.1015194 -0.5421642 -0.4248676 0.0293957 -0.0414928 -0.0860168 0.0672551 -0.3963753 -0.2064289 0.4693246 -0.0793310 -0.4463314 0.3385443 -0.1844263 -0.3444725 0.3585347 0.1728574 0.3823041 0.1032136 0.4300591 0.0663400 0.0746946 0.0762474 -0.0902230 0.2879953 0.1513600 0.0782475 0.4220242 0.3054344 0.2912905 0.5011617 -0.0238155 -0.0740559 0.3868509 0.1577492 0.2539279 0.3691358 0.2165725 -0.0810408 0.1656588 0.1767229 0.5854814 0.0318921 0.1227401 0.0124116 0.2060367 0.3798242 0.0648154 0.1790832 0.1792739 -0.0654553 0.0288464 -0.0975262 0.1087448 0.0320201 -0.1326408 0.3122163 -0.1703905 -0.1442929 -0.0740136 0.1701785 0.0597170 0.2225223 0.4486894 0.3181895 0.4830767 0.2368912 0.1379909 0.0423488 -0.0247492 -0.1549313 -0.0658972 -0.0992485 -0.1144080 -0.1147089 0.1542893 0.3201286 0.0319619 0.2597160 -0.1804597 -0.0486547 0.0105198 0.5150847 0.4207835 0.1387964 0.6866099 0.4533742 0.0808436 0.2832376 -0.0187717 0.5324498 0.3139243 0.2240365 0.5114244 0.2061455 -0.0577478
0.3065490 0.7731324 0.4188692 0.7808384 0.0251604 0.8333896 0.1974139 0.5024083 0.8376818 0.5504930 0.5486938 0.7370225 0.2686814 0.4663194 0.0000000 0.5440849 0.3355926 0.5612768 0.4686641 0.5196069 0.3824544 0.6505484 0.6193112 0.2814812 0.6020315 0.6202920 0.2450127 0.3935315 0.7482505 0.5215807 0.6406013 0.6683421 0.1862825 0.2163750 0.5914656 0.5480317 0.6045508 0.6169676 0.6127107 0.6734883 0.6252089 0.7244386 0.5569157 0.5127531 0.4462538 0.6302259 0.5784002 0.5594614 0.4229112 0.4287376 0.5021827 0.4911206 0.4421621 0.6741711 0.5131524 0.5396569 0.5868304 0.5408743 0.1703932 0.4151192 0.5046024 0.3056962 0.1612325 0.4815489 0.6310062 0.5591980 0.3510264 0.3471689 0.4419805 0.4131632 0.4082223 0.5513451 0.3847680 0.4896029 0.4253330 0.5286556 0.4841435 0.3161991 0.5176483 0.4063747 0.2406045 -0.2384811 0.1973265 0.3186626 0.3486187 0.1521752 0.2682092 -0.0375920 0.0602457 0.2477348 0.2243000 0.2307861 0.3570954 -0.2863627 -0.1083486 0.3283140 0.4105010 0.3915548 -0.1271759 -0.0692590 0.5687504 0.3625401 0.3267790 0.1381200 0.4549598 -0.0099966 0.2709965 0.3133466 0.3014930 0.1280587 0.0276902 0.2477043 -0.0122170 0.1834179 0.1529536 0.1463898 0.2440489 0.0613392 0.1324909 -0.1154534 -0.0630390 0.1304744 0.2216950 -0.1957179 -0.1342171 -0.0622289 0.0714335 0.3563972 -0.2650808 -0.1308183 -0.0523003 0.4174002 0.1830892 -0.1121452 0.2975464 0.1637041 -0.1373296 -0.0339162 0.0713985 -0.2557889 0.1812851 -0.1470259 0.1840057 -0.3935687 -0.3218368 0.0564797 0.0519282 -0.0677549 0.1919228 -0.0144832 -0.2866736 -0.2790574 0.2316290 0.2067549 0.1127627 -0.1954669 0.4760156 -0.1836465 0.4122226 -0.1638434 0.0914668 0.0597250 0.1091319 0.5269522 0.2708257 -0.1788913 0.4148063 0.4737118 0.2806558 0.2765212 0.3100486 0.3700998 0.1991837 0.1638103 0.2627102 0.3933137 0.2343204 0.2118306 0.0164222 -0.2042892 -0.0288567 -0.2772628 0.2513273 0.0445775 0.2090745 0.6990941 0.3603542 0.5043567 0.3531781 0.5143924 -0.0390233 0.2315981 0.1261127 -0.0851953 -0.2562716 -0.0768053 -0.2203432 0.1089134 0.2596565 -0.0732841 0.5148716 0.2022479 0.4865872 0.6315497 0.5160631 0.2169365 -0.1275094 0.7470833 0.6566491 -0.0848598 0.6437972 -0.1729730 0.4638179 0.0993087 -0.2419641 0.7238527 0.2573091 0.1436510
0.1335218 0.5242506 0.0994224 0.6126808 0.1786987 0.6535210 -0.2263565 0.5685523 0.6653699 0.7840536 0.8781058 0.3065669 0.4259011 0.7764671 0.5440849 0.0000000 0.8312593 0.2343250 0.9643511 0.5030724 0.3672331 0.9045454 0.8610211 -0.0115290 0.9148131 0.7889933 0.6483414 0.3149178 0.6286934 0.4410027 0.7981918 0.8429270 -0.1580449 -0.0782058 0.6698320 0.6868256 0.6645752 0.9089674 0.6112790 0.5807032 0.8720516 0.6039240 0.7258020 0.0720020 0.2286519 0.8450582 0.6768859 0.9328594 0.1004474 0.6830112 0.6361602 0.6672167 0.1684265 0.7445579 0.9257367 0.8001058 0.6658266 0.6123185 0.3495741 0.6307121 0.5202344 0.7611311 0.8051960 0.7569739 0.5648917 0.7275534 0.7276117 0.7731880 0.8257822 0.8694170 0.7515658 0.4843654 0.7494838 0.6036850 0.8745450 0.7544571 0.1744801 0.7765660 0.7209549 -0.0909360 0.3143371 -0.2089767 -0.3136117 0.0545981 0.0944945 0.0545868 0.1669031 -0.0453815 0.0662487 0.1101867 0.0526978 -0.0272609 0.2862045 -0.1667732 -0.1688210 0.2509545 0.2791574 0.3132953 -0.0722482 -0.0950200 0.2509458 0.1399137 -0.0174603 -0.0327723 0.3561414 -0.3673380 0.1496920 -0.1274717 0.2186034 0.0505862 -0.0211453 0.0166535 -0.4886293 -0.0004085 -0.0033143 -0.0613566 0.2537843 0.0575725 0.1219717 -0.0386424 -0.1889061 0.1176658 -0.2647156 -0.5915563 -0.3944487 0.1508526 -0.0448295 -0.1128804 0.2530845 -0.4581930 -0.1542273 0.4892736 0.0934145 -0.5798585 0.4205664 -0.2146247 -0.4023710 0.3736433 0.2153927 0.3346079 0.0145416 0.4073002 -0.0036587 0.0634219 -0.0169356 -0.1539151 0.2063785 0.0301559 -0.0996830 0.4153878 0.2718043 0.2623824 0.4457005 -0.1627573 -0.1398521 0.1765300 0.1825429 0.1387235 0.2003737 0.2343527 -0.2594967 0.1467304 0.1498838 0.6124390 -0.0792610 0.1139893 -0.0330357 0.0128394 0.4220980 0.1338762 -0.0357499 0.0842625 -0.2213160 -0.2312672 -0.2693464 -0.1897989 -0.1962836 -0.3711192 0.2699003 -0.0677190 -0.2955084 -0.1276876 0.4220511 0.1636501 0.4227306 0.6121878 0.4718970 0.5350353 -0.0759034 -0.1350984 0.2064196 -0.2712850 -0.3507249 -0.0581635 -0.0134774 -0.1244246 -0.0465019 -0.1015614 -0.0790618 0.0556481 0.2587363 -0.2759982 0.0282856 0.3453365 0.5804273 0.4112186 0.1179670 0.6989022 0.5329136 -0.2499956 0.2265447 0.0395877 0.5798913 0.3342366 0.0794822 0.6746636 0.1856677 -0.0834427
0.1879481 0.3150209 0.2249209 0.5064058 0.1122671 0.6602161 0.0626799 0.4583289 0.6041623 0.9012148 0.7860157 0.3475107 0.3041395 0.8969537 0.3355926 0.8312593 0.0000000 0.1943385 0.7754912 0.4131706 0.3931454 0.7235619 0.7608910 0.0741751 0.7515851 0.5286367 0.5926884 0.2772225 0.6212292 0.2562131 0.6108732 0.6537131 -0.1267356 0.0904931 0.3865755 0.7280674 0.3606329 0.7690220 0.3754874 0.3664268 0.7397387 0.5725584 0.4808394 -0.0310178 0.3016315 0.6239685 0.3401054 0.7968138 0.1805192 0.5853715 0.2982983 0.5143161 0.3368512 0.5731140 0.8155832 0.6063201 0.3687202 0.6205323 0.1518958 0.3064148 0.5148603 0.7131130 0.6723545 0.7490140 0.5130835 0.4996360 0.5758041 0.7957787 0.7271314 0.8916304 0.5172609 0.5501878 0.7327139 0.4715093 0.7299582 0.7950913 0.2992548 0.5846702 0.6797312 0.0018427 0.4270289 -0.2537727 -0.4915704 0.0143154 -0.1651016 0.0761592 -0.0263125 -0.0754543 -0.1695866 -0.1581303 -0.0425275 -0.1334227 0.3032810 -0.0453875 -0.2783820 0.0725318 0.1620198 0.4075493 -0.2085353 -0.0440290 -0.0707394 0.3011624 -0.0671426 -0.1299473 0.2106649 -0.4190236 0.1624209 -0.1914521 0.1848361 0.0619367 -0.0845420 -0.1526730 -0.4768247 0.1288031 0.0454535 0.0816321 0.3558647 0.0882872 0.2755082 -0.0571716 -0.0744312 0.3075840 -0.2838643 -0.5001759 -0.5092145 0.2511512 -0.0660942 -0.2156813 0.3409561 -0.4476906 -0.1494382 0.4567545 -0.0529495 -0.5336869 0.2622304 -0.3347586 -0.2805635 0.5222153 0.3302449 0.5148830 -0.1431666 0.5789331 -0.2121812 0.2111963 0.2237678 -0.2319048 0.3226667 0.1813152 -0.2324979 0.5666599 0.3665138 0.4455763 0.5218519 -0.3477140 -0.2568622 0.3887177 -0.0454925 0.2631612 0.1157299 0.2056576 -0.3265870 0.0982106 0.0036308 0.4201154 -0.2263082 0.0648792 -0.2937858 -0.1330115 0.2069586 -0.1874895 -0.1404028 -0.0906533 -0.1505089 -0.1787166 -0.1747109 0.0477000 0.0171496 -0.2372264 0.4165060 -0.0708060 -0.2976858 -0.1015871 0.2263962 0.0267968 0.1984777 0.4497666 0.1856063 0.3256470 0.0354864 -0.0062885 0.2498004 -0.1268087 -0.2110906 0.0205524 0.1006659 0.0245352 0.0249361 0.0926787 0.0178808 0.2061985 0.2943532 -0.2585340 -0.1525881 0.0269419 0.5525567 0.3618067 0.3204851 0.6684771 0.4837469 0.0333902 0.1885241 0.1216543 0.5894679 0.3461066 0.2802095 0.4798723 0.0829008 -0.1714121
