0.0000000 0.8048095 0.5049245 0.6857274 0.2488498 0.5866988 0.3914423 0.5173043 0.2923067 0.3091843 0.5667785 0.5614718 0.6944716 0.2258439 0.5317155 0.5159747 0.3508836 0.1178257 0.2837999 0.6472301 0.5199213 0.7549685 0.5052179 0.1942961 0.3271913 0.3689767 0.3553651 -0.1242519 0.3843088 -0.0019670 0.7315642 0.4122279 -0.0951723 0.4157532 0.1633452 0.4518069 0.0467692 0.5617874 0.0176251 0.0590737 0.5168605 0.4967502 -0.0796562 -0.1238376 0.5458086 0.2364975 0.0564682 0.5850578 0.4795268 0.3986551 -0.0519146 0.0790849 0.4934283 0.5332016 0.7279881 0.4353070 0.1825265 0.5402938 -0.0041774 0.0462160 0.6037766 0.1962434 0.7103563 0.5624499 0.6698871 0.4935194 0.2879717 0.3491897 0.7018006 0.4467459 0.5074966 0.6918153 0.3215466 0.6699922 0.5933353 0.4460090 0.5959771 0.5527224 0.4984679 0.6759645 0.5200322 0.2719940 0.3006236 0.2506451 0.2428916 0.0715020 -0.2081536 0.4179407 -0.0473321 0.1749275 -0.0450407 0.2377281 0.2795248 0.4173486 0.2770985 0.1351978 0.4995267 0.1932600 0.4053841 0.2710031 0.2232263 0.0910402 0.1364724 0.3787561 0.3065538 0.2966655 -0.0320757 0.1098430 -0.0087381 0.0261023 0.3005916 -0.2722795 0.2316091 0.1649770 0.0478716 0.1185375 0.1272211 0.1187672 -0.0485580 0.1916251 0.2584245 0.2434420 0.4352048 0.3118164 0.1174436 0.0138644 0.4793408 0.3942822 0.0330842 0.3348188 0.2807657 0.6388831 0.4007967 0.2198145 0.4101103 0.2119693 0.2485116 0.1583609 0.1188478 0.1983812 0.3626742 0.3854634 0.5871791 0.1912731 0.2325666 0.2106672 0.2050269 0.1190233 0.3099217 0.3077661 0.2431742 0.2094929 0.3587560 0.3076406 0.2677225 0.2745031 0.4403505 0.4059723 0.3474728 0.3003982 0.3247774 0.5084446 0.5676165 0.3993683 0.3790496 0.4078684 0.4267966 0.2530242 0.4035170 0.3355662 0.4185848 0.4005832 0.4757611 0.3339018 0.5063217 0.3107483 0.2181269 -0.1350430 0.2427323 -0.0291825 0.0610031 0.1643842 0.2217533 0.1074899 -0.1069525 0.2779850 -0.0063538 0.6748609 0.8200412 0.7573389 0.0389654 0.7670794 0.4123598 -0.2270002 -0.1295684 -0.1383217 -0.0739714 0.3115778 0.4478582 -0.1188635 0.1133413 0.0118741 0.1086546 0.2255691 0.6102396 0.4456262 0.0321741 0.4227326 0.0093342 0.2664765 0.1085937 -0.0265136 0.6593370 0.2717471 0.5782371 0.4787878 0.2658768 0.4448604
0.8048095 0.0000000 0.6256355 0.8318935 0.2378539 0.6855465 0.4915200 0.6446346 0.3144894 0.3312907 0.6666914 0.6809391 0.7372461 0.2554302 0.6449458 0.5602289 0.5245656 0.0625086 0.2472010 0.2483456 0.7172352 0.7070016 0.5345439 0.1976030 0.2887418 0.2019056 0.2850948 -0.2846818 0.5745163 -0.2088095 0.5163965 0.2069350 -0.1948702 0.4531163 -0.1261732 0.6264122 -0.2629806 0.4707848 -0.3469098 -0.2994058 0.2112443 0.6349152 -0.3686648 -0.3089479 0.6149882 0.0868667 -0.2364585 0.3106981 0.4826442 0.5501460 -0.3821684 -0.2144800 0.4534067 0.4818991 0.5741813 0.4025221 -0.1499434 0.6450401 -0.0106586 -0.2871638 0.5798785 -0.0466622 0.5298957 0.6331222 0.6336427 0.2108513 0.0334363 0.3268760 0.6086910 0.5052875 0.3823968 0.7069050 0.2649033 0.7074253 0.6266843 0.4918936 0.6915377 0.5403000 0.4846364 0.7224800 0.4507209 0.0512452 0.3872300 0.3641630 0.4072069 0.2469047 0.1183108 0.5913354 0.1497486 0.4561892 0.1293625 0.4227315 0.3484049 0.5775456 0.3712320 0.3041978 0.6419210 0.3334402 0.4882973 0.4387550 0.4214051 0.3355595 0.3052296 0.4348043 0.4832339 0.4472166 0.1316946 0.1715866 0.2081219 0.1211062 0.4307228 -0.1996702 0.3100574 0.2114705 0.1717504 0.2576908 0.2475622 0.1975584 0.2143297 0.3453091 0.4149091 0.4109071 0.5469046 0.5019617 0.2776501 0.2269452 0.5348786 0.4560639 0.2305811 0.5386575 0.4522099 0.6336115 0.5902516 0.4038487 0.4390884 0.3311628 0.4781168 0.3152286 0.3709938 0.3730078 0.4698313 0.5370876 0.5424000 0.3693497 0.3891193 0.4015026 0.2379292 0.2210018 0.2956083 0.5106344 0.4323071 0.3761565 0.3265650 0.3878128 0.2473910 0.4847788 0.4538295 0.5344972 0.3469330 0.4668625 0.3559827 0.5500306 0.6392702 0.4491102 0.3651045 0.5508629 0.5111021 0.2615923 0.3440105 0.4926913 0.3424783 0.3380452 0.4338069 0.2241904 0.5705106 0.2391304 0.1905752 -0.1187362 0.3224914 0.1464330 0.1161285 0.3598772 0.3776322 0.1370609 -0.1369216 0.2000968 -0.1024902 0.6488539 0.8424600 0.7193328 0.2294074 0.7439961 0.3689939 -0.2581475 -0.0814919 -0.1129306 0.0253787 0.3285726 0.4358463 -0.0173203 -0.0881344 -0.2273344 0.0176959 0.1566369 0.2602736 0.3577274 -0.0103835 0.0645739 -0.2059070 0.0820944 0.0458741 0.0057043 0.3008109 0.3466742 0.4416320 0.1564459 0.1873762 0.3595573
0.5049245 0.6256355 0.0000000 0.6174415 0.5852538 0.1494064 0.1364261 0.4897090 -0.4241300 -0.3858565 0.3322361 0.0809562 0.6455281 -0.4903518 0.0263706 0.1988268 0.1190597 -0.6218303 -0.2334843 0.1363726 0.4156537 0.3956442 0.2562711 -0.5270383 -0.2810757 -0.3484806 -0.1895414 -0.7509099 0.3163131 -0.7289810 0.2956630 -0.3491988 -0.7644887 -0.1503251 -0.4565501 0.2658363 -0.5637743 -0.0938604 -0.5939677 -0.5423134 -0.0650991 0.2534934 -0.4549651 -0.6490210 0.2046938 -0.4448848 -0.5473609 -0.1115464 -0.2287529 -0.0043191 -0.5474215 -0.2860577 -0.0480178 0.1191402 0.0873095 -0.2320372 -0.4244814 0.2090436 -0.0050637 -0.4798403 0.2572087 -0.3007089 0.2247189 0.3167204 0.4862783 -0.1432858 -0.2792003 -0.0573677 0.1384919 0.0938387 -0.0394306 0.3087343 -0.3092783 0.3599712 0.1794556 0.0177907 0.1722183 0.1599302 0.0312733 0.3112521 0.5110550 -0.0367481 0.0980168 0.1843768 0.1480916 0.0569000 -0.0921196 0.2587767 -0.0386693 0.2731471 0.2728857 0.2582225 0.0158230 0.2712706 0.2584997 0.0303029 0.3711154 0.1241340 0.5057537 0.0918411 0.1735036 0.1244640 0.0205584 0.1675397 0.3525071 0.2024343 -0.0074240 -0.0849600 0.5608341 -0.1979393 0.2373534 -0.3894214 0.0613642 0.0409409 -0.1839469 -0.1044080 -0.0826529 -0.2563218 -0.0948382 -0.0128471 0.1130353 0.2166522 0.2646612 0.2392959 -0.0256812 0.1639898 0.4889428 0.1752235 0.1135726 0.5168424 0.4019312 0.4618621 0.6400290 0.4134056 0.3443301 -0.0040679 0.3672961 0.2712468 0.3739732 0.1230412 -0.1321048 0.2942161 0.0800223 0.1085038 0.2201111 0.0221126 0.0811338 0.0639065 -0.2332222 0.2752422 -0.0063773 0.0826191 -0.0270849 -0.2052407 0.1649005 0.0647587 -0.1385366 0.1375005 -0.1023460 0.0252021 0.0795613 0.0618595 0.1094503 -0.0933903 -0.0182044 0.0032648 -0.0464397 -0.2426291 -0.1370035 -0.0620116 -0.2088261 -0.1716057 0.2713733 0.2655866 0.3749581 0.1402896 0.2055972 0.0154574 0.1025536 -0.0253368 -0.2477911 0.0187569 0.2179531 0.0221206 0.0570619 0.3663680 -0.0130747 0.3948102 0.5101969 0.4264359 -0.1178074 0.5677423 0.4702995 -0.4398955 -0.2094879 -0.0769624 0.1116633 0.4372784 0.4839348 -0.0116773 0.3463792 0.1976232 0.4329280 0.2198664 0.4453113 0.5344004 -0.0261436 0.3760650 0.3506236 0.3791784 0.5358594 0.3891657 0.4168671 0.4206903 0.5824732 0.3718579 0.3268535 0.4192180
0.6857274 0.8318935 0.6174415 0.0000000 0.4521049 0.6917278 0.5592309 0.7980249 0.2944916 0.3220309 0.7352517 0.6887588 0.7815362 0.2278807 0.6201541 0.6390816 0.5493972 0.0490863 0.3277330 0.2660814 0.8033744 0.7505536 0.6367274 0.1711814 0.2226643 0.1999808 0.3671936 -0.3400246 0.6152376 -0.1997211 0.6194566 0.1332042 -0.2746877 0.4935397 -0.1082891 0.5813948 -0.2516722 0.3782509 -0.2762187 -0.1326618 0.2005315 0.6100867 -0.3148508 -0.3164127 0.6278472 0.1096308 -0.2036657 0.1328463 0.4643866 0.2749590 -0.3304870 -0.1388436 0.5527705 0.5334921 0.4479881 0.3257788 -0.1354061 0.6845329 0.1560612 -0.2300003 0.6842017 0.0617792 0.5620361 0.6743091 0.8006780 0.1205343 0.0665877 0.4157120 0.4925112 0.5600135 0.3258420 0.7330497 0.2951445 0.7550364 0.5789994 0.4931395 0.6358173 0.4994814 0.5337385 0.7418782 0.4610045 0.1307321 0.4225756 0.4525971 0.4646193 0.4236031 0.3733965 0.6044690 0.3951844 0.5981615 0.3569853 0.4617081 0.4117315 0.4460258 0.4766640 0.2772437 0.5249284 0.4196183 0.5397168 0.2484649 0.4288177 0.4437111 0.3786161 0.1922432 0.4696070 0.4278201 0.3214192 0.2149132 0.3560489 0.2125006 0.4577490 -0.0357505 0.1728044 0.1135115 0.1283978 0.1471277 0.1603805 0.1055666 0.2213432 0.4361442 0.4237214 0.3392083 0.5544147 0.5696891 0.4334169 0.4468562 0.4848915 0.3926651 0.4334042 0.6925577 0.5971490 0.6444243 0.6837755 0.5221721 0.4646385 0.2815863 0.5568384 0.4897680 0.4801364 0.6023732 0.3205890 0.5984733 0.4224679 0.4872996 0.5157933 0.3273495 0.2324035 0.1170656 0.1254816 0.6076490 0.5321855 0.4436940 0.3688202 0.2388834 0.2589420 0.5129458 0.4154997 0.4005409 0.2634974 0.5257325 0.2242444 0.5634648 0.5043669 0.5554800 0.2547068 0.4740797 0.3500440 0.1425974 0.2679620 0.5458424 0.1869347 0.2059643 0.6453669 0.4240289 0.6180423 0.4318621 0.4277265 0.1855642 0.5020071 0.3804464 0.2737880 0.4468688 0.4759400 0.1755797 0.0478605 0.4208745 -0.0256440 0.7017356 0.7615739 0.7022867 0.4158996 0.8056022 0.4489591 -0.0964182 0.1498535 -0.0002968 0.2114097 0.4471957 0.4777364 0.2082517 0.0283985 -0.2362851 0.0204080 0.0294374 0.1703493 0.3620011 0.1701052 0.0200559 -0.2210359 0.0909821 0.1535338 0.1875613 0.3364812 0.5169015 0.4677027 -0.0019623 0.1681040 0.2885012
0.2488498 0.2378539 0.5852538 0.4521049 0.0000000 0.0022820 0.3994179 0.2754011 -0.3458065 -0.4318629 0.0909898 0.0736836 0.4741598 -0.4915542 -0.0118629 0.0487300 -0.2906226 -0.3095644 -0.2614526 0.4185425 0.3208102 0.3415679 0.1265266 -0.4449514 -0.3925665 -0.2839775 0.0023820 -0.4170323 -0.0009255 -0.3702543 0.3937368 -0.2419618 -0.5452765 -0.2843614 -0.1080247 0.0824824 -0.1990873 -0.1152905 -0.3256839 -0.1282436 0.2090570 0.1090906 -0.1895209 -0.2992516 -0.0064768 -0.2135765 -0.2000161 0.0381657 -0.2655645 -0.4340664 -0.1822266 -0.2311248 -0.1382007 -0.1144713 0.1723849 -0.1805607 -0.0578538 0.0162520 0.6427604 -0.1291217 0.5333251 -0.2519908 0.3406094 0.0680642 0.5111797 0.0451261 -0.1460304 -0.1776049 -0.0124877 -0.1074547 0.0248667 0.1063299 -0.2990656 0.2130204 -0.0203208 -0.1512191 -0.0373005 0.0150966 0.0785289 0.3140037 0.5008729 0.2439960 0.0325746 0.1073667 0.0279385 0.0388903 0.0787293 0.0599101 0.0129804 0.0827859 0.1901875 0.0501750 -0.1969330 -0.0622796 -0.0022475 -0.1308202 -0.0154640 0.0019864 0.1215218 -0.1308183 -0.1350220 0.0180115 -0.0999312 -0.3381720 0.0074834 -0.1714929 0.0118856 -0.2113421 0.4098798 -0.2297374 -0.0219587 -0.2261701 -0.4174635 -0.3329940 -0.4341716 -0.3694827 -0.3688688 -0.4833723 -0.1884448 -0.2059752 -0.1047995 -0.0897276 0.1506259 0.1121729 -0.1486643 0.2835930 0.0992365 -0.1479646 0.0430543 0.3334907 0.1854917 0.3385421 0.3959685 0.4317211 0.2343365 -0.3135201 0.1072707 0.1294756 0.0633097 0.2791274 -0.3155295 0.0521821 -0.0417599 0.2449225 0.1183954 -0.1784524 -0.1242929 -0.3041624 -0.3385942 0.0931843 -0.0077187 0.1260313 -0.2604666 -0.3166401 -0.0550837 0.0861518 -0.2231132 -0.2085289 -0.2497800 0.1329701 -0.2152885 -0.1510540 -0.1496937 0.0226215 -0.2857613 -0.1183893 -0.2392293 -0.2990927 -0.1982060 -0.1137156 -0.3395197 -0.2870974 0.6559550 0.7568078 0.6663674 0.5593544 0.5934041 0.5967437 0.4133389 0.2340639 0.0763318 0.3920885 0.6594988 0.3393253 0.6683855 0.8445050 0.5838040 0.5993878 0.4055065 0.5277386 -0.0119691 0.4903190 0.6078213 -0.0338763 0.0450024 0.1908000 0.3582847 0.6676520 0.7342240 0.2875872 0.5853744 0.3877684 0.4371418 0.3639371 0.4625261 0.6799391 0.2483987 0.5703956 0.2659678 0.6172573 0.3451875 0.6031687 0.5488003 0.7107323 0.7220312 0.0964972 0.4384841 0.6485007
0.5866988 0.6855465 0.1494064 0.6917278 0.0022820 0.0000000 0.7661982 0.7550974 0.7121785 0.6619333 0.8392415 0.9698884 0.6374084 0.6010015 0.9215486 0.8483811 0.7152665 0.4289765 0.7067329 0.3223050 0.8482819 0.7461382 0.7750162 0.5012953 0.6586576 0.6019848 0.5103279 -0.0854342 0.8057486 0.0578041 0.5554075 0.4846156 0.0937440 0.8262518 -0.0489623 0.8567933 -0.0612487 0.6210211 -0.1487454 -0.0361287 0.2877549 0.8813740 -0.3992347 -0.1832686 0.8913256 0.3839157 -0.0614763 0.3649399 0.8459099 0.6043319 -0.3016288 -0.1585889 0.7269468 0.7321596 0.6120202 0.5792386 -0.0111969 0.9280181 -0.1084716 -0.1840652 0.5374930 0.2000997 0.6130369 0.8842513 0.6166921 0.3969126 0.2331605 0.7372078 0.6624584 0.8383077 0.6962463 0.8702564 0.7088379 0.8881730 0.8246969 0.8699496 0.8974733 0.7529532 0.8246259 0.7996242 0.1764440 0.0254117 0.5853783 0.5183202 0.5824381 0.5422311 0.3553666 0.7492278 0.3969612 0.4781308 0.0903900 0.4706401 0.5128750 0.6030475 0.3503080 0.4985442 0.5961821 0.4103142 0.3519260 0.6621678 0.5937058 0.4621929 0.5647741 0.3604022 0.4129348 0.5516582 0.3965732 0.3503819 -0.0508328 0.3927913 0.4935917 0.0044688 0.3706894 0.3056355 0.4487811 0.4482346 0.4471786 0.4273439 0.3276520 0.5710056 0.5185238 0.4534089 0.6314741 0.5081146 0.4567609 0.2093280 0.3845108 0.6025558 0.2949970 0.4570052 0.4675216 0.6243720 0.3658362 0.2259736 0.4828630 0.4888731 0.4428836 0.2678388 0.4118654 0.4591556 0.6518902 0.6140702 0.6664530 0.4635115 0.4107690 0.4455871 0.2830877 0.2398620 0.5801421 0.5930587 0.5715611 0.4659610 0.5229010 0.5979511 0.1422475 0.6041380 0.6889180 0.4565195 0.5879233 0.6060575 0.1326571 0.6652508 0.7479845 0.6394354 0.2918213 0.7782825 0.6497531 0.5662251 0.5530047 0.7588072 0.5769976 0.6020565 0.4386714 0.0686501 0.3820297 0.0955021 0.0023577 -0.2970447 0.3057966 0.2708293 0.1095574 0.3748359 0.3605667 0.0211900 -0.2823122 0.0158564 -0.2736716 0.6483236 0.7871332 0.5197243 0.4718892 0.5251918 -0.0955411 -0.2364181 0.0610416 -0.3188042 -0.1462575 -0.0222391 0.0974312 -0.0949774 -0.5440621 -0.6008031 -0.3639136 -0.3327116 0.0529544 0.1794779 0.0748174 -0.2560079 -0.6833275 -0.3378210 -0.2243446 -0.4107460 0.2060703 0.2194772 0.2145195 -0.1615695 -0.1348417 -0.0498100
0.3914423 0.4915200 0.1364261 0.5592309 0.3994179 0.7661982 0.0000000 0.4824971 0.4092166 0.2400552 0.5021523 0.7904963 0.5168743 0.2647670 0.6774422 0.5708485 0.3088011 0.3404542 0.3257114 0.3599984 0.7614587 0.5112984 0.5738871 0.1959400 0.1999087 0.3016217 0.4254057 -0.1119841 0.4736475 -0.0579418 0.3723231 0.1297517 -0.0302003 0.4270307 -0.0735666 0.7682874 -0.2102411 0.2432317 -0.2725772 -0.0801983 0.1993264 0.7421470 -0.4171333 -0.1373122 0.6098222 0.0991906 -0.1955175 0.2196496 0.5321941 0.2151387 -0.3517535 -0.3411113 0.3821042 0.4168815 0.4947588 0.2585856 -0.1177287 0.6460528 0.3646983 -0.2513430 0.6950309 -0.0415572 0.4166544 0.5716129 0.5552794 0.2503085 -0.0118702 0.4070027 0.2846393 0.4671341 0.4430656 0.5485192 0.3594033 0.6333327 0.4629694 0.4990621 0.5654255 0.3777143 0.5385963 0.6291838 0.0612963 0.0287264 0.3866682 0.4120722 0.3992301 0.3988196 0.3087207 0.6455022 0.2714783 0.2823723 -0.0443648 0.2150264 0.1177729 0.5213135 0.0081622 0.2507551 0.2673712 0.1325213 0.0882493 0.5615260 0.3120533 0.2113150 0.2809609 0.0698893 0.0971799 0.1835141 0.2188826 0.0730346 0.0105167 0.1186124 0.1816644 -0.1025766 -0.0107993 -0.0285495 0.0992736 0.1784716 0.1143728 0.0773493 0.2525519 0.2260080 0.2552080 0.1311515 0.5330503 0.4134007 0.2326005 0.3359788 0.0452921 0.2428625 0.1764019 0.2255317 0.2525388 0.4508625 0.1566697 0.3000619 0.3342961 0.1273033 0.2642305 0.1666637 0.2806853 0.4027436 0.3827938 0.3236614 0.4363063 0.4286520 0.2913380 0.1636244 0.0391080 -0.0485272 0.3708046 0.2762866 0.4216446 0.2764360 0.1281623 0.2445409 -0.2559957 0.4775591 0.3843547 0.0072766 0.2995364 0.5393690 -0.2691276 0.3033419 0.3824717 0.4442476 -0.1188322 0.4859701 0.3285296 0.3494977 0.3107234 0.4722934 0.3014543 0.3458000 0.5936669 0.4232056 0.6911057 0.4178571 0.3109069 0.0503681 0.5622634 0.4496190 0.1534663 0.6288541 0.6755810 0.2135144 0.1817637 0.3804138 0.2167901 0.6672146 0.6813716 0.5703253 0.3201558 0.4788403 0.1806803 -0.0500852 0.1499037 -0.0683108 0.0945544 0.3238502 0.3838525 0.1281242 -0.2144970 -0.2639839 -0.3508745 -0.1332101 0.1270459 0.3213681 0.1980442 0.0301262 -0.5080042 0.0487207 -0.3333273 -0.1788044 0.2649558 0.5622402 0.4081953 -0.2545092 0.2117943 0.3219958
0.5173043 0.6446346 0.4897090 0.7980249 0.2754011 0.7550974 0.4824971 0.0000000 0.3406167 0.4151846 0.9144263 0.7178614 0.8782502 0.2497029 0.6761766 0.8398040 0.6831436 -0.0234142 0.6099071 0.3105752 0.8119418 0.7802285 0.7679398 0.1527865 0.5133463 0.3849646 0.3429723 -0.4471716 0.8533516 -0.2152573 0.6953798 0.3176666 -0.3313690 0.6375611 -0.2158221 0.6204390 -0.1523337 0.5228574 -0.2814459 -0.1875055 0.1786095 0.6905035 -0.4366659 -0.5119178 0.7423954 0.1997508 -0.1737855 0.1459116 0.4990183 0.3932306 -0.3674738 -0.1226315 0.6248668 0.4970469 0.3410212 0.3334263 -0.1298543 0.7234966 -0.0289400 -0.2639814 0.4257141 0.1583292 0.6528979 0.9002118 0.7585005 0.2486872 0.1907221 0.6305723 0.5683849 0.8221142 0.5731610 0.8889956 0.5082791 0.9103858 0.7461959 0.7380260 0.7458565 0.7644709 0.7455573 0.7812168 0.5611770 0.1522239 0.4323228 0.3690260 0.4735462 0.4656091 0.4003427 0.5450164 0.4271125 0.5105849 0.4119693 0.5476230 0.5021687 0.2742498 0.6006166 0.4338737 0.6574843 0.4558851 0.4938758 0.3545675 0.5250611 0.4849763 0.4341049 0.0844802 0.5386495 0.5433323 0.3620454 0.2013612 0.1476797 0.2296620 0.5261564 -0.2056738 0.1577290 0.1911058 0.2701649 0.1376217 0.2634053 0.1174577 -0.0000983 0.3990228 0.3721189 0.4370454 0.3550428 0.3585754 0.2644686 0.1273274 0.4502151 0.3824972 0.2377548 0.6366135 0.5302494 0.5890379 0.5685606 0.2748155 0.4619195 0.2103109 0.4339286 0.2612907 0.4391347 0.4578894 0.2505598 0.5654166 0.4237500 0.3461720 0.3189372 0.2006323 0.2079571 0.1479851 0.1503256 0.6361617 0.3937112 0.3325474 0.3811372 0.2672914 0.3765585 0.3927690 0.3232235 0.4049543 0.3021982 0.4692490 0.2370728 0.4750115 0.4692409 0.3821908 0.2729179 0.4709831 0.2807875 0.1456781 0.1891155 0.5188086 0.1806190 0.2388817 0.4493296 0.1650072 0.2718236 0.0155492 0.0605429 -0.0495871 0.1914422 0.1719487 -0.0092720 0.2185611 0.3754578 0.1466696 -0.0383642 0.2443406 -0.2548851 0.7095751 0.7651683 0.5519299 0.2891074 0.6050492 0.0485661 -0.4805803 -0.1376325 -0.4141997 -0.1681472 0.0922738 0.2573755 -0.1309084 -0.2942815 -0.4648785 0.0413636 -0.3083393 0.1264915 0.4421566 -0.0683312 -0.2328908 -0.4052566 -0.1670444 0.1406141 -0.0588702 0.2472029 0.3139906 0.3137980 -0.1734166 -0.2065942 -0.0632547
0.2923067 0.3144894 -0.4241300 0.2944916 -0.3458065 0.7121785 0.4092166 0.3406167 0.0000000 0.9565739 0.4791265 0.7543577 0.1316345 0.9387757 0.8083310 0.4901552 0.5392745 0.8626716 0.6804018 0.1961836 0.3478682 0.4423787 0.3562931 0.9274818 0.7622672 0.7186621 0.5542453 0.5700158 0.4338370 0.6565851 0.3438106 0.7242126 0.7140624 0.8559699 0.3129084 0.4364601 0.4268001 0.6680513 0.3759064 0.4484049 0.3633446 0.5062174 0.0842510 0.4374635 0.6273533 0.7086830 0.4121641 0.4313402 0.9338319 0.5343877 0.2206905 0.1770848 0.7341107 0.6575607 0.5080774 0.7558401 0.3721467 0.6832835 -0.1414333 0.2645512 0.2888170 0.4596292 0.4685629 0.5356276 0.2252609 0.4091225 0.4648417 0.6796974 0.5754968 0.6788786 0.5866654 0.5545172 0.8640802 0.5262950 0.5926821 0.7453663 0.6919071 0.5728091 0.6999051 0.5195557 -0.0545380 -0.0443423 0.3329638 0.2525845 0.3388752 0.3329667 0.2740586 0.3118387 0.2810052 0.2557294 -0.1337969 0.2215204 0.4847772 0.2029045 0.1452474 0.3479464 0.2899014 0.3012730 0.0068206 0.3694856 0.3473533 0.3062995 0.4614280 0.1984788 0.1502850 0.3170558 0.3112182 0.3377181 -0.3703108 0.4507318 0.2886207 0.3425542 0.3240196 0.2630916 0.4914852 0.4501740 0.4324786 0.5676753 0.3511244 0.5389203 0.3647686 0.2818556 0.3735781 0.2399776 0.4198555 0.0701432 0.1141899 0.4544443 0.1828886 0.1440310 0.1670254 0.2663876 0.0549323 -0.0369192 0.2805415 0.4839736 0.1972404 0.0884184 0.0731430 0.3290719 0.6945974 0.4054382 0.6032211 0.3334775 0.2794130 0.4673625 0.2680143 0.2364855 0.7089850 0.4407398 0.4852624 0.4295897 0.5155305 0.7157732 0.1152704 0.4794148 0.8101524 0.4281681 0.6959768 0.4574244 0.1995554 0.5956813 0.6416829 0.6892710 0.3603180 0.7259265 0.7081875 0.7270770 0.6963044 0.6918923 0.7162769 0.6983165 0.1925398 -0.0621736 0.1621085 0.0228486 -0.0947836 -0.2250057 0.1191036 0.1080163 0.2673763 0.2070899 0.1125675 -0.0632406 -0.3124964 -0.2401153 -0.2379156 0.3355646 0.3562641 0.2381756 0.5360544 0.1810394 -0.2927811 0.1523742 0.1868597 -0.1512075 -0.1329706 -0.2801771 -0.2024867 -0.0563929 -0.6129243 -0.6422748 -0.5346301 -0.3527808 -0.2450029 -0.1314688 0.0439650 -0.4462448 -0.7374655 -0.5286325 -0.4917824 -0.5045452 -0.0357915 -0.1661326 -0.2008509 -0.2922245 -0.2576244 -0.2193801
0.3091843 0.3312907 -0.3858565 0.3220309 -0.4318629 0.6619333 0.2400552 0.4151846 0.9565739 0.0000000 0.5635801 0.6959155 0.1664570 0.9521890 0.7706570 0.5422203 0.6509170 0.7836820 0.7398861 0.1447244 0.3187053 0.4582383 0.3920854 0.9266762 0.8160615 0.7191142 0.5704419 0.5081660 0.4899465 0.6411595 0.3819375 0.7483299 0.6513461 0.8997872 0.2898749 0.3533617 0.4322998 0.7147352 0.3889401 0.4322179 0.3167237 0.4436701 0.1039366 0.3437504 0.6126995 0.7153282 0.4093760 0.3855754 0.9006087 0.5600738 0.2267787 0.2298202 0.7844761 0.6075609 0.4270815 0.7504137 0.3539900 0.6352285 -0.2268588 0.2589726 0.2023635 0.4747749 0.4652437 0.5557598 0.2454568 0.3909493 0.4844110 0.6716961 0.6107909 0.7081810 0.5800109 0.5996892 0.8479064 0.5369830 0.6218840 0.7331205 0.6746884 0.6151082 0.6862573 0.4995580 0.0370066 0.0298497 0.3395692 0.2367657 0.3500111 0.3412865 0.3047145 0.2794753 0.3417389 0.3146374 -0.0070903 0.3092712 0.5902607 0.1245133 0.3182699 0.4005998 0.3700920 0.3831070 0.1059363 0.2767372 0.3869004 0.3753998 0.4771252 0.1923996 0.2626965 0.4148160 0.3397945 0.3781907 -0.3592338 0.4820165 0.3720725 0.3137820 0.3390737 0.2983679 0.5222271 0.4056224 0.4438473 0.5585797 0.2401128 0.5633196 0.3639752 0.3111048 0.2868153 0.1873090 0.4190782 0.0343389 0.1754951 0.4469796 0.2196853 0.1984256 0.2058198 0.2662201 0.1301370 -0.0409136 0.2691103 0.4957988 0.2249721 0.1254883 0.1102536 0.3535386 0.6530071 0.4429858 0.5453100 0.3143689 0.2686259 0.4746756 0.2929937 0.2751167 0.6063238 0.4954412 0.4877743 0.4099963 0.5777080 0.7105725 0.2780518 0.4425828 0.7538758 0.5337391 0.6343827 0.4456058 0.3519701 0.6514245 0.6152593 0.6660688 0.4822709 0.6805314 0.6575180 0.6215245 0.6163907 0.6899228 0.6446832 0.6137517 0.1332505 -0.1630371 0.0117072 -0.0924322 -0.1607260 -0.2305779 0.0399073 0.0783278 0.2582415 0.1208596 0.0153231 -0.0202070 -0.3526268 -0.2973835 -0.3490086 0.2868360 0.3355564 0.2297823 0.5168528 0.1719968 -0.3180584 0.0799155 0.1400449 -0.2235142 -0.1929652 -0.3355656 -0.2485125 -0.0938932 -0.6154103 -0.6687704 -0.4434083 -0.3705114 -0.2768418 -0.1599575 0.0085637 -0.5221579 -0.6847101 -0.5625595 -0.3956461 -0.4682871 -0.0945961 -0.2214878 -0.2500033 -0.2659043 -0.3684092 -0.3293706
0.5667785 0.6666914 0.3322361 0.7352517 0.0909898 0.8392415 0.5021523 0.9144263 0.4791265 0.5635801 0.0000000 0.8109886 0.7651082 0.4262470 0.7881250 0.9513859 0.8199332 0.1212952 0.7495437 0.3288022 0.7990957 0.8178990 0.8807951 0.2951279 0.6376583 0.5004755 0.5435725 -0.3663751 0.9276798 -0.1107775 0.6959301 0.4680582 -0.2251958 0.7809068 -0.1266206 0.7030347 -0.0900926 0.6626892 -0.2132894 -0.1129502 0.2862355 0.7769452 -0.4067978 -0.5042953 0.8203323 0.3441406 -0.1204365 0.3039878 0.6159081 0.4774625 -0.3364681 -0.1164309 0.6968092 0.5577988 0.4712904 0.4957600 -0.0499050 0.7798510 -0.1599308 -0.2272042 0.3786412 0.1303943 0.6781942 0.9006496 0.6876932 0.4116180 0.2128488 0.6554750 0.7149056 0.8246462 0.7211558 0.9107698 0.5546906 0.8996880 0.8537133 0.7773476 0.7921022 0.8357035 0.8019421 0.7600223 0.4768360 0.2340755 0.6053982 0.5249585 0.6145317 0.5847943 0.4199838 0.6536836 0.5067659 0.5941033 0.3733742 0.6190625 0.6154398 0.4198768 0.6565708 0.5807118 0.6636748 0.5696788 0.5620105 0.5108440 0.6526874 0.6020536 0.5864813 0.2843699 0.5877984 0.6964340 0.4671245 0.3948571 0.0633470 0.4176316 0.6471460 -0.1417588 0.2918904 0.3174304 0.4052193 0.2596761 0.3810377 0.2649633 -0.0114056 0.5038410 0.4676069 0.5186588 0.4776731 0.3783409 0.3310920 0.0886198 0.5268735 0.5855396 0.2694891 0.5930583 0.5326804 0.7039393 0.5876028 0.1984276 0.5764940 0.4152419 0.4278244 0.2543906 0.4362853 0.4640429 0.4913687 0.6355740 0.5308121 0.4079831 0.3450207 0.3785447 0.3072546 0.2570576 0.3120743 0.6948547 0.4433884 0.4133644 0.5500391 0.5257038 0.4527215 0.4576866 0.4595474 0.5745103 0.3998262 0.5059988 0.3401037 0.6509010 0.5902032 0.4978230 0.4296570 0.5922215 0.4742587 0.3099500 0.3398956 0.6399487 0.3461893 0.3532843 0.4475895 -0.0194281 0.1565213 -0.1250070 -0.1131270 -0.2160132 0.1134741 0.1883746 0.0113463 0.2749409 0.3457582 0.2208362 -0.1956986 0.0561757 -0.3632131 0.6619442 0.7835177 0.5321123 0.3494871 0.4746873 -0.1365873 -0.4931116 -0.1322353 -0.5443066 -0.2887076 -0.0964838 0.0958703 -0.2227631 -0.4714607 -0.5479215 -0.0622000 -0.3450992 0.1208487 0.3404073 0.0031153 -0.2871459 -0.5083954 -0.2925307 0.0445453 -0.2563703 0.2460889 0.2131711 0.2384622 -0.0806240 -0.3010848 -0.1501913
0.5614718 0.6809391 0.0809562 0.6887588 0.0736836 0.9698884 0.7904963 0.7178614 0.7543577 0.6959155 0.8109886 0.0000000 0.6160739 0.6313353 0.9592972 0.8183016 0.6424653 0.5179119 0.7232874 0.3367853 0.8529087 0.7803403 0.7253442 0.5779839 0.6611221 0.5871981 0.5664138 -0.0071606 0.7569706 0.1556516 0.5931581 0.5199950 0.1532920 0.8324387 0.0085723 0.7912549 0.0106978 0.6691297 -0.1295533 0.0296770 0.3295745 0.8274540 -0.3783656 -0.1201018 0.8422168 0.4680873 0.0164528 0.3904737 0.8682985 0.5775024 -0.2264670 -0.2054121 0.7394743 0.6467965 0.6564759 0.6630980 0.0732059 0.8866519 0.0407533 -0.1194213 0.6209397 0.1425767 0.6586480 0.8321957 0.6496963 0.4256735 0.2769964 0.6623852 0.6802600 0.7966282 0.7171327 0.8582784 0.7149690 0.8774640 0.8239143 0.8286412 0.8858641 0.7623740 0.8592811 0.8505259 0.2225839 0.0765688 0.5557085 0.4610117 0.5253204 0.5174464 0.3803867 0.6857115 0.4061811 0.4581914 0.0645845 0.4271548 0.4753328 0.5104823 0.3224289 0.4439978 0.5265879 0.3819022 0.2857557 0.5731677 0.5083858 0.4698175 0.5253971 0.2429404 0.3575893 0.4631910 0.3904868 0.2771837 -0.0783735 0.3443462 0.4358558 0.0541467 0.2421127 0.1733570 0.3610641 0.3525611 0.3467183 0.3573770 0.3132116 0.5208172 0.4432398 0.3699931 0.5852831 0.4803363 0.4010967 0.2702441 0.3002573 0.5107895 0.2822432 0.4406186 0.4003134 0.5794360 0.3490248 0.2855808 0.4092108 0.4047976 0.3740180 0.2233948 0.3201873 0.5450686 0.6116960 0.5559831 0.6322747 0.5202916 0.3464576 0.4075652 0.1792153 0.1117605 0.5320008 0.5706809 0.6279469 0.5125057 0.4477669 0.5915452 0.1065018 0.6436331 0.6854751 0.4247770 0.5416776 0.6826369 0.1007619 0.6347618 0.7046369 0.7072170 0.2510418 0.7743661 0.6019531 0.5261386 0.5251311 0.7706562 0.5260806 0.5483026 0.5655425 0.2028802 0.4635016 0.2050453 0.1281872 -0.1415931 0.4084973 0.3194170 0.2007296 0.4558643 0.4490057 0.0683220 -0.1450757 0.1140951 -0.1432819 0.7055673 0.7921038 0.6003728 0.5250385 0.5692521 -0.0224077 -0.1195494 0.1459088 -0.2284409 -0.0337922 0.0648830 0.2029940 0.0153887 -0.4899615 -0.5648704 -0.3636790 -0.2298942 -0.0066840 0.1743223 0.1463960 -0.2442273 -0.7381767 -0.2741538 -0.2707799 -0.3303811 0.1614904 0.3133383 0.2677261 -0.2455653 -0.1625732 0.0012004
0.6944716 0.7372461 0.6455281 0.7815362 0.4741598 0.6374084 0.5168743 0.8782502 0.1316345 0.1664570 0.7651082 0.6160739 0.0000000 -0.0045289 0.5112257 0.7416995 0.3898751 -0.1820158 0.4313443 0.5120739 0.7654036 0.8214255 0.7262859 -0.0594885 0.3492532 0.3419831 0.2456715 -0.5003117 0.6469197 -0.2918036 0.7844402 0.2768618 -0.4340586 0.3719421 -0.0704998 0.5728071 -0.1134369 0.5247686 -0.2901434 -0.2528257 0.3251517 0.6127587 -0.3474669 -0.5143464 0.5644883 0.1526496 -0.1029352 0.3099178 0.3162044 0.4117502 -0.2861434 -0.1178385 0.3999533 0.3616097 0.5012342 0.3250449 -0.0080876 0.5385125 0.1719159 -0.1661325 0.5518127 0.1332561 0.7292156 0.7660613 0.7704293 0.3827162 0.2472069 0.4435663 0.6135445 0.6401224 0.5483586 0.8110678 0.3434740 0.8514602 0.7042290 0.5726952 0.6985270 0.7001524 0.6515913 0.8365326 0.7278877 0.2092756 0.3358296 0.2638201 0.3294630 0.2904026 0.1602128 0.5060214 0.2559604 0.3714113 0.3482069 0.4289365 0.3294903 0.3236689 0.5327290 0.3031239 0.6371256 0.3447789 0.5295496 0.3472694 0.3931194 0.3211154 0.2487890 0.1484062 0.4890696 0.4177407 0.1643923 0.0576442 0.2027515 0.0254972 0.4419069 -0.3643509 0.1212204 0.1349769 0.1103432 0.0740934 0.1674930 0.0013042 -0.0401608 0.1802466 0.3229423 0.4043121 0.3757119 0.4270936 0.0739111 0.0456204 0.4823325 0.2562570 -0.0032869 0.5618374 0.4058584 0.6097314 0.4926264 0.2271559 0.3810452 -0.0081784 0.2767203 0.1014739 0.2354786 0.3087910 0.1535567 0.3881747 0.5065610 0.2072264 0.2055419 0.0265194 0.1360576 0.0450156 0.1014758 0.4500845 0.2736708 0.2122247 0.2332079 0.1336140 0.3639758 0.2907651 0.2287599 0.3155436 0.2421141 0.4179829 0.2571157 0.3416483 0.4295353 0.2927227 0.2861292 0.3199176 0.1870201 0.0489764 0.1710730 0.3408775 0.1550606 0.2322225 0.5522979 0.3869837 0.5124280 0.2269175 0.2250418 0.0649415 0.3013927 0.1268342 0.0344258 0.3141846 0.4963269 0.2570122 0.1532779 0.4649695 0.0335036 0.8514345 0.8584504 0.7212100 0.0739527 0.7673561 0.3177982 -0.4710662 -0.2550749 -0.3345866 -0.1674449 0.3031080 0.5351837 -0.1880100 0.0167455 -0.1947775 0.2163857 0.0224879 0.4055407 0.6490234 -0.1689183 0.1174480 -0.1264340 0.1759178 0.1854521 0.0873175 0.4552180 0.4322896 0.5290373 0.0621531 0.0066972 0.2760315
0.2258439 0.2554302 -0.4903518 0.2278807 -0.4915542 0.6010015 0.2647670 0.2497029 0.9387757 0.9521890 0.4262470 0.6313353 -0.0045289 0.0000000 0.7153909 0.4018261 0.6091330 0.8770001 0.5977608 0.0720153 0.2264616 0.2578602 0.2610971 0.9358603 0.6996597 0.6198145 0.6138536 0.6314525 0.3450327 0.7078358 0.1913407 0.6503659 0.7378492 0.8102848 0.3078297 0.2905681 0.4041530 0.5700822 0.4380300 0.4881286 0.2240792 0.3559144 0.1735339 0.4687393 0.5124457 0.6088915 0.3782536 0.3175558 0.8519903 0.4670096 0.2522525 0.2603010 0.6750674 0.5413463 0.3190470 0.6237654 0.3036971 0.5425563 -0.1650592 0.2653376 0.1932796 0.4260696 0.2960257 0.3882762 0.0982250 0.3275340 0.3825174 0.5603987 0.4612187 0.5424191 0.4570785 0.4334453 0.7388208 0.3692342 0.4573094 0.5923668 0.5222726 0.4311501 0.5304824 0.3526533 -0.1144742 -0.0112578 0.2395966 0.1627836 0.2585016 0.2205925 0.2645518 0.2322916 0.2320961 0.1947464 -0.1445804 0.2101899 0.4433047 0.1364630 0.1430899 0.3280855 0.2422066 0.2469794 -0.0556632 0.2644055 0.2988317 0.2321300 0.3676742 0.1603426 0.1296937 0.3134206 0.2210933 0.3394061 -0.4208826 0.4464900 0.2480538 0.2689824 0.2803767 0.2494028 0.4763127 0.3831192 0.4115322 0.5444518 0.2517423 0.4875602 0.2822596 0.1801800 0.2348968 0.1047721 0.3971896 0.0541651 0.0167164 0.3682289 0.2335583 0.0252082 0.0845976 0.1579439 -0.0224538 -0.0545123 0.1924873 0.4886126 0.1745374 0.1060151 0.0618972 0.3001884 0.6253048 0.3594362 0.4478930 0.3195177 0.2470145 0.4843081 0.2188770 0.2274159 0.5743566 0.3507462 0.4697438 0.3558556 0.4596374 0.6492582 0.1238669 0.4387885 0.6766556 0.4198262 0.5340436 0.4208187 0.2589540 0.5711900 0.5606869 0.6032685 0.3674401 0.6532206 0.6407460 0.5811697 0.5301749 0.6289580 0.5940458 0.5343999 0.0260849 -0.2038282 -0.0040219 -0.0610761 -0.1456741 -0.2152605 0.0606829 0.1108299 0.2796213 0.1464319 -0.0166835 0.0074717 -0.3101752 -0.3177844 -0.2458023 0.1749313 0.2451360 0.1574502 0.4517841 0.0530872 -0.2904428 0.1714859 0.1836765 -0.1143350 -0.1569585 -0.3030488 -0.2600233 -0.0329514 -0.6090631 -0.6117520 -0.5269455 -0.3379433 -0.3612950 -0.2431938 0.0285367 -0.5006780 -0.6341210 -0.5192780 -0.5039633 -0.4810373 -0.1612485 -0.2301837 -0.3378722 -0.2540385 -0.1860624 -0.2397413
0.5317155 0.6449458 0.0263706 0.6201541 -0.0118629 0.9215486 0.6774422 0.6761766 0.8083310 0.7706570 0.7881250 0.9592972 0.5112257 0.7153909 0.0000000 0.7386459 0.7085828 0.5880178 0.7075326 0.3156597 0.7462227 0.7295978 0.6140746 0.6743275 0.6898809 0.5308057 0.6408733 0.0814162 0.7649563 0.2594865 0.5587816 0.5657754 0.2288153 0.8894360 0.0090050 0.6773781 0.0664265 0.6765232 -0.0378469 0.1476437 0.3480668 0.7362073 -0.3198334 -0.0427096 0.8273414 0.4917247 0.0466162 0.3986648 0.9046949 0.5116681 -0.1565304 -0.1110059 0.7829076 0.6805051 0.6024271 0.6638873 0.0938541 0.8880401 -0.0847380 -0.0683133 0.4997416 0.1661577 0.6560236 0.8120983 0.5825360 0.4090945 0.3035884 0.6595997 0.6763289 0.8056618 0.7259062 0.8319650 0.7413672 0.8250962 0.7747067 0.8213456 0.8173695 0.7741771 0.8460094 0.7626619 0.2226828 0.0899254 0.4531393 0.3554377 0.4320796 0.4013004 0.3011778 0.5386788 0.2802598 0.3673142 -0.0637378 0.3401703 0.3982662 0.4110914 0.2488807 0.3556334 0.4463337 0.2757744 0.1788770 0.4779125 0.4004262 0.3855421 0.4406365 0.1814179 0.2633064 0.3905950 0.2862945 0.2030649 -0.2114166 0.2853133 0.3310905 -0.0066795 0.1658264 0.0991968 0.3162614 0.2570249 0.2806392 0.3103372 0.2134560 0.4608240 0.3238181 0.2893199 0.4650370 0.3126404 0.3168100 0.1903937 0.2217599 0.5134071 0.2580593 0.3527095 0.2944966 0.4873144 0.3154164 0.2469906 0.4121254 0.4167153 0.3053724 0.1522561 0.2443200 0.4744052 0.6009843 0.5123544 0.5452518 0.4683706 0.2498073 0.4186782 0.1068796 0.0735370 0.5186200 0.5374322 0.5470868 0.4969322 0.3904627 0.6166801 0.0721202 0.5831981 0.6486309 0.4248040 0.5062220 0.5887404 0.0762606 0.5767243 0.6588179 0.6373602 0.2001389 0.7844109 0.6117507 0.5255350 0.4826859 0.7194611 0.5054901 0.4974854 0.4913887 0.1256433 0.3363869 0.0900775 0.0281919 -0.2057848 0.2365725 0.1308350 0.0571218 0.2715038 0.2935215 -0.0370453 -0.2299817 -0.0236946 -0.2253349 0.6130133 0.7416525 0.5446152 0.4649312 0.4895095 -0.0889572 -0.1545787 0.1099368 -0.2490075 -0.0438255 -0.0181543 0.1073026 -0.0018717 -0.5534453 -0.5110128 -0.3671127 -0.2886311 -0.0576027 0.1563483 0.1427206 -0.2899296 -0.7584125 -0.3049900 -0.2664178 -0.3495325 0.1464193 0.2027269 0.2047419 -0.2396806 -0.1582013 -0.0334210
0.5159747 0.5602289 0.1988268 0.6390816 0.0487300 0.8483811 0.5708485 0.8398040 0.4901552 0.5422203 0.9513859 0.8183016 0.7416995 0.4018261 0.7386459 0.0000000 0.7180763 0.1482369 0.8301161 0.3829747 0.7859626 0.8128342 0.9493809 0.2862853 0.6661954 0.6265493 0.5332577 -0.3243328 0.8722087 -0.0669919 0.6959080 0.5149597 -0.1609883 0.7557118 -0.0226491 0.7450921 -0.0092438 0.6935242 -0.1613975 -0.0901233 0.3404308 0.7989282 -0.3638695 -0.4734362 0.7797263 0.4319064 -0.0167169 0.3596174 0.6157055 0.5277486 -0.2686394 -0.1205790 0.6444354 0.5278024 0.5312712 0.5615493 0.0594561 0.7311182 -0.1094020 -0.1484436 0.3769421 0.1896546 0.6703298 0.8705050 0.6319942 0.5130729 0.2952566 0.6637014 0.7231832 0.8099680 0.7708178 0.8830675 0.5943889 0.8799604 0.8829594 0.7832952 0.8208533 0.8327591 0.8251616 0.7692159 0.4017190 0.2329695 0.6709393 0.5684188 0.6407792 0.6670009 0.4332741 0.7111654 0.5962167 0.5924064 0.4116670 0.6180929 0.6496892 0.4667916 0.6748108 0.6396125 0.6463409 0.6082427 0.5916677 0.5838082 0.6864152 0.6406777 0.6447454 0.3351186 0.5923705 0.7218916 0.5400671 0.4510253 0.0522103 0.4704881 0.6825000 -0.0519274 0.3556302 0.3680552 0.4721726 0.3536877 0.4422000 0.3307640 0.0696139 0.5207629 0.5366202 0.5569438 0.5481507 0.4727844 0.3530164 0.0880523 0.5245355 0.5819603 0.2061631 0.5499015 0.5092218 0.6953778 0.4782542 0.1034618 0.5137383 0.3900686 0.3558305 0.1924557 0.3730096 0.4375480 0.5296660 0.5727728 0.6069568 0.3738153 0.3232755 0.3311462 0.3283682 0.2498445 0.3823374 0.6401186 0.4601485 0.3973149 0.5904532 0.5571043 0.4531088 0.4586848 0.5026809 0.5409399 0.4575421 0.5375593 0.3133195 0.6528181 0.5992119 0.5449314 0.4710223 0.5789490 0.4730930 0.3701467 0.4267931 0.6656919 0.4161703 0.4457389 0.4753344 -0.0183318 0.1717288 -0.0887043 -0.1142894 -0.2119309 0.1807995 0.2787815 0.0954599 0.3640112 0.3867755 0.2521805 -0.1700511 0.0537529 -0.2992470 0.6651747 0.7349310 0.4934003 0.3838409 0.4318976 -0.1981532 -0.4170942 -0.0851104 -0.5582683 -0.3394939 -0.1497827 0.0645347 -0.2599510 -0.4673650 -0.5716488 -0.1132460 -0.3352586 0.1345615 0.3031488 0.0066319 -0.2668638 -0.5223980 -0.3019109 -0.0270636 -0.3229608 0.2385464 0.2102349 0.2154096 -0.0945741 -0.3803843 -0.1875010
0.3508836 0.5245656 0.1190597 0.5493972 -0.2906226 0.7152665 0.3088011 0.6831436 0.5392745 0.6509170 0.8199332 0.6424653 0.3898751 0.6091330 0.7085828 0.7180763 0.0000000 0.2261825 0.5702766 0.0129591 0.5307136 0.4522458 0.6370380 0.4180735 0.5213341 0.3441916 0.5559350 -0.1723211 0.8349154 -0.0057598 0.3215607 0.3152012 -0.0170699 0.8161480 -0.1937593 0.5916168 -0.2017376 0.4162816 -0.0859327 -0.0321548 0.0517035 0.6453920 -0.2920592 -0.2969936 0.7710483 0.1742625 -0.2348609 0.0914548 0.6244291 0.3835966 -0.3490558 0.0101057 0.7218915 0.6064074 0.2122178 0.3069821 -0.2584864 0.7216033 -0.4545870 -0.2979253 0.1013479 0.1628855 0.3117473 0.7385280 0.4046942 0.0990923 0.0117998 0.6281788 0.4414501 0.7330082 0.4246655 0.6949368 0.4943674 0.6299056 0.5629167 0.6559482 0.5644393 0.5467392 0.5029390 0.3650838 0.0775642 0.0937420 0.4258108 0.4338222 0.5352961 0.4452278 0.3738136 0.5172992 0.3664124 0.5081839 0.1527677 0.4298264 0.5198262 0.4312513 0.4430165 0.4572773 0.4680296 0.4042980 0.3349757 0.4698615 0.5701680 0.4279763 0.4755777 0.3624464 0.3811423 0.6027280 0.3158944 0.3954180 -0.1527551 0.4304234 0.4586526 -0.1033226 0.3324634 0.3266050 0.4319604 0.2790778 0.3702576 0.3156926 0.0099041 0.4790990 0.3674017 0.3754259 0.3031002 0.2018475 0.3733071 0.0042745 0.3183216 0.5769688 0.3184528 0.3198840 0.3827875 0.4210935 0.3967929 0.0406802 0.5171076 0.5259784 0.4009682 0.2648416 0.4691718 0.2527491 0.5932425 0.5393742 0.3371824 0.2248570 0.3145982 0.4398394 0.3283454 0.3938850 0.3936352 0.5470398 0.2863152 0.2154280 0.5384789 0.5411864 0.2579891 0.2852066 0.4140863 0.5205030 0.3773140 0.2408240 0.2820382 0.5795458 0.4559197 0.3053370 0.3662651 0.5079962 0.5159477 0.4056910 0.3199762 0.5247414 0.4022647 0.3348902 0.0815070 -0.3461234 -0.1311433 -0.3632680 -0.3569680 -0.4310598 -0.1336055 0.0373934 -0.1008633 0.0685097 0.0356720 0.0708805 -0.4683490 -0.3554970 -0.6278753 0.2139902 0.4786504 0.2411146 0.2645583 0.1561340 -0.3035690 -0.4236485 -0.1419925 -0.5111799 -0.3112684 -0.2897252 -0.2820519 -0.2219685 -0.6815544 -0.5732887 -0.3349464 -0.5793880 -0.1406298 0.0115054 -0.0584615 -0.5579295 -0.5482221 -0.4833229 -0.1819032 -0.4467653 -0.0110649 -0.0751435 -0.1429410 -0.2016201 -0.2437222 -0.3198995
0.1178257 0.0625086 -0.6218303 0.0490863 -0.3095644 0.4289765 0.3404542 -0.0234142 0.8626716 0.7836820 0.1212952 0.5179119 -0.1820158 0.8770001 0.5880178 0.1482369 0.2261825 0.0000000 0.4203617 0.1379938 0.0910295 0.1196709 0.0153701 0.9176179 0.5160948 0.5123991 0.5349191 0.8187302 0.0283481 0.8300434 0.0767842 0.5546255 0.8636100 0.5927172 0.3830383 0.1108900 0.5024815 0.4143138 0.4859531 0.6163823 0.2283917 0.1571682 0.2387824 0.6789180 0.2732327 0.5889664 0.4810172 0.2977465 0.7529456 0.2636339 0.3944738 0.1956435 0.4721663 0.3615696 0.2838460 0.5527801 0.4359500 0.3540097 0.1192813 0.3911139 0.2707380 0.3340552 0.2168781 0.1352119 -0.0042871 0.3317795 0.3956413 0.3333836 0.2830530 0.2919125 0.3698032 0.2047085 0.6188444 0.1756902 0.2590615 0.3769041 0.3379180 0.2463039 0.4178883 0.2770898 -0.1962172 -0.0622466 0.0871718 0.0103777 0.0466619 0.0755567 0.1417825 0.0591183 0.1018784 -0.0280157 -0.3003850 0.0270647 0.2061448 -0.0439205 -0.1150300 0.1422201 0.0195367 0.0256464 -0.2722986 0.0736662 0.0175966 0.0592537 0.1822072 -0.1028975 -0.0844933 0.0221512 0.1171678 0.1267149 -0.4211363 0.2478402 0.0150263 0.3335993 0.0362214 0.0032239 0.2686166 0.2290613 0.2026236 0.3833772 0.2734850 0.3124629 0.0800379 -0.0691990 0.1731446 -0.0093486 0.2607268 0.1982615 -0.2175666 0.1290573 0.1843666 -0.1324415 -0.0956095 0.0001982 -0.2072271 0.0459504 -0.0075587 0.2946181 0.0301880 0.0281027 -0.1202794 0.3247397 0.4257919 0.1730487 0.3199970 0.3725033 0.1357395 0.3477279 0.0003821 -0.0435113 0.4576473 0.1415074 0.4708243 0.3652557 0.2020220 0.4719487 -0.1288975 0.4511763 0.5801208 0.1517601 0.3962283 0.4609858 -0.0180265 0.3665237 0.4020796 0.6069411 0.0945636 0.5810669 0.4748580 0.4684671 0.4383625 0.5177777 0.4453186 0.4147237 0.1251705 0.0466861 0.1802617 0.2008102 0.0971813 0.0105533 0.2390923 0.1808476 0.3173519 0.1858746 0.0442324 -0.0470697 -0.0589053 -0.1241566 0.1105818 0.1739191 0.1300091 0.1612493 0.4654984 0.0497677 -0.1332521 0.4518083 0.4046747 0.1712487 0.0869386 -0.1077604 -0.0764342 0.1914160 -0.3478530 -0.3787485 -0.4949174 -0.1163233 -0.3436093 -0.2268705 0.2241599 -0.2380037 -0.5356628 -0.2879036 -0.5171856 -0.3002691 -0.1337321 -0.0588713 -0.1796538 -0.2385706 -0.0156977 -0.0299642
