0.0000000 0.7216818 0.3555059 0.6283728 -0.0437033 -0.4873493 -0.3141946 0.4384494 -0.5443877 0.2911869 0.3678325 -0.6688590 0.3592981 0.1525949 -0.5053254 0.2206827 0.6263468 -0.2322917 0.1421913 0.2873243 -0.2888539 0.3790605 0.2701264 -0.2838023 0.1636685 0.0679109 0.3220749 -0.4471700 -0.5882013 -0.4185733 0.5595393 0.0053957 -0.5634924 -0.6374262 -0.1662177 0.0636898 -0.3556844 -0.1189740 -0.1107449 -0.2476514 0.3347991 -0.1926321 -0.2024197 -0.6370389 -0.4793799 -0.2932910 -0.3049671 -0.1633951 -0.6381614 -0.1452133 -0.3068986 -0.1001029 -0.3865658 -0.0886443 -0.3367842 -0.2798266 -0.3131019 0.3146204 -0.3058744 -0.3293476 -0.3870219 -0.5164699 -0.2541160 -0.1460433 -0.5058514 -0.2136916 -0.1949533 0.2319029 -0.1932771 0.0901922 -0.1476782 -0.2333411 0.1364778 -0.4240667 -0.2511584 -0.1603328 -0.2425424 -0.4495016 -0.2427512 -0.3403801 -0.1469753 -0.3605826 -0.4792632 -0.5528744 -0.2646213 -0.3433644 0.2308888 -0.2235531 -0.0600140 -0.0738304 0.3937427 0.2684965 -0.2250312 -0.0856961 -0.3180700 -0.1599628 -0.1076626 -0.4035632 -0.2969401 -0.0506876 -0.3985746 -0.3519919 -0.7138794 0.1748525 -0.0831277 0.1390520 -0.3339416 -0.7016751 -0.0887984 -0.2455042 -0.0553891 -0.1776003 -0.2382693 -0.4121623 0.3148582 -0.2023083 -0.2971966 -0.0132398 -0.1499167 0.0415916 0.0390943 -0.1132713 -0.1415886 0.0543800 0.3637684 0.1638518 0.0856432 0.4041308 0.0775911 -0.2852025 -0.1445053 0.0835402 -0.1984106 -0.1603397 -0.0140274 0.3627034 -0.0250072 0.0303299 0.0605532 0.1997201 -0.0688415 0.3088477 0.3017649 0.1344895 -0.0883080 -0.1608829 0.0509500 0.1368301 0.0322997 0.4295477 0.1847873 -0.0958809 0.0724119 -0.2171788 0.0424476 0.1200144 0.0221444 -0.1919469 0.0171072 0.1376168 -0.1961194 0.0999417 -0.1904853 0.0679503 -0.3018395 -0.1213053 -0.1104672 -0.1653450 -0.1163301 -0.2121013 -0.2433128 -0.1916087 0.7506699 0.4742731 0.2538914 -0.0615483 -0.3263692 -0.0263479 -0.1942050 -0.1672432 0.1850874 -0.1041691 -0.0085985 0.0416086 -0.0534382 -0.4036705 -0.2235904 -0.0054844 0.0991257 0.2330735 0.0149574 0.0618917 0.4009899 0.0687709 0.1242403 0.0057486 0.1595969 0.0198155 0.0519981 0.0468349 0.2625270 0.2566740 -0.0127899 0.0644709 0.2180014 0.0961494 0.2940754 0.2737899 0.4674768 0.3920792 0.0392800 0.2013190 0.2992506 0.2502488 0.1001516 0.3805378 0.1534146 0.1814471
0.7216818 0.0000000 0.6601805 0.7847411 0.2472444 -0.3589188 0.0216761 0.6309473 -0.1133374 0.6550433 0.7395612 -0.4622678 0.6616877 0.4333152 -0.1063328 0.5438683 0.8719400 0.0738722 0.4855252 0.4896302 -0.1599670 0.4428688 0.5661732 -0.0065738 0.3786712 0.3938871 0.6622489 -0.1880602 -0.3892678 -0.1113166 0.6665662 0.2352280 -0.4514910 -0.4757128 0.1158760 0.2141050 -0.1106722 0.2879243 0.3202943 0.1551853 0.5666918 -0.0532617 0.1538931 -0.4159164 -0.2519208 0.0206800 -0.1442786 0.2511170 -0.4576329 -0.0121088 -0.0936646 0.2825676 0.0346114 0.2777431 0.0570333 0.0856127 -0.1055277 0.5434621 -0.1369593 -0.0742675 -0.0263823 -0.3084405 -0.0078302 0.1463940 -0.2577173 0.0512417 0.0952566 0.5180043 0.0440226 0.4405400 0.1109352 0.0784192 0.4412580 -0.0454647 -0.0567883 0.2758059 0.2223826 -0.2886541 0.1543084 -0.0907247 0.0403900 -0.1032612 -0.3080991 -0.3916843 -0.2794176 -0.4082371 0.2077500 -0.1449215 0.0429206 0.0664059 0.4708593 0.2146912 -0.1841211 -0.1907542 -0.3109491 -0.3101812 -0.1952723 -0.5177205 -0.2068789 0.0011694 -0.1627959 -0.4612780 -0.5967361 0.2710538 -0.1971246 0.0237673 -0.4195255 -0.5445280 -0.2046703 -0.0715484 -0.1289604 -0.2753424 0.1534453 -0.1751117 0.4961165 0.0497608 -0.1554098 0.1273792 0.0600172 -0.0606520 0.0650514 -0.0372267 -0.2159275 0.2809459 0.2511975 -0.0007888 0.2141180 0.2945638 -0.1042222 -0.1554172 -0.2258947 0.0606315 -0.0553252 0.1265091 -0.1207138 0.2401922 -0.0541765 -0.1870547 -0.1160267 -0.0609584 0.0675395 0.1132228 0.4425496 -0.0527875 -0.1774924 -0.2334609 0.0295941 0.0938020 0.1446476 0.2375148 0.0077028 -0.1404511 0.0936112 -0.0952028 0.2181186 -0.0418883 0.0237378 -0.0591260 0.1262377 -0.0082508 0.0743394 0.1010071 -0.3425058 -0.0438033 -0.0615070 -0.0518945 -0.1395496 -0.0419677 -0.0533796 -0.2076629 -0.0307151 -0.0204275 0.5867996 0.6270430 0.4614225 -0.0105545 -0.3220412 -0.2798525 -0.2368730 -0.2488527 -0.1457184 -0.0740363 -0.0167796 0.0533852 0.1241149 -0.0620691 0.0845220 0.3867864 0.2617577 0.2496780 -0.0492905 0.2478255 0.0504116 -0.0252508 -0.0228133 -0.1637515 -0.2533778 -0.1678073 0.0151389 -0.2168989 0.2971647 0.1533486 -0.1867024 -0.1747682 0.2954547 0.0816673 0.0480692 0.3032766 0.3165916 0.3539752 -0.1580091 -0.0363945 0.4492027 0.1311157 -0.0744893 0.4285842 0.3739929 0.2844643
0.3555059 0.6601805 0.0000000 0.5135354 0.7721663 -0.2720060 0.2721301 0.8058345 0.1116763 0.3352608 0.6315305 -0.1614600 0.7998608 0.0955377 -0.0068278 0.5675845 0.5220791 -0.0732110 0.6097086 0.5291291 -0.0940157 0.3921231 0.6081020 -0.0471385 0.6051049 0.4017528 0.3641077 -0.1626586 -0.2122885 -0.1298110 0.5515675 0.5463225 -0.2837096 -0.2572238 0.2132420 0.3835469 0.1040942 0.5789681 0.1243156 0.1060977 0.7091145 0.1184499 0.2737730 -0.1766029 0.0346197 0.3055947 0.0254503 0.5385773 -0.2126313 0.0975792 0.0129392 0.2721512 0.1167969 0.2455193 0.5372554 0.4768286 0.1474281 0.4412955 0.1616347 0.0173543 0.2686026 -0.1462482 0.4689076 0.0855675 -0.2108663 0.4973142 0.1394869 0.4060654 0.5686216 0.4173485 0.3914871 -0.0996927 0.3046152 0.0190698 0.4817461 0.4255665 0.4470510 0.0600871 0.4194875 0.4684472 0.4803483 0.1089423 0.0783050 -0.0558646 -0.0878683 -0.1569872 0.2301013 -0.1657201 0.1121744 0.1881901 0.3711726 0.2236426 0.2518061 -0.0808227 -0.0447033 -0.2507971 -0.0033156 -0.1036026 0.0536653 -0.0923790 0.1424021 -0.2417425 -0.2493283 0.2229654 -0.0146747 0.0463461 -0.2456438 -0.1730397 -0.1716402 0.2163367 0.0397021 -0.0639605 0.2337819 -0.0807188 0.4274983 -0.0160652 -0.1080205 0.1299212 0.0514060 0.0810701 -0.0482637 -0.1022329 -0.1179248 0.0269374 0.0234561 0.0085215 -0.0053457 0.4394060 -0.0492670 -0.1335561 -0.2110784 0.0983141 -0.0426281 0.0996018 -0.1385739 0.2240081 -0.0356558 -0.1066420 -0.1212597 0.0587404 0.1605070 0.1894526 0.5100359 -0.0595423 -0.1252144 -0.1170723 0.0066629 0.0381288 0.2072664 0.3860117 0.3428755 -0.0173348 0.1151829 -0.0358335 0.2038234 0.1482128 0.0757574 0.0516235 0.3192783 0.0900439 0.2466180 0.4637084 -0.0253550 -0.0571576 0.1348966 0.2490860 -0.0430844 0.0229300 0.0469586 0.0601307 0.1400010 0.1348797 0.1326061 0.4727564 0.6444844 0.5250134 0.0423165 0.0464497 -0.0758301 0.0336673 0.0930413 0.2738281 0.2809015 0.4030248 0.3709910 0.2006967 0.4237719 0.6187939 0.4954777 0.4453212 0.0087759 0.5202535 0.3598913 -0.0555683 0.0061388 -0.1791095 -0.3754707 0.1670920 0.4706835 -0.2012961 0.3683594 0.1083908 0.1091440 0.1865887 0.6018406 0.6811352 0.0230710 0.5814943 0.1275754 0.2077603 0.0199959 -0.1080065 0.7942123 0.4546532 -0.0151499 0.4326053 0.1302114 0.1410116
0.6283728 0.7847411 0.5135354 0.0000000 0.0583654 -0.2348254 -0.3107135 0.6500161 -0.0981545 0.6105088 0.5612885 -0.3575557 0.5520987 0.4863924 -0.0264197 0.5617610 0.7226059 0.2658302 0.4959790 0.4955514 -0.0434016 0.4496067 0.5554791 0.1544791 0.3319354 0.4418837 0.6262726 0.0214800 -0.1960312 0.1377522 0.5560888 0.1475212 -0.1885568 -0.2238713 0.1949026 0.2017233 0.1423434 0.2941462 0.3415303 0.1987580 0.2809739 -0.2712944 0.1857261 -0.2502637 -0.4035090 0.2389763 0.1483937 0.0658494 -0.2184402 0.3085801 0.2109969 0.3289797 0.1018522 0.0954457 0.0850628 0.2456729 0.1696841 0.2840024 -0.3544910 0.2140473 -0.2073382 -0.0856968 -0.1822813 0.2146099 -0.1041087 0.0254107 0.3655343 0.3213488 -0.0629509 0.3472720 0.2909838 0.1942173 0.4549587 0.0021842 -0.1037627 0.2124869 0.1980483 -0.0531236 0.1609967 -0.1602844 -0.1390583 0.0366219 -0.2384294 -0.2702743 -0.1701608 -0.5009314 0.2756422 -0.4344400 0.0848691 -0.3200065 0.4635006 0.4001529 -0.0340669 -0.2858987 -0.1235345 -0.0178933 0.0195599 -0.3644026 -0.0814169 0.0192359 -0.1764244 -0.4473968 -0.5856843 0.1684083 0.0377722 0.2318676 -0.1601311 -0.3432709 0.0106341 0.1119858 0.1360012 -0.0259321 0.1245213 -0.2198550 0.1678032 -0.1984770 -0.3908413 -0.2715869 -0.2771469 -0.2499968 -0.3359945 -0.4155921 0.0856754 0.1436688 0.2603075 0.1968198 0.1789844 0.4200890 0.0760937 0.1277026 -0.0219070 0.1356062 0.1782019 0.2997163 0.1464066 0.3790565 0.1700139 0.0201473 0.0925830 0.2059186 0.0525025 0.2969654 0.2533824 0.1005352 0.0185036 0.0705786 0.1575913 0.1752401 0.0858651 0.2385341 0.1346971 0.1227453 0.2678107 0.0269756 0.4228451 -0.0125676 0.1608096 0.1566490 0.0595108 0.1902391 0.1247435 0.2343861 0.0222840 0.2398144 0.0222459 0.2658545 0.1081214 0.0571765 0.0594830 0.0122271 0.0284758 0.0008499 0.4922886 0.5752218 0.3113695 0.0537351 -0.2207836 -0.1909734 -0.0791723 -0.1074151 -0.0533643 0.0151023 -0.1524950 -0.0015872 -0.1065096 -0.1752880 -0.1433593 0.0019636 0.1600469 0.1912760 0.1444783 0.0417157 -0.0789552 0.2471155 0.1993428 0.1259915 -0.0867977 -0.1388066 -0.3009819 0.0189864 0.3437482 0.1522344 0.0550602 0.0756719 0.2324515 -0.1205337 0.1457315 0.3520629 0.2393001 0.0978984 0.0571087 0.2788877 0.2280569 0.2166032 0.0489979 0.4030140 0.1778138 0.3276031
-0.0437033 0.2472444 0.7721663 0.0583654 0.0000000 -0.1581790 0.3729645 0.5997624 0.2634928 0.2134567 0.4547924 -0.0572229 0.5515878 -0.0499224 -0.0260473 0.3272569 0.1824358 -0.2217133 0.3825699 0.0497460 -0.1183941 -0.0877595 0.3080622 -0.1840170 0.3770665 0.2112619 0.0534396 -0.2158015 -0.2102822 -0.2219198 0.0609543 0.4282062 -0.2754545 -0.2209615 0.0953837 0.3823060 0.0638127 0.4864844 0.0120322 0.0773295 0.4319293 0.4818237 0.1879289 -0.0933393 0.4487095 0.2396612 -0.0307433 0.5257292 -0.2050715 -0.0365836 -0.0620566 0.1538166 -0.0520592 0.4255857 0.6968956 0.4407512 0.0747275 0.3962729 0.5403288 -0.0504958 0.5460163 0.1167242 0.6847014 -0.0277866 -0.1690522 0.4854797 -0.0345614 0.3424960 0.6471033 0.2922994 0.2391685 -0.1871881 0.1162437 0.0140841 0.5276931 0.3714260 0.3420353 0.0234111 0.3045165 0.5160942 0.5130542 0.2891669 0.1855145 0.0841421 0.0440580 0.1948168 -0.2031617 0.2686313 0.0223436 0.4630366 -0.1002258 -0.0749413 0.2307906 0.2217685 -0.0113526 -0.4347698 -0.0823820 0.0995778 0.0759504 -0.0610329 0.2612448 -0.0744465 -0.0064869 0.1432164 -0.1872066 -0.2541636 -0.2283882 -0.0643682 -0.3721919 0.0938304 -0.1057528 -0.1978070 0.2350365 -0.0115476 0.4256176 0.1418254 0.0805683 0.4376876 0.2853256 0.3339402 0.2462579 0.0067496 -0.2888946 0.1696765 -0.0986315 -0.1587111 -0.2914658 0.1689726 -0.1504216 -0.1512355 -0.2029715 0.1305543 -0.2350336 0.0146858 -0.1447529 -0.0438357 -0.1873307 -0.0936167 -0.2337639 -0.1182526 0.3554284 0.0713766 0.3938784 -0.0656319 -0.1296291 -0.0801654 -0.0459744 -0.0387870 0.2878895 0.4031380 0.2564571 -0.0853969 0.0624086 0.1011903 0.1801136 0.1489641 0.0041294 0.1030301 0.3265028 -0.1021062 0.4335111 0.4924548 -0.1190976 -0.3197855 0.2768604 0.1374427 -0.0074240 0.0785903 -0.0002696 0.0081940 0.2575285 0.2093488 -0.2065052 0.1097079 0.2923645 0.4411219 0.2079329 0.2095308 0.0459855 0.1875956 0.2385017 0.2950865 0.5361887 0.5814710 0.5755371 0.2910992 0.5538702 0.5747765 0.2910376 0.1699444 -0.0691493 0.2598262 0.3498857 -0.2111167 -0.1346931 -0.2725257 -0.2891412 0.1639525 0.5641348 -0.2318428 -0.0076834 -0.0473912 0.0649659 0.1315746 0.6962496 0.7982020 -0.0522617 0.3264894 -0.1606277 0.0192986 -0.0286621 -0.3068575 0.7979486 0.4002881 0.0677194 0.1399001 0.0657387 -0.0544569
-0.4873493 -0.3589188 -0.2720060 -0.2348254 -0.1581790 0.0000000 0.3864495 -0.2948544 0.6607108 0.0356840 -0.2943475 0.6820517 -0.2897236 -0.0948781 0.5924732 0.0171124 -0.4236506 0.2410698 -0.2045692 -0.2136984 0.2679052 -0.2292729 -0.1519883 0.4664060 -0.0359361 -0.0987058 -0.2585892 0.4375772 0.7757920 0.3524188 -0.4096241 0.1752606 0.7579110 0.7846607 0.0540552 0.0936270 0.2151432 0.0494404 -0.0113853 0.0562433 -0.2657166 0.2909332 0.0239062 0.5509981 0.3621934 0.1299805 0.1721300 0.0551437 0.7376714 0.1075164 0.1427258 -0.0669218 0.6996302 -0.1388956 0.1136937 0.2226504 0.3164275 -0.3583047 0.2258888 0.1576647 0.3225281 0.2320740 0.3136816 0.0064151 0.5190987 0.3964692 0.0381727 -0.3718691 0.2037748 -0.2192732 -0.0574978 0.0907931 -0.3562404 0.2578418 0.1821512 -0.0039232 0.0847447 0.3771481 0.2174741 0.3097125 0.2572761 0.0209565 0.4709718 0.6284998 0.5087680 0.3679852 0.1595831 -0.1135389 0.3808784 0.1088759 -0.2010702 -0.2971514 0.2895314 -0.3425307 0.4922684 0.2179311 0.1363082 0.3282007 0.6040000 -0.0623267 0.5858351 0.4107448 0.5786565 -0.2631041 0.3079347 0.1970311 0.4833572 0.6052649 0.3269420 0.2966210 0.3195539 0.2935952 -0.1933139 0.2345832 -0.4854609 -0.1930653 -0.0411624 -0.4156681 -0.3095707 -0.4851496 -0.4683886 -0.1701985 0.0800588 -0.4600887 -0.4771896 -0.0614103 0.0089617 -0.3262289 -0.0187212 0.0081384 -0.0718824 -0.1773021 -0.0135897 -0.1746520 -0.1619358 -0.2344696 -0.1059667 -0.0730774 -0.0492270 0.0093117 -0.3551178 -0.2047337 -0.4123778 0.1016363 0.0694631 -0.1246464 -0.1187822 -0.1622118 -0.4099065 -0.1935313 -0.0303366 0.2439393 -0.1332611 -0.1569047 -0.2050080 0.1149383 -0.0629698 -0.0519539 -0.2005002 0.1717418 -0.2696398 -0.1882561 0.1435068 0.2515971 -0.1345931 -0.1536071 -0.1633723 -0.1260121 -0.0575247 0.0162307 -0.2453777 -0.2318899 0.0860379 0.0869787 0.0465248 -0.2076503 -0.1978711 -0.3644350 -0.0381366 0.1602995 -0.2655574 0.3315929 0.2406608 0.1014033 0.0260469 0.3197858 -0.0016979 0.0151916 -0.0632722 -0.2153743 0.0102297 -0.1198891 -0.5469903 0.0202302 -0.0655066 0.0186293 -0.3017015 -0.2029475 -0.2575873 0.0147811 -0.4518331 -0.4020417 -0.0418916 -0.2479715 -0.4159327 -0.2170668 -0.1129567 -0.2883131 -0.4832611 -0.4233308 -0.0570233 0.0194742 -0.3535683 -0.0029290 0.1071974 -0.3821741 -0.0961891 -0.2776038
-0.3141946 0.0216761 0.2721301 -0.3107135 0.3729645 0.3864495 0.0000000 -0.0413721 0.5496866 0.0563440 0.0939552 0.4463637 0.2886756 0.0476399 0.4428219 0.1419499 -0.0333204 0.0750655 0.1062075 0.2154674 0.0388664 0.1469114 0.1202035 0.1839457 0.3751775 -0.0277872 0.0803497 0.2247256 0.3641922 0.1930824 0.0722421 0.5240621 0.2369812 0.2921994 0.1106252 0.0502154 0.0323726 0.3323715 0.0898607 0.1389622 0.3713611 0.3783525 0.1455492 0.3174666 0.4470264 0.0494547 -0.1070938 0.4299434 0.2861717 -0.2436522 -0.1375951 0.0198862 0.3745211 0.1065177 0.2433320 0.1268788 0.0082164 0.0890088 0.4775782 -0.1280961 0.5063631 -0.0225588 0.5492259 0.0517380 0.1936175 0.4133873 -0.1088183 0.0094054 0.4783721 0.1125504 0.0172405 -0.0145479 -0.1373923 0.2172214 0.4782728 0.2463783 0.3189940 0.2634801 0.3948828 0.5880804 0.5549686 -0.1987970 0.3058921 0.3273236 0.0977489 0.2525626 0.1331552 0.1116326 0.2275965 0.4920085 -0.0302061 -0.2438815 0.1895270 -0.1495664 0.2307641 -0.1308070 -0.1062186 0.1481569 0.3308241 -0.1791909 0.5945251 0.1011895 0.4316051 0.1829772 -0.0539796 -0.0211168 -0.0481296 0.3455679 -0.1262234 0.1748244 -0.0568042 -0.1480753 0.1007320 0.4355821 0.1984320 0.3663442 0.4266612 0.2942558 0.4104394 0.0887452 0.2195682 0.4095634 -0.1476323 -0.1562058 -0.2375650 -0.2561388 0.2047770 -0.1545585 -0.2556556 -0.1880561 -0.2138567 -0.3262144 -0.0718620 -0.2636355 -0.4812760 -0.3423795 -0.2768632 -0.3503674 -0.3068934 -0.3492090 -0.1607902 -0.3742936 0.1769108 -0.1899981 -0.2233444 -0.5244167 -0.2722117 -0.2781553 -0.0719721 -0.2261949 -0.1161473 -0.2105482 -0.2708568 -0.2106840 -0.2817936 -0.0426180 -0.1020658 -0.3076166 0.1475716 -0.1403147 -0.0311151 -0.2156821 -0.2201981 -0.2377100 -0.0458209 -0.3471416 -0.3200103 -0.1230694 -0.0854486 -0.1197324 -0.0846191 -0.0635050 -0.2494822 0.1228049 0.5523135 0.2551619 0.0558371 0.0438382 -0.0970408 -0.0098902 -0.0843010 0.1527592 0.2458915 0.1297692 0.3969089 0.4701766 0.4641431 0.5932327 0.2266458 0.0611694 -0.1928416 0.3365912 0.0083414 -0.3131531 -0.2599966 -0.3882450 -0.4141092 -0.1585909 0.3496565 -0.3315962 -0.1559638 -0.1676390 -0.1558869 -0.2354027 -0.0277176 0.3386510 -0.2837027 0.0334551 -0.0925501 -0.0133309 -0.1777344 -0.4232577 0.2984189 -0.0362639 -0.1797987 0.1105658 0.3165535 -0.0798339
0.4384494 0.6309473 0.8058345 0.6500161 0.5997624 -0.2948544 -0.0413721 0.0000000 0.0078555 0.5113643 0.8069740 -0.3076945 0.8092953 0.2255766 -0.0773329 0.7652425 0.6602232 0.0108775 0.7976749 0.5184665 0.0082788 0.4835598 0.7739983 -0.0243279 0.6010774 0.6240382 0.5219111 -0.1654569 -0.3178107 -0.1309566 0.6331976 0.2901367 -0.3713337 -0.3258492 0.4049066 0.5109081 0.2584770 0.6656395 0.2213845 0.1858934 0.5651080 0.0157467 0.4444799 -0.2851192 -0.0081147 0.4322901 0.2521454 0.3441977 -0.3168064 0.3976479 0.2541863 0.4565764 0.0386187 0.4184308 0.4431375 0.5321282 0.3210419 0.6136999 -0.1018005 0.2777267 0.2142751 0.0810770 0.2574188 0.2740499 -0.0698859 0.4228184 0.4172584 0.6527932 0.3158411 0.6090639 0.6144862 0.1547607 0.5966410 0.1561759 0.2590688 0.5660554 0.5480307 0.0163464 0.4767509 0.3309274 0.2280418 0.1647882 -0.0545342 -0.1715122 -0.1923898 -0.2746701 0.1435000 -0.3571782 -0.1006155 -0.1110929 0.3052798 0.2428057 0.1558434 -0.2568750 -0.1886199 -0.3892444 -0.1439261 -0.2248269 -0.0993959 -0.1941487 -0.1474171 -0.3628790 -0.4076466 -0.0065409 -0.1251979 0.0089885 -0.2854015 -0.2073769 -0.2827925 0.2374525 -0.0299794 -0.0947175 0.2923854 -0.2189895 0.3579199 -0.1794982 -0.3879662 0.0465313 -0.1230311 0.1251092 -0.1123587 -0.3132729 -0.2136635 0.0849674 0.2242885 0.1054981 -0.0716973 0.3985808 0.0578137 0.0985602 0.0049664 0.1221161 0.0677151 0.3164201 -0.0281573 0.2200667 0.1483399 -0.0124556 0.0297808 0.1667533 0.0846125 0.3346168 0.3259665 0.0715574 -0.0233259 -0.1957981 0.1159227 0.1249478 0.0584829 0.4100742 0.3369183 0.0706205 0.1666953 -0.1335064 0.2025804 0.1797825 -0.0691938 0.0961111 0.0638495 0.0950218 0.1610447 0.3516811 0.0057650 -0.0648745 0.0047795 0.3301364 -0.1381022 -0.1299518 -0.1432201 -0.1216762 0.0025121 -0.0612681 0.1797032 0.4045153 0.3534785 0.3141923 0.0616645 -0.0138199 0.0898974 0.1047012 0.0703214 0.2314250 0.1436354 0.3797207 0.0901221 0.2146445 0.1899463 0.3742467 0.4968377 0.4883554 0.0765597 0.3795896 0.2455731 0.1098412 0.1076682 -0.0308364 -0.1638433 0.2257081 0.2190547 -0.0685355 0.4141686 0.3003276 0.2389121 0.3174233 0.5237686 0.4525924 0.1376267 0.7294200 0.2291498 0.3736714 0.2284925 0.1005015 0.6451160 0.5188602 0.1602134 0.5675442 0.0568590 0.1886099
-0.5443877 -0.1133374 0.1116763 -0.0981545 0.2634928 0.6607108 0.5496866 0.0078555 0.0000000 0.3588729 0.0903821 0.4561911 0.0227319 0.2960762 0.7729459 0.3622656 -0.1301614 0.4182909 0.1630500 -0.0087014 0.0939200 -0.0584521 0.2036101 0.4882321 0.2161133 0.3021389 0.1710687 0.6100172 0.5696364 0.6834082 -0.2501045 0.3429940 0.5287126 0.5863948 0.3608659 0.1465559 0.5434517 0.3920873 0.4351352 0.6154020 -0.1152022 0.2248811 0.4205428 0.7298556 0.4494233 0.4727111 0.4423674 0.2269837 0.6146059 0.3130173 0.4640694 0.3776234 0.6158462 0.2847923 0.4193713 0.5519007 0.5747384 -0.0163715 0.3962371 0.4666385 0.5303832 0.5347965 0.4547134 0.0849841 0.3977764 0.6038052 0.3816144 0.0961061 0.4540689 0.0260067 0.3262254 -0.0052190 0.0562837 0.3276019 0.3568122 0.3519395 0.3033917 0.4606912 0.5635369 0.5655382 0.4882705 0.2020664 0.3464716 0.4666375 0.2092216 0.1289575 0.1592065 -0.0924540 0.0931469 0.0966291 -0.0458538 -0.0123488 0.2374379 -0.4009915 0.4437427 0.2699957 0.3169288 0.1265138 0.5952546 -0.2907108 0.6013972 0.1152777 0.4766469 -0.3343769 0.3861008 0.3123551 0.1881524 0.5929114 0.1612464 0.2138552 0.4231712 0.0354229 0.1967275 0.3478927 -0.3395191 0.0367183 -0.0941992 -0.1877654 -0.1256183 -0.3361283 -0.3854981 -0.1450093 0.2587724 -0.1983458 -0.4709670 -0.1118959 0.0043161 -0.0841389 -0.2074856 0.0069077 -0.1922714 -0.1988747 0.0572548 0.1131718 -0.3267379 -0.1966413 -0.1755792 -0.2529492 -0.2514676 -0.0111360 -0.1505423 -0.3355465 -0.1073757 0.1484466 -0.1395379 0.0423006 -0.3061400 -0.3028893 -0.2632393 -0.3336055 0.1988696 0.1206829 -0.3230509 0.0448011 -0.0258966 0.2418522 0.2525106 -0.1226777 0.1161433 0.2745772 0.0941913 -0.0455693 0.2873588 0.3080732 0.0940311 0.0487497 0.1387666 0.0605008 0.1516990 0.2932591 0.0087930 -0.0471999 -0.2176978 0.0898339 0.1785253 -0.0441269 -0.2501862 -0.4754779 -0.1812538 0.0912385 -0.4162113 0.4399083 0.2720506 0.3606626 0.2366103 0.5344257 0.4511535 0.3752775 0.2312713 -0.0817205 -0.0051929 -0.1030967 -0.5896871 0.0209710 -0.0959719 -0.1391668 -0.5166479 -0.4303050 -0.2267149 -0.1717066 -0.2414373 -0.4718984 0.0773941 -0.1820920 -0.2372528 0.0736907 -0.2815497 0.0405948 -0.2167451 -0.2811505 0.0322504 -0.0587078 0.0007338 0.1262098 0.0351984 0.0400693 0.3084139 0.0892566
0.2911869 0.6550433 0.3352608 0.6105088 0.2134567 0.0356840 0.0563440 0.5113643 0.3588729 0.0000000 0.7834933 -0.2694019 0.4379456 0.8089362 0.2891016 0.7331277 0.7642730 0.4886320 0.5090656 0.2293855 -0.0063982 0.2432944 0.6543251 0.2202187 0.3040164 0.6483224 0.8158573 0.2210420 -0.1298370 0.3297423 0.2924918 0.0794143 -0.2105076 -0.1709276 0.4693710 0.3666306 0.3432175 0.4240651 0.6404923 0.5907589 0.1517744 0.1524616 0.4800128 0.0025039 0.1073568 0.3885738 0.3049364 0.0424403 -0.1119505 0.4098738 0.3477850 0.5840701 0.2846247 0.6774567 0.1670037 0.4030193 0.3397913 0.6783730 -0.1228548 0.3796531 0.0871936 0.3614508 0.0613650 0.4113320 0.1170850 0.2496739 0.4700261 0.6870554 -0.0626575 0.5854681 0.2824034 0.3288378 0.6394235 0.2030580 -0.2916043 0.4723712 0.2936070 -0.3045377 0.3346515 -0.1163483 -0.1456549 0.2099039 -0.0369543 -0.0288044 -0.0120924 -0.1282018 0.1715446 -0.1771901 0.1377693 0.1082720 0.3308313 0.3020037 0.0953290 -0.4587332 0.1119955 -0.1471764 0.0637412 -0.1578364 0.2377532 -0.3514804 0.0905433 -0.1889847 -0.2159955 -0.1431905 0.0095641 0.2000832 -0.1015688 -0.0372806 -0.1005145 0.1700934 0.1647016 -0.2147743 0.3740790 0.1479353 0.2956093 0.1610783 -0.3234493 -0.0258316 0.0421003 -0.0124768 -0.0112225 -0.3206918 -0.1235610 0.4143693 0.3249439 0.1374938 0.0761535 0.2648981 0.0174998 0.1534792 0.0874055 0.1395159 0.0735178 0.4323586 -0.0551672 0.2372825 0.1429254 -0.0421421 0.0679597 0.0639758 -0.1126273 0.1335076 -0.0458481 0.3053978 0.0684129 -0.1626131 0.1566060 0.1577588 -0.1913023 0.1343362 0.1153705 0.1706676 0.1672262 -0.1550192 0.2783571 0.1310145 -0.0354225 0.1092169 -0.2211438 0.1517496 0.0281473 0.0263024 -0.0584943 0.0937441 -0.0371330 0.0954330 -0.0765696 -0.1749132 -0.2128892 -0.1892153 -0.1734036 -0.2482039 0.3198051 0.5885691 0.1427557 -0.2755479 -0.3176782 -0.4284846 -0.0838660 0.0024697 -0.2711676 0.1676710 0.0860480 0.1652470 -0.0777770 0.0343694 -0.0690190 0.1291406 0.2073759 0.1275039 0.1055792 -0.1955610 -0.3539999 0.1590808 0.1078060 0.0188532 -0.1381143 -0.4952872 -0.3972242 0.0094929 0.0565067 0.0999080 0.0578275 -0.1402917 0.0859036 -0.1726869 0.1671460 0.3015622 0.1344715 0.3062178 0.1562548 0.1752929 0.2449238 0.2544170 0.1643549 0.3222657 0.2910858 0.2959099
0.3678325 0.7395612 0.6315305 0.5612885 0.4547924 -0.2943475 0.0939552 0.8069740 0.0903821 0.7834933 0.0000000 -0.3698231 0.7702391 0.5409198 0.0516693 0.8226000 0.8568622 0.2254476 0.7993149 0.5022458 -0.0409903 0.4651126 0.8457952 -0.0030613 0.5158534 0.7547946 0.8078909 -0.0487296 -0.3475275 0.0156396 0.6398909 0.1511429 -0.4649952 -0.3862061 0.5865383 0.3873786 0.3096100 0.6767520 0.5497526 0.4626670 0.5739802 0.0585751 0.6296791 -0.2031966 0.0677399 0.4656305 0.2720198 0.3358978 -0.3223453 0.4146980 0.3030237 0.6789415 0.1704783 0.7110271 0.3422828 0.4969745 0.2779702 0.8393865 -0.1885336 0.3503884 0.1915612 0.2072110 0.1545958 0.4918836 0.0452425 0.2831356 0.5029086 0.8996051 0.0757143 0.8350374 0.4977107 0.4187222 0.8173811 0.3039951 -0.0773222 0.7056406 0.6094835 -0.2369239 0.5084980 0.1245684 0.0396953 0.1737038 -0.0782489 -0.2090808 -0.2411465 -0.2313030 0.1157665 -0.1726565 -0.0443601 0.0897457 0.3777521 0.2502135 0.0567384 -0.3252287 -0.1730599 -0.4671636 -0.1707774 -0.2881497 -0.0956979 -0.2693344 -0.1463595 -0.3768772 -0.3402792 -0.0349011 -0.2585400 -0.0458811 -0.3585063 -0.1744341 -0.3541987 0.1869123 -0.1581696 -0.3141570 0.4916011 0.0352414 0.5097366 0.1542402 -0.2508920 0.1847257 0.1568613 0.1629490 0.1533126 -0.1540660 -0.3098086 0.3934990 0.3958041 0.0203531 0.0841382 0.3293645 0.0054490 0.2197148 0.1459216 0.1520114 0.1693359 0.5151233 -0.0592277 0.2209481 0.2244042 -0.1047322 0.0644198 -0.0472984 0.0683878 0.1927919 0.2048817 0.0666802 0.0291221 -0.2829507 0.2073838 0.2027595 0.0371707 0.2211314 0.0778817 0.0720586 0.1855433 -0.1476731 0.2355767 0.0706491 -0.1700146 0.1525188 -0.1056955 -0.0778047 0.1323768 0.0960215 -0.1522526 -0.1995075 0.0623593 0.2524875 -0.2116497 -0.1579803 -0.2337880 -0.2741574 -0.0190379 -0.0924772 0.1758316 0.5191911 0.2436087 -0.0338317 -0.0652628 -0.1820042 -0.0125044 -0.0847502 -0.2084473 0.0189556 -0.0457519 0.1142665 -0.0865544 0.2341175 0.1005603 0.4113360 0.4550896 0.4189505 -0.0391235 0.3106011 0.0555685 -0.0032326 -0.0061133 -0.1183828 -0.1548790 -0.0451575 0.0374545 -0.1343033 0.3943742 0.3668717 0.0711564 0.0661275 0.3544310 0.1630272 0.0953925 0.5836384 0.2544953 0.5727680 0.1408051 -0.0204360 0.5753577 0.2490202 0.0023501 0.5359722 0.2389012 0.3097979
-0.6688590 -0.4622678 -0.1614600 -0.3575557 -0.0572229 0.6820517 0.4463637 -0.3076945 0.4561911 -0.2694019 -0.3698231 0.0000000 -0.3057021 -0.1743439 0.7106467 -0.1876740 -0.5386622 0.4308256 -0.2265478 -0.1200973 0.6209705 -0.2256612 -0.2179547 0.6585753 -0.2133613 -0.1983472 -0.3105366 0.6380524 0.9180240 0.3446061 -0.3968760 -0.0088403 0.8511650 0.8916474 -0.0283922 0.1463084 0.0694874 -0.0403473 -0.1331669 0.0344234 -0.2383336 0.3336845 -0.0462026 0.6425518 0.5192202 0.0617158 0.0521024 0.0599911 0.8270855 -0.0006589 0.0366061 -0.1643476 0.6457881 -0.1454436 0.1065860 0.1107603 0.1365559 -0.3089394 0.1826450 0.0680710 0.3287771 0.1430643 0.1080966 0.3540234 0.7326443 0.2167988 0.0154997 -0.4347752 0.1719345 -0.0199810 0.0415935 0.2873034 -0.2367811 0.5790975 0.2460942 0.1951249 0.2907925 0.3833963 0.3340521 0.3847211 0.1023692 0.1973794 0.5580804 0.5905468 0.2391778 0.4444473 0.0548891 -0.0592017 0.2225866 -0.0083558 -0.2344697 -0.2077049 0.3754529 -0.0620244 0.5448045 0.3026744 0.1720952 0.4160836 0.5153887 0.0405907 0.4672995 0.4895379 0.7385862 -0.0248482 0.1511875 0.0434148 0.3544172 0.6976137 0.0653049 0.2976162 0.1361168 0.2722685 0.1416762 0.4345096 -0.2517321 0.1997962 0.3340215 -0.0850523 0.1534394 -0.1796292 -0.2050135 0.0103879 0.1006451 -0.2595259 -0.5462721 -0.1723658 0.1088551 -0.4036613 -0.2723348 0.0933870 -0.2056462 -0.1760028 -0.0399101 0.0189110 -0.1818489 -0.4036667 -0.2603400 -0.2978440 -0.2926733 -0.1760721 -0.0795350 -0.4013873 -0.2068660 -0.2309829 -0.2053804 -0.0269629 -0.2867420 -0.4012371 -0.0428583 -0.3629389 -0.1048486 -0.1101454 -0.1424965 0.1249640 -0.1797446 -0.2751119 0.1141962 -0.1355429 0.0598600 -0.0251467 0.0138222 -0.0268985 0.0742429 0.1312314 0.2137071 -0.1285022 0.0472037 0.1826722 0.2181367 0.3059746 0.1352263 0.1859250 -0.3750886 -0.0536793 0.1937730 0.2731391 0.3936784 0.0635315 0.2875374 0.2718549 -0.0778964 0.2095977 0.1138415 -0.0468684 0.0441219 0.3649488 -0.0234805 0.0232572 0.0123388 -0.0467762 0.0299211 0.1091872 -0.2768893 -0.0273748 -0.1281211 -0.1091350 -0.2361371 0.2638980 0.1900083 -0.1435184 -0.3640862 -0.3160572 -0.0269988 -0.1754966 -0.1839344 -0.0626757 -0.3494730 -0.2447233 -0.5936950 -0.3367120 -0.0334110 -0.0966949 -0.2237202 0.0086250 -0.0702082 -0.4789266 -0.4116201 -0.5208273
0.3592981 0.6616877 0.7998608 0.5520987 0.5515878 -0.2897236 0.2886756 0.8092953 0.0227319 0.4379456 0.7702391 -0.3057021 0.0000000 0.2081645 -0.1146775 0.6524969 0.6627585 -0.0634581 0.7590918 0.7696162 -0.1883856 0.6612047 0.7161329 -0.2362303 0.7844250 0.4882752 0.5938845 -0.2588832 -0.3595888 -0.0991804 0.7913985 0.5649160 -0.4598268 -0.3850962 0.3856658 0.2112902 0.2140888 0.7839997 0.2633057 0.1378438 0.8134308 -0.1010968 0.4204275 -0.3275128 -0.1665582 0.4035929 0.1125959 0.6337547 -0.3380292 0.2304999 0.1188921 0.4251175 0.0591262 0.2542270 0.5511339 0.4698489 0.1770332 0.4946520 -0.0430332 0.1375684 0.1853733 -0.0870885 0.4349177 0.2053252 -0.1823626 0.3639729 0.3265153 0.5456088 0.3954505 0.5974198 0.5011703 0.2402783 0.4997748 0.0949905 0.3461261 0.4636702 0.5685959 0.1078864 0.4060258 0.3415842 0.3192936 -0.0038905 0.0290156 -0.0818291 -0.0978379 -0.3027054 0.1518547 -0.2017578 0.1384459 0.1470804 0.3411927 0.1049822 0.1010112 -0.1905442 -0.2278017 -0.4750809 -0.3259472 -0.2254473 -0.1680732 -0.0562318 0.1004047 -0.4410508 -0.3330784 0.3092347 -0.2536650 -0.0941063 -0.2681336 -0.1916553 -0.2306860 0.3669787 -0.1758575 -0.1057837 0.2356447 -0.0871660 0.4345891 -0.0484527 -0.1500033 0.0675435 0.0347522 0.1662021 0.0603010 -0.0255426 -0.3052817 0.0941517 0.3727591 0.0875336 0.1026832 0.4051150 0.1488372 0.1128865 0.1682450 0.0408425 0.2429335 0.2408850 -0.0553543 0.1736391 0.2768769 -0.0512685 0.1259258 -0.0476461 0.0648501 0.2375729 0.3338019 -0.0605947 0.0930697 -0.4219027 0.2014404 0.2117668 0.1148132 0.1839451 0.0238379 0.0959199 0.1520202 -0.2094817 0.0831738 0.0440212 -0.2669635 0.1304025 0.0213805 -0.1215427 0.0847945 0.0215040 -0.1150012 -0.2900603 -0.0314111 0.2561848 -0.3067327 -0.1553140 -0.2378048 -0.3298141 -0.0093276 -0.0536019 0.0621024 0.3274117 0.5559419 0.3452728 0.0504513 0.1143884 -0.0478911 -0.1399422 -0.0114314 0.0246640 -0.0684232 0.1194991 0.1200387 0.2384903 0.3230115 0.5404431 0.5113447 0.4556730 0.0261261 0.5231196 0.3212460 -0.0093510 0.0873048 -0.0530747 -0.1828356 0.0590132 0.2101534 -0.1069935 0.5341799 0.4408370 0.1277830 0.2862803 0.4038671 0.4395153 0.0703524 0.6526126 0.2615258 0.3230287 -0.0032834 -0.1226486 0.7040301 0.1735650 -0.1226379 0.6867553 0.2612796 0.4323728
0.1525949 0.4333152 0.0955377 0.4863924 -0.0499224 -0.0948781 0.0476399 0.2255766 0.2960762 0.8089362 0.5409198 -0.1743439 0.2081645 0.0000000 0.4293354 0.5927088 0.6713091 0.7444773 0.4099143 0.2423393 0.1279069 0.3269172 0.5619381 0.3865799 0.1939253 0.5931848 0.8597952 0.5061764 -0.0118830 0.6100329 0.2200423 -0.1286068 -0.0674849 -0.0439341 0.5187214 0.2352434 0.4076328 0.2364987 0.7447717 0.7392615 -0.1126619 -0.0413210 0.5211587 0.2223792 0.0215446 0.3844908 0.4316756 -0.3061496 0.0186088 0.4141527 0.4939907 0.5936797 0.1999255 0.6139081 -0.0823463 0.2546750 0.3739383 0.5760582 -0.2510342 0.4913575 -0.1271637 0.5218706 -0.2678777 0.4552263 0.1617628 0.0105512 0.5725598 0.5776987 -0.3062498 0.4690534 0.2548365 0.3377832 0.6293389 0.1826514 -0.4653373 0.3499011 0.1308371 -0.2637285 0.2669013 -0.2460031 -0.3084353 0.2205342 -0.0089489 0.0003162 -0.0778468 -0.1264411 0.2653675 -0.2782270 0.1004454 -0.0805559 0.3991032 0.5437283 0.1137491 -0.4882190 0.2027440 0.2251841 0.3243449 -0.0302731 0.2797366 -0.4647312 0.0186858 -0.0737141 -0.0389554 -0.2377593 0.2249640 0.3827535 0.0271842 0.1617525 0.0577158 0.1610291 0.3158791 -0.1261402 0.4818348 0.2949883 0.2246575 0.3021856 -0.2635122 -0.0216808 0.1627192 0.0860187 0.0007389 -0.3417947 0.2574450 0.4907845 0.4025567 0.2705085 0.1162042 0.3761701 0.0542963 0.2038084 0.1645582 0.2054669 0.2102972 0.5323566 0.1251624 0.3572138 0.2287870 0.0444326 0.1492296 0.1866703 -0.1815965 0.1408764 -0.0189632 0.4045421 0.1179272 0.0164505 0.1892960 0.1870058 -0.1898755 -0.0092521 0.1873268 0.1723725 0.2372147 -0.1078995 0.2824280 0.1211565 0.1472204 0.1175542 -0.1799460 0.3084665 0.0173061 0.0606706 0.1603742 0.3124363 0.0008426 0.1727064 0.1105814 -0.1219277 -0.1016722 0.0319368 -0.1235483 -0.2089434 0.0014309 0.5254107 0.1440385 -0.1089189 -0.0890135 -0.2246665 0.0958108 0.1304180 -0.1328461 0.1669547 -0.0910258 -0.0020468 -0.2259322 -0.1236230 -0.2168928 -0.1385383 0.1687058 0.1712065 0.2455833 -0.3398843 -0.3487458 0.3441376 0.2587856 0.1593800 0.1153570 -0.5781207 -0.5194270 0.1529730 0.1023494 0.1485039 0.2282163 -0.0249235 -0.1686207 -0.3745711 0.1964114 0.3014428 0.3130517 0.3092627 0.4000164 0.3588013 -0.0368075 0.1980626 0.2176208 0.3404142 0.3238107 0.3718806
-0.5053254 -0.1063328 -0.0068278 -0.0264197 -0.0260473 0.5924732 0.4428219 -0.0773329 0.7729459 0.2891016 0.0516693 0.7106467 -0.1146775 0.4293354 0.0000000 0.2760855 -0.0730062 0.8106675 0.0799265 0.1016021 0.4646177 0.0456023 0.2193335 0.8424702 -0.0500186 0.2288920 0.2730026 0.9287410 0.7912182 0.7473118 -0.1680606 -0.0503002 0.7132861 0.7789728 0.3163143 0.1930295 0.3752209 0.1550801 0.3553505 0.6017636 -0.2670157 0.1637625 0.3576327 0.7860598 0.4815433 0.3337660 0.3602798 -0.0770367 0.7362131 0.2915634 0.4180217 0.2798567 0.7225504 0.2382174 0.1594423 0.3398726 0.4404805 0.0782516 0.1053927 0.4323273 0.3930573 0.4905893 0.0593120 0.4947896 0.7427439 0.3460527 0.4282680 0.0751343 0.1687858 0.2353360 0.2816600 0.3405690 0.2113582 0.6315683 0.0855576 0.4749280 0.3686867 0.3587973 0.6127909 0.4066196 0.1795519 0.2403224 0.4876802 0.5183891 0.1222491 0.2798493 0.3020859 -0.2746370 0.1418938 -0.1529934 0.0159537 0.1056262 0.2548526 -0.4507804 0.5108178 0.4802885 0.4276530 0.1563402 0.5845273 -0.3441323 0.3735373 0.2995401 0.6495998 -0.3958319 0.3705681 0.3092998 0.2559433 0.7394181 0.0969080 0.2905256 0.3588901 0.1277919 0.3420212 0.4568589 -0.2402759 0.1962530 -0.0126917 -0.1442792 0.0530866 -0.2465600 -0.3560893 -0.2262195 0.2883226 -0.1025528 -0.3970488 -0.0755645 0.1219541 -0.1437745 -0.2968846 0.1567654 -0.1744126 -0.1070052 0.1061853 0.3613678 -0.2089453 -0.1897337 -0.1512602 -0.3789406 -0.2766047 -0.0258950 -0.1338402 -0.3981557 -0.0730956 0.0443777 -0.2204815 0.0485718 -0.3052912 -0.3638041 -0.1413497 -0.4348107 0.1266913 -0.0183904 -0.2185686 0.1146281 -0.0135795 -0.0439671 0.3687806 -0.1779688 0.1147387 0.2627976 0.0646958 -0.0008900 0.2578872 0.4619431 0.2224932 0.0480762 0.1916020 0.1723862 0.2836669 0.4361101 0.1131488 0.0942138 -0.2805384 0.2552812 0.2460962 0.1089298 0.0639604 -0.3320046 0.0576909 0.1702565 -0.3978371 0.3332514 0.0642229 0.0899647 -0.0132334 0.4670150 0.1072670 0.1918598 0.2819799 0.0678407 0.1088245 -0.0931995 -0.5678982 0.1695391 -0.0391413 -0.1028685 -0.3322669 -0.1744455 -0.1650678 -0.1611253 -0.2920303 -0.3771190 0.1112039 -0.2310951 -0.3643717 -0.1586687 -0.3433120 0.0312354 -0.3189332 -0.1658856 0.1587565 0.0668608 -0.2059406 0.1076623 0.0059769 -0.0895149 -0.0126760 -0.1306272
0.2206827 0.5438683 0.5675845 0.5617610 0.3272569 0.0171124 0.1419499 0.7652425 0.3622656 0.7331277 0.8226000 -0.1876740 0.6524969 0.5927088 0.2760855 0.0000000 0.7300189 0.3534801 0.9062169 0.5529555 0.0459127 0.6041747 0.9526550 0.2593026 0.7112565 0.9055815 0.7674828 0.2005004 -0.0332705 0.3610839 0.5924727 0.2879047 -0.0974004 -0.0426826 0.8090208 0.4621001 0.6447389 0.7751764 0.6741560 0.5839949 0.4369183 -0.0944137 0.8236950 0.1154846 -0.0104159 0.7093863 0.6387494 0.1812058 0.0365570 0.6598466 0.6410815 0.8031418 0.4239005 0.5993857 0.2796698 0.7218605 0.6906372 0.6292369 -0.2735649 0.6604458 0.1107517 0.4266863 0.1467922 0.3819317 0.1183921 0.5367308 0.7400092 0.7631924 0.1133519 0.6359988 0.6729313 0.2781373 0.7175739 0.2415999 0.0543544 0.6516708 0.6001402 0.0757200 0.6669106 0.3155574 0.2099348 0.1692177 0.0508546 0.0080601 -0.0801392 -0.3067724 0.4556960 -0.5423625 0.0550734 -0.1083762 0.5780217 0.4829142 0.3277233 -0.6609435 0.0863642 -0.1107412 0.1522115 -0.0736944 0.2427154 -0.4523371 0.0326037 -0.2380898 -0.1798013 -0.3005541 0.2141938 0.3874495 -0.0621626 0.1729342 0.0415359 0.3924231 0.2797002 -0.0431430 0.4831195 0.1383070 0.2083045 -0.0743809 -0.4765732 -0.1955506 -0.1930004 -0.1254456 -0.2934385 -0.3896057 0.1080479 0.0810536 0.2654077 0.1972661 0.1110297 0.4854870 0.1701868 0.2560508 0.1866836 0.1131131 0.3605633 0.4419253 0.0088007 0.3930367 0.3575315 0.1072167 0.2299340 0.2769538 -0.2728035 0.3413956 0.0944718 0.3095160 0.1920097 -0.1720550 0.2655620 0.2755668 -0.3054445 0.2540191 0.3869420 0.3524226 0.2422295 -0.3214060 0.2306585 0.3694850 -0.0798883 0.2156413 -0.1702531 0.3185406 -0.0409843 0.2126252 0.2417365 0.1800567 -0.1115803 0.4295596 -0.1754895 -0.3224147 -0.2404335 -0.0934526 -0.2226919 -0.3216332 0.1483004 0.6249755 0.3223916 0.0407062 -0.1676848 -0.3128531 0.0043354 0.1196656 -0.1774492 0.3516887 0.0109184 0.2271147 -0.1879364 0.2367418 0.0580564 0.2633159 0.4671151 0.4619670 0.0754651 0.2871737 -0.1654570 0.1936510 0.1534421 0.0581105 -0.2336381 -0.2284840 -0.1981880 0.0394324 0.4696815 0.2524426 0.3086584 0.2300525 0.1176779 0.0608134 0.2254247 0.7339214 0.3815178 0.4404657 0.4231804 0.2533038 0.3341677 0.4563056 0.2105219 0.5875225 0.2827185 0.3271942
0.6263468 0.8719400 0.5220791 0.7226059 0.1824358 -0.4236506 -0.0333204 0.6602232 -0.1301614 0.7642730 0.8568622 -0.5386622 0.6627585 0.6713091 -0.0730062 0.7300189 0.0000000 0.2362184 0.6795400 0.5406930 -0.1300616 0.5827436 0.7767127 0.0225911 0.4706443 0.6150598 0.8548533 -0.0936263 -0.4431474 0.0380624 0.7247275 0.0637205 -0.5090289 -0.5008872 0.4173004 0.2634297 0.1116088 0.4027832 0.5159126 0.3166042 0.4676133 -0.1502677 0.4415383 -0.3890365 -0.2473948 0.2149941 0.1272986 0.0438055 -0.4747794 0.2126970 0.1735082 0.5113293 0.0038230 0.5119380 0.0021509 0.1907611 0.1072389 0.7416707 -0.3490182 0.1926889 -0.1389905 0.0211428 -0.1264348 0.3214886 -0.1887314 0.0303447 0.3636373 0.7624566 -0.1732488 0.6384066 0.2452322 0.2711934 0.6904079 0.0042701 -0.2540656 0.4072258 0.2992121 -0.3324528 0.2382628 -0.1606507 -0.1089231 0.0085832 -0.2176661 -0.3205053 -0.2426492 -0.3586694 0.2913060 -0.2612627 0.0694593 0.0153718 0.5713269 0.4070535 -0.0606939 -0.3374562 -0.2745441 -0.2990409 -0.0969122 -0.3604512 -0.1708200 -0.2158496 -0.2596699 -0.3913128 -0.5087537 0.0390150 -0.1399609 0.0948954 -0.3201307 -0.3391286 -0.1806314 0.1105058 -0.0835681 -0.2578494 0.3908527 -0.0150699 0.6022109 0.1304926 -0.2667067 0.1387252 0.1187980 0.1188963 0.1415803 -0.1585450 -0.1677154 0.4482234 0.5639358 0.1462092 0.1764680 0.4220034 0.0882075 0.1050696 0.1137605 0.2112611 0.2003279 0.3549741 0.0968831 0.3937127 0.2645430 0.0340799 0.1662074 0.0509576 -0.0539988 0.3164824 0.3348183 0.1348434 0.0918273 -0.2823364 0.3079901 0.3455813 0.0051976 0.3110126 0.0725354 0.0553236 0.3240521 -0.2397043 0.2946971 0.0533597 -0.1165162 0.1537756 -0.0917048 0.0489951 0.0177789 0.1308125 -0.2009820 -0.0423766 -0.1035599 0.1551716 -0.2146203 -0.2281748 -0.2416838 -0.3074017 -0.1323299 -0.1892197 0.3724579 0.6609375 0.2972150 -0.0390331 -0.1895344 -0.1659867 -0.0753474 -0.1087077 -0.0498295 -0.0344522 -0.1342119 -0.0203555 -0.1387139 -0.1354281 -0.1117562 0.1796806 0.2532293 0.3237330 0.0406519 0.1443296 0.0106980 0.1130512 0.1119039 -0.0147724 -0.0299579 -0.2807292 -0.1628304 -0.0384317 0.3969645 0.3714787 0.0330554 0.0185862 0.2035582 -0.0807646 0.2338079 0.5004264 0.4538965 0.5170885 0.1527482 0.1166686 0.3377157 0.1958635 0.0656926 0.5338221 0.3386043 0.3470067
