0.0000000 0.8264614 0.4433444 0.3541043 0.3278022 0.3001424 0.4727884 0.3034368 0.0504634 0.1395903 0.2110525 0.2085972 0.3228412 -0.0305517 0.0989920 0.1411588 -0.0459332 -0.1972980 0.1489314 0.3364305 0.1382116 0.2341724 -0.1202693 -0.1454700 0.2659589 -0.0533417 -0.2362709 -0.3386035 0.3486505 -0.2918257 0.2404572 -0.0488160 -0.2660242 0.0818442 -0.3849519 0.2142091 -0.2066033 -0.1742858 -0.2997877 -0.1041623 -0.0566189 0.3243274 -0.4417845 -0.1500048 0.4078902 -0.2672097 -0.3949392 -0.2933387 -0.1217464 -0.3640112 -0.3687787 -0.1017727 0.0255003 0.0839667 -0.2399678 -0.2439429 -0.2989939 0.0838970 0.2890312 -0.2882651 0.4307948 -0.0199256 -0.1061029 0.0126408 0.2402665 -0.3199164 -0.2006231 0.0711264 -0.2724774 -0.0374671 -0.1795340 0.0312081 0.0510255 0.2201963 -0.2043148 0.2054921 -0.0251409 0.0349906 0.3165949 -0.0671251 0.2081024 0.5379999 0.1369426 -0.3462748 -0.3686315 -0.3462644 0.2051567 -0.2227572 -0.2858102 -0.2352681 0.0274647 0.3739145 0.3415768 -0.1739521 0.0565494 0.1855811 0.3997968 0.2124217 -0.0859502 -0.2101449 -0.2271311 -0.1194926 -0.0089280 -0.0594734 0.1240217 0.0967803 -0.2499948 -0.1262699 -0.4900090 -0.2581094 -0.1027158 -0.0598671 -0.0906010 -0.0425301 -0.0678641 -0.0502303 0.0093634 -0.1435850 -0.2167974 -0.2064614 -0.1251751 0.0007413 0.3472478 -0.3334174 -0.2774293 -0.2666411 0.0397748 0.2923700 -0.2101290 -0.1482358 -0.2139489 0.3552479 0.1131992 -0.1554340 0.3612996 0.0717257 -0.1244386 -0.0582359 0.1175465 -0.3067730 0.2160524 -0.0064514 0.3814586 -0.1251249 -0.2026172 -0.2140049 0.2122319 0.2285664 0.3438569 -0.0144751 -0.0627636 0.2452100 0.2066886 0.1171350 0.2830701 0.5180050 0.3216326 0.2772131 0.3925157 0.1624129 0.2219682 0.1223988 0.2266329 0.2352344 0.1809570 0.4155962 0.2878960 0.3078562 0.3206037 0.2535368 0.2665796 0.2494508 0.7205987 0.4850372 0.5563109 0.2265219 0.2215721 0.1808943 0.1964402 0.4317582 0.2533996 0.4039089 0.2398033 0.3263926 0.4365240 0.4217999 0.3213299 0.1948917 0.1432041 -0.0088849 -0.1521838 0.0636488 0.0983792 0.0211200 -0.1605093 -0.1462662 -0.0742541 0.0279175 -0.1180198 -0.2561142 0.1444513 -0.0707714 -0.1879625 -0.3376159 -0.2479111 0.3991748 -0.3128986 -0.0093759 0.1386416 -0.1703447 -0.0709884 -0.4236093 -0.1032877 -0.0288268 -0.3484215 0.5734895 0.4626520 0.2700583
0.8264614 0.0000000 0.7368164 0.6966102 0.6521525 0.6278707 0.3642764 0.6096515 0.3835957 0.4311624 0.5389215 0.5284255 0.5279154 0.2072253 0.4462896 0.3647229 0.2580643 0.0338363 0.3125864 0.5339858 0.3452131 0.3280583 0.1441051 -0.0375956 0.2567078 0.0004214 -0.1021695 -0.2707289 0.4769610 -0.2800241 0.3041286 -0.0689739 -0.1355248 0.2864939 -0.3348329 0.2973236 -0.2839627 -0.0873939 -0.1969130 -0.1610601 -0.0164290 0.2700241 -0.3271242 -0.0479519 0.6371744 -0.2585794 -0.4176388 -0.2426273 0.2250017 -0.3719392 -0.3669006 -0.0732456 0.4144724 0.1567900 -0.2161873 -0.3021874 -0.3262659 0.3867664 0.1641170 -0.2890461 0.5850871 -0.0573008 -0.1156676 0.4093182 0.5695587 -0.2568051 -0.2695348 0.0943658 -0.3133171 0.2988459 -0.2116243 0.3656638 -0.0866693 0.5361209 -0.2514745 0.4813069 0.2543736 0.0041386 0.5282969 0.1365536 0.3857600 0.3939378 -0.0244662 -0.5111499 -0.5532554 -0.5035093 0.0091229 -0.4803440 -0.4829474 -0.4637979 -0.1985825 0.0715099 0.0814707 -0.4357731 -0.1130193 -0.0408253 0.1101854 -0.0296535 -0.2196225 -0.4748071 -0.4694174 -0.3716355 -0.3310855 -0.4679048 -0.1073164 -0.0458984 -0.6068573 -0.5030431 -0.5724779 -0.5498408 -0.1646088 -0.3816163 -0.4163496 -0.4179585 -0.3007084 -0.4446156 -0.2731546 -0.3369807 -0.4387978 -0.3352913 -0.3493437 -0.2445028 0.0639040 -0.4075336 -0.3619388 -0.2191775 -0.2455734 -0.0048679 -0.2922683 -0.4811684 -0.3687939 0.1709762 -0.1764816 -0.4389678 0.2683995 -0.1951989 -0.3710763 -0.1199963 0.0197587 -0.2713080 0.1314676 0.0084852 0.1155970 -0.1409621 -0.2789409 -0.2816401 0.1798728 0.1886706 0.0749297 0.0776693 -0.1369910 0.2427335 0.1923403 0.0684714 0.2408747 0.5493042 -0.0149864 0.1486459 0.0609591 0.0146890 0.0427886 0.0412320 0.1906938 -0.0339897 0.0234856 0.1555815 0.0687214 0.0330366 0.0171287 0.0032903 0.0007752 -0.0215712 0.5865252 0.6369407 0.7452944 0.3939088 0.5286275 0.3819474 0.4643485 0.5753233 0.2425023 0.3574077 0.0296860 0.0496638 0.2826578 0.5449665 0.3981613 0.3413643 0.4209672 0.2993600 -0.1948860 0.3859338 0.3519918 0.1701989 -0.0937621 -0.1280711 0.0554355 0.3235156 0.1522598 -0.2368382 0.2987248 0.0473313 -0.0431769 -0.2375615 -0.3121842 0.4094279 -0.3457170 0.2042504 0.1742685 0.1821554 -0.0405396 -0.3908634 0.2990699 0.2513028 -0.1668501 0.4736348 0.4999068 0.2820367
0.4433444 0.7368164 0.0000000 0.7951793 0.9656133 0.4200107 0.0659664 0.8475248 0.4727420 0.5265735 0.7103626 0.4731968 0.8135181 0.3042361 0.5372822 0.6318576 0.4208096 0.0786566 0.5494715 0.8182533 0.2393613 0.5189358 0.4028838 -0.0385816 0.3564541 0.2127161 -0.0218064 -0.2104933 0.1393121 -0.2180168 0.5851341 0.0754347 -0.0346401 0.3280674 -0.0936934 0.0074020 -0.1810171 0.0026703 -0.0263913 -0.1612142 0.1695848 -0.1210312 -0.0321208 0.0369823 0.5715007 -0.2269171 -0.3248055 -0.1345073 0.5154561 -0.4323420 -0.1902698 0.0971387 0.7934408 0.2898139 -0.1544175 -0.3573923 -0.2166742 0.5488547 -0.1109924 -0.1048284 0.5861265 0.0610719 -0.0031858 0.7015082 0.9259536 -0.0275684 -0.1655794 0.0632032 -0.2914371 0.4099368 -0.0317950 0.6771478 -0.1560866 0.8724620 -0.1604616 0.5058453 0.4642998 0.1859546 0.6705802 0.4601119 0.7405752 0.0170922 -0.3023730 -0.6515137 -0.6829872 -0.6870783 -0.3859651 -0.7070501 -0.7163671 -0.7205949 -0.5120626 -0.3062314 -0.1690786 -0.6973505 -0.4299041 -0.3637100 -0.2341704 -0.2132200 -0.5215151 -0.7486919 -0.7401360 -0.5468209 -0.4950898 -0.7341634 -0.3756998 -0.3340063 -0.6826967 -0.5544735 -0.5675508 -0.5751883 -0.3628054 -0.4261945 -0.3094860 -0.4097755 -0.2986679 -0.4437230 -0.3039531 -0.3419755 -0.4191817 -0.3410405 -0.3793618 -0.2734474 -0.3208843 -0.3741158 -0.3313160 -0.1953389 -0.3844308 -0.3409034 -0.3095289 -0.4969826 -0.4755623 -0.2619951 -0.4100358 -0.5389469 -0.1136548 -0.4975779 -0.5442240 -0.3223467 -0.3152058 -0.3757815 -0.2440879 -0.2349180 -0.1668119 -0.1954232 -0.5067332 -0.4794192 -0.2337608 -0.2030588 -0.2351186 -0.1211566 -0.2965528 -0.0708637 -0.1842986 -0.2212896 -0.0473368 0.3188228 -0.3062064 -0.1908816 -0.2626205 -0.2077863 -0.1830515 -0.1719568 -0.0458576 -0.3037646 -0.2423364 -0.1597165 -0.2007870 -0.2501920 -0.2886087 -0.2912092 -0.2272897 -0.2790051 0.5221103 0.7046686 0.4615951 0.2628066 0.5311983 0.5297205 0.4207979 0.3961223 0.3401743 -0.0027901 -0.3721846 -0.3446650 0.1740471 0.8605214 0.7903975 0.7730555 0.6726939 0.4760271 -0.2337562 0.5696127 0.4928214 0.0822986 -0.0810730 -0.0988271 0.1000271 0.4837255 0.5484651 -0.1921655 0.0920476 0.1795944 0.0539588 -0.3040507 -0.3500614 0.4413672 -0.2987198 0.3460361 -0.1460431 0.4159725 -0.1816262 -0.1382443 0.6444851 0.1705081 -0.0315893 0.2716184 0.4974924 0.3181986
0.3541043 0.6966102 0.7951793 0.0000000 0.7219973 0.7175174 0.2274859 0.9042022 0.7978651 0.8665222 0.8631861 0.7328187 0.7244400 0.7206120 0.8593138 0.5987232 0.6963560 0.4836691 0.5757641 0.4217154 0.3762196 0.5024110 0.4982216 0.2494097 0.3982388 0.2028269 0.4148398 0.0509258 0.3718009 0.1743541 0.3825544 0.1007638 0.1561665 0.4809737 0.0851070 0.0728292 -0.1479699 0.1749455 0.2951800 0.1673945 0.1834838 -0.1276274 0.1209382 0.3832606 0.6469626 -0.0486412 -0.1634779 -0.0263824 0.7912447 -0.2373487 -0.1039007 0.1855427 0.8638961 0.3305325 -0.0815378 -0.2221750 -0.1409800 0.7031710 -0.2263953 -0.0835833 0.4523058 -0.0169413 -0.0558435 0.7649889 0.8071202 0.0363410 -0.2058815 -0.0163169 -0.1589495 0.4362095 -0.0620243 0.7635208 -0.2330356 0.7527064 -0.0949103 0.4301479 0.5140405 0.0095240 0.4615590 0.3705100 0.4700694 -0.1314264 -0.3953360 -0.5896385 -0.6359919 -0.5674864 -0.3271622 -0.5633705 -0.6079331 -0.6434169 -0.4414035 -0.3017527 -0.3248508 -0.5412209 -0.3824142 -0.3070017 -0.2308927 -0.3504517 -0.4423142 -0.6621460 -0.6683870 -0.4491318 -0.5282540 -0.6755726 -0.3267937 -0.3126709 -0.6779426 -0.5148404 -0.3775152 -0.7381166 -0.2705558 -0.4210501 -0.1976923 -0.5182925 -0.6175739 -0.4473273 -0.5437159 -0.5709944 -0.6052276 -0.5055752 -0.6220595 -0.5196810 -0.2964589 -0.3410683 -0.4244658 0.0480351 -0.4569376 -0.3087682 -0.0319401 -0.5099717 -0.4472987 -0.1944587 -0.3812087 -0.3596376 -0.0640577 -0.4099630 -0.3686757 0.0144997 -0.1250747 -0.0583115 -0.1283055 0.0630825 -0.2397996 0.0910933 -0.1894091 -0.2875743 -0.0178034 -0.0055914 -0.3075682 0.0082499 -0.1250131 0.1717186 -0.0424715 -0.1707383 0.0721620 0.2979617 -0.2995663 -0.1034130 -0.3385158 -0.1578048 -0.1476190 -0.1413023 -0.1431822 -0.2920726 -0.2061080 -0.1971659 -0.2495393 -0.3427535 -0.3148345 -0.3074865 -0.2861668 -0.2933947 0.2585440 0.6056866 0.5106813 0.4303838 0.6239594 0.3243927 0.4442764 0.2924159 0.0391441 -0.1461773 -0.4237474 -0.4076225 -0.0305851 0.4958163 0.4432426 0.3900238 0.5752966 0.5959433 -0.1447754 0.6650336 0.5938948 0.2092486 0.1098977 0.1632892 0.3138748 0.5480485 0.4720478 0.1167492 0.2484212 0.3730169 0.2043054 -0.2067550 -0.4865169 0.2084896 0.0088991 0.4662098 0.0453780 0.6066234 0.0348480 -0.2274648 0.5078871 0.4147455 0.2305349 0.2549705 0.4813675 0.4600419
0.3278022 0.6521525 0.9656133 0.7219973 0.0000000 0.3702075 -0.0376649 0.7872639 0.4352522 0.4598562 0.6379482 0.4202236 0.7411794 0.2301459 0.4933240 0.5533012 0.3228655 0.1028074 0.4785893 0.8304628 0.1929211 0.4462821 0.3263314 0.0074365 0.2703087 0.1520949 -0.0985707 -0.1516895 0.0324054 -0.2087088 0.5416849 0.0237578 0.0009223 0.3155670 -0.1515946 -0.0398277 -0.2185453 -0.0443301 -0.1070950 -0.2532261 0.1088167 -0.1650500 -0.0973498 -0.0302897 0.5176045 -0.2634152 -0.3379007 -0.1654747 0.4650146 -0.4382269 -0.2295856 -0.0249225 0.7769273 0.1755900 -0.1935140 -0.3887678 -0.2465813 0.4302928 -0.1772506 -0.1635780 0.5085430 -0.0188438 -0.0431448 0.6754158 0.8998997 -0.0532028 -0.2124676 -0.0199350 -0.3109738 0.3332203 -0.0753347 0.6775803 -0.2176814 0.8607079 -0.1911615 0.4637398 0.4650186 0.1180923 0.6043713 0.4662943 0.6615373 0.0302846 -0.2415231 -0.5510897 -0.5698678 -0.5872177 -0.3089603 -0.6945469 -0.6292503 -0.6781683 -0.4292106 -0.2614849 -0.0983112 -0.7039630 -0.3685240 -0.3106763 -0.2088964 -0.1332887 -0.4591116 -0.7284685 -0.7190502 -0.4387576 -0.4083103 -0.7739096 -0.2848809 -0.2657054 -0.5773423 -0.5305427 -0.4427507 -0.4815523 -0.2844178 -0.3258296 -0.3152538 -0.3678895 -0.2112245 -0.4383273 -0.2420377 -0.2670725 -0.3538998 -0.2467609 -0.2997036 -0.2218920 -0.2933440 -0.2754346 -0.2427191 -0.1896903 -0.3557725 -0.3331720 -0.3130429 -0.4780595 -0.4290761 -0.2651457 -0.4300752 -0.5287089 -0.1034880 -0.4741749 -0.5500390 -0.3529849 -0.3351574 -0.3730753 -0.2217904 -0.2522926 -0.1878870 -0.2053946 -0.4950326 -0.4145235 -0.2628093 -0.2319031 -0.2593301 -0.1199028 -0.3008077 -0.0916392 -0.1802727 -0.1941258 -0.0727525 0.2933275 -0.3408331 -0.1988501 -0.2940054 -0.2259085 -0.1951836 -0.1667356 -0.0310664 -0.3247866 -0.2355007 -0.1885182 -0.2126754 -0.2679066 -0.3208688 -0.3082195 -0.2482452 -0.2902077 0.4269293 0.6177474 0.4046886 0.2296465 0.5167172 0.5543600 0.4104666 0.3763002 0.3989811 -0.0106867 -0.4093518 -0.3896222 0.0935193 0.8180584 0.7810307 0.7810558 0.6763421 0.4674207 -0.1700186 0.5609249 0.4742863 0.0725959 -0.0756639 -0.1139570 0.0626555 0.4600637 0.5601067 -0.2042917 0.0803877 0.1788691 -0.0140741 -0.3400588 -0.2935049 0.3489676 -0.3009172 0.2994195 -0.1982522 0.4131475 -0.2575042 -0.0848159 0.7325053 0.2159607 -0.0070321 0.1183695 0.3950903 0.2286429
0.3001424 0.6278707 0.4200107 0.7175174 0.3702075 0.0000000 0.5234986 0.5907967 0.7618855 0.7401896 0.5671928 0.5952268 0.4624840 0.6265894 0.7195521 0.3503205 0.5674236 0.5519863 0.4094799 0.1649681 0.2023392 0.4338516 0.3316943 0.5296223 0.3811306 0.2603164 0.4778452 0.2235157 0.5935572 0.2649057 0.2331446 0.2438168 0.3201901 0.6818414 0.1997923 0.1758075 0.1442582 0.3874796 0.3045639 0.3068187 0.2759939 0.3026806 0.1471905 0.3869275 0.8171793 0.2580504 0.1354769 0.2332756 0.5664460 0.1607563 0.1405916 0.2032208 0.5382356 0.3455280 0.2205921 0.1639486 0.1349987 0.6188348 0.1123349 0.1245674 0.4539995 0.1180410 0.1822267 0.5342674 0.4441874 0.1977379 0.0708448 0.2325679 0.1647265 0.4732082 0.1538364 0.4474202 0.1088115 0.4111448 0.1656100 0.4619408 0.2415356 0.1216261 0.3584457 0.2170963 0.1980409 -0.0719726 -0.1253139 -0.3794917 -0.4104083 -0.2221876 0.0205628 -0.4255473 -0.2596075 -0.2943643 -0.1463225 -0.0945797 -0.1238166 -0.4311024 -0.0863239 0.0099359 0.1288974 -0.1739564 -0.1767170 -0.4408158 -0.3741331 -0.2256980 -0.4099935 -0.4409238 -0.0050051 -0.0347614 -0.6171193 -0.4283466 -0.2400052 -0.5977035 -0.0123813 -0.5875563 -0.3186371 -0.4690982 -0.5636207 -0.4376120 -0.4529017 -0.5430880 -0.5542842 -0.5217776 -0.4701611 -0.3484789 -0.0497970 -0.3386068 -0.4568779 -0.1608265 -0.1943687 -0.1218089 -0.2212364 -0.3548837 -0.3440007 0.0970572 -0.0909169 -0.1709126 0.1955775 -0.2485630 -0.2059087 0.0861173 0.1202064 -0.0717601 0.1535293 0.1857266 0.0017083 -0.0285262 -0.0075451 -0.2063290 0.3073498 0.3055183 -0.0271195 0.2169387 0.0192650 0.2029636 0.2866813 0.0288106 0.3115225 0.1487699 -0.0752749 0.1399783 -0.1033950 0.0699770 0.0817597 0.1415406 -0.0191044 0.0295831 0.0863396 -0.0562092 -0.0939730 -0.0946066 -0.0338747 -0.0086705 -0.0608454 -0.0484726 -0.0183348 0.2374268 0.4543402 0.4640452 0.4383482 0.1107372 0.2317998 0.1562162 -0.2008114 0.0010035 0.0261346 -0.1323304 0.0706011 0.1371714 0.0330784 0.0092336 0.3069323 0.4044961 -0.3315436 0.4738787 0.5121518 -0.0185557 -0.1598559 -0.1413096 0.0516783 0.3788446 0.2686152 -0.1366118 0.4466591 0.0166647 0.0446850 -0.0814367 -0.4450487 0.0650481 -0.1765301 0.3486522 0.3717221 0.2584856 -0.0061387 -0.4298236 0.2729567 0.4709375 0.1504408 0.2854819 0.3231139 0.3900560
0.4727884 0.3642764 0.0659664 0.2274859 -0.0376649 0.5234986 0.0000000 0.0801453 0.3302923 0.2471092 0.0381036 0.3391286 0.2370233 0.2156108 0.4142948 0.0314515 0.0186682 0.1805523 0.1425933 0.0387268 -0.0613003 0.3616499 -0.0652896 0.4900508 0.3962137 0.3111947 0.1109202 0.1848894 0.4886519 0.1066579 0.2081184 0.4172291 0.3052231 0.5739333 0.1245310 0.0263030 0.3450900 0.3834158 0.0344442 0.2791986 0.4170354 0.2021319 -0.0474317 0.1392413 0.4140516 0.2770468 0.1224062 0.3747359 0.0694846 0.3093704 0.1497603 0.2053981 0.0053020 0.2469133 0.3463289 0.2781955 0.2201790 0.1474196 0.1525603 0.1916678 0.1127007 0.2315614 0.2051238 0.1654760 -0.0216900 0.1921928 0.2222817 0.1386107 0.2152524 0.1845687 0.2133895 0.1299054 0.2782096 0.1436491 0.3001857 0.2166690 0.1406697 0.1463176 0.1736760 0.3677999 0.0699537 -0.0006332 -0.0391597 -0.4233884 -0.3389376 -0.2184622 0.1611417 -0.1969719 -0.1394936 -0.0359211 -0.1150857 0.1234350 0.1548175 -0.2794504 -0.0240037 0.1904395 0.4273814 0.1510597 -0.1318576 -0.2461082 -0.2052151 -0.0642558 -0.1506472 0.0137493 0.1814532 0.0280050 -0.3124166 0.0208499 -0.2433652 -0.1971963 -0.0007223 -0.3642579 0.0598940 -0.1315947 -0.2293433 -0.0770909 -0.1829402 -0.2870915 -0.2189113 -0.2968290 -0.1779605 -0.0818097 0.1500571 0.0421338 -0.2511269 -0.1211085 -0.0472144 -0.0574543 -0.2655235 0.1429316 -0.2103292 -0.0086168 0.0063324 0.2808197 -0.0336939 -0.0568014 -0.0196056 -0.1875746 -0.1336838 -0.2721281 -0.0679685 -0.2117821 0.1381500 -0.1501614 -0.0712200 -0.3770521 -0.0313009 -0.0280238 0.1116067 -0.2044736 -0.2032470 -0.2407761 -0.0416386 -0.2512457 -0.0402529 -0.2887900 0.1485470 -0.0751886 0.1493705 0.0286591 -0.0389529 -0.0163764 -0.2582240 0.2565842 -0.0367797 0.0300971 -0.0707429 0.0546355 0.1442718 0.0784500 0.0314112 0.0031583 0.4038336 0.3458235 0.3288232 0.5887964 0.1961799 0.2312551 -0.1548795 -0.1308982 0.0923671 -0.0228243 0.1824409 0.0600476 0.1659825 -0.0011379 -0.0770701 0.0345487 0.1778058 0.2313701 -0.3059922 0.3134850 0.4946422 -0.1731960 -0.1726627 -0.1479993 -0.0981716 0.2104606 0.2625800 -0.2375043 0.0906524 -0.2302439 0.0333327 0.1001831 -0.1998334 0.1645945 -0.2951923 0.3554843 0.1211869 -0.1360804 -0.3059393 -0.0647977 -0.1200574 0.2839280 0.1542517 0.4001569 0.4692901 0.4931397
0.3034368 0.6096515 0.8475248 0.9042022 0.7872639 0.5907967 0.0801453 0.0000000 0.7472310 0.8344380 0.9176231 0.4944838 0.9070559 0.6659184 0.7315563 0.8322131 0.7611227 0.4158615 0.8225705 0.5433104 0.1820514 0.7286935 0.6764894 0.1080981 0.6396150 0.4626971 0.4208926 -0.0237120 0.1505027 0.1203770 0.6666849 0.3196506 0.0643293 0.3711863 0.2825101 -0.1014267 0.0696395 0.3517320 0.3700741 0.2498756 0.4045715 -0.0420829 0.3256434 0.4199116 0.7297647 0.1349234 0.0396410 0.1404686 0.7644004 -0.1253680 0.1359268 0.3791053 0.8839150 0.5085262 0.1117938 -0.0371383 0.0886048 0.7651871 -0.1664221 0.1779953 0.5449914 0.2523729 0.2394327 0.6994182 0.9059305 0.2556223 0.0781592 0.2395242 0.0544924 0.4650961 0.2277479 0.6475051 0.0414821 0.7203278 0.1183275 0.4774552 0.3092425 0.3377160 0.5834703 0.3228678 0.6214744 -0.1674893 -0.3741518 -0.5378629 -0.5920286 -0.6035109 -0.4288059 -0.6132045 -0.6601548 -0.6866512 -0.4227087 -0.2965636 -0.2786087 -0.5659577 -0.3757611 -0.2673922 -0.1574811 -0.3236854 -0.4837432 -0.6407687 -0.6770824 -0.5400928 -0.4456093 -0.6294293 -0.2503834 -0.2930051 -0.6179075 -0.4420608 -0.4544919 -0.6452365 -0.3127315 -0.3995665 -0.1419246 -0.3569869 -0.4815424 -0.3330587 -0.3721837 -0.4463856 -0.5164272 -0.5190694 -0.4960157 -0.3594959 -0.2873530 -0.4969648 -0.4323611 -0.2157772 -0.3012407 -0.2182727 -0.1719868 -0.4122328 -0.4537129 -0.1916372 -0.1942480 -0.3795235 -0.0130071 -0.4499181 -0.3863462 -0.0402794 -0.1589601 -0.1974898 -0.1506944 0.0286692 -0.0444228 -0.0362011 -0.3071220 -0.3241468 -0.0489851 -0.0526255 -0.1654050 0.1038698 0.0377295 0.1633884 0.0075676 -0.1209448 0.1863792 0.3418792 -0.1701883 -0.0010493 -0.2060518 0.0211401 0.0363009 0.0641976 0.0106075 -0.1630044 -0.0343802 -0.0862973 -0.1392147 -0.1991603 -0.1622342 -0.1382440 -0.1156450 -0.1222877 0.2548920 0.5064598 0.2445991 0.1539806 0.3986157 0.2444734 0.2945820 0.2169418 -0.0221535 -0.2340795 -0.4108094 -0.4039396 0.0750359 0.6807358 0.5967409 0.4720704 0.4376335 0.3969160 -0.3205230 0.4723488 0.3983539 -0.0854806 -0.1585227 -0.0727798 0.0772388 0.3600575 0.4287567 -0.0767300 0.1560825 0.3393589 0.1256922 -0.4153334 -0.5975317 0.2226033 -0.0926972 0.2770843 -0.0298401 0.5165293 0.0524894 -0.3963148 0.4704147 0.1202661 -0.0052622 0.2028280 0.5377363 0.4719934
0.0504634 0.3835957 0.4727420 0.7978651 0.4352522 0.7618855 0.3302923 0.7472310 0.0000000 0.9267533 0.7118098 0.4974462 0.6476057 0.9196708 0.9059967 0.5372743 0.7852977 0.8291487 0.5927261 0.1538972 -0.0622946 0.5791132 0.6116814 0.6169163 0.5305668 0.5000807 0.7271181 0.5378259 0.1394234 0.5839697 0.3588984 0.4277403 0.5963307 0.7423660 0.4953140 -0.3010709 0.2504965 0.5882288 0.6219770 0.5267502 0.4856819 -0.1859446 0.4562466 0.7529526 0.6857511 0.4134193 0.3173936 0.4157828 0.8993905 0.2450905 0.3040358 0.3992916 0.7890074 0.4567018 0.3380945 0.2323912 0.2940525 0.6603899 -0.2780027 0.2667818 0.1917117 0.1741403 0.2562144 0.6155535 0.5945473 0.4230778 0.0927088 0.1156736 0.2862027 0.3497625 0.2275936 0.5730755 0.0248259 0.4977894 0.2801592 0.4020514 0.2219058 0.1992618 0.4757599 0.4380122 0.3891069 -0.2150242 -0.1400643 -0.2740473 -0.2980573 -0.1883248 -0.1251101 -0.4013683 -0.2562397 -0.2957861 -0.1782806 -0.2371707 -0.2248958 -0.4206703 -0.2373275 -0.1232191 -0.0268476 -0.2858124 -0.2951258 -0.4668423 -0.3687936 -0.2860522 -0.2649224 -0.4369092 -0.1212630 -0.2127763 -0.4389378 -0.1684712 -0.1406547 -0.4430254 -0.1057479 -0.3801920 -0.0760859 -0.2537631 -0.4790982 -0.2405789 -0.2973162 -0.3527240 -0.3536082 -0.3976258 -0.3226808 -0.2080050 -0.2014227 -0.2225890 -0.2896636 -0.1589972 -0.1111447 -0.2349610 -0.1596241 -0.1309701 -0.2919224 -0.1686645 -0.1100328 -0.1201485 -0.0527532 -0.3328513 -0.1812222 0.0222353 -0.1139000 -0.0823535 -0.0789331 0.0764079 -0.1102085 -0.1356933 -0.0832044 -0.1982414 0.0218928 -0.0003898 -0.1997424 0.1253397 0.0343749 0.0910976 0.0760862 -0.1085187 0.1259014 -0.0156885 -0.1253848 -0.0100733 -0.2285527 0.0858300 0.0241582 0.0897105 -0.1222803 -0.0205949 -0.0040421 -0.1376195 -0.1489025 -0.2152949 -0.1288899 -0.0894418 -0.0935692 -0.1026625 -0.0842390 0.2259371 0.1148415 0.3265292 0.2918122 0.1052410 -0.0368373 -0.2083287 -0.1882283 -0.5160628 -0.4171721 -0.4916264 -0.1802710 0.2100133 0.1437779 0.1672650 0.2674782 0.3685193 -0.2999926 0.5011836 0.5092405 -0.1997084 -0.2029776 -0.1142581 -0.0401619 0.2778248 0.4849119 -0.0868477 0.4033998 0.0738631 0.0917379 -0.2341597 -0.5566850 0.0065626 -0.0515285 0.3044419 0.2560059 0.3349685 -0.0856632 -0.3424484 0.4793374 0.3129257 0.1214595 0.1959865 0.4124331 0.4861139
0.1395903 0.4311624 0.5265735 0.8665222 0.4598562 0.7401896 0.2471092 0.8344380 0.9267533 0.0000000 0.8561761 0.5869855 0.6624606 0.9269159 0.8571799 0.6244980 0.8835027 0.7485322 0.6648127 0.1572287 0.1321441 0.5819614 0.6998708 0.4699512 0.5421226 0.4162493 0.7394512 0.3362683 0.2458926 0.4937570 0.3729710 0.3077961 0.3909026 0.6190391 0.4079727 -0.1116882 0.1195263 0.4690422 0.5543695 0.4399113 0.3878277 -0.1193547 0.3703582 0.6552331 0.7101001 0.2786752 0.1905866 0.2572656 0.9059027 0.0673504 0.1916584 0.3122667 0.8403970 0.3975328 0.1779142 0.0826793 0.1726484 0.7373854 -0.2745638 0.1632564 0.3284644 0.0970657 0.1706078 0.6818557 0.6863327 0.3214078 0.0145008 0.0853894 0.1726647 0.3913119 0.1798751 0.6530169 -0.0493499 0.5682788 0.1929298 0.3527025 0.3030263 0.1638159 0.3918641 0.3432973 0.3432017 -0.2211253 -0.2513809 -0.3113808 -0.3772642 -0.2811304 -0.2309917 -0.4162394 -0.3499569 -0.3996178 -0.2263493 -0.2430956 -0.3281728 -0.3992694 -0.2082583 -0.1210689 -0.0817959 -0.3876648 -0.2946499 -0.5076264 -0.4511854 -0.3239145 -0.2667469 -0.4712490 -0.1195710 -0.1642522 -0.4570834 -0.1748478 -0.1202120 -0.5932671 -0.0913621 -0.3551651 0.0530109 -0.2703018 -0.6378114 -0.1762757 -0.4114077 -0.5116426 -0.5099360 -0.5517588 -0.5090040 -0.3778276 -0.2397723 -0.3176561 -0.4383364 -0.0711204 -0.1731329 -0.1928335 -0.0624916 -0.1845260 -0.3414962 -0.1355960 -0.0452462 -0.0779141 0.0202778 -0.2928240 -0.0809299 0.0965754 -0.0374378 -0.0370578 -0.0168852 0.1427016 -0.1292806 0.0976152 -0.0261429 -0.0713968 0.0770594 0.0635564 -0.2233673 0.1696601 0.0973124 0.2187376 0.1084772 -0.0473839 0.2559174 0.1233808 -0.1759193 0.0484957 -0.2799839 0.0642007 0.0979027 0.1097108 -0.1157011 -0.1093512 0.0395755 -0.1751077 -0.1833783 -0.2617654 -0.1766111 -0.1260308 -0.1380964 -0.1174357 -0.0194620 0.3024356 0.1841576 0.2919951 0.4007116 0.1003012 0.1725674 -0.0039839 -0.1969362 -0.3985497 -0.4219767 -0.4689655 -0.1306870 0.2939518 0.2342092 0.1927331 0.3538231 0.4559866 -0.3034876 0.5233347 0.4947588 -0.0907684 -0.0925275 0.0061770 0.1319429 0.3780069 0.4191149 0.0493241 0.3583331 0.2048490 0.1257650 -0.2524765 -0.5857099 -0.0778144 0.0257096 0.3730983 0.2229348 0.4298857 0.0314926 -0.4157096 0.3990471 0.2954323 0.1717335 0.2107835 0.4103784 0.5305263
0.2110525 0.5389215 0.7103626 0.8631861 0.6379482 0.5671928 0.0381036 0.9176231 0.7118098 0.8561761 0.0000000 0.6358123 0.7465743 0.6697135 0.7547044 0.8309964 0.8442869 0.4336435 0.7827972 0.3531718 0.3946251 0.5847537 0.7972723 0.0349815 0.5350729 0.3940445 0.4301619 -0.1019999 0.2911384 0.0481529 0.4896522 0.1761263 -0.0210369 0.2804417 0.2311931 0.1181380 -0.0451344 0.3080947 0.2887933 0.1543558 0.3175366 0.0031765 0.2560950 0.3473670 0.6824422 0.0896720 -0.0179514 0.1060529 0.7514229 -0.1162477 0.0603235 0.2682028 0.8421466 0.3927343 0.0457568 -0.0983372 0.0163780 0.7713232 -0.2301519 0.1098710 0.5340923 0.1640532 0.1024094 0.7406751 0.8388164 0.1733791 0.0164509 0.1925571 -0.0085121 0.5727085 0.1595258 0.6621392 -0.0422398 0.6607478 0.0521673 0.4790262 0.4091492 0.2388835 0.4828907 0.3091343 0.4444535 -0.2281210 -0.4733312 -0.4777195 -0.5225574 -0.5875585 -0.4849088 -0.5138777 -0.5947509 -0.6117899 -0.4078705 -0.3364025 -0.4173685 -0.4448337 -0.2161765 -0.1799775 -0.2264016 -0.4510032 -0.2955985 -0.5556247 -0.5964473 -0.5723623 -0.4005320 -0.5789184 -0.1931022 -0.1240507 -0.5776622 -0.3636052 -0.2783189 -0.6701163 -0.1248910 -0.3994838 0.0003339 -0.3662354 -0.5885858 -0.2627767 -0.4569969 -0.5047161 -0.5470745 -0.5801475 -0.5839686 -0.4957295 -0.2749129 -0.3533424 -0.4479820 -0.0836630 -0.3461566 -0.1864399 -0.0833210 -0.3329702 -0.3654081 -0.1513855 -0.1084179 -0.2169558 0.0725362 -0.2965848 -0.1531520 0.0318963 -0.0790746 -0.0183174 -0.0229395 0.1337404 -0.0876050 0.2124504 -0.0739169 -0.0354290 0.0290404 0.0042929 -0.1961810 0.2713518 0.1787175 0.3031117 0.1138490 0.0319239 0.2860777 0.3423255 -0.2418857 0.0778847 -0.2786512 0.0773184 0.0922924 0.1561867 0.0830213 -0.1983885 0.0402496 -0.1396778 -0.1462560 -0.2438544 -0.2214471 -0.1564937 -0.1798819 -0.1673661 0.1716027 0.5190887 0.3048165 0.1824160 0.5014169 0.2944638 0.4693915 0.3485184 -0.0363874 -0.1577129 -0.4480257 -0.4567138 -0.0576761 0.5450728 0.3899625 0.3374941 0.4402484 0.4872620 -0.3051494 0.5060101 0.3975717 0.0419621 -0.0386964 0.0390312 0.2009653 0.4260720 0.3706508 0.0613077 0.1755518 0.4277826 0.3164537 -0.2078600 -0.4781068 0.0501817 -0.0021697 0.3351940 -0.0158491 0.5946018 0.1610608 -0.3493856 0.3837711 0.1868616 0.1458457 0.0667327 0.5254765 0.5411955
0.2085972 0.5284255 0.4731968 0.7328187 0.4202236 0.5952268 0.3391286 0.4944838 0.4974462 0.5869855 0.6358123 0.0000000 0.2815537 0.3931728 0.7421254 0.2927834 0.3944680 0.2469950 0.2176970 0.1689756 0.7486486 0.1225553 0.3037852 0.1511315 0.0575358 -0.0387759 0.0901810 -0.1169807 0.6531429 -0.1273635 -0.0146080 -0.1455272 0.0227941 0.3279096 -0.2002623 0.4708062 -0.3402188 -0.0218555 -0.1297690 -0.2433527 -0.0455465 -0.1328104 -0.2145814 -0.0656621 0.3329640 -0.2369541 -0.3714053 -0.1220138 0.4563024 -0.2240424 -0.3385683 -0.1904725 0.5484158 -0.1108894 -0.2279689 -0.3651956 -0.3391705 0.3945002 -0.3817216 -0.3105820 0.1999414 -0.2833257 -0.3582651 0.7681569 0.4576453 -0.1971782 -0.3688578 -0.2652674 -0.3537085 0.5432928 -0.3195750 0.7718517 -0.4436202 0.6396626 -0.2370762 0.3197599 0.8342907 -0.3584389 0.0645734 0.4318906 0.0292993 -0.1904257 -0.5037025 -0.6371596 -0.6522814 -0.5661037 -0.3156322 -0.5476709 -0.5315772 -0.5546663 -0.4742168 -0.3091517 -0.4731843 -0.5403647 -0.2039362 -0.2343575 -0.3251464 -0.4065253 -0.2237039 -0.6517085 -0.6403417 -0.4216962 -0.5025085 -0.7069870 -0.2261085 -0.1083701 -0.6470930 -0.4913180 -0.1250757 -0.7457540 -0.0047429 -0.3745460 -0.1528978 -0.7051448 -0.7088295 -0.5481322 -0.7841425 -0.6725690 -0.6792608 -0.4850835 -0.7836060 -0.7995674 -0.3533246 0.0375148 -0.3584947 0.4537890 -0.7388154 -0.4647195 0.0772966 -0.4806610 -0.3945542 -0.3324383 -0.5497006 -0.1924820 -0.1835709 -0.3173334 -0.2164297 -0.1064700 -0.2600326 0.0978018 -0.1726508 -0.0709855 -0.4996320 0.3923373 -0.0303455 -0.0602022 -0.1700720 -0.1726476 -0.5282133 -0.0758446 -0.2522214 0.0050294 -0.1974284 -0.2317391 -0.1460765 0.0638098 -0.5733551 -0.3255907 -0.5803724 -0.3982042 -0.4170988 -0.3473575 -0.2942124 -0.5103841 -0.4318535 -0.5036817 -0.4997151 -0.5974762 -0.6098732 -0.5971472 -0.6380954 -0.6270580 0.2330110 0.6738178 0.7688042 0.8052194 0.9288697 0.5685786 0.7385040 0.4459646 0.1568485 0.0319242 -0.4132163 -0.4854342 -0.3006730 0.1218029 0.0670669 0.2046955 0.7391304 0.8900536 0.0238298 0.8472218 0.7782149 0.5712533 0.5021284 0.4631522 0.6500988 0.8278137 0.4712091 0.3659958 0.0266689 0.3673330 0.3359514 0.2602897 -0.1617137 -0.1564353 0.0844975 0.6668337 -0.1725783 0.6961519 -0.0513662 0.1514159 0.3594006 0.7483040 0.6814109 -0.0617137 0.2329983 0.2422041
0.3228412 0.5279154 0.8135181 0.7244400 0.7411794 0.4624840 0.2370233 0.9070559 0.6476057 0.6624606 0.7465743 0.2815537 0.0000000 0.5267756 0.6161000 0.8580701 0.6180522 0.2948355 0.8760668 0.6583460 -0.0736569 0.8906417 0.6252891 0.1047572 0.7975751 0.6731580 0.3210559 -0.0041276 0.0118858 0.0627792 0.8734323 0.5873378 0.1097522 0.3887431 0.4093344 -0.2926842 0.3359401 0.5273116 0.3788994 0.3348712 0.6569449 -0.0069477 0.4322510 0.4124137 0.6997248 0.3129033 0.1970282 0.3728818 0.6218537 0.0625711 0.3339442 0.5608138 0.7472353 0.6441358 0.3668447 0.1844303 0.3165101 0.6843582 -0.0563677 0.4096241 0.5090808 0.4899469 0.5050760 0.5709967 0.8270140 0.4588674 0.3409824 0.4066587 0.2593514 0.4350256 0.4557309 0.4802502 0.3005502 0.6506626 0.3441190 0.4925183 0.1555686 0.5738323 0.6815577 0.4083152 0.7560645 -0.1537478 -0.2924623 -0.5748057 -0.5903032 -0.6374730 -0.4356725 -0.6075323 -0.6819825 -0.6315921 -0.4655122 -0.2842268 -0.1484154 -0.5944129 -0.4459461 -0.2586835 -0.0358791 -0.1850590 -0.5758421 -0.6017950 -0.6538664 -0.5869379 -0.4147180 -0.4961034 -0.2253467 -0.3569954 -0.5906633 -0.3602465 -0.6077548 -0.4823077 -0.4178051 -0.4546736 -0.1558390 -0.2497112 -0.2783386 -0.2864290 -0.2033425 -0.2812834 -0.3526728 -0.4229936 -0.3026974 -0.1534959 -0.2826090 -0.4957244 -0.3487158 -0.3983165 -0.2012799 -0.2415973 -0.3492446 -0.2691139 -0.4499780 -0.2835713 -0.1473414 -0.3337809 -0.1333819 -0.5114957 -0.4653816 -0.2266953 -0.3112935 -0.4105835 -0.3121650 -0.1828371 0.0706477 -0.3020673 -0.4873456 -0.5480280 -0.2061548 -0.2135568 -0.0723618 -0.0366292 -0.0428630 -0.1007302 -0.1145683 -0.2726109 0.0571826 0.1442336 -0.0661672 -0.0922009 -0.0769848 0.0551632 0.0159761 0.0749536 -0.0445295 -0.0331398 -0.0495741 -0.0410706 -0.1237724 -0.0979475 -0.0422504 -0.0425368 -0.0195522 -0.0529713 0.4069004 0.5169397 0.0818681 0.1009826 0.1957980 0.2743655 0.0301768 0.0355008 0.0470121 -0.2993261 -0.3068580 -0.3225305 0.2087253 0.7657562 0.6741541 0.5777815 0.3458439 0.2360827 -0.4395410 0.3469144 0.3379500 -0.3369084 -0.3656389 -0.2833584 -0.1622291 0.2210455 0.4775276 -0.3093908 0.0294695 0.1608697 0.0661133 -0.4291106 -0.5842084 0.3607104 -0.2712458 0.2135651 -0.1056783 0.3332080 -0.0650189 -0.3413105 0.4094712 -0.0682547 -0.1611393 0.2830602 0.6571213 0.4992829
-0.0305517 0.2072253 0.3042361 0.7206120 0.2301459 0.6265894 0.2156108 0.6659184 0.9196708 0.9269159 0.6697135 0.3931728 0.5267756 0.0000000 0.7907914 0.4826004 0.8639237 0.8529962 0.5447174 -0.0113640 -0.0807816 0.4949601 0.6406622 0.5813466 0.4669795 0.4012814 0.9018139 0.5656445 0.0784116 0.7331542 0.2657249 0.3502401 0.5734037 0.6355328 0.5448542 -0.2961621 0.2049163 0.5188666 0.7669398 0.6467382 0.3969276 -0.2365300 0.5271566 0.8606093 0.5262908 0.3866399 0.3306468 0.3387740 0.9235516 0.1897159 0.3074565 0.4257700 0.7201089 0.4301597 0.2712364 0.2123639 0.2776810 0.6463358 -0.2644796 0.2436219 0.1263834 0.1077244 0.2276022 0.4934838 0.4860360 0.4037301 0.0549592 0.0422227 0.2956088 0.2087378 0.2029277 0.4856120 -0.0355883 0.3653244 0.2600181 0.1965758 0.1141598 0.1465221 0.3233825 0.2878407 0.3001568 -0.2595242 -0.1433169 -0.1302757 -0.1937504 -0.0886894 -0.1846628 -0.1841872 -0.1909638 -0.2172993 -0.1831144 -0.3055742 -0.3410303 -0.1719538 -0.2935215 -0.2025720 -0.1385074 -0.3941352 -0.3219610 -0.2832110 -0.2506630 -0.2333957 -0.1983844 -0.2383890 -0.2118410 -0.3004505 -0.2936261 -0.0420534 -0.0716552 -0.4263899 -0.1941391 -0.2840828 0.0862880 -0.1507593 -0.5401445 -0.0728228 -0.2920189 -0.3538980 -0.3296894 -0.4016727 -0.3410891 -0.2332244 -0.2647157 -0.2527179 -0.2956495 -0.0534683 -0.0476835 -0.1978863 0.0286689 -0.0469450 -0.2178252 -0.1661027 0.0039288 0.0283102 -0.0968254 -0.2611593 -0.0050336 0.1618687 -0.0094666 0.0183942 -0.0815204 0.1532606 -0.1596172 0.0134692 0.0305633 -0.0735285 0.0647841 0.0522054 -0.2307160 0.0953877 0.0804910 0.1553123 0.0532741 -0.1116132 0.1559060 -0.0320234 -0.1076008 0.0073304 -0.2470696 0.0647443 0.0771474 0.0613660 -0.2124169 -0.0489014 0.0182300 -0.1535033 -0.1725804 -0.2388558 -0.1162606 -0.0785906 -0.0810075 -0.0668484 -0.1588983 0.1139057 -0.0549345 0.1688613 0.1675905 -0.0727809 -0.0914711 -0.2524388 -0.2790326 -0.5348454 -0.3837202 -0.3925805 -0.1611847 0.1138554 0.1039144 0.0576940 0.1402197 0.2648967 -0.2493543 0.3482266 0.3475252 -0.1694366 -0.1127687 0.0011616 0.0378639 0.2027311 0.3581194 0.0669497 0.3670462 0.1075162 0.0888209 -0.2047058 -0.4988066 -0.0817303 0.1052824 0.2808794 0.3184337 0.2999660 0.0971616 -0.3382403 0.3243315 0.1831554 0.1010475 0.2619061 0.3591153 0.4718829
0.0989920 0.4462896 0.5372822 0.8593138 0.4933240 0.7195521 0.4142948 0.7315563 0.9059967 0.8571799 0.7547044 0.7421254 0.6161000 0.7907914 0.0000000 0.5269652 0.6721529 0.7046156 0.5369447 0.2001409 0.2359791 0.4983574 0.5295094 0.5164253 0.4346692 0.3951799 0.5141491 0.3476695 0.3220493 0.3582871 0.3217092 0.3124502 0.4331212 0.6262714 0.3037919 -0.0710633 0.0920635 0.4499971 0.3893715 0.3122059 0.4043758 -0.2175732 0.2674337 0.5143935 0.5763066 0.2318870 0.0956544 0.3130872 0.8095312 0.1404733 0.1164315 0.2644073 0.7705036 0.3196222 0.2093734 0.0529687 0.1045453 0.6012459 -0.3776375 0.1141812 0.1825758 0.0652546 0.0593757 0.7288619 0.5950482 0.2474399 -0.0261683 -0.0089171 0.0857521 0.4751823 0.0789357 0.7134678 -0.1308528 0.5952749 0.1166210 0.4358387 0.5107825 0.0250376 0.3718341 0.5239440 0.3005081 -0.3197358 -0.4134688 -0.5047923 -0.4870382 -0.4440050 -0.3078772 -0.4720276 -0.4564715 -0.4676253 -0.3961801 -0.3216103 -0.3024612 -0.4922085 -0.3037224 -0.1900954 -0.1465607 -0.2706095 -0.3461724 -0.5727393 -0.5576640 -0.3796512 -0.4095456 -0.5658234 -0.1744924 -0.2270617 -0.5387098 -0.3116446 -0.1795243 -0.5388795 -0.1237529 -0.4039847 -0.0486248 -0.4338336 -0.5287048 -0.3527232 -0.4848655 -0.4363823 -0.4251863 -0.3877709 -0.4859825 -0.4456847 -0.2611402 -0.0097493 -0.2268758 0.1115065 -0.4119158 -0.3574912 -0.0028669 -0.2272153 -0.2771070 -0.3024713 -0.3524320 -0.1080042 -0.1755718 -0.3405639 -0.1996911 -0.0059563 -0.2125901 0.0417444 -0.1909748 0.0280029 -0.2681297 0.0844318 -0.0227604 -0.2067689 -0.1068400 -0.1283322 -0.3517845 0.0384640 -0.0518427 0.0298929 -0.0731031 -0.2300622 -0.0585289 -0.0449180 -0.3073831 -0.1869021 -0.3777607 -0.0911864 -0.2179774 -0.0946392 -0.2071300 -0.2052944 -0.2255317 -0.2861724 -0.3048422 -0.3842677 -0.3299187 -0.3077189 -0.3307190 -0.3448414 0.0772992 0.4888348 0.3554643 0.5421312 0.5397335 0.3493278 0.2256378 0.0022046 -0.0050388 -0.3870075 -0.5168442 -0.5685068 -0.2696858 0.2152386 0.1438817 0.2247509 0.4562121 0.5955836 -0.1331035 0.6768559 0.6553550 0.0942292 0.0912941 0.1654511 0.2179517 0.4825744 0.5484758 0.1299428 0.1788817 0.3061440 0.3408355 -0.0022315 -0.3714293 0.0236376 0.0651453 0.4920202 -0.0214210 0.5689401 -0.0445933 -0.0567354 0.4695452 0.4884982 0.4028721 0.0777694 0.5054748 0.5467794
0.1411588 0.3647229 0.6318576 0.5987232 0.5533012 0.3503205 0.0314515 0.8322131 0.5372743 0.6244980 0.8309964 0.2927834 0.8580701 0.4826004 0.5269652 0.0000000 0.7542281 0.2256073 0.9624181 0.4969073 0.0743989 0.8375439 0.8516829 -0.1363643 0.7917918 0.6916759 0.3437934 -0.1638499 0.0151662 -0.0732019 0.8095001 0.4599719 -0.0638310 0.1464523 0.4626892 -0.1636754 0.2598620 0.5125357 0.3370633 0.2711751 0.5842584 0.0553224 0.5015990 0.3375892 0.6175515 0.3051753 0.2175177 0.3587387 0.5870081 0.0879552 0.3762028 0.5890109 0.6754659 0.6561768 0.3297195 0.1818725 0.2843537 0.7625173 -0.1599977 0.4683452 0.4410167 0.5775027 0.4608287 0.5789014 0.7576685 0.3743475 0.4053938 0.5237002 0.2385362 0.5972356 0.4684886 0.4283025 0.3464332 0.5220975 0.2757691 0.5653128 0.1473611 0.5778907 0.6270394 0.3391767 0.5929169 -0.3185572 -0.4463529 -0.4680144 -0.5023673 -0.6598298 -0.6068635 -0.5144571 -0.6873489 -0.6643364 -0.4849418 -0.4032490 -0.3967984 -0.4305125 -0.3726026 -0.2765366 -0.1891784 -0.4156756 -0.4801586 -0.4480006 -0.6188796 -0.7357865 -0.4084237 -0.4375237 -0.2283265 -0.2878057 -0.5555373 -0.3552871 -0.5262206 -0.5329010 -0.3593463 -0.4540030 -0.0670770 -0.2903081 -0.4143217 -0.2394001 -0.3278092 -0.3588077 -0.4331791 -0.5818308 -0.4205735 -0.3164508 -0.3289203 -0.4822921 -0.4445089 -0.3795040 -0.2439647 -0.2296047 -0.3366380 -0.2092259 -0.4515918 -0.2867341 -0.0105387 -0.1578287 -0.0672351 -0.4801328 -0.3031412 -0.2004596 -0.2963571 -0.3060451 -0.2612613 -0.1112435 0.0731896 -0.0049094 -0.3436435 -0.3098574 -0.1689315 -0.2188354 -0.0920838 0.1440551 0.1905406 0.0978187 -0.0143836 -0.1480173 0.2041101 0.2826152 -0.1025840 0.0190231 -0.1285310 0.1384670 0.1375057 0.2089368 0.1308697 -0.0680186 0.0749892 -0.0431169 -0.1274594 -0.1294928 -0.0689837 -0.0231239 -0.0500920 -0.0588592 0.2696129 0.4426965 -0.0222639 -0.0262237 0.1793805 0.2675995 0.1688587 0.1605590 -0.0348895 -0.2456822 -0.3778380 -0.3851288 0.0112925 0.6376131 0.4395499 0.3622937 0.2236412 0.2054822 -0.5730440 0.2511028 0.1851015 -0.2645239 -0.3438798 -0.2666643 -0.1203092 0.2197957 0.3808634 -0.2586701 -0.0143305 0.2603220 0.1608649 -0.3367649 -0.4799100 0.1726651 -0.2521819 0.2091659 -0.1164788 0.4217672 0.0929694 -0.3771692 0.2680403 -0.0958005 -0.0855206 0.1224172 0.6413381 0.4948326
-0.0459332 0.2580643 0.4208096 0.6963560 0.3228655 0.5674236 0.0186682 0.7611227 0.7852977 0.8835027 0.8442869 0.3944680 0.6180522 0.8639237 0.6721529 0.7542281 0.0000000 0.6281441 0.7364179 0.1350733 0.0876372 0.5838351 0.8933276 0.2400597 0.5399913 0.4878513 0.7861147 0.2228201 0.1388687 0.3996455 0.4167821 0.2976480 0.2839167 0.4305224 0.5464275 -0.1062800 0.1711029 0.4963230 0.6435229 0.4795773 0.4188719 -0.0529892 0.5670943 0.6773796 0.6219464 0.3411369 0.2871434 0.3168216 0.8775907 0.1164721 0.3422557 0.4875625 0.7688084 0.5384778 0.2588417 0.1684434 0.2623813 0.8422629 -0.1830461 0.3388974 0.3613879 0.2804424 0.2941209 0.6046027 0.6518188 0.3805607 0.1821752 0.3041528 0.2469495 0.5041420 0.3147212 0.4896467 0.1000580 0.4386823 0.2234315 0.4165890 0.1465159 0.3397891 0.4899323 0.2678984 0.4246815 -0.3423559 -0.3096743 -0.2034177 -0.2961392 -0.2854749 -0.4431460 -0.2834215 -0.3677530 -0.3772402 -0.3207101 -0.4473456 -0.5128095 -0.2166773 -0.2857122 -0.2662155 -0.2790752 -0.5710861 -0.3278821 -0.3227803 -0.3496077 -0.5078385 -0.3197119 -0.3249240 -0.2972232 -0.2661294 -0.4574993 -0.1911604 -0.2099272 -0.5531840 -0.2110841 -0.4807547 0.0192461 -0.2429385 -0.6106774 -0.1283753 -0.3697727 -0.4338816 -0.4293539 -0.5676692 -0.4414548 -0.3304583 -0.3568668 -0.4108751 -0.4471263 -0.1784924 -0.1112221 -0.2176099 -0.1200998 -0.1346195 -0.3024128 -0.1715676 0.0849918 -0.0451458 -0.0043042 -0.3206804 -0.0209890 0.0790768 -0.0205360 -0.0339223 -0.0526950 0.1479709 -0.1080939 0.1198719 -0.0204968 -0.0236725 0.0860617 0.0522871 -0.1935433 0.2731647 0.2205320 0.2534937 0.1394570 0.0042184 0.3204111 0.1566284 -0.1719741 0.0981910 -0.2709905 0.1368474 0.1874391 0.2066555 0.0026414 -0.1042229 0.1262474 -0.1522683 -0.1513324 -0.2187672 -0.1348178 -0.0531472 -0.0789058 -0.0665193 -0.1073153 0.2013481 -0.0400049 0.0163378 0.2045743 0.0157860 0.1272357 0.0085299 -0.2843149 -0.3675243 -0.3731295 -0.4043073 -0.1047347 0.3176650 0.1811960 0.1370178 0.1793272 0.2727177 -0.4520327 0.3098584 0.2469213 -0.1546102 -0.2028867 -0.1194602 0.0343793 0.2601747 0.3395390 -0.0328020 0.3349514 0.1602207 0.1898101 -0.1525187 -0.4601566 -0.0227954 -0.0277338 0.2956005 0.2852175 0.3842973 0.2094419 -0.4292499 0.3102920 0.0538026 0.0331523 0.2345023 0.4349626 0.5003609
