0.0000000 0.4979347 0.6043782 0.1334280 0.6375231 0.1027566 -0.0425738 0.2509536 0.0123250 -0.1040912 0.1375069 -0.0046258 0.5955662 -0.0441600 -0.0901931 0.2113429 0.0586165 -0.1175218 -0.0407519 0.1040952 0.0432970 -0.0332842 0.1651306 -0.1422632 0.1185696 0.2421031 0.4184137 0.0279334 0.0181809 0.2353723 0.2334221 0.4491613 -0.2618882 -0.1614770 0.0597051 0.1714391 0.2085877 0.2719650 -0.2922191 0.3673065 0.3162172 0.1929535 -0.1357244 0.1085257 0.0945949 0.0045708 0.2880368 0.3301110 -0.2356313 -0.0443489 0.1356912 -0.3542234 -0.2102097 -0.0314742 0.3102511 0.0000488 0.2600010 0.0008253 0.1930940 0.0817273 0.2998338 -0.0821583 0.3767441 0.0252281 -0.0505350 0.3892348 0.1355213 0.1632898 0.6428980 0.2179624 0.0430225 0.0045688 0.1232907 0.4169003 0.1551338 0.3880696 0.0903517 0.0742609 0.6008003 0.4100800 0.0246761 0.0689439 -0.0964635 -0.0838283 0.1013075 0.1084225 0.1218063 -0.1366517 0.0814835 0.3008135 -0.0712348 -0.4368423 -0.1530080 0.0340387 -0.0467792 -0.3629297 -0.4696942 -0.1220872 0.0125634 -0.1326835 -0.0704608 -0.3811590 0.1943465 0.2208950 -0.2509400 0.1744101 -0.0854360 0.1967329 -0.1082504 0.2395305 0.2212710 0.1700150 0.0438748 0.2051570 0.2259716 0.4504261 0.1387038 -0.0073290 0.2475728 -0.0863783 0.1537115 -0.0755033 0.2149070 0.1039593 -0.2525587 0.3373524 0.2432386 -0.0417901 0.1557000 0.2194602 0.3104217 0.0447756 0.1094214 0.3221503 -0.2819227 0.0111067 0.2893401 0.0428097 0.3166116 0.1176831 -0.1013231 0.2056003 -0.0188451 0.2681471 0.2305673 0.3210512 0.0728142 -0.0148485 -0.0453098 0.2189699 0.3055744 0.4827166 -0.1198919 0.0584041 -0.1748325 0.2122537 0.3049981 -0.0331594 0.0319213 0.3152062 -0.1956122 0.1933221 0.2529920 0.2675676 -0.1788615 0.3021040 0.1077980 -0.0226820 0.0629362 -0.1279390 -0.1864198 -0.2378931 0.2236668 0.2058026 0.1874414 0.0045293 0.1161358 0.2047103 0.1420188 0.0584230 0.0740481 0.2087966 0.2695630 0.2619632 0.3810172 0.3020641 0.4176516 0.5088028 0.2672538 0.1147182 -0.0203050 0.1196995 0.0856910 -0.1051049 0.1491176 -0.1326575 -0.3186422 0.1871756 0.2899162 0.1938170 0.1202468 -0.0305330 0.3559225 0.0737873 0.3368217 0.0847774 -0.0485253 -0.3378342 0.3590309 0.2594376 0.4199886 0.1072257 0.5746353 -0.0421919 0.1039503 0.3948384 0.6108898 0.1855261
0.4979347 0.0000000 0.6246754 0.6115913 0.3029453 0.5130322 0.1660530 0.5895032 0.4651841 0.5814416 0.4552160 0.3953329 0.3894420 0.2018372 0.4270292 0.2176377 0.3225358 -0.0240731 0.1465128 0.1602696 0.5822710 -0.2528789 0.2879125 0.1309293 0.1898676 0.3463343 0.3230352 -0.0473591 0.6039450 0.3323167 -0.2666132 0.1561466 -0.3402486 -0.0229671 0.2299389 0.6311604 0.0951010 0.1820083 -0.1470098 0.1952691 0.0291537 0.4901484 0.0960495 -0.1665048 0.3760558 -0.1041685 0.3782838 0.1309143 -0.2549489 -0.2360326 0.3357613 -0.1005109 0.1260045 -0.0681287 0.0068364 -0.3574338 -0.0552031 0.0182952 -0.1477266 0.1474302 0.5327125 -0.4364763 -0.1762341 0.4235791 0.3984288 -0.1683893 -0.1871990 0.0120760 0.0532472 0.1832438 -0.0481181 0.4242051 0.0537866 0.2144766 0.0298863 0.4992713 0.4901544 0.3161435 0.3242459 -0.0823696 -0.2584563 -0.1296363 0.0170692 -0.3247130 -0.2284072 -0.0380598 -0.2131363 -0.2371924 0.1595525 0.3609249 0.1809931 -0.2691060 0.0559663 -0.0489238 0.0601010 -0.3889664 -0.1870926 0.0819501 0.0939627 -0.0537655 0.1459254 -0.2618187 0.0394595 -0.3149059 0.2037355 0.0213094 -0.0653013 -0.1716508 -0.0122940 0.0719051 0.1555897 0.2662964 0.2128591 0.1284095 0.0136330 0.1268240 -0.1332330 0.1933795 0.2641720 -0.0107230 0.2204303 -0.1700824 0.4282106 0.2937159 -0.3194646 0.7122293 0.4485454 0.1671011 0.2097086 0.4973451 0.4423195 0.2082509 0.5037676 0.3655138 -0.2885521 0.3417441 0.5794415 0.4017083 0.6418740 0.4579256 0.2189059 0.5256519 -0.3013666 0.5273690 0.5186955 0.4379013 0.4259072 0.3796373 -0.0258339 0.6100414 0.4594979 0.6699845 0.2539701 0.1878731 0.1222106 0.2287115 0.4876775 0.1093690 0.1056110 0.3877157 -0.3955043 0.4370314 0.3687620 0.2621014 -0.0889216 0.0939352 0.0819340 0.1957611 0.2204386 0.2965910 -0.1579680 0.2358980 0.1779209 -0.2908991 0.3158737 0.1677938 0.3551092 -0.2047590 0.4492310 0.3231102 -0.0927666 0.3506186 0.0292008 -0.0215659 -0.1130674 0.3449728 -0.1466898 -0.0654749 0.2541222 0.3052083 -0.1681963 0.1782445 -0.2871227 -0.0717371 0.3736283 -0.0651484 0.1163384 -0.2843385 -0.2716247 0.6041372 0.3095841 0.2538487 0.0524187 -0.0985871 0.0688751 0.0442783 0.4692034 -0.3257320 0.3859987 0.2575012 0.5438062 0.1516207 0.0404465 0.0049937 0.0011018 0.2697130 0.6781769 0.3579169
0.6043782 0.6246754 0.0000000 0.2208720 0.6824304 0.0962592 -0.0915851 0.2035340 0.1734468 0.2153687 0.1277023 0.0111264 0.5423453 0.0440842 0.0697070 0.3651556 0.2229805 -0.0286549 -0.0718058 -0.0067063 0.1954023 -0.0989380 0.3229813 -0.1627011 -0.0197174 0.0982917 0.3217932 0.0156482 0.2079762 0.1914170 -0.2106667 0.1143527 -0.3406175 -0.1802761 -0.0538108 0.2658920 -0.2258905 0.0408227 -0.1415069 0.3874319 0.2458135 0.1558443 -0.0500108 0.1129454 0.1260617 -0.2398961 -0.1263009 0.3747931 -0.2333775 -0.2459304 -0.0637120 0.0508426 -0.1544678 0.2062668 0.1816145 -0.3381126 -0.1885208 0.2116780 -0.1106683 -0.0774386 0.1750448 -0.3985405 0.1307516 0.1897733 -0.0235357 0.0364571 -0.2737441 0.1265951 0.3233985 0.1489922 -0.1144783 0.0636137 -0.0390284 0.3022782 0.0096152 0.2841432 0.1210670 -0.0055711 0.2991174 0.1426661 -0.2091696 -0.0616328 0.0655703 -0.0704029 0.0951638 -0.1353456 0.0253533 -0.1912651 0.1667352 0.2313601 0.3717535 -0.1832352 0.1010910 0.1210322 0.0703740 -0.0792125 -0.0836694 0.0727257 0.0468749 -0.1959451 0.0512844 -0.3976474 -0.0616878 -0.0339518 0.1229530 -0.1656023 -0.1303599 -0.1083920 -0.0063140 0.2734069 0.1527863 0.2164002 0.0898450 0.2663776 0.4302278 0.1972750 0.0095914 0.0152757 0.0204621 -0.1612543 0.1131759 -0.2601412 0.5974212 0.0587539 -0.2712270 0.4763459 0.1708713 0.1886125 0.1539575 0.2059991 0.2901390 0.1997939 0.3166065 0.3662073 -0.1284735 0.2628633 0.3590560 0.1868472 0.4639987 0.1574637 0.0962059 0.3477205 0.0257572 0.3165221 0.2696787 0.3586668 0.1844421 0.2221618 0.1504388 0.4255647 0.4239999 0.6198527 0.0974470 0.3447698 -0.2104916 0.1735768 0.5912940 0.0404888 0.2444483 0.3962527 -0.2656528 0.3954751 0.2833740 0.4956747 -0.1628390 0.1978389 0.3567563 0.3144775 0.5352468 0.2006040 -0.0268869 0.2611687 -0.2042400 -0.2334943 0.0280929 -0.1524172 0.1351517 0.0288048 0.2514687 0.1676569 0.1527134 0.3268229 0.0708298 0.3277639 0.3044979 0.1605946 0.1795370 0.4440359 0.1834510 -0.0973289 -0.2723505 0.1942135 0.0966409 -0.0912813 0.1792811 -0.0681132 0.0115518 0.0494774 0.0951195 0.4104838 0.2922850 -0.1623330 -0.0142569 -0.3011529 0.3409297 -0.2621062 -0.0069476 -0.4673447 0.2259290 -0.0626499 0.1333622 -0.1252969 0.3397423 -0.1720960 -0.0417668 0.1667321 0.6285796 0.3965941
0.1334280 0.6115913 0.2208720 0.0000000 -0.1714682 0.8296348 0.1805529 0.7803913 0.6551318 0.7418470 0.9289494 0.5061445 0.2442306 0.4919212 0.6433086 0.6497025 0.7088797 0.3200499 0.4405618 -0.0970319 0.5388996 -0.1980796 0.6054450 0.4598180 0.2666346 0.5382921 0.2585069 0.2928499 0.6052881 0.5943378 -0.1742144 -0.0071275 0.0447514 0.3422877 0.7137570 0.5812578 0.2526160 0.2083213 0.3451297 0.3021022 0.0124146 0.6085439 0.5732137 0.2455828 0.7750440 0.0639642 0.4940841 -0.1049364 0.2819398 -0.0962061 0.6042566 0.2738346 0.5168912 0.4622237 -0.1109308 -0.0311221 0.0438522 0.6162572 -0.3358862 0.5263120 0.5046591 0.1606504 -0.0929278 0.7943870 0.6565864 -0.2380783 0.2600967 0.5755324 -0.0372824 0.6462966 0.1363665 0.7628922 0.6078327 0.2829853 0.1240951 0.5938439 0.3401914 0.4753721 0.3267396 -0.3349704 0.0768672 -0.0098370 -0.0618293 -0.2773146 -0.0908443 0.0935500 0.0872197 0.2768895 0.3995558 0.4832012 0.5507071 -0.2898312 0.0354766 0.4158286 0.3940808 0.0304973 -0.0409916 0.0305933 0.2126847 0.2892815 0.4519406 -0.1722911 0.1925340 0.1307992 0.4880083 0.2573835 0.1125094 0.1094200 0.4343096 0.0731213 0.4070437 0.3848645 0.3591326 0.4186384 0.0422545 0.1908067 -0.0591556 0.1421348 0.3984365 0.0882773 0.4913091 0.1465362 0.3017519 0.5548363 0.1057925 0.6064678 0.4635382 0.2543741 0.1979034 0.5900600 0.4329049 0.4001537 0.6875061 0.2668769 -0.3549869 0.4042949 0.5786910 0.4258594 0.4191810 0.3607858 0.4413976 0.4798388 -0.2873978 0.1634969 0.5590985 0.3312644 0.4557492 0.4459692 0.0713900 0.5177320 0.2469943 0.4339627 0.5119856 0.2942620 0.4248740 -0.0718743 -0.1485762 0.4100981 -0.3053910 0.1437848 -0.0757206 0.4510238 0.1175180 -0.1020837 0.1522918 0.0946628 0.0504798 0.2369983 -0.0926326 0.2645525 0.1484266 0.3289416 0.2962883 -0.0737777 0.2348078 0.3403452 0.3597579 -0.0319101 0.1992590 0.1589801 -0.0701984 0.0225474 -0.1121495 -0.3551996 -0.5286037 0.4711623 -0.4838538 -0.4342367 0.0843377 0.2567810 -0.0000889 0.0166322 -0.2525541 0.0285812 0.2237097 -0.0424884 0.2540137 -0.3160572 -0.2556681 0.4086558 -0.1838137 -0.1031198 0.0369514 -0.1488866 -0.0717962 0.1630635 0.2005420 -0.1614051 -0.1393191 -0.2094609 0.1581905 0.0608059 -0.0380350 0.0826953 -0.2870901 -0.2043313 0.3990780 0.2265642
0.6375231 0.3029453 0.6824304 -0.1714682 0.0000000 -0.0163330 0.1012050 0.0498817 0.0531646 -0.2003013 -0.2135247 0.0047590 0.5178411 -0.2649078 -0.1124048 0.0265797 -0.2464480 -0.3421684 -0.0905559 0.2144298 -0.0084249 0.1513598 0.0910639 -0.1156299 0.0864430 0.0334844 0.4550258 -0.0445524 -0.0373870 0.1910635 0.1260910 0.3552512 -0.1836633 -0.1633771 -0.1312628 0.0105384 -0.0206845 0.0558210 -0.2170412 0.3926838 0.3217681 -0.2110538 -0.1672689 0.1842197 -0.2354580 -0.0106277 -0.0595246 0.4180274 -0.1861317 -0.1982196 -0.1043645 -0.0977933 -0.2287285 0.0133614 0.3584468 -0.2032152 -0.0359597 -0.1175913 -0.0568095 -0.1141782 -0.0732316 -0.0984445 0.3650892 -0.1665585 -0.2150725 0.2101060 -0.1293887 -0.0128882 0.3275425 -0.0138735 -0.3201716 -0.2369245 -0.2279709 0.3549138 -0.0959707 0.1519114 -0.0368929 -0.3102877 0.3917919 0.4797739 -0.1230561 0.0212455 0.1434974 0.2391588 0.3401593 -0.0100242 -0.0899796 -0.1247701 -0.0268087 0.0663674 -0.0217318 0.1073557 0.0413202 -0.0863911 -0.1628020 -0.1412510 0.0158639 0.0955507 -0.1105468 -0.2129716 -0.2821192 -0.1159889 0.1022695 -0.1459802 -0.2280262 -0.1484076 -0.1989335 -0.0360006 -0.3104617 0.3255897 -0.1610251 -0.0067917 -0.2268372 0.0089121 0.2345470 0.2365992 0.2600893 0.1432182 0.2205333 -0.2554845 -0.0418099 -0.0678267 0.4058354 -0.0594738 -0.4516862 0.2211481 -0.0357173 0.1739250 -0.0101977 0.0049547 0.1749798 0.1138087 -0.0747552 0.1643123 -0.0197765 0.2197874 0.0528244 -0.0307237 0.3385875 -0.2115567 -0.1751806 0.0039802 0.1253547 0.2967927 0.1462046 0.2304640 0.0202244 -0.0321163 -0.0372142 -0.0415585 0.0571830 0.5655829 -0.2056365 0.0476933 -0.2823269 0.3032649 0.7040565 -0.0031075 0.2500986 0.2024709 -0.0883066 0.0080469 0.3826316 0.6714023 -0.0930089 0.5735380 0.3172831 0.1162522 0.5426666 -0.0258588 -0.1307764 0.0800527 -0.0200725 -0.0750173 0.2906600 0.0164514 0.1531191 0.2430239 0.1696522 -0.0002618 0.0760831 0.1684296 -0.0462176 0.2703994 0.4117098 0.0228738 0.4263471 0.6720735 0.1101160 -0.2687650 -0.2479845 0.0977679 0.1100211 -0.1813694 0.1212511 -0.0045278 -0.1599705 0.1903356 0.2972753 0.3705017 0.3674951 -0.0613966 0.0717441 -0.2013099 0.3842099 -0.2817321 -0.0938818 -0.2256409 0.3886795 -0.0207373 0.0742170 -0.2916270 0.2943878 -0.3867559 -0.2063534 0.4071426 0.5279866 0.3429116
0.1027566 0.5130322 0.0962592 0.8296348 -0.0163330 0.0000000 0.5126060 0.6984596 0.8774919 0.7213952 0.7574621 0.7456862 0.3066015 0.4238397 0.7945691 0.3475726 0.3892985 0.2165982 0.3436076 0.0184559 0.6265286 0.0453776 0.3676484 0.6043154 0.2358333 0.4397367 0.2217747 0.2913163 0.6952148 0.5257229 -0.0021525 -0.0339902 0.1967155 0.5285291 0.5413295 0.5524697 0.1909067 0.1625968 0.1700734 0.2257402 0.0040132 0.3951640 0.4008088 0.2645889 0.6304845 -0.0545796 0.3820588 -0.1170066 0.4194172 -0.2554570 0.4867530 0.1681540 0.6494076 0.2310454 -0.1117056 -0.1527478 -0.0894182 0.4132126 -0.5040141 0.3964197 0.4128380 0.1844816 -0.1788962 0.7113434 0.7397434 -0.3233288 0.1746687 0.4452797 -0.1488943 0.5174481 -0.1449311 0.6174118 0.4259160 0.2807145 -0.0810955 0.5879218 0.3950879 0.3003275 0.3690324 -0.2069589 0.0776294 0.1278739 0.1371706 -0.0844361 -0.0451815 0.1364885 0.0729867 0.2730740 0.4109072 0.3631543 0.4276712 0.0126811 -0.0927277 0.3421590 0.2457964 0.1344685 0.0832845 -0.1274653 0.2216874 0.2841779 0.3645668 -0.0818732 0.0770765 -0.1420247 0.4380061 0.2166336 -0.1010346 -0.0118051 0.2458921 0.0892991 0.1260294 0.1863692 0.1100305 0.2200874 -0.0466410 -0.0298964 -0.0026155 0.2090722 0.4715681 -0.0860557 0.4215498 0.1808940 0.2623896 0.6032562 -0.0949260 0.5426161 0.3466005 0.2604098 0.0263049 0.5283370 0.4265640 0.2635890 0.4178304 0.3214613 -0.5744184 0.4073954 0.5127664 0.4871985 0.4597801 0.1069828 0.1804015 0.3379914 -0.3951493 0.2445429 0.5694309 0.2677174 0.4745532 0.3894546 -0.2717365 0.2099991 0.0024084 0.5016648 0.4567072 0.0278225 0.4988396 -0.0274692 -0.0672689 0.3577501 -0.3504106 0.0121910 -0.1224215 0.2619618 0.1310725 -0.0282968 0.1415112 0.3035475 -0.0089024 0.0524090 0.0000258 0.1927712 -0.0122349 0.2407155 0.3567705 -0.1348694 0.5700768 0.5417653 0.5399280 0.1001210 0.3131493 0.1338026 -0.1303309 0.0227172 -0.3879581 -0.4639818 -0.5908905 0.4677920 -0.4781305 -0.4022946 0.1006745 0.2707975 -0.1697032 0.0825730 -0.2274661 -0.1188928 0.1572648 -0.0631781 0.2744790 -0.2804173 -0.1928387 0.5436713 0.0275781 0.0327218 0.0301744 -0.1031891 -0.2812473 0.0710704 0.2002954 0.0181025 -0.0071326 -0.1572436 0.1785641 -0.1587296 -0.2113665 -0.1653876 -0.5474688 -0.1897026 0.5066299 0.4661234
-0.0425738 0.1660530 -0.0915851 0.1805529 0.1012050 0.5126060 0.0000000 0.2762696 0.6065822 0.3154338 0.1049211 0.8505921 0.1623511 0.2982018 0.6219316 -0.3124082 -0.1845953 0.2142364 -0.0608382 -0.2375626 0.5259919 0.2748779 -0.0910291 0.7141950 0.2975785 0.3199944 0.1490543 0.3584337 0.5573055 0.1351186 0.0928730 0.2224784 0.5419842 0.6833243 0.2854872 0.3922924 0.3482501 0.0135364 -0.1420287 0.1103706 -0.0489260 0.0325444 0.1387702 0.1684462 0.0974989 -0.1495973 0.3592486 -0.0306494 0.4442465 -0.6106948 0.3877103 0.0156143 0.6422288 -0.0285050 0.2203536 -0.1030336 0.2000853 0.0467265 -0.4427323 0.2525339 0.0634400 0.0744055 -0.1813171 0.3667375 0.5191539 0.0579513 -0.0102589 0.0569412 -0.1287433 0.1875966 -0.0377508 0.3122885 0.1166721 0.1412546 -0.0383821 0.3379213 0.4343786 0.2247967 0.1366201 -0.0573602 -0.0037713 0.2487593 0.3742620 0.0782127 0.0876081 0.3355791 -0.0253588 -0.0375424 0.4949265 0.1884988 0.0326642 0.2465202 -0.1999891 -0.0832004 0.1074480 0.2218166 -0.0050941 -0.2250067 0.0599019 0.5232297 0.1130171 0.2158640 -0.3321529 -0.3581459 0.0709266 0.1062755 -0.1207028 -0.1376891 0.0694050 0.1304369 -0.1542206 -0.1037923 -0.2073408 0.0985072 0.1150816 -0.1848278 0.0923294 0.5479037 0.1793770 -0.1901717 -0.0353075 -0.2963648 0.0319854 0.5357219 0.0142941 0.1844054 -0.1148210 0.3465915 0.0741184 0.2204451 0.2482751 0.3120864 -0.0459162 0.2141458 -0.5315222 0.3790561 0.1513707 0.3277219 0.0811016 0.0006136 0.0604634 0.2239223 -0.1408225 0.3581930 0.4279334 0.2337612 0.2935910 0.2224130 -0.2716391 -0.0218118 -0.2254543 0.4321678 0.2617864 -0.1139624 0.3986171 0.0314753 0.1372252 0.1829803 -0.0736771 -0.1769492 -0.1700525 0.0487375 0.1539210 0.1486842 -0.0139492 0.3255933 -0.0049574 -0.0825086 0.1423289 0.2583347 -0.0456557 0.1224482 0.3962240 0.0454300 0.8073019 0.7548129 0.5874659 0.1087161 0.4185332 0.1941934 -0.1750543 0.2261376 -0.4170832 -0.3962957 -0.4174879 0.1956254 -0.4155673 -0.2424785 0.3278784 0.3062636 -0.2727328 0.3671846 0.0388762 -0.1787540 0.0047300 0.0506066 0.3418240 -0.0143439 -0.1897471 0.4846856 0.3308485 0.4995651 0.1891205 0.1891738 -0.4630667 0.1054562 0.1740926 -0.0474557 0.3088967 0.0521702 0.2228751 0.0070478 -0.4473640 -0.0516343 -0.2827433 0.0270303 0.3151430 0.6013270
0.2509536 0.5895032 0.2035340 0.7803913 0.0498817 0.6984596 0.2762696 0.0000000 0.5417272 0.6178009 0.7722051 0.6141332 0.6208619 0.2720622 0.5413135 0.4006923 0.2646771 -0.0158523 0.5492832 -0.0453748 0.6667541 0.0421854 0.4915270 0.4407343 0.6166128 0.8244451 0.2935113 0.1438228 0.6926619 0.3831155 0.0201642 0.3983456 0.0670500 0.3381389 0.6775251 0.7059705 0.6460940 0.4610291 -0.0421599 0.0226355 0.0730382 0.6192987 0.3275203 0.1579527 0.6583936 0.2412900 0.6900340 -0.0318427 0.2263306 -0.1739875 0.5662424 -0.0861062 0.4637811 0.1569930 0.1304549 -0.0017488 0.3845418 0.3403936 -0.2737837 0.4977394 0.6285467 0.2030173 0.1903249 0.7680228 0.7458051 0.0718109 0.4709760 0.5410761 0.2374367 0.7677639 0.3257489 0.8161283 0.6643123 0.5416489 0.4172438 0.8972328 0.6907126 0.6644305 0.6742362 0.0976798 0.2719296 -0.1552229 -0.2205764 -0.3786183 -0.0147115 0.2709808 -0.2178725 0.2759629 0.3978343 0.6872249 0.3836169 -0.3731647 0.0504435 0.3373014 0.2379622 -0.2195491 -0.1591855 0.0811572 0.1853723 0.3311732 0.4383790 0.1393883 0.1805985 -0.0097509 0.2434046 0.1909414 0.1680927 -0.0246673 0.3503550 0.0434393 0.2388790 0.3611106 0.2526481 0.4096479 -0.0122896 0.4059227 0.1780166 0.1766457 0.5706122 0.1704807 0.5173936 0.1520425 0.3785634 0.6123224 0.0543304 0.6600284 0.5922644 0.4819693 0.2743219 0.6163236 0.4683699 0.4132319 0.7487138 0.3098231 -0.1064779 0.6076875 0.3513800 0.2580413 0.3082033 0.3748584 0.3742367 0.3490786 -0.2837937 0.3083876 0.3712617 0.6677041 0.2740765 0.1825082 0.2141638 0.3774355 0.2808735 0.5444585 0.2535708 0.4126708 0.4493195 0.1940597 0.1090008 0.2550498 -0.1819228 0.3412167 0.0979053 0.3629724 0.2918678 0.1584502 0.3170541 0.2252613 0.2648653 0.4100965 0.1702528 0.3209559 0.2066945 0.3501277 0.5174748 -0.0382791 0.3797483 0.3702106 0.5033495 0.0213404 0.3692787 0.2069243 -0.1451105 0.1133880 -0.0269954 -0.2401459 -0.3761403 0.6648295 -0.3181478 -0.2295042 0.4043801 0.4010284 0.0551156 0.3119463 -0.2129009 0.0487424 0.4487282 0.0663763 0.2344980 -0.2355452 -0.1103928 0.5503681 -0.0654915 -0.1021090 -0.1447171 -0.2560511 -0.0035549 0.3861641 0.1051891 -0.1097781 -0.0440440 -0.3410168 0.0070869 -0.0234291 -0.1114892 0.0299450 -0.2410411 0.0726918 0.2222481 0.1602842
0.0123250 0.4651841 0.1734468 0.6551318 0.0531646 0.8774919 0.6065822 0.5417272 0.0000000 0.8213032 0.5844500 0.8271388 0.2315349 0.5478847 0.9484442 0.1879391 0.2352764 0.4303501 0.2516540 0.0098316 0.7442752 0.0311974 0.1632028 0.7741543 0.1934147 0.3443739 0.0445829 0.4914592 0.8429182 0.3815627 -0.0684253 -0.1133977 0.4391940 0.7203986 0.3100978 0.6324232 0.1009361 0.0025835 0.0757761 0.1273798 -0.1283787 0.3698544 0.2034411 0.3551034 0.6487361 -0.1396040 0.1646414 -0.1571648 0.5727572 -0.3335503 0.2577593 0.2061778 0.7858257 0.2436681 -0.0999283 -0.2004768 -0.1940877 0.4383280 -0.5947685 0.1449058 0.3394438 0.0702293 -0.2362037 0.7218770 0.7793011 -0.3727520 -0.0220238 0.3795220 -0.1769258 0.3706501 -0.1773768 0.5911041 0.3311221 0.2343228 -0.1062731 0.5098405 0.4419422 0.2940432 0.3061210 -0.2362290 0.0486609 -0.0256426 0.0662591 -0.1937087 -0.1595644 0.1288104 0.0654839 0.0758182 0.3853892 0.3378695 0.5812349 0.1047598 0.0521654 0.1576287 0.2621642 0.3870270 0.2120373 0.0188803 0.1833100 0.3679211 0.3255013 -0.0023020 -0.0890047 -0.1913318 0.5495514 0.2243292 -0.0892275 -0.2809692 0.3138120 0.1381508 0.1377684 0.2792604 0.0881059 0.2352063 0.2033275 -0.2047334 0.0332094 0.2409076 0.3886860 -0.1696835 0.3909045 0.0745138 0.2121682 0.6277711 0.0171707 0.4813764 0.2893849 0.3752688 0.0948208 0.6019207 0.4821516 0.3831760 0.3765341 0.3875605 -0.4960562 0.4172014 0.5914403 0.6434335 0.4910100 0.0513785 0.3669838 0.4421193 -0.2434331 0.1629528 0.5618672 0.2576562 0.5257754 0.5186407 -0.0759388 0.2511779 0.0169868 0.4876191 0.5373934 0.2210544 0.5642242 -0.1323495 0.1213855 0.5140780 0.0543208 -0.1954651 0.0650924 0.3467498 0.0083029 -0.1179049 0.2204400 0.3484315 0.2552571 0.2929055 0.2406696 0.2328378 0.2153855 0.4151446 0.2252911 -0.0830244 0.5635560 0.4577139 0.5775712 -0.0055511 0.4112470 0.1228744 -0.2188917 0.0948568 -0.4922878 -0.4880197 -0.6187417 0.4781596 -0.5452523 -0.4341947 0.1818974 0.3553839 -0.3415764 0.2110178 -0.1544798 -0.2288282 0.0798763 -0.1431254 0.4234298 -0.1983018 -0.2570775 0.5330325 0.0977090 0.0629717 -0.1511624 -0.2475672 -0.2520830 -0.0449394 0.1297071 -0.0527672 0.1277920 -0.1823234 0.0969931 -0.3369629 -0.3194479 -0.0578366 -0.5937413 -0.3082470 0.5567919 0.4220369
-0.1040912 0.5814416 0.2153687 0.7418470 -0.2003013 0.7213952 0.3154338 0.6178009 0.8213032 0.0000000 0.7218040 0.6539695 0.1685233 0.5971035 0.8284098 0.2905674 0.4523223 0.4447823 0.4121744 0.1008479 0.7326008 -0.0359967 0.2435847 0.5987508 0.2313673 0.3725552 -0.0929898 0.3331337 0.8769602 0.2565667 -0.1158199 -0.1152019 0.2023413 0.5193261 0.2979326 0.7578570 0.1010505 0.1604218 0.0715234 -0.0608844 -0.1351552 0.5910896 0.2170360 0.0690908 0.7742009 0.0095348 0.1637169 -0.1219618 0.3483325 -0.1127028 0.2083581 0.2358793 0.6476242 0.2551416 -0.0698961 -0.1180206 -0.1068958 0.4329096 -0.4442665 0.1076254 0.5395663 -0.0916167 -0.2456876 0.7519966 0.7663497 -0.3094702 -0.0435575 0.2980142 -0.1099655 0.3709595 0.1451249 0.7319961 0.3795526 0.0745697 0.1405544 0.5208470 0.5476909 0.5677697 0.2084135 -0.3703651 0.1012473 -0.1926258 -0.1116712 -0.4064518 -0.2044865 0.1402309 -0.0860120 0.1940178 0.4184065 0.5443900 0.6862453 -0.0636767 0.3001675 0.2010537 0.4034330 0.2732135 0.2628583 0.2481938 0.3835012 0.2926819 0.5866447 0.0526541 -0.1154586 -0.1797693 0.6512585 0.2407970 0.1423014 -0.2769439 0.4532682 0.1268699 0.3593129 0.4437749 0.4633119 0.3611967 0.1255113 -0.0315638 -0.0585899 0.0531163 0.3410627 -0.0618216 0.5061732 0.1495085 0.3092729 0.5743240 0.1412192 0.5285343 0.5800036 0.4383496 0.1388766 0.6734677 0.4459291 0.2881147 0.6288887 0.2234083 -0.2979185 0.4296436 0.5703287 0.5346112 0.4388979 0.1997916 0.4644412 0.5157194 -0.2606776 0.1276556 0.4120629 0.4087123 0.3836972 0.4194256 0.1943222 0.4688360 0.3180211 0.3823281 0.4760687 0.4494589 0.5475920 0.0019934 0.1344276 0.3268317 0.1788804 0.0561730 0.0363036 0.3386152 0.0366949 -0.1077913 0.2255844 0.0642351 0.3846226 0.4955824 0.2142761 0.1922928 0.2764188 0.4032192 0.0987777 -0.1799067 0.2213999 0.1896065 0.4061260 -0.3137517 0.3379970 0.1204026 -0.3105153 0.0473414 -0.2950442 -0.3933829 -0.6073642 0.4683328 -0.6249483 -0.6052754 0.1788894 0.3850912 -0.2919579 0.1460008 -0.3753866 -0.1435755 0.1654760 -0.1919330 0.3068423 -0.4391808 -0.4381500 0.3916480 0.0816426 0.0748869 -0.2729029 -0.3394336 -0.1258335 0.1049326 0.1521456 -0.0062734 0.0967608 -0.1757579 0.1873707 -0.0974831 -0.2744939 0.2006187 -0.3662103 -0.3986680 0.3395207 0.1983562
0.1375069 0.4552160 0.1277023 0.9289494 -0.2135247 0.7574621 0.1049211 0.7722051 0.5844500 0.7218040 0.0000000 0.4501814 0.2899235 0.5340967 0.5374225 0.7015631 0.6739517 0.3433358 0.4813860 -0.0305632 0.4544749 -0.1402884 0.5649655 0.4563180 0.2645294 0.6046501 0.0681131 0.3579871 0.5316778 0.4914280 -0.0210848 0.0062054 0.0969384 0.3431707 0.6926865 0.5162302 0.3144508 0.2487991 0.2418418 0.1222707 -0.0763313 0.5584853 0.4577847 0.2698924 0.7919461 0.1354364 0.4316904 -0.1559591 0.3466131 0.0024514 0.4937280 0.1568632 0.5018194 0.4700988 -0.0282214 0.0766462 0.1333158 0.6822199 -0.3141566 0.4402257 0.5179706 0.2731674 0.0705979 0.7684054 0.6566197 -0.1174054 0.3135235 0.6644575 0.0842521 0.7430468 0.2308654 0.7899188 0.6733803 0.2507981 0.1875757 0.6303180 0.3352550 0.5254100 0.3864507 -0.2220042 0.2759007 -0.0352628 -0.2070635 -0.3677962 -0.0375677 0.1417663 0.1071336 0.4541357 0.3808437 0.5765230 0.5578223 -0.3535949 0.0441900 0.5552271 0.4197959 0.0959863 -0.0399595 0.0136157 0.3391307 0.3228463 0.5312126 -0.1578622 0.1329173 0.2706818 0.4001627 0.3824990 0.1101742 0.1477236 0.4475804 0.0619637 0.4698157 0.3364561 0.4453920 0.4444739 -0.0442793 0.2910489 -0.0960189 -0.1051496 0.3788866 -0.0426725 0.4928748 0.2537425 0.2876653 0.5872264 0.1183684 0.4376812 0.5158684 0.2905196 0.0136132 0.5191127 0.2930694 0.3047773 0.6370382 0.0891472 -0.3529205 0.2718595 0.4083899 0.2096061 0.2274602 0.1481771 0.3683137 0.2879790 -0.2448761 -0.0520980 0.3677393 0.2928757 0.2228757 0.2258159 0.1643895 0.3420343 0.1925666 0.2647295 0.3418628 0.4094189 0.4176033 -0.0337519 -0.1961433 0.3291162 -0.2668860 0.1441159 0.0449727 0.2573293 0.0199431 -0.1086585 0.1187424 0.0706184 0.2044582 0.3513711 -0.0842837 0.0469318 0.1679850 0.1911294 0.2863865 0.1044798 0.1639097 0.2482348 0.3319679 0.0059148 0.1110506 0.0226113 -0.1244215 -0.1767383 -0.1412554 -0.4363568 -0.6127605 0.5324798 -0.5500324 -0.5050242 0.0979940 0.2528147 -0.0675525 -0.0042049 -0.3105861 -0.0665100 0.1137456 -0.1163383 0.1265864 -0.2913167 -0.1894503 0.2090585 -0.3004525 -0.2261721 -0.0010324 -0.1953518 -0.0897922 0.3336571 -0.0969925 -0.0038844 -0.2514048 -0.3562751 0.1074593 0.1191243 0.0132867 0.2072222 -0.2514691 -0.3627166 0.2428755 0.1397818
-0.0046258 0.3953329 0.0111264 0.5061445 0.0047590 0.7456862 0.8505921 0.6141332 0.8271388 0.6539695 0.4501814 0.0000000 0.3354120 0.4301092 0.8342635 -0.1217142 -0.0292112 0.2440636 0.1607494 -0.1689339 0.8459544 0.1139544 0.0179221 0.8452706 0.3322673 0.4922122 0.0688229 0.4453564 0.8480327 0.1793344 0.0687488 0.1338804 0.5483117 0.7886365 0.3764862 0.7170628 0.4157609 0.0987791 -0.2120028 -0.0348626 -0.1252393 0.4184874 0.1198572 0.1947997 0.4945708 -0.0819578 0.4289407 -0.1773489 0.5538781 -0.4798742 0.4047028 0.0084311 0.8162134 0.0006187 0.0590789 -0.1591587 0.1679744 0.2391117 -0.4530124 0.2932150 0.4421354 0.0894693 -0.1803475 0.7275329 0.8562217 -0.0934622 0.0971005 0.2684082 -0.1158310 0.4549192 0.0155359 0.6686905 0.3608132 0.4089576 0.0280015 0.6670449 0.6975259 0.4444201 0.4204550 -0.0213053 0.2130133 0.0179078 0.0997697 -0.2004716 -0.0851422 0.2527826 -0.1546354 0.0417330 0.4088206 0.3591048 0.2588806 0.0518574 -0.1012212 -0.0037107 0.1770906 0.2060179 -0.0055795 -0.1503362 0.0886354 0.6395689 0.2638421 0.1385865 -0.2253885 -0.2481191 0.3467776 0.1492313 -0.0944216 -0.2950137 0.1946115 0.0126613 -0.0264523 0.0878905 -0.0058359 0.1877719 0.1440233 -0.0949653 0.1337434 0.3747943 0.3921545 -0.0367947 0.2556324 -0.1100246 0.1177456 0.7605767 0.0540849 0.4414780 0.1639237 0.4734895 0.1534159 0.4559760 0.3361304 0.3959005 0.2400370 0.4002926 -0.4510651 0.4756418 0.3001318 0.4327944 0.1888718 0.1599518 0.2514802 0.3136813 -0.1315202 0.3236069 0.4035661 0.3567687 0.3248687 0.2960524 -0.0518405 0.1069080 -0.1135720 0.4726679 0.3141032 0.1113739 0.6283710 0.0386938 0.1810327 0.3072349 0.0167037 -0.1417413 -0.0054284 0.2264417 0.2040107 0.0341954 0.1387240 0.2539495 0.1608914 0.1898558 0.2598999 0.3666407 0.1272726 0.3176790 0.5062728 0.0956571 0.7829175 0.7709559 0.7948250 0.0815874 0.6303829 0.3649013 -0.1127211 0.3120472 -0.3608761 -0.5230447 -0.5619730 0.6034341 -0.5440330 -0.3619836 0.5008252 0.5160080 -0.1811068 0.5253286 -0.0254701 -0.0646496 0.2193645 0.1037803 0.5221686 -0.1033432 -0.1379776 0.6103754 0.1838680 0.2197677 0.0135760 0.0668440 -0.4175370 0.3133770 0.1878314 -0.0707100 0.1528185 -0.1403279 0.1346098 -0.1237141 -0.3700479 0.0982528 -0.3917862 -0.0069590 0.3376603 0.4715894
0.5955662 0.3894420 0.5423453 0.2442306 0.5178411 0.3066015 0.1623511 0.6208619 0.2315349 0.1685233 0.2899235 0.3354120 0.0000000 0.1192759 0.1256889 0.1602197 -0.0748014 -0.1949452 0.1190482 -0.0993583 0.4423623 0.1668953 0.1541931 0.0625694 0.3104908 0.5119385 0.3651486 0.0864254 0.3450392 0.2077434 0.2450409 0.3881500 -0.0817539 0.1245413 0.2478110 0.4300584 0.4259172 0.3210389 -0.4307969 -0.0033211 0.2270304 0.2684593 -0.1028743 0.1874453 0.2489966 -0.0552605 0.3321027 0.1077606 0.0610932 -0.3457486 0.1874660 -0.3306673 0.1528730 -0.0373440 0.2339698 -0.1777525 0.3283523 0.1458516 -0.1341043 0.2049437 0.4251176 0.0223953 0.3136969 0.4372520 0.4179030 0.3217762 0.2665259 0.3121620 0.5366820 0.5113263 0.1103851 0.3903696 0.3093699 0.6665093 0.2746849 0.7998862 0.5781046 0.2774244 0.7515768 0.5738996 0.1370295 -0.0261331 -0.0672642 -0.1316090 0.2478428 0.2874794 -0.0819424 0.1468328 0.3410099 0.5199272 0.1914740 -0.3456328 -0.1729704 0.3895036 -0.1232439 -0.2185792 -0.3746769 -0.2161230 0.0376002 0.1489582 0.2351055 -0.0943739 -0.0235487 0.0846094 -0.1453881 -0.0736933 -0.1087559 0.0187782 -0.0280886 0.2146968 -0.0608008 0.0730993 -0.1031532 0.3141907 0.1949154 0.4493746 0.2142912 0.0259268 0.3070911 0.0465746 0.3262987 -0.0618389 0.4830674 0.4331520 -0.1710028 0.4991578 0.2996687 0.3158790 0.1954348 0.2905652 0.3511330 0.0959208 0.3637943 0.5060583 -0.1457655 0.3733307 0.0662945 0.0509714 0.2164230 0.1994167 -0.0678035 0.0747717 -0.1866776 0.4155552 0.0698673 0.6366883 0.0776900 -0.0457674 0.0037701 0.1238043 0.2348219 0.5612209 -0.0274184 0.2246975 0.2067113 0.3518606 0.3908524 -0.1043699 -0.0894901 0.4624175 0.0181972 0.2652890 0.2631220 0.4084716 0.1339790 0.2492142 0.2873778 0.2243077 0.3884884 0.2399192 -0.0619402 0.1016282 0.2793502 0.0675637 0.3679839 0.1634108 0.5048025 0.3814642 0.4788223 0.3042507 0.2019783 0.3594991 0.0262543 0.1075546 0.0945669 0.5577135 0.0968799 0.3253925 0.6201639 0.3399451 -0.0367292 0.5414446 0.1934945 0.0791625 0.4529561 0.1901138 0.0846411 0.1910749 0.3672508 0.5403005 0.0131702 -0.3226421 -0.1624265 -0.2210435 -0.0009306 0.1281397 -0.1269006 -0.3622879 -0.0426658 -0.3585245 -0.1074135 -0.0833769 0.1084112 -0.2853373 -0.1295739 0.2125554 0.2547419 0.2760843
-0.0441600 0.2018372 0.0440842 0.4919212 -0.2649078 0.4238397 0.2982018 0.2720622 0.5478847 0.5971035 0.5340967 0.4301092 0.1192759 0.0000000 0.5952698 0.2641994 0.5766436 0.8511079 -0.0531114 -0.3072315 0.4894657 -0.3393039 0.0467478 0.6200273 -0.1017665 0.1423641 0.0441668 0.8118653 0.4564487 0.5073418 -0.0265677 -0.2301396 0.4752663 0.6271477 0.4688820 0.3820585 0.1719927 -0.1722497 0.1968070 -0.0233767 -0.2803154 0.2666583 0.3444949 0.4299947 0.5885081 -0.1289569 0.2595597 -0.3180050 0.5825734 -0.2468978 0.4305541 0.2688431 0.7412854 0.4810637 -0.0274272 0.0873185 0.1169458 0.6354606 -0.4384231 0.3408488 0.1276684 0.2190336 -0.1558656 0.5992726 0.5783827 -0.0549207 -0.0041515 0.3086394 0.0158728 0.1892411 0.0964924 0.5733355 0.3185441 -0.0145295 -0.0081920 0.3482226 0.3277444 0.2585105 0.0656696 -0.1456682 -0.1088745 -0.2015128 -0.1168657 -0.3500330 -0.0248336 0.3848097 0.1785126 0.1461524 0.4135577 0.3202908 0.4898171 -0.3510717 -0.1437351 0.2538536 0.0763893 0.3824730 -0.2131743 -0.1075939 0.0067153 0.5092092 0.2877374 -0.2441347 -0.2128302 0.2635341 0.1192761 0.1243129 -0.0392634 0.0382249 0.2218684 0.1467107 0.1734154 0.1112724 0.1073676 0.3393028 0.1993943 0.0259630 -0.1421162 0.1534727 0.0601001 -0.0949399 0.2165997 -0.0344001 -0.0868139 0.5860058 0.2506569 0.1133910 0.0731331 -0.0191172 0.1154889 0.4779925 0.3219030 0.1103747 0.2927706 0.2245900 -0.4748628 -0.0589217 0.3216575 0.3527362 0.1377321 0.1514775 0.3338398 0.2425156 -0.1038833 -0.0865393 0.1983278 0.1214187 0.3851625 0.4363583 0.0724411 0.3589113 0.0510754 0.0236032 0.5045182 0.2367737 0.6416879 -0.2483614 -0.1266780 0.2530694 0.0629936 -0.1954087 0.1769468 0.3330256 -0.3873863 -0.4527694 0.1173839 -0.0259908 0.0910727 0.2277720 -0.2023796 0.0663120 0.2799687 0.2366194 -0.0794039 0.4060825 0.1493103 0.2065466 0.4344570 0.2371581 0.3407476 0.2688871 0.1290623 0.1099908 -0.4066706 -0.5772306 -0.6608165 0.2176433 -0.5781951 -0.5203062 0.3728327 0.6116763 -0.2366713 0.2719342 0.1357527 -0.0363967 -0.0085230 0.0256708 0.4163650 0.2058041 -0.0501788 0.1381668 -0.3145130 -0.0726255 -0.0908699 -0.1357796 -0.3182165 -0.1082605 0.0609941 -0.4380801 -0.2000268 -0.1668203 0.1075382 0.2783723 -0.2222518 0.1600389 -0.0947291 -0.5276514 0.1137311 0.0027675
-0.0901931 0.4270292 0.0697070 0.6433086 -0.1124048 0.7945691 0.6219316 0.5413135 0.9484442 0.8284098 0.5374225 0.8342635 0.1256889 0.5952698 0.0000000 0.1360093 0.2590720 0.5323068 0.2741262 -0.1135876 0.7657499 0.0200461 0.1817495 0.8326943 0.3000938 0.3674728 0.0545772 0.5311919 0.8807140 0.3335933 -0.1174336 -0.0189681 0.5471647 0.7967954 0.3661076 0.6669025 0.2026340 0.0706442 0.1375164 0.1028738 -0.1048445 0.4457169 0.2937353 0.3563156 0.6950582 -0.0496585 0.2838623 -0.1264583 0.6215126 -0.3008073 0.3563506 0.2631988 0.8428122 0.2697370 -0.0341430 -0.0588565 -0.0515409 0.4289496 -0.5809730 0.2503607 0.3137941 0.1241542 -0.2202919 0.7419028 0.7897024 -0.2829494 0.0895139 0.3793427 -0.1354689 0.3529186 0.0198811 0.6342066 0.4305703 0.1881557 0.0637566 0.5033926 0.4970653 0.4464677 0.2736808 -0.2970737 0.0693116 -0.1333837 -0.0139186 -0.2789019 -0.2296008 0.1969847 -0.0091248 0.0033505 0.4339487 0.3595899 0.5890237 -0.0082524 0.0909884 0.0214198 0.2944035 0.3551230 0.1616767 0.1058869 0.1249417 0.4336294 0.3294048 0.0972200 -0.0886963 -0.1984691 0.5615439 0.1852201 0.0385568 -0.3090069 0.4411355 0.0730668 0.1959918 0.3692620 0.1353115 0.2942518 0.2658658 -0.1978924 0.1244018 0.3847994 0.4024777 -0.0453308 0.3915780 0.0390802 0.0565259 0.6164078 0.1950913 0.4527280 0.3073694 0.3468661 0.2544283 0.7006213 0.5510792 0.4465439 0.4629111 0.3892823 -0.4096385 0.4605323 0.6297118 0.7009788 0.4387584 0.1890868 0.5034447 0.5452780 -0.2028387 0.1470364 0.5561095 0.3318243 0.5772492 0.5809718 0.0530097 0.3729472 0.0857527 0.4255385 0.6191278 0.2744265 0.6324981 -0.2189150 0.0088004 0.5450785 0.0884148 -0.2136191 0.1420288 0.4420031 -0.0550841 -0.2499854 0.3199986 0.2853986 0.2151161 0.3281749 0.1421232 0.3012127 0.4019284 0.5096850 0.2341779 -0.0568309 0.4661855 0.4567948 0.5221669 -0.0805844 0.3895440 0.1532758 -0.2489401 0.1404132 -0.4354602 -0.4712112 -0.6045644 0.4353416 -0.5276033 -0.4708751 0.2319534 0.4525857 -0.2593520 0.2566252 -0.0898845 -0.1766648 0.0775840 -0.1443706 0.4997275 -0.1731008 -0.3181272 0.4820751 0.1157824 0.1727797 -0.1518198 -0.2409712 -0.1942237 -0.0238755 0.2389350 -0.1173001 0.1624474 -0.1072930 0.0794525 -0.2840290 -0.3602168 0.0428265 -0.5080742 -0.2820212 0.4398361 0.2841163
0.2113429 0.2176377 0.3651556 0.6497025 0.0265797 0.3475726 -0.3124082 0.4006923 0.1879391 0.2905674 0.7015631 -0.1217142 0.1602197 0.2641994 0.1360093 0.0000000 0.7087998 0.2679439 0.3109748 -0.1384151 -0.1012055 -0.1681317 0.8214662 0.0065696 0.1554769 0.4039526 0.1194094 0.2246119 0.0184508 0.4486850 -0.2873124 0.0108962 -0.1094179 -0.0577685 0.5535959 -0.0351568 -0.0308386 0.1395711 0.4886846 0.3755988 0.0496330 0.1281691 0.5093751 0.4864500 0.4639486 0.0682408 0.1078081 0.1348576 0.1667637 0.0879914 0.2940334 0.2664346 0.0403177 0.7033630 0.0883533 0.1375874 -0.0646615 0.7484696 -0.3142409 0.3314652 -0.0242667 0.3096955 0.3551911 0.3641589 0.0572023 -0.0528065 0.2618232 0.7571416 0.2291210 0.6051053 0.1453581 0.3146664 0.5511066 0.0482603 0.1620840 0.2428128 -0.1939973 0.1830789 0.1757710 -0.1893557 0.0980149 -0.0556170 -0.2143097 -0.2210271 0.0297106 -0.1200416 0.2630529 0.3122756 0.2215457 0.2950029 0.5864925 -0.4218988 0.0395628 0.6114215 0.3448422 0.0623114 -0.0333628 0.0899916 0.1876092 -0.1180750 0.2309330 -0.3353813 0.2140623 0.3960822 0.1843898 0.1654601 0.0466598 0.2617694 0.4303451 0.0291264 0.4738732 0.2917669 0.2957892 0.4079481 0.0557287 0.2700879 -0.1141563 -0.1836411 0.0911581 -0.2105231 0.2021921 0.1485435 0.2926598 0.0831490 0.0263976 0.1513519 0.2614626 0.0280370 -0.0965124 0.2730977 0.1580660 0.2970138 0.5562946 -0.1201380 -0.1564721 0.0969338 0.3252868 -0.0030436 0.1733893 -0.0528025 0.3265202 0.1591332 -0.1139928 -0.3330549 0.2739620 0.0946069 0.1351585 0.1778818 0.2635352 0.3190157 0.2298880 0.1218982 0.2825173 0.5143695 -0.1032673 -0.2559339 -0.2914942 0.3452046 -0.3150671 0.2192084 0.0694731 0.2777894 -0.1871690 -0.0073606 0.0242712 0.1228148 0.1976963 0.3784198 -0.0519526 -0.0899739 0.2900520 0.2707694 -0.1351847 -0.0328888 -0.2870549 -0.2148317 -0.1698076 0.0938849 -0.3504979 -0.3113328 -0.0337885 -0.4247454 -0.0906573 -0.0604999 -0.2496054 0.0742771 -0.1740094 -0.0912650 -0.2787005 -0.2377817 -0.1442120 -0.3021462 -0.1098389 -0.2194116 -0.1990655 -0.2811367 -0.0720088 -0.0593555 -0.0717663 -0.0903949 -0.2981699 -0.4153556 -0.0057419 -0.4602401 0.2867927 -0.0596260 -0.3507976 -0.0864944 -0.3569010 -0.4316220 -0.1638282 -0.0102673 0.2542827 -0.0324642 -0.1449415 -0.3938541 0.2166759 0.0729699
0.0586165 0.3225358 0.2229805 0.7088797 -0.2464480 0.3892985 -0.1845953 0.2646771 0.2352764 0.4523223 0.6739517 -0.0292112 -0.0748014 0.5766436 0.2590720 0.7087998 0.0000000 0.5212501 0.2341387 -0.0822155 0.0373535 -0.2664682 0.5632973 0.1357316 -0.0755074 0.0203011 0.3190323 0.3290971 0.1076313 0.6345360 -0.0798189 -0.1372559 -0.0820232 0.0831153 0.5590286 0.1564778 -0.0785661 0.1317267 0.6332372 0.4578774 0.1890639 0.3194248 0.7154242 0.2431882 0.5578317 0.1568332 0.2376629 0.1114021 0.1358661 0.2078570 0.4898241 0.5938027 0.2336885 0.7243211 0.0452217 0.2545970 0.0242224 0.6438781 -0.2041618 0.5082917 0.1285561 0.2320657 -0.0039842 0.3920032 0.1444252 -0.0407515 0.1511352 0.3675867 0.0676730 0.2523538 0.1944265 0.3925546 0.3728768 -0.1201527 0.1003677 0.1202204 -0.1214318 0.2006718 -0.0365031 -0.3901035 -0.0770295 -0.0561951 -0.0387575 -0.0810172 0.1510330 0.1106961 0.1982262 0.3733279 0.3537592 0.2917006 0.5059523 -0.3419534 0.1137244 0.3564706 0.3154053 0.1076676 0.0150437 0.1381713 0.1714834 0.0584949 0.3411699 -0.3723066 0.1620531 0.3085773 0.2866998 0.0642083 0.1530213 0.3696083 0.3392842 0.1971831 0.4717840 0.3042004 0.4343013 0.3995495 0.0664749 0.2655843 -0.0546951 0.0599717 0.1930220 -0.0030308 0.3188649 0.2441683 0.0981571 0.1840069 0.1653077 0.2029483 0.2820065 -0.1507345 0.0971646 0.4105777 0.2867674 0.0445100 0.4704245 -0.0493111 -0.3177786 0.0273281 0.4216562 0.1971898 0.2814925 0.1602810 0.2442014 0.3239534 -0.1339258 -0.0678874 0.2876106 0.0946882 0.3139036 0.3615536 0.0666483 0.5199990 0.3068021 0.1104556 0.4314220 0.1537060 0.2446867 -0.1195084 -0.2978398 0.1459258 -0.2723609 0.1757873 -0.0964287 0.2836387 -0.1135870 -0.1760125 0.0315343 -0.0204381 -0.0904908 0.0663755 -0.3831976 -0.0602104 0.1621530 0.1527076 -0.2025387 0.0373149 -0.2738650 -0.0208523 -0.0494939 0.0205655 -0.1446161 0.0314760 0.1146547 -0.1229458 -0.0962031 -0.2154085 -0.2934797 -0.0507467 -0.2303989 -0.2804019 -0.1475197 0.0131019 -0.0486837 -0.2911140 -0.1150791 0.0381726 -0.0638442 -0.1277043 -0.0206431 -0.1570051 -0.1249413 -0.0345915 -0.2179181 -0.1032961 0.1743139 -0.1259533 0.1625075 -0.1789483 0.1739525 -0.2766159 -0.1869117 -0.0269963 0.2441085 0.3003107 0.2279827 0.0736138 -0.0782265 -0.3737233 0.1837271 -0.0513237
