0.0000000 0.5418024 -0.0039397 0.0264455 0.3273998 -0.0134602 -0.4226221 -0.0805538 -0.3266531 -0.2120909 -0.6185333 -0.1734823 -0.3189274 0.0373482 -0.3013360 -0.3411158 0.0974239 -0.1432470 -0.1211128 -0.4066553 0.0666680 -0.0828794 -0.1545573 -0.4763886 -0.1889002 -0.0642175 -0.3657532 -0.4488419 0.0106128 -0.2719239 0.0656598 -0.3055910 -0.6890513 -0.4501102 -0.6304401 0.1442843 -0.4464281 -0.0206709 -0.6756265 -0.3783028 0.2363953 -0.1264633 -0.8097521 -0.2375838 -0.4670658 -0.4101360 -0.5460806 0.1214159 -0.3257369 0.0804051 -0.5794519 -0.6481962 -0.3818095 -0.2579382 0.0854228 -0.0507748 -0.1968217 -0.3930914 -0.0954175 -0.4166496 -0.4403495 -0.2672036 0.1124743 -0.5593404 -0.5767540 0.2139920 -0.1075016 -0.3789468 0.3674498 -0.2594500 0.1264373 -0.4375443 -0.2705030 -0.6851573 0.2453396 -0.2725318 -0.5266853 -0.1544038 -0.2206043 -0.0609991 0.0337498 0.1141115 0.7415893 0.5484284 0.4417754 0.7307444 0.6461204 0.5058628 0.7346674 0.7133111 0.4585306 0.4882220 0.4776215 0.4228964 0.4291497 0.4040204 -0.0352774 0.3946379 0.5596968 0.6136464 0.6846712 0.3978436 0.5703206 0.3544137 0.0437054 0.6376641 0.6023926 0.4240102 0.2014072 0.4454833 0.5181168 0.5196736 0.5993834 0.4187740 0.0547060 0.5095487 0.3782474 0.2170001 0.4452253 0.6072561 0.5088538 0.6348341 0.3457270 0.4248971 0.4985341 0.4937341 0.4552003 0.1659325 0.4281445 0.3668007 0.2233060 0.0395456 0.4035225 -0.1732513 0.3205568 0.6522312 0.0518675 0.2733176 0.0520034 0.2593286 0.3030092 0.4148347 0.3373350 0.6194291 0.0955752 0.7689588 -0.2546263 -0.2306647 0.4623154 0.2384737 0.2345511 0.2801410 -0.2918449 0.4521742 -0.3046027 0.3597227 0.4838635 -0.0901839 0.5177144 0.4190587 0.0002734 0.3060414 0.0787050 0.4241850 -0.1898767 0.3847738 0.1214508 0.4442159 0.4293692 0.3825578 0.2835103 0.2684906 0.5056999 0.1238114 0.3044294 -0.0023953 -0.2789700 -0.5488895 -0.4587860 -0.4949144 -0.4076254 0.1428781 0.3124131 0.2092016 -0.2429486 -0.4557807 -0.2576882 -0.1829492 -0.1710613 0.1488448 0.2489999 -0.1469010 -0.3349281 0.3129421 0.4388093 0.4882973 0.1537886 -0.4151959 -0.1426838 0.2750712 -0.4842751 -0.4149877 0.1356693 -0.0530196 -0.0802729 0.6080407 0.3854588 -0.2134364 -0.3027263 -0.4982140 0.4012635 -0.4836224 -0.2742017 0.2586449 0.2383055 -0.0385494 -0.2286246 -0.2218370
0.5418024 0.0000000 0.5064662 0.7011001 0.6280216 0.6436426 0.0531203 0.6078160 0.3921955 0.2256701 0.0623658 0.4175933 0.2091843 0.3629536 0.4198887 -0.0079446 0.3010127 0.3169460 0.0987565 -0.3015284 0.6924616 0.2717931 0.2837352 0.1892156 0.1032521 0.0968154 -0.3484067 0.1639583 0.6193106 0.0723850 0.4123610 -0.0172207 -0.0024703 0.3298514 -0.0398209 0.5151837 -0.1733884 0.1479687 -0.3909240 0.1783029 0.3027486 0.4994060 -0.3077194 0.2088810 0.1645992 -0.0847229 0.0839009 0.1597648 0.3150842 0.3272671 -0.1076784 -0.3069569 0.3774704 0.0689012 0.0944231 0.2110258 0.2458938 0.0771814 0.2480030 -0.0747542 0.1199280 -0.0309042 0.0476305 -0.0414503 -0.2202809 0.3729326 0.0505080 -0.0653960 0.3456561 0.2084673 0.1353660 -0.1275367 -0.0803939 -0.4964656 0.1992163 0.0652447 -0.3311614 -0.0901026 -0.2247867 -0.3496582 -0.1006461 -0.0819679 0.5482121 0.2983619 0.2986383 0.5457912 0.3192136 0.5579087 0.4293809 0.4898691 0.3098285 0.4214076 0.1434454 0.2812695 0.2751676 0.0812691 0.3227372 -0.2248997 0.5659889 0.5778701 0.4617046 0.1482554 0.5251472 0.3251254 0.3454683 0.5155308 0.4587698 0.2927963 0.3715535 0.2667946 0.4913422 0.6458864 0.3605300 0.2983432 0.0429660 0.3490458 0.1902905 0.0497477 0.2326502 0.4929899 0.1946480 0.2534104 0.3102560 0.2441535 0.1239651 0.6891536 0.3105549 0.2710147 0.5431518 0.2439850 0.2156929 -0.0089005 0.5455953 0.2662647 0.0840538 0.6058993 0.2556976 0.4384931 0.3996171 0.4200880 0.0341796 0.5724980 0.4065746 0.5886380 0.5809525 0.4862683 -0.1382793 -0.0765662 0.3348163 0.2123282 0.0361357 0.5549467 -0.2645723 0.4004272 -0.2028176 0.3693746 0.4851679 0.0320278 0.5331538 0.3254122 0.0177352 0.2681024 0.4410971 0.4097257 -0.0820405 0.6029687 0.5721993 0.6544764 0.7629969 0.5493744 0.4439764 0.4391410 0.3188317 -0.0319708 0.4006243 -0.2262399 -0.5350821 -0.5932189 -0.1933100 -0.0129332 0.0741129 0.5907038 0.5788718 0.4185899 -0.4937638 -0.4321133 -0.2736735 -0.3095920 -0.5088513 -0.2818708 0.2638769 -0.6198369 -0.4065249 0.1487651 0.4384771 0.5649707 0.6101647 0.0381197 0.0667975 0.6368586 -0.4566095 -0.2020395 0.6379814 0.5158540 -0.0612539 0.3587820 0.7116822 0.0971813 -0.4334325 -0.1358278 0.7329552 0.1951260 -0.1323249 0.1042110 0.4557949 0.1068740 0.2740992 0.1792376
-0.0039397 0.5064662 0.0000000 0.6847417 0.8439569 0.5992196 0.4675020 0.8068563 0.5874980 0.4631952 0.5953313 0.6761173 0.7997395 0.6037310 0.8258803 0.4482140 0.4259439 0.7313631 0.3216458 0.6408935 0.5743388 0.2434753 0.2586760 0.6969294 0.2847024 0.5549063 0.2570457 0.5213590 0.6015805 0.2753826 0.4553658 0.4315999 0.4339140 0.6033088 0.4856525 0.1677542 0.4018353 0.0590907 -0.1888898 0.6082092 0.4398333 0.5155266 0.1652755 0.6026938 0.4784242 0.0869612 0.1013803 0.2127551 0.6076015 0.3739964 0.1361771 0.2364616 0.6148214 0.4668635 0.1127591 0.2383317 0.1968643 0.5358228 0.5725389 0.2100625 0.5473801 0.3100115 0.4126332 0.5538815 0.2266112 0.3073134 0.1401590 0.4720282 0.0725653 0.5833682 0.1820271 0.6163289 0.3398685 0.2722130 0.0431258 0.4768303 0.5138528 0.1651189 0.3603095 0.0268254 0.2201447 -0.2671639 -0.0556401 -0.3932163 -0.3069346 0.0113714 -0.2337514 0.3267434 0.0993393 0.1615127 -0.1180258 -0.3081542 -0.1111378 0.0676554 0.0912768 -0.1251138 0.0705261 -0.4663972 0.3686777 0.1838723 0.1436138 -0.4702936 -0.2274009 0.0665954 0.0325095 0.0386206 -0.0716493 -0.4071859 0.2094628 -0.2853069 0.2391228 0.0684503 -0.2124766 -0.1631105 -0.0844680 0.1759435 0.2762616 0.1128229 0.3501825 0.1831188 0.1001374 0.1001965 -0.0099335 0.2429094 -0.2126506 0.2977775 0.1425822 0.3725564 0.1341348 0.0258474 0.2188047 0.0329330 0.4336614 0.3181872 -0.5802403 0.3775718 0.5293399 0.4304187 0.5803387 0.1674920 0.0897911 0.3358403 -0.3212611 0.0856100 0.6381909 0.2733661 0.4829863 0.4740059 -0.1362337 0.1771480 -0.0637336 0.2393405 0.4680461 0.2869749 0.0066714 0.1290439 -0.2523853 0.4451145 -0.1744442 -0.3692390 0.1817619 -0.1271925 0.4664726 -0.3744872 0.2224699 0.6655166 0.6059142 0.5399826 0.3539515 -0.1925999 0.4418599 0.1229949 -0.4394136 -0.4068225 -0.2108121 0.0608160 -0.0093370 -0.0130046 0.0762285 0.1192892 0.0271939 0.2898798 0.1259516 -0.0810013 -0.2528888 -0.0692801 0.3464000 0.0198788 0.1234564 0.1780526 -0.2466899 -0.0760083 -0.1161339 -0.4318336 0.0650284 -0.0421920 0.3962500 0.3302931 0.2250844 0.4048344 0.0210074 -0.1257952 0.1549107 0.5573593 0.3828230 0.2914184 0.5464034 0.3695539 -0.2259804 0.1265884 0.0781943 0.2271465 0.5651493 0.5702325 0.5500763 0.2949298 0.6086279 0.6444537
0.0264455 0.7011001 0.6847417 0.0000000 0.4464010 0.9386970 0.5828741 0.8621390 0.7924448 0.6080068 0.6201482 0.7944816 0.4374511 0.6500712 0.8123671 0.3740482 0.5105326 0.3948209 0.3068130 0.0824306 0.8468074 0.2136876 0.1350230 0.7555328 0.3225630 0.1257009 0.1040214 0.5350465 0.8239265 0.3888031 0.3280856 0.2508982 0.4703727 0.8058031 0.2430647 0.5923077 0.0376328 0.0464841 0.1199145 0.5569499 0.0377894 0.7855726 0.1223277 0.7049849 0.6671385 0.1380395 0.1722630 -0.1546453 0.7964376 0.0993802 0.1449298 0.2025859 0.7036886 0.5144471 -0.1523051 0.1104609 0.2096561 0.5363363 0.2934027 0.1354783 0.4742585 0.3541267 -0.1757538 0.4587582 0.2786527 0.1057901 0.1916862 0.3837951 0.1846075 0.5507466 0.0985412 0.3235193 0.2818365 -0.0052502 0.0389441 0.3332148 0.1221905 0.1379413 0.0022459 -0.3890107 -0.0283970 -0.2422489 0.0577294 -0.0417819 0.0501856 0.0706044 0.1726166 0.3220414 0.1519213 0.1997422 0.1628483 0.1461925 0.0311994 0.2029560 0.0984472 -0.0900746 0.1853792 -0.3781322 0.3475339 0.2976535 0.2002988 -0.0042200 0.0858284 0.2915620 0.2870593 0.1345280 0.1614883 -0.0708639 0.4122921 -0.1181615 0.3175171 0.3077374 -0.0936310 0.0810215 -0.2223702 0.1438808 0.0860226 -0.0136352 0.0790986 0.2975685 0.0083224 -0.0554941 0.0776811 0.1924345 -0.0971591 0.2603939 0.1107558 0.3423634 0.1944928 0.1949785 0.2007573 0.1884295 0.2209645 0.5355732 -0.0920505 0.2201996 0.3671659 0.2713857 0.3305880 0.1521725 0.0018253 0.1790275 0.2720530 -0.0527819 0.4689127 0.1046780 0.0717496 0.1336251 0.1265995 0.0591173 -0.1826773 0.1627447 -0.0516941 0.3302863 0.2812687 0.4560946 0.0122883 0.0632312 0.1304375 -0.1306187 0.3200186 0.0196606 0.6936296 -0.0493334 0.2099871 0.4548679 0.8843847 0.6259652 0.6910428 0.1646171 0.4899753 0.4334734 -0.2478915 -0.3322237 0.2267996 -0.1158665 -0.1822247 -0.1399821 0.2350779 0.5454292 0.5560433 0.7490949 0.4279026 0.4512324 -0.3251865 -0.1919338 -0.2240829 -0.3612930 -0.3273013 -0.2814480 0.1719369 -0.4734269 -0.5294170 -0.0557118 0.1038633 0.1562389 0.3138031 -0.0163344 -0.0463564 0.3437156 -0.0242404 -0.0722560 0.5875395 0.5784325 -0.0193851 0.2170042 0.3898905 0.0479305 0.0207584 -0.1090548 0.6098509 0.2463905 0.0468783 0.1575508 0.1495371 0.0527454 0.6198788 0.3802805
0.3273998 0.6280216 0.8439569 0.4464010 0.0000000 0.3290365 0.1031922 0.5526324 0.2616096 0.2065238 0.1700891 0.3500399 0.5960911 0.3465131 0.4844299 0.1305749 0.1459649 0.6684105 0.0677291 0.4075558 0.3406577 0.0763704 0.2759268 0.2607972 -0.0008654 0.4949405 -0.0192250 0.2350219 0.3578909 0.0596685 0.3530274 0.1446911 0.1063702 0.1834648 0.2522459 0.1284170 0.1315176 0.0095910 -0.5698275 0.2826850 0.5165876 0.2839631 -0.2121493 0.2314304 0.0523879 -0.1958903 -0.1068253 0.3232440 0.1876323 0.3474970 -0.1566713 -0.1922205 0.2305308 0.0692415 0.1884808 0.2052223 0.0738361 0.1350174 0.4369142 -0.0873410 0.2225674 -0.0295927 0.5350540 0.1359954 -0.1780607 0.4081335 -0.0627906 0.0990830 0.1441808 0.2169751 0.0765979 0.2380689 0.0095340 -0.0658538 0.0278289 0.2171948 0.1733832 -0.0540691 0.2009151 0.1393850 0.1473179 -0.1558702 0.2347313 -0.1676491 -0.1806254 0.2256744 -0.2257196 0.3497028 0.2253791 0.2793062 -0.0109186 -0.0797762 0.0340606 0.1255440 0.1884183 -0.0441693 0.1596179 -0.2877633 0.4506122 0.3913202 0.2762064 -0.3985007 -0.0105119 0.0693001 0.0007504 0.1729865 0.0600472 -0.1439017 0.1020819 0.0351937 0.2807812 0.1887279 0.0480897 -0.0913395 0.1026260 0.2709274 0.2935898 0.1439760 0.4060969 0.2817572 0.1284566 0.3023256 0.0373456 0.2082902 -0.0587516 0.4177593 0.1662150 0.1646414 0.2835825 -0.0429490 0.1382983 -0.2035782 0.6121088 0.1769636 -0.5329388 0.4772165 0.3804921 0.3935418 0.4858270 0.2821067 0.0093258 0.5271223 -0.2801046 0.4576503 0.6161961 0.4957932 0.2598746 0.2539298 -0.1259538 0.2026314 0.0337569 0.5271010 0.3123940 0.2294539 -0.3552870 0.1806221 0.0684307 0.3353302 0.0160654 -0.1035591 -0.1025693 0.0095188 0.3953239 -0.0671506 0.0075192 0.7089249 0.3467653 0.4234662 0.2633659 0.0123831 0.2342088 -0.0328360 -0.0087669 -0.0317338 -0.0028083 0.1698559 -0.1270948 -0.2227816 -0.2010195 -0.2296219 -0.2807571 0.1493165 0.2401471 -0.0705902 -0.3455854 -0.2113182 0.3925002 0.1205647 0.1101786 0.1799518 -0.1440431 -0.0789117 0.0498562 -0.3066740 0.2098318 0.1546369 0.4548857 0.3717364 0.2916968 0.4247126 -0.2518307 -0.2158057 0.0773991 0.4218035 0.3177153 0.3994153 0.6168831 0.3477905 -0.5122926 0.0851753 0.0427857 0.1134514 0.4355482 0.5620764 0.6400884 0.2544277 0.4314168 0.5659798
-0.0134602 0.6436426 0.5992196 0.9386970 0.3290365 0.0000000 0.6214949 0.8785450 0.8966674 0.7624594 0.6957317 0.8139512 0.4637319 0.5924108 0.7800925 0.5364501 0.6342447 0.3220476 0.4831447 -0.0163054 0.8507911 0.4025952 0.2753718 0.7738581 0.5155541 0.2666418 0.1171005 0.3854629 0.8096897 0.2249878 0.2689672 0.3437951 0.4664968 0.8160314 0.3646552 0.5800877 0.1762275 0.0971569 0.2057903 0.5621831 -0.0932084 0.8011824 0.2334697 0.7179223 0.7069527 0.2812822 0.3042536 -0.1732730 0.8752700 0.1329795 0.3239100 0.3556116 0.7780276 0.6379350 -0.1136090 0.1809010 0.3392286 0.6762106 0.3269560 0.2973939 0.5101677 0.4875294 -0.2708189 0.6036694 0.4051771 0.1233493 0.3301347 0.5484463 0.2038597 0.7123762 0.2047680 0.4531408 0.4526008 0.0208297 0.1526304 0.4730063 0.1909340 0.2629691 0.0246313 -0.4954374 -0.0704828 -0.0722944 0.1405076 -0.0305715 -0.0253597 0.0531200 0.1546107 0.3477540 0.1121237 0.1754475 0.1504710 0.1307746 0.0056678 0.2129366 0.0629467 -0.1687937 0.0649121 -0.4800728 0.3125061 0.2778975 0.1768834 -0.0962979 0.0682121 0.2658308 0.2776097 0.1436897 0.1091810 -0.0737954 0.3734181 -0.1043533 0.2894535 0.2752126 -0.1338263 0.0438703 -0.2246553 0.1347282 0.1398199 0.0245194 0.1162197 0.2688617 0.0721223 0.0674964 0.0186418 0.1847146 -0.1163888 0.2616249 0.2232819 0.3260945 0.2063022 0.3192593 0.2598518 0.2983880 0.1925580 0.5969792 0.0752066 0.2127457 0.4836485 0.2991269 0.4077383 0.2171277 0.1340047 0.1866617 0.2968597 -0.1053919 0.4985921 -0.0279148 0.0767366 0.1549605 0.3005625 0.0961667 -0.1022794 0.0884307 -0.0231098 0.4115260 0.2550474 0.3369916 -0.0729971 0.1030093 0.1202298 -0.0930204 0.2829384 0.1161528 0.6580265 -0.1234717 0.2231382 0.3531102 0.8235765 0.6958262 0.7019541 0.2050939 0.5728351 0.4943687 -0.2163044 -0.3339480 0.1499403 -0.2807904 -0.2382944 -0.1718242 0.3386124 0.6206445 0.5787543 0.7744878 0.4189034 0.5028114 -0.3480706 -0.2272677 -0.4176753 -0.5259487 -0.4388379 -0.2255099 0.1599251 -0.5070729 -0.6273096 -0.0677612 0.1273023 0.1806521 0.1945854 -0.1132832 -0.0972379 0.3483426 -0.1187347 -0.1851521 0.5591057 0.5379193 -0.1521182 0.1192045 0.3972314 0.0805745 -0.0425196 -0.0743198 0.5710021 0.2877351 -0.1058779 0.0010441 0.1839927 0.0926907 0.5850434 0.3414583
-0.4226221 0.0531203 0.4675020 0.5828741 0.1031922 0.6214949 0.0000000 0.4911469 0.7044995 0.5236726 0.7569709 0.9015013 0.4656491 0.4684598 0.8018077 0.5181661 0.4367215 0.1575169 0.4710864 0.3755867 0.5381501 0.3461580 0.0082462 0.6810161 0.7059411 0.3782815 0.2648047 0.4040739 0.6570929 0.2751154 0.1503869 0.5937056 0.3445330 0.7279041 0.4716222 0.1917036 0.4511756 0.2255231 0.3284139 0.4099559 -0.0120610 0.6784516 0.3058742 0.7554897 0.8864965 0.4825755 0.3194945 -0.0718582 0.7454155 0.0280561 0.4051865 0.5507171 0.6695751 0.6742735 0.0785545 0.3152240 0.4053893 0.7052613 0.5525687 0.5219381 0.8133857 0.6313328 0.1520959 0.7058192 0.5476760 0.2550870 0.4989349 0.7295251 0.2965549 0.7076287 0.4206989 0.6464575 0.6795152 0.5082599 0.2603564 0.7161639 0.6552848 0.5985925 0.3823099 -0.0197198 0.2062339 -0.0076356 -0.2122040 -0.3889538 -0.2996669 -0.3977499 -0.1905328 0.2094834 -0.2744721 -0.2114521 -0.3587966 -0.3057645 -0.3814808 0.0429556 -0.4159606 -0.4906039 -0.1756445 -0.4563795 -0.2137131 -0.2452298 -0.1649359 -0.4369382 -0.4195595 0.0677125 -0.1275692 -0.4737494 -0.3447318 -0.4577761 0.0539818 -0.4519308 -0.1256455 -0.1141540 -0.6415225 -0.4054423 -0.3912803 -0.4450941 -0.3140302 -0.2894018 -0.3081106 -0.0358364 -0.2787890 -0.3697879 -0.3835984 -0.0100915 -0.3645779 -0.0230571 -0.2815552 -0.1734800 -0.0739078 -0.1826415 -0.0671364 -0.0090339 -0.2529781 0.1450963 -0.1414961 -0.2997392 0.1639243 0.0776501 0.1621971 0.0443602 -0.2727203 -0.0444765 -0.1393493 -0.3562553 0.1306801 -0.3793015 0.1963371 0.1603740 -0.2994864 -0.0102127 -0.0753883 -0.2319166 0.1554176 -0.1541872 0.3231518 -0.1695135 -0.5324429 -0.0132147 -0.1521131 -0.2768930 -0.0211465 -0.1400420 0.4203792 -0.5154579 0.1312975 0.1120094 0.5874084 0.2854915 0.0603971 -0.2636732 0.1222257 -0.0244433 -0.5137741 -0.2521288 0.1144600 0.1117477 0.1235813 0.2583916 0.3259243 0.6037984 0.5502576 0.4421593 0.1606504 0.1862675 0.1525041 0.1718715 0.0470416 -0.0792535 0.1651480 0.0866221 -0.0554410 0.0472236 -0.0795173 -0.2969067 -0.0416300 -0.0824640 0.0876480 0.2068434 0.2815175 0.1948979 0.3798441 0.0746314 0.2920152 0.2495353 0.0478475 -0.0178501 0.1454076 -0.0054517 0.2350227 0.2740725 -0.0409736 0.2719922 0.3204872 0.0366952 0.1121284 -0.0195600 0.5435745 0.4359885
-0.0805538 0.6078160 0.8068563 0.8621390 0.5526324 0.8785450 0.4911469 0.0000000 0.8086418 0.7024766 0.7599810 0.6953689 0.7447750 0.6732158 0.8281140 0.6698773 0.6919733 0.5226238 0.5371054 0.2535249 0.7261752 0.4203957 0.4234072 0.8181928 0.4343893 0.4229883 0.2506301 0.5348150 0.6702014 0.3133620 0.3959513 0.3615061 0.5479012 0.7542199 0.4791533 0.3980179 0.3175492 0.0785914 0.1143971 0.6939105 0.1190928 0.6601153 0.3352470 0.6654715 0.5912845 0.2306869 0.3043891 0.0102111 0.8253270 0.3327607 0.3657351 0.4060950 0.7603382 0.6481010 0.0343342 0.2439270 0.3403905 0.7237822 0.4325693 0.3166709 0.5323217 0.4950239 -0.0337082 0.6965736 0.4303840 0.1908040 0.2807236 0.6104302 0.1449306 0.7582968 0.1982005 0.5884070 0.5046690 0.1741833 0.1246158 0.5512868 0.3547550 0.2870291 0.1858901 -0.3678476 0.0554202 -0.0333273 0.1009867 -0.0966954 -0.0399295 0.1355526 0.0136902 0.3578316 0.1980006 0.2558492 0.2057627 -0.0551747 0.0078668 0.1775526 0.2221768 0.0280213 0.2036820 -0.5178056 0.4471923 0.2743241 0.1475790 -0.2121695 0.0066812 0.2206335 0.3905363 0.2278700 0.1191212 -0.1571124 0.4290186 -0.0935077 0.3644087 0.2357550 -0.0604473 0.0499004 -0.0810470 0.2733863 0.3180108 0.2321876 0.3216133 0.2930288 0.1938809 0.1594306 0.1081364 0.3106516 -0.0687709 0.3238536 0.3353663 0.5326973 0.2697735 0.3865348 0.4175252 0.3809512 0.4188961 0.6815545 -0.1759166 0.3752200 0.7074625 0.5358459 0.6116767 0.3421996 0.2510513 0.3931289 0.0985367 -0.0361461 0.7004585 0.0393970 0.3603870 0.4532764 0.2686412 0.3354256 0.0802482 0.2267664 0.3161268 0.4280218 0.2614543 0.1955028 -0.1854854 0.4480475 -0.0127186 -0.2016371 0.4386162 0.1867932 0.5535486 -0.2873959 0.4574189 0.4371314 0.6842227 0.7000945 0.6646696 0.1055918 0.6840171 0.4931427 -0.3421576 -0.4333716 -0.0813172 -0.2206108 -0.1262660 -0.0293074 0.3099718 0.4420523 0.3635865 0.5781847 0.3269125 0.3413333 -0.3303740 -0.1705597 -0.1460810 -0.3888356 -0.3057897 -0.1202296 0.0242833 -0.3483335 -0.4212749 -0.2194831 0.1146306 0.0916116 0.3235788 0.0643371 -0.0548763 0.4087318 -0.1338417 -0.1645650 0.3534578 0.6083645 0.1197614 0.1071432 0.5311963 0.2273701 -0.1501191 0.0028438 0.3967531 0.3430090 0.1743592 0.2494701 0.3519399 0.2029631 0.6800665 0.4996508
-0.3266531 0.3921955 0.5874980 0.7924448 0.2616096 0.8966674 0.7044995 0.8086418 0.0000000 0.8312434 0.8163730 0.8070001 0.5929349 0.3890740 0.8080727 0.6525274 0.5075584 0.4145210 0.5275052 0.1759126 0.7218366 0.4375398 0.3589710 0.8779996 0.5809167 0.4003143 0.1728669 0.3595534 0.6814340 0.1206994 0.0968214 0.4017535 0.6657830 0.8748018 0.5956698 0.4135151 0.3292618 0.0430877 0.3281292 0.6500807 -0.2584553 0.7368026 0.4825472 0.8002157 0.7983127 0.3128836 0.4317722 -0.2199985 0.9169765 0.0436187 0.4916444 0.5770605 0.8575909 0.7126293 -0.1925974 0.1154751 0.3423784 0.8112218 0.4989643 0.4248373 0.6990101 0.5498752 -0.2626422 0.7954227 0.5633850 0.0372673 0.3618526 0.6978489 -0.0111133 0.7778967 0.1913163 0.6343443 0.5602723 0.2902704 0.0634697 0.6145363 0.4366349 0.3536442 0.1967575 -0.3824886 -0.0563539 -0.0167959 -0.1049725 -0.3291029 -0.3823460 -0.2850775 -0.1913717 0.0888429 -0.2467788 -0.1578459 -0.0939946 -0.0451195 -0.1812687 0.0253790 -0.2486318 -0.4509423 0.0425380 -0.6605942 -0.0091637 0.0242724 -0.0693530 -0.4081000 -0.1679312 0.0891000 0.1031598 -0.2081281 -0.2036212 -0.2293225 0.1919680 -0.3174982 -0.0020039 0.0541753 -0.3174781 -0.1972745 -0.2366624 -0.0898743 0.0108487 -0.1119063 0.0124398 0.0515764 -0.1002209 -0.1021604 -0.2030192 0.0220256 -0.3315549 0.1396489 0.0541360 0.2218909 0.0548327 0.1169952 0.1326654 0.1797291 -0.0394837 0.5568193 -0.0477444 0.0428354 0.3894448 0.1518162 0.3343352 0.1545529 0.0903298 0.0368764 0.0692773 -0.3054185 0.3423757 -0.2605407 0.0769386 0.1324598 0.1300571 -0.0373456 -0.1923575 -0.1391336 0.0378788 0.2727217 0.1182924 0.1784429 -0.1974558 0.0454023 -0.0462847 -0.1941211 0.1090491 0.0020285 0.6483288 -0.2455372 0.1045140 0.2243308 0.6547051 0.5037820 0.4522023 0.0565918 0.4528723 0.3137468 -0.2893016 -0.2956062 0.0091015 -0.2856820 -0.1463087 -0.0852831 0.4691260 0.7145368 0.5034660 0.5657333 0.2665415 0.3401425 -0.1627079 -0.0083705 -0.2821177 -0.4257937 -0.3066878 -0.0737538 0.0857126 -0.3107895 -0.4856177 -0.1532531 0.0544505 0.0520505 0.0777201 -0.0065069 -0.0242334 0.3150926 -0.0893809 -0.1460889 0.3727036 0.4611927 -0.2479441 -0.0344244 0.2613773 0.0985877 -0.1428638 0.0833444 0.2740317 0.4062571 -0.0725035 -0.0776534 0.1803519 0.0652314 0.4919632 0.3803626
-0.2120909 0.2256701 0.4631952 0.6080068 0.2065238 0.7624594 0.5236726 0.7024766 0.8312434 0.0000000 0.7158169 0.5852120 0.4149602 0.4999766 0.5166978 0.5919247 0.4749124 0.4254349 0.3781093 0.1106980 0.5478716 0.1346303 0.1211506 0.7274814 0.3784861 0.3133322 0.3895933 0.2596025 0.3888653 0.1475654 -0.2156458 0.3557896 0.5563925 0.5790738 0.5104567 0.4262889 0.3052245 -0.3255682 0.3033526 0.4845011 -0.4387643 0.4833428 0.3610658 0.5491833 0.4682813 0.1225202 0.1084893 -0.4771961 0.7184131 -0.2329737 0.3397199 0.4621598 0.6345152 0.5437381 -0.3335458 -0.0486085 0.1047726 0.6596798 0.2757530 0.2662315 0.4867057 0.3852528 -0.3331371 0.7749562 0.7078284 -0.1372016 0.1933525 0.6361797 -0.1116984 0.6638508 -0.0028861 0.6600672 0.4987633 0.3452528 -0.1043382 0.5241807 0.4389923 0.2211833 0.3618598 -0.1655030 0.1877354 0.0023843 -0.0848463 -0.3219963 -0.4342296 -0.2953578 -0.0752540 -0.0930061 -0.1855003 -0.1946395 -0.0480565 -0.2247554 -0.1917345 -0.0470497 0.0695605 -0.3527042 -0.3192626 -0.5527868 0.1994541 0.0371405 -0.1483616 -0.4451895 -0.3767161 -0.0966230 -0.0740075 -0.0560717 -0.3433932 -0.3687326 -0.1054747 -0.3572274 -0.0432700 -0.2810723 -0.4053577 -0.3997962 -0.4562481 -0.0937359 0.0542728 -0.0925809 0.0304103 -0.0459427 -0.1239617 0.0891221 -0.2686390 -0.0926706 -0.4104333 -0.0947310 0.0477937 0.1578580 -0.2220050 0.1928827 0.0015537 0.2782443 0.0796600 0.5498504 0.0555288 0.0106115 0.5058551 -0.0227774 0.3368710 0.0787121 0.3390318 -0.0574733 0.0080231 -0.3045924 0.3333083 -0.1125112 0.1919218 0.2818458 0.2913097 0.0656024 -0.0350981 -0.0427949 0.2879982 0.4271076 0.2975317 0.2555043 -0.3719974 0.2428291 -0.3012344 -0.2196873 0.1357260 -0.0109500 0.4940216 -0.4229239 0.1724616 0.3141605 0.5520638 0.5174614 0.2587130 -0.1526835 0.3849919 0.1086522 -0.1905656 -0.1227279 -0.0642215 -0.0597673 0.2096863 0.2056680 0.7415411 0.7812282 0.5594407 0.4260429 0.0284571 0.2683635 -0.1381870 0.0810449 -0.2551870 -0.3436055 -0.1000434 0.1503910 0.0887532 -0.0697831 -0.4221732 -0.0893892 0.0021925 -0.0797771 -0.2361474 -0.1169804 -0.0075365 -0.0155725 0.0210352 -0.3880435 0.2439458 0.4379664 -0.1418312 0.1635191 0.0824827 0.2414254 0.0473892 -0.0138930 0.1390158 0.3311358 -0.1356051 0.1450303 0.1164102 0.2584122 0.6171173 0.4299068
-0.6185333 0.0623658 0.5953313 0.6201482 0.1700891 0.6957317 0.7569709 0.7599810 0.8163730 0.7158169 0.0000000 0.7172237 0.7320174 0.5610272 0.8085121 0.7451734 0.5010710 0.4832841 0.4880716 0.4526220 0.4783330 0.3815930 0.2826179 0.8792135 0.5498907 0.3813763 0.5221983 0.6515029 0.5101813 0.3801613 0.2673912 0.5579812 0.7391889 0.8106427 0.6766946 0.1136416 0.5494213 0.0293769 0.4580713 0.7071201 -0.0803098 0.5459311 0.6503008 0.6707388 0.7625710 0.4187115 0.4550509 -0.1581930 0.8167044 0.1781343 0.5303911 0.6930097 0.8057040 0.6807661 -0.0588505 0.1743588 0.3175090 0.8127238 0.4058464 0.4566812 0.7338515 0.5515534 -0.0452738 0.9127796 0.7697923 0.0055420 0.2557988 0.7753428 -0.0593312 0.7743275 0.1249988 0.7780075 0.6549356 0.6503393 -0.0251081 0.6961034 0.7113165 0.3998479 0.4185455 -0.1322154 0.1562978 -0.0875267 -0.3567354 -0.4561437 -0.3398566 -0.3210181 -0.2936651 -0.0089375 -0.3112646 -0.2522866 -0.2354764 -0.4149007 -0.3211706 -0.1918110 -0.1579416 -0.3225016 0.0171125 -0.6868006 -0.0782692 -0.2895765 -0.3629175 -0.4575873 -0.3957016 -0.1214481 0.1166531 -0.2860571 -0.2925496 -0.4802542 0.1048483 -0.3815769 -0.1430522 -0.1935274 -0.4984371 -0.2922987 -0.2562378 -0.1547911 -0.0099311 -0.0215631 -0.0610167 -0.0719055 -0.1107355 -0.2142664 -0.1349576 0.0027053 -0.3585761 -0.0644581 -0.0518536 0.2325099 -0.0894695 0.0872179 0.1890384 0.2211069 -0.0467755 0.5038343 -0.3253145 -0.2055352 0.5041335 0.2037009 0.3916374 0.1358213 -0.0505432 0.0261417 -0.1616331 -0.4003431 0.3987450 -0.4572111 0.3947072 0.4342199 -0.1219712 0.1570288 -0.0004520 -0.0715865 0.4353730 -0.0208763 0.4391746 -0.0683247 -0.5345721 0.3237937 -0.3660942 -0.3562572 0.2827949 -0.0209554 0.4067923 -0.5390469 0.4347558 0.0749118 0.4700733 0.2713735 0.2102018 -0.1828085 0.3516122 0.1527379 -0.5881567 -0.3637852 -0.2065331 -0.0567028 0.1910439 0.3922624 0.5398905 0.6661406 0.5559728 0.3019028 -0.0539246 0.0508582 0.0050671 0.2437292 0.0501983 -0.1227851 0.0103751 -0.0272001 -0.0859210 -0.0768403 -0.1728518 -0.2974786 -0.0759160 -0.1610458 0.1064864 0.2382159 0.1284869 0.1199782 0.3053440 0.1155279 0.2292654 0.5144199 0.1402214 -0.1905760 0.1963616 0.3252899 0.1796312 0.3755064 0.0043227 0.4976273 0.3440530 0.0863629 0.1831733 0.3020621 0.6933718 0.5566865
-0.1734823 0.4175933 0.6761173 0.7944816 0.3500399 0.8139512 0.9015013 0.6953689 0.8070001 0.5852120 0.7172237 0.0000000 0.5093361 0.5983260 0.9101886 0.4545522 0.5201138 0.3280486 0.4795834 0.3153527 0.7983486 0.4377182 0.1049501 0.7519895 0.6915556 0.4223866 0.1681533 0.4454903 0.8602685 0.2938371 0.3365238 0.6302592 0.3533262 0.8348340 0.4761777 0.3547948 0.4503706 0.2540113 0.1956902 0.5247562 0.1576927 0.7936258 0.2456552 0.8061665 0.8919125 0.4521741 0.3420115 0.0203219 0.8407538 0.1720054 0.3721450 0.4518352 0.8262371 0.6772026 0.0703759 0.3453556 0.4480226 0.7030647 0.6031225 0.5099307 0.7825126 0.5716448 0.1580825 0.6674301 0.4423115 0.3222375 0.4736832 0.6509091 0.2901885 0.7620696 0.4075883 0.6129612 0.5659076 0.2853848 0.2674100 0.6442833 0.5051157 0.4407673 0.2769181 -0.1544437 0.1556373 -0.1584083 -0.0732299 -0.3506588 -0.2581725 -0.1952333 -0.0655672 0.3985293 -0.0986294 -0.0197437 -0.2765833 -0.2131629 -0.3099071 0.1116790 -0.2545181 -0.4295636 -0.1410482 -0.5226139 0.0718130 -0.0074766 0.0433141 -0.3633425 -0.2557034 0.1268055 -0.0648252 -0.2000997 -0.1779305 -0.4165084 0.1715024 -0.4317686 0.0845919 0.0950194 -0.4950414 -0.2656007 -0.3646811 -0.2272787 -0.1328692 -0.2492406 -0.1196730 0.0695809 -0.1529728 -0.2227248 -0.2568227 0.0872822 -0.3589908 0.2120599 -0.0891805 0.0438736 0.0435440 -0.0688850 0.0057304 0.0463928 -0.0040048 0.2034257 -0.1244018 0.0483692 0.2575217 0.2135810 0.3375917 0.0834527 -0.1218252 0.0873745 -0.0730867 -0.1499614 0.3591142 -0.0939845 0.2131591 0.1814496 -0.1236867 -0.0111856 -0.1603166 -0.0566114 0.0956197 0.1277393 0.2173848 -0.0016751 -0.3576179 0.0777680 -0.0293040 -0.2306518 0.0248870 -0.1618151 0.5053039 -0.3739658 0.0441892 0.4195557 0.8114417 0.5685136 0.3469616 -0.1392854 0.3341717 0.1537990 -0.4306721 -0.3652579 0.1080415 -0.0437630 -0.0994348 -0.0266513 0.2268945 0.5171110 0.4937229 0.6045317 0.2611801 0.2154576 -0.1184937 -0.0179761 -0.0457607 -0.1874628 -0.0335827 0.0395975 -0.0896269 -0.2113777 -0.2824448 -0.2821173 0.0592614 0.0506916 0.2856768 0.1835246 0.2660348 0.4112576 0.2057159 -0.0179118 0.4902256 0.4696041 0.0938865 0.1627399 0.3889721 0.1201406 0.0637514 0.1830119 0.2599395 0.3288674 0.2844703 0.1379130 0.3185944 0.0912750 0.5714918 0.4780770
-0.3189274 0.2091843 0.7997395 0.4374511 0.5960911 0.4637319 0.4656491 0.7447750 0.5929349 0.4149602 0.7320174 0.5093361 0.0000000 0.3207377 0.7580650 0.7906688 0.5309725 0.5484941 0.5890781 0.6328641 0.2945418 0.5272061 0.6059317 0.6764183 0.4766969 0.7227467 0.2483999 0.3872026 0.3887853 0.0370994 0.4334800 0.3691438 0.5148673 0.5549848 0.6369193 -0.0905755 0.5114043 0.2498816 -0.0508764 0.6105312 0.2821857 0.4188876 0.4259090 0.5662653 0.4989081 0.2626023 0.3838062 0.3239442 0.6098266 0.5574010 0.4235730 0.5062111 0.5646686 0.6235966 0.3049955 0.3631988 0.3889250 0.7272083 0.6298636 0.3894693 0.6042546 0.5370520 0.3550037 0.7218415 0.3286673 0.3510655 0.3118810 0.7070245 0.1121041 0.7153168 0.3575692 0.7359297 0.6287623 0.4599211 0.2230470 0.7010519 0.6817442 0.4787353 0.3742362 -0.1085339 0.0663682 0.1503088 -0.0244707 -0.2982129 -0.2831957 -0.0227548 -0.4411554 0.2570297 -0.0128585 0.0984536 -0.0381073 -0.2703904 -0.0798183 0.0641615 -0.0853359 -0.0880963 0.3058244 -0.5351884 0.0643819 0.0094869 -0.0072047 -0.5697991 -0.1568773 0.1173474 0.2701441 -0.1254715 -0.0761236 -0.2384629 0.3202082 -0.0889182 0.1349951 0.0821951 -0.1187141 -0.0803470 0.1953205 0.1678413 0.3241440 0.3413130 0.3975140 0.2098077 0.2319075 0.1474310 0.0368607 0.3117505 -0.0299136 0.2832585 0.2578709 0.3762281 0.3280234 0.1790131 0.4804387 0.1451514 0.2858882 0.4678684 -0.5425588 0.1917544 0.6784342 0.6079023 0.6178737 0.3934760 0.0790254 0.4538952 -0.2866601 -0.0686084 0.5890891 -0.1698713 0.4962328 0.5284727 -0.0808415 0.3611017 0.1885375 0.0710786 0.5484994 0.0763772 -0.0470677 -0.2138154 -0.3310554 0.4687613 -0.1362522 -0.3222426 0.2382154 0.1892023 0.3631295 -0.4462338 0.4742331 0.1751689 0.2039875 0.3147842 0.2709224 -0.0435847 0.4787938 0.2434850 -0.4931409 -0.4081456 -0.3596400 -0.1519027 -0.0579764 0.0815480 0.1022654 0.1067989 -0.0893107 0.1216545 0.1540011 -0.0268902 -0.0582368 -0.0112951 0.2507643 -0.1130600 0.0163193 0.1167262 -0.1964388 0.0125321 -0.0144358 -0.4778386 0.0686166 -0.0437881 0.3097130 0.3154666 0.0712121 0.4050465 -0.1250300 -0.0593765 -0.1277098 0.3191714 0.1846418 -0.1599072 0.4972476 0.2464138 -0.3625014 0.2667093 -0.2092229 0.2442015 0.4802539 0.2355106 0.4642601 0.1673890 0.4550926 0.5134161
0.0373482 0.3629536 0.6037310 0.6500712 0.3465131 0.5924108 0.4684598 0.6732158 0.3890740 0.4999766 0.5610272 0.5983260 0.3207377 0.0000000 0.5690294 0.2601096 0.4903198 0.4269471 0.2004882 0.2625261 0.5376290 0.0445048 -0.2154870 0.5181917 0.2669970 0.0863617 0.5941725 0.7163367 0.4583459 0.7510684 0.3721823 0.5609955 0.1809006 0.4422887 0.1430762 0.2050064 0.3541487 -0.1688041 0.1923528 0.5103081 0.2770432 0.3108718 0.0960765 0.4004240 0.3943505 0.1547110 -0.0854879 -0.1712828 0.4910509 0.0733122 0.0455535 0.2022331 0.5480062 0.3619158 -0.0663592 0.0769519 0.0427154 0.3933328 0.1807495 0.1608986 0.4086090 0.2325331 0.1663495 0.4878906 0.5412146 0.0212876 0.0308919 0.3861168 0.1212810 0.4859312 -0.0049808 0.4192122 0.3276444 0.2894087 -0.0688839 0.3866882 0.3462264 0.1159761 0.4295385 0.1161989 0.5285478 -0.3005646 -0.0815588 -0.1877125 0.0903055 0.1742511 0.3476387 0.3140373 0.2557193 0.2065454 -0.0248333 -0.4077753 -0.1589553 -0.0529587 0.3941481 0.1292632 -0.2460930 -0.3399313 0.5454721 -0.0039357 -0.0588711 0.0036852 -0.2475607 -0.1105565 0.0022734 0.2700539 0.0707917 -0.5238101 0.0910661 -0.3146500 0.1985409 -0.0340775 -0.3157152 -0.1405172 -0.5318041 0.0751428 0.1064026 -0.0586559 0.0210350 0.1410954 0.0539396 0.0045737 0.0008381 0.2329264 -0.2090003 0.0805078 0.0663572 0.3511076 -0.1341702 0.2388950 0.1049403 0.3559143 0.3036253 0.2496948 -0.1060704 0.2323958 0.4359788 0.2737165 0.3378690 0.1301343 0.1334316 0.1956283 -0.0931460 0.0111262 0.4736479 0.1881675 0.4323909 0.4607542 0.0529987 0.4027013 0.1992402 0.3042179 0.4422705 0.2348367 0.6864816 0.1623378 -0.4783243 0.5420799 -0.3091827 -0.1494592 0.4325258 -0.0351962 0.2499192 -0.4654562 0.3864607 0.5658697 0.7326861 0.6313702 0.3522918 -0.2542037 0.4480793 0.1357743 -0.3618186 -0.2810796 0.0457627 0.3158693 0.3678507 0.3916937 0.3240229 0.3718745 0.5269074 0.3519501 -0.1060299 0.0567453 -0.1589323 0.1333148 0.1089638 0.0563528 0.1727791 0.1395181 -0.0466325 -0.0375959 -0.1881351 -0.0624206 0.0870410 0.0043649 0.2952089 0.1130677 0.2669990 0.1501800 0.4340469 0.0676722 0.4944895 0.7154702 0.6086938 0.4818091 0.3949783 0.3732499 0.4349958 0.1346083 0.3938607 0.3406489 0.4753836 0.6267919 0.3441997 0.4807818 0.8345250 0.6306429
-0.3013360 0.4198887 0.8258803 0.8123671 0.4844299 0.7800925 0.8018077 0.8281140 0.8080727 0.5166978 0.8085121 0.9101886 0.7580650 0.5690294 0.0000000 0.5930328 0.5600745 0.4599435 0.5208851 0.4977420 0.7441425 0.4722342 0.3102675 0.8628500 0.5922693 0.4834189 0.1806728 0.5788160 0.8264034 0.3152598 0.4704509 0.5315627 0.5524212 0.8981169 0.5825555 0.2918846 0.4607323 0.3058629 0.1649386 0.6553550 0.2674920 0.7883919 0.3895525 0.8169344 0.8670577 0.4253181 0.4388948 0.1670130 0.8722350 0.3633448 0.4389572 0.5088023 0.8353177 0.7088504 0.1585384 0.3880052 0.4740930 0.7590354 0.6305079 0.4957215 0.7734173 0.5964773 0.2104206 0.7190825 0.4017308 0.3453423 0.4367549 0.6692235 0.2213074 0.7794806 0.3807735 0.6738082 0.5652724 0.3559855 0.2310721 0.6364761 0.5637909 0.4282837 0.2462816 -0.2160303 0.0675415 -0.1603525 -0.1372916 -0.3456376 -0.2240167 -0.1583015 -0.2201421 0.3621624 -0.0631782 0.0320633 -0.1585365 -0.2188485 -0.2374141 0.1222776 -0.1758973 -0.2674009 0.1400306 -0.5264575 0.1020071 0.0301901 0.0510906 -0.3880051 -0.2027619 0.1980409 0.1712380 -0.1607559 -0.1177295 -0.3446465 0.3422427 -0.3498759 0.1727427 0.1401239 -0.3612125 -0.1430066 -0.1261796 -0.0701281 0.0151073 -0.0223017 0.0529130 0.1085647 -0.0579189 -0.2078282 -0.0905419 0.1692159 -0.2564030 0.2504927 0.0085275 0.2524823 0.1655963 -0.0083785 0.1953585 0.0982336 0.1359706 0.3732039 -0.3642506 0.1115073 0.4223109 0.3959234 0.4865646 0.1455273 -0.0927410 0.2002630 -0.1088656 -0.1655591 0.5102825 -0.1148100 0.3753471 0.3677846 -0.1552265 0.0776756 -0.1374666 0.0035581 0.2534050 0.1212523 0.1943224 -0.0287706 -0.3179428 0.2348806 -0.0463993 -0.3562384 0.2094270 -0.1028200 0.4988884 -0.3868841 0.2671128 0.3774584 0.7067154 0.4910776 0.4068450 -0.1087041 0.4190357 0.2633481 -0.5702721 -0.5107268 -0.0796465 -0.1301496 -0.1388755 0.0060180 0.1872265 0.4266500 0.3666493 0.5332347 0.2888714 0.1637837 -0.1397779 -0.0433582 0.0951899 -0.1758573 -0.0721588 -0.0748030 -0.1544326 -0.2254357 -0.2011243 -0.4077172 -0.0060932 -0.0361297 0.3844233 0.2962727 0.1642311 0.4431715 0.1345543 0.0357788 0.3328643 0.4792183 0.1692589 -0.0053944 0.4335076 0.1592049 -0.0466069 0.1875245 0.1810198 0.3386277 0.4199426 0.1782647 0.3201362 0.0703502 0.5859003 0.5002514
-0.3411158 -0.0079446 0.4482140 0.3740482 0.1305749 0.5364501 0.5181661 0.6698773 0.6525274 0.5919247 0.7451734 0.4545522 0.7906688 0.2601096 0.5930328 0.0000000 0.7902344 0.1169904 0.8359511 0.3563466 0.2565394 0.5965493 0.5527014 0.6802769 0.6649514 0.6463355 0.2884266 0.1206941 0.3074715 -0.1076780 0.1469241 0.3085111 0.4266814 0.5253433 0.5280704 0.0201992 0.4442253 0.2471027 0.2462938 0.5155207 -0.1375691 0.4405135 0.4962957 0.6370704 0.5473412 0.4042260 0.3758683 0.0808391 0.7271904 0.3442296 0.5873186 0.7233542 0.4951084 0.8550965 0.2209748 0.3142389 0.4197552 0.8929653 0.4630083 0.5201619 0.5122544 0.8133311 -0.0619401 0.8194541 0.5014118 0.1890984 0.5596604 0.9074844 0.2093912 0.8534912 0.4921266 0.7875664 0.8836534 0.4298691 0.3899485 0.7678164 0.6383175 0.7258315 0.2836437 -0.3819131 -0.0307832 0.4631578 0.0927808 -0.0496130 -0.1396574 -0.0486501 -0.1731820 0.2425194 0.0935780 0.1726425 0.2243735 -0.1007526 0.0909796 0.2771178 -0.0384702 0.0424767 0.1376905 -0.3521715 0.0265430 0.0486058 0.0756906 -0.3688111 -0.1067256 0.3118231 0.3846673 -0.0692477 -0.0158050 -0.0788874 0.4334398 -0.0115086 0.2183679 0.0581212 -0.0841141 0.0305717 0.1211390 0.1862410 0.3725898 0.4667690 0.4036059 0.2599463 0.3622903 0.2726088 -0.0057989 0.4069765 0.1484662 0.1052620 0.4243421 0.4130038 0.2944797 0.4962293 0.6105143 0.5176713 0.0815595 0.6386330 -0.0671991 0.0934050 0.7745768 0.5682396 0.5036348 0.3698118 0.3653324 0.2870720 0.0038163 -0.3887659 0.3825214 -0.3850665 0.4049756 0.4967625 0.2999699 0.4007074 0.2989258 -0.2659120 0.4429049 0.2513797 0.2049715 -0.2160444 -0.4512088 0.3872094 -0.0832257 -0.3023426 0.4626352 0.3720948 0.3447718 -0.5488915 0.6533988 -0.1638329 0.1831345 0.3959486 0.3455106 -0.0048214 0.6258824 0.4812173 -0.5094635 -0.4846549 -0.3602281 -0.3467894 -0.0150129 0.1529972 0.3329847 0.3734020 0.1282519 0.2865636 0.2332883 0.3043500 0.0404498 -0.0932992 -0.2199717 -0.5083835 -0.1808224 0.0877469 -0.0388042 0.0314483 -0.3011345 -0.3484519 -0.0105475 -0.1014545 -0.1041412 -0.1534007 -0.3001615 0.1924722 -0.1854831 -0.2451184 -0.2188717 0.0443058 -0.1300603 -0.2829232 0.2267423 -0.0822986 -0.1573753 -0.0249039 -0.1642077 0.0296892 0.0678673 -0.0389988 0.0993404 -0.0761194 0.3396431 0.2200598
0.0974239 0.3010127 0.4259439 0.5105326 0.1459649 0.6342447 0.4367215 0.6919733 0.5075584 0.4749124 0.5010710 0.5201138 0.5309725 0.4903198 0.5600745 0.7902344 0.0000000 -0.0996666 0.8220582 0.1004992 0.5403707 0.6096198 0.3758355 0.5355093 0.6626606 0.4912770 0.0879082 0.0491557 0.5400402 -0.0336440 0.2963542 0.2936925 0.0958787 0.4762974 0.2534465 0.3107574 0.3326300 0.3916118 0.1073258 0.3221282 0.1088418 0.5661157 0.1795663 0.5559299 0.4868690 0.4614879 0.2608527 0.2153856 0.7077439 0.4424267 0.4718702 0.4807486 0.4532440 0.8055093 0.4017653 0.5019245 0.5426206 0.7317201 0.3787350 0.5390870 0.3424119 0.8016858 -0.0137003 0.5823225 0.3081353 0.4088606 0.7079533 0.7335910 0.5513284 0.8310165 0.6809915 0.6132214 0.7792219 0.0707414 0.6532589 0.5981778 0.3451771 0.6811100 0.0730114 -0.5153227 0.0150599 0.3906541 0.4143117 0.2890520 0.2547733 0.3131849 0.3075206 0.6468206 0.5557947 0.5867025 0.4706983 0.0504160 0.1829896 0.5917855 0.3285124 0.3554510 0.0055293 -0.0476188 0.4753743 0.3884876 0.4877582 -0.0077540 0.1302304 0.5914343 0.5216328 0.4103197 0.2741604 0.0592900 0.6167727 0.0654444 0.6498002 0.3119523 0.0758456 0.2491292 0.0497326 0.3360396 0.4309711 0.5197138 0.4658202 0.4365909 0.4979873 0.3906976 0.2017189 0.5566005 0.3044355 0.3249920 0.5916950 0.5172529 0.4298645 0.6662747 0.6342456 0.6795226 0.3609709 0.5161598 0.2241916 0.4217890 0.8193768 0.7380614 0.6470551 0.3543481 0.5441424 0.4049331 0.2925420 -0.1325591 0.5429901 0.0251665 0.4748398 0.5664749 0.5959062 0.4939966 0.3568108 -0.0983898 0.3423736 0.5657716 0.3664344 -0.1546316 -0.3305839 0.4672135 0.1942538 -0.2092329 0.6267535 0.3831660 0.1886981 -0.4474036 0.6730536 0.1195651 0.4431016 0.7343538 0.6187276 0.0660905 0.7881753 0.6982285 -0.4448225 -0.6550088 -0.2385830 -0.4399265 -0.1978895 -0.0399011 0.1966674 0.2525523 0.1988662 0.5935791 0.4449287 0.5002884 -0.1440925 -0.3933205 -0.4182275 -0.6591545 -0.3398585 -0.0187991 -0.0349655 -0.1710985 -0.4507334 -0.2785465 0.0565156 0.0237840 0.0363185 -0.2943993 -0.3460497 0.3157404 -0.1951539 -0.4141331 0.0400193 0.0623908 -0.0123780 -0.0298578 0.3757260 -0.1685019 -0.0165423 -0.3250131 0.2145587 -0.1447264 -0.0137552 0.0553279 0.0996171 -0.1334392 0.3162768 0.0341299
