0.0000000 0.6582310 0.8473277 -0.1169095 0.6927849 0.4998551 0.8332642 0.3579052 0.1660179 0.0014283 -0.2596497 0.6616558 0.5970235 0.0915089 0.2095166 -0.3143956 -0.0348426 0.1697695 -0.2470685 0.4152469 0.2564044 0.5766944 -0.3875171 -0.0915856 -0.3202212 -0.5274288 -0.1234919 0.0695519 -0.1788863 0.0475365 0.4465898 0.0718661 -0.2780328 -0.1760697 -0.6221412 0.0209536 -0.4123705 -0.1084491 -0.4622016 -0.2225042 0.4971127 -0.1344084 -0.6585211 -0.3975234 -0.0471716 -0.4163690 -0.6022485 0.3362012 -0.2671623 -0.4640469 -0.5769960 -0.3518431 -0.0496466 -0.4429529 -0.1112327 -0.4030332 -0.5147887 -0.4654891 0.1467924 -0.6198333 0.0786691 -0.4949583 0.3170457 -0.0699320 0.2012746 -0.3712853 -0.5946100 -0.4129690 -0.1372752 -0.3380897 -0.5188375 -0.1567334 -0.5161352 0.5190890 -0.3821387 -0.3673793 0.0120126 -0.4306459 -0.2538765 0.4038951 0.2187995 -0.3412025 -0.3381429 -0.1151910 0.2205471 0.0733922 -0.0870060 -0.2915367 0.2353702 0.2181196 0.1348857 -0.1828841 0.1455441 0.2395075 0.1036020 -0.1925357 -0.0961922 0.1096180 0.1444610 0.0681469 0.2099259 0.1320805 -0.1149374 0.1888664 -0.0386969 0.0275319 0.0943379 -0.2296594 0.1859522 0.0636748 0.0677794 0.0978451 -0.0070723 0.0155454 -0.1662820 -0.0076331 -0.0080306 -0.1627789 -0.0714158 -0.0303237 0.0031271 0.1689142 -0.3574722 -0.0388910 0.1666461 0.1260728 -0.1753605 -0.2150382 0.0490623 -0.3923350 -0.2400917 -0.0493146 -0.4071623 0.2613539 0.3068147 -0.1211511 -0.2256782 -0.0292156 -0.2334902 -0.0852567 0.3070407 0.0694827 0.3248339 0.3909321 -0.0357873 -0.1775604 -0.0650123 0.0892961 0.3001399 0.1349682 0.0777274 0.4608688 -0.1976709 0.1344121 -0.0900714 0.5192115 0.1916820 0.0131311 0.2655426 0.1161905 0.2119825 -0.0252286 0.4550223 0.0388350 -0.1435563 0.3312382 0.1683521 0.1288688 -0.0792413 -0.1158643 0.0445980 0.0587990 0.3934270 0.7122678 0.7933679 0.7497993 0.4918509 0.7097292 0.3193246 0.2462335 0.3015692 0.2107558 -0.1805823 -0.0312300 0.3731122 0.0244107 0.6916050 0.5522797 0.2315328 -0.3256414 -0.2479641 -0.0533261 0.3671526 0.1864207 0.0449593 0.1636625 -0.1728760 0.3607980 0.5328374 -0.0639022 0.4718660 -0.0174080 0.1540830 0.1346264 0.8103172 0.6387334 0.0862163 0.6880575 0.4828674 0.4430182 0.0104224 0.0166493 0.7871121 0.3196515 0.3786781 0.6593239 -0.3189535 0.4713658
0.6582310 0.0000000 0.5891556 0.0820706 0.4660478 0.3894399 0.5828558 0.0093932 0.1610816 0.2569226 -0.1002492 0.4768119 0.1028782 0.2955747 0.3100190 -0.1644572 0.0832902 0.2553189 -0.2558758 0.1620588 0.2058796 0.2249648 -0.3171484 0.1916857 -0.4214854 -0.3645585 -0.2554885 0.2806818 0.1748122 0.2501626 0.2078241 -0.0273244 0.0744431 0.3448146 -0.4003923 0.2240306 -0.3694728 -0.1898159 -0.3066384 -0.0510837 0.5072448 0.1745304 -0.5436833 -0.0739613 0.1691710 -0.4732729 -0.4520446 0.3528700 0.1845518 -0.4263410 -0.3290506 -0.3131414 0.1141053 -0.3203341 -0.1164607 -0.3483508 -0.3725457 -0.0403583 0.3539132 -0.4635228 0.0873131 -0.2470777 0.2049711 0.2656393 0.0917669 -0.2193105 -0.4567677 -0.0599712 -0.0117307 0.1316503 -0.1991291 0.1350437 -0.3650583 0.1489434 -0.2063524 -0.1047368 0.1854521 -0.2481458 -0.1936778 0.2826103 0.2058558 -0.4088853 -0.2644293 0.0080246 0.5774075 0.0758228 -0.2187197 -0.0849900 0.1280523 0.3030676 -0.1020240 -0.2967394 0.0941492 0.1797424 -0.1658722 -0.2427510 -0.1176826 0.0416373 -0.0597975 -0.0637087 0.0503724 -0.1832093 -0.2637587 0.2003634 -0.0067761 -0.0379425 0.0486868 -0.3199717 0.2309801 -0.2105753 0.0310125 0.3821456 -0.0061306 -0.3467479 -0.3696484 -0.1309665 -0.3908047 -0.3887432 -0.1370605 -0.0142861 -0.2568104 -0.3216227 -0.3332996 -0.4128133 0.2213528 0.5031566 -0.4019213 -0.1023692 0.3647264 -0.4137024 -0.2046711 0.1314157 -0.3315543 -0.1694166 0.4564444 -0.1023900 -0.1772438 0.2252210 -0.0774287 0.4324332 0.3578647 0.4026106 0.5207210 0.3013422 0.0898197 -0.1547660 0.0255804 0.2390747 0.4215515 0.3334107 0.3362537 0.2799022 -0.0630140 0.2036869 0.0096764 0.4699389 0.1631267 0.0975061 0.3859495 0.1591075 0.2719470 0.1926240 0.3006152 -0.0798783 -0.0266709 0.2202922 0.0300042 0.1633853 0.0219457 0.1246189 0.2496422 0.2551113 0.5165065 0.7264751 0.8536010 0.4739909 0.2013724 0.4713819 0.2735579 0.3761980 0.4062753 0.4611354 0.1800107 0.3607137 0.3339937 -0.1909391 0.3676794 0.2917228 0.3727878 0.1203127 0.0899551 0.1197576 0.4386213 0.2311761 0.3291474 0.3996617 0.2828818 0.6238795 0.6321609 0.4482376 0.0524702 -0.4359912 0.1727735 0.0505221 0.4397950 0.2659349 0.4880683 0.6865320 0.0283426 0.2900310 0.0743314 0.2034344 0.4639974 0.4483581 0.5737212 0.5647095 -0.4203137 0.0142611
0.8473277 0.5891556 0.0000000 -0.0656823 0.7919670 0.4249999 0.8092139 0.5048340 -0.0771014 -0.0781109 -0.2615697 0.4792212 0.6789937 -0.1533678 -0.0895754 -0.3137938 -0.1112579 -0.0196725 -0.3110885 0.4477536 0.0534408 0.6784959 -0.3557305 -0.2689311 -0.4326953 -0.5278051 -0.3451233 -0.1596825 -0.4545344 -0.2011372 0.4576293 -0.0122474 -0.3823140 -0.2687491 -0.6199370 -0.1726511 -0.5162909 -0.2187730 -0.5490745 -0.2839538 0.5260778 -0.3513639 -0.6482408 -0.4569607 -0.1642752 -0.5890942 -0.7087139 0.3016711 -0.3981784 -0.5633107 -0.6851592 -0.2492251 -0.2140753 -0.3197365 -0.2611415 -0.5800745 -0.5919671 -0.4548671 -0.0036839 -0.6729148 -0.0708277 -0.4513202 0.3465696 -0.1630239 0.0626114 -0.4063515 -0.6367636 -0.4439990 -0.2017154 -0.4382537 -0.5693700 -0.2847189 -0.4665790 0.5120842 -0.4563802 -0.3366489 0.0775305 -0.4009111 -0.2173128 0.3859801 0.1505212 -0.3877121 -0.3298422 -0.2518544 0.2045367 -0.1644014 -0.3246059 -0.3731927 0.0681193 0.0880468 0.0008722 -0.3250705 -0.1560488 0.0927171 0.0255111 -0.2980987 -0.2507185 -0.1064845 -0.0134563 -0.0242483 -0.0009531 -0.0247143 -0.2545981 0.0510041 -0.1292988 -0.1450949 0.0458884 -0.3493627 0.1464579 -0.0961313 -0.0834520 0.0093435 -0.0872130 -0.0448411 -0.1782507 -0.0881456 -0.0458095 -0.1662361 -0.1279395 -0.1232032 -0.0109766 0.0896830 -0.3139497 -0.1208709 0.1738218 0.0841607 -0.1140369 -0.2191636 0.0298830 -0.3958041 -0.1905387 -0.0591119 -0.4070460 0.1603660 0.4022914 -0.1636818 -0.2515042 -0.1111819 -0.2934553 -0.1758824 0.3351608 0.0136095 0.2494506 0.2648765 -0.0918453 -0.2091863 -0.1822146 -0.0917435 0.2939695 0.0145675 0.0333805 0.3368757 -0.2473733 0.0996845 -0.2702882 0.3908441 0.2167581 -0.1155338 0.1277523 0.0093586 0.0150947 -0.0546819 0.3902245 0.0307586 -0.2051623 0.3249594 0.0937568 0.0686868 -0.0999318 -0.0419633 0.0421006 0.0470618 0.3265933 0.6524121 0.7602424 0.7682036 0.4343878 0.7014201 0.2012820 0.1066333 0.1849652 0.0064580 -0.3438888 -0.2205109 0.3092784 0.0259265 0.7235271 0.6588777 0.3678054 -0.2042747 -0.3456510 0.0528276 0.3154360 0.0229606 -0.0613861 0.0610650 -0.1909900 0.1937700 0.3724955 -0.0909175 0.3978104 0.0676896 0.0323836 0.0258036 0.6994524 0.4567837 0.0088476 0.7096634 0.4791069 0.4656959 -0.0723975 -0.2879210 0.5949224 0.0620694 0.2332643 0.7609518 -0.1634372 0.5011788
-0.1169095 0.0820706 -0.0656823 0.0000000 -0.3582925 0.4352395 -0.2001514 0.4577079 0.6219332 0.8234343 0.7831326 -0.2876805 -0.0905342 0.3359447 0.2927195 0.4140872 0.4385893 0.2959314 0.6265754 -0.0208578 -0.3273473 0.0139892 0.3443579 0.3022476 0.5122710 0.4098865 -0.0641706 -0.0420010 0.2479301 0.1183728 -0.2827334 0.5157231 0.0477192 0.5924385 0.2689676 -0.1442068 0.3808834 0.6189350 0.2727294 0.1739098 -0.0165166 0.2466684 0.1154176 -0.0418924 0.5366963 0.4628354 0.3849423 0.5448521 0.5538272 0.5086855 0.2620240 0.2317480 0.8070126 0.4068489 0.6315955 0.4925483 0.3318862 0.6871186 0.1693859 0.2080395 0.4842572 0.3499484 0.0116895 0.7137161 0.6638490 0.5047994 0.1890725 0.6646308 0.5553967 0.6880068 0.4371152 0.6141536 0.5737980 0.0852961 0.5284185 0.5865567 0.1242869 0.4449463 0.6422929 0.1287229 0.3544564 0.1663631 0.4285061 0.2631062 0.0254696 0.3474038 0.1686558 0.3589888 0.3275842 0.3440038 0.0209472 0.0103609 0.2582628 0.1415304 0.0952156 -0.0555260 0.0549836 0.3688402 0.0326151 0.1763621 0.1366524 0.2778488 0.5630881 0.2219212 0.2438890 0.1019939 0.4244260 0.4572914 0.4668052 -0.1159114 0.2681888 -0.1420064 -0.2065119 -0.0984571 -0.0891819 -0.0030737 0.0645841 0.3211254 0.1642633 0.4328727 0.4726965 0.0200047 0.6008590 0.0626478 0.7557485 0.3184190 0.3574901 0.5342209 0.5933142 0.4541266 0.5437543 0.4553493 0.5316977 -0.0122838 0.3053753 0.3149601 0.5248702 0.6100718 0.5308897 0.1979642 0.1453258 0.6356088 0.2295052 -0.3456041 0.4255693 0.2814033 0.4293377 0.4256159 -0.0512731 0.4941744 0.4257396 -0.4304926 0.4142035 0.1003859 0.0414957 -0.3740728 0.3404206 0.2730415 0.2447647 0.4213703 0.0789898 0.3675052 -0.3364888 0.5343486 0.2576156 -0.2571476 -0.0348752 0.0963321 0.2752130 0.1869060 0.1218795 -0.1223581 -0.0340677 -0.1273729 -0.0945867 -0.3989169 -0.4860105 -0.3642841 -0.4096575 -0.3413281 -0.4126345 -0.1553924 0.1953078 0.1540839 -0.0811501 0.4315248 -0.2868378 -0.3412704 0.0525326 0.4736357 0.2875975 0.2820316 0.2065279 -0.1793217 0.1091739 -0.0173419 0.1697281 -0.0318491 0.1941445 0.3102242 0.0726796 -0.2444120 0.4193135 0.4023195 0.0452880 0.0218027 0.4855800 0.0907122 -0.0335908 -0.3466891 0.6003486 -0.0778130 -0.0628966 0.1684408 -0.1301066 0.0023485 -0.3365792 -0.2860290
0.6927849 0.4660478 0.7919670 -0.3582925 0.0000000 0.1705761 0.7444623 0.3480054 -0.3497681 -0.3110321 -0.5444177 0.4752332 0.7514388 -0.1241765 -0.0910045 -0.5096390 -0.3481227 0.1722596 -0.5248525 0.3320034 0.2181741 0.5685827 -0.4648425 -0.1030571 -0.5734094 -0.5180900 -0.3400838 0.0958238 -0.3071168 -0.1749635 0.6656491 -0.3603577 0.0394784 -0.1993635 -0.6021357 -0.0268932 -0.6833424 -0.4322638 -0.5811100 -0.2659290 0.6655187 -0.3004237 -0.6432639 -0.0360978 -0.3243522 -0.7001256 -0.7023493 0.2147785 -0.2588015 -0.6626014 -0.5837054 -0.5348731 -0.4396547 -0.4165215 -0.4694009 -0.7092546 -0.6468649 -0.5270338 -0.0230053 -0.6385667 -0.2486037 -0.6086010 0.3130905 -0.2452126 -0.1275511 -0.5593154 -0.6218112 -0.5899559 -0.3928213 -0.5783513 -0.6268636 -0.2327896 -0.6745979 0.4272316 -0.5074074 -0.5003994 0.1051510 -0.5614027 -0.4770318 0.2916742 0.0125413 -0.4407869 -0.4467014 -0.3750322 0.1790001 -0.2727014 -0.2561542 -0.5847163 -0.2309914 -0.2868534 -0.2378570 -0.3269553 -0.1704297 -0.1177483 -0.2815000 -0.3987419 -0.1955735 -0.1172981 -0.2774627 -0.2594191 -0.2723747 -0.2463553 -0.5237203 -0.1399362 -0.2184583 -0.2967103 -0.3202021 -0.6419360 -0.1033754 -0.2114602 -0.2453828 -0.0015069 -0.2128093 -0.2756192 -0.2467309 -0.2259664 -0.2378791 -0.4391721 -0.3270917 -0.3939263 -0.3796842 -0.1663469 -0.4914076 -0.4484760 -0.1982066 -0.1401175 -0.2335906 -0.5131877 -0.1821965 -0.4420146 -0.3581417 -0.1490475 -0.4579267 0.1375096 0.0586491 -0.4282254 -0.3835651 -0.2539488 -0.4474882 -0.1538696 0.1411977 -0.1747777 0.2375882 0.3925663 -0.2198036 -0.3825239 -0.2649505 -0.1698954 0.2528565 -0.0843859 -0.0751520 0.4669941 -0.3050620 0.0438193 0.0079974 0.4305231 0.2364819 -0.1915819 0.1866466 -0.1074421 0.1067598 -0.0520908 0.4194836 -0.0455519 -0.1251669 0.3626390 0.0391645 0.1540173 -0.0236169 0.0275436 0.0392763 0.2697191 0.3361871 0.4697652 0.6369805 0.7918023 0.5473905 0.7404786 0.3081983 0.2028713 0.3379437 0.0232179 -0.3036643 -0.2157047 0.3164511 -0.2103426 0.7700628 0.7438880 0.3256902 -0.2305627 -0.4592750 -0.0772866 0.1021494 0.1124585 -0.1327119 0.0005550 -0.3438183 0.0550345 0.2772182 -0.2879058 0.0779013 0.0061816 -0.2288046 -0.4116232 0.4821472 0.2531834 -0.2607023 0.4816063 0.2954590 0.4427581 -0.3064137 -0.2015196 0.4585361 -0.0361396 0.3092377 0.6074565 -0.0507770 0.4578223
0.4998551 0.3894399 0.4249999 0.4352395 0.1705761 0.0000000 0.6090934 0.3425764 0.3849676 0.3692075 0.1345201 0.4413298 0.3896985 0.1302916 0.2725369 -0.0499090 -0.0033485 0.0435309 0.0688406 0.4679465 0.2221523 0.4462314 -0.0659543 0.2255069 0.0495319 -0.0597669 -0.1216517 0.1103330 0.1928550 0.1717503 0.1530464 0.2513474 -0.0280502 0.1543660 -0.1759288 0.2518052 -0.0729114 0.3204876 -0.2262114 -0.0124764 0.3355487 0.1873179 -0.3105703 -0.2503536 0.1794522 -0.0998414 -0.2556233 0.5228818 0.0850634 0.0847280 -0.2794984 -0.2697545 0.2915540 -0.4257461 0.2458722 -0.0207744 -0.1924185 -0.1117383 0.1892917 -0.3221765 0.2985477 -0.2915195 0.0202582 0.2308236 0.4063881 -0.0600331 -0.3665918 -0.1152884 0.0371068 -0.0199793 -0.2362937 0.1795788 -0.2226785 0.3501757 -0.1173736 -0.1869187 -0.0396583 -0.2793874 -0.1075738 0.1282256 0.1428214 0.0906846 0.3004601 0.2829814 0.0567194 0.3950992 0.0083116 0.0034384 0.2442111 0.1710095 0.0135184 -0.1414003 0.4003634 0.1284874 -0.0949147 -0.2903662 -0.1030103 0.3489226 -0.0629426 0.1115200 0.1811605 0.3432365 0.5716298 0.2262495 -0.0381540 -0.0465053 0.2844750 0.3282526 0.2261661 -0.0131289 -0.0536504 0.0478434 0.0535330 0.0979588 -0.1489639 0.1743005 0.2506300 0.2863072 0.2990271 0.4531336 0.4416529 0.3240175 0.1951094 0.1519281 0.5812421 0.3183760 0.1495952 0.3417566 0.3995588 0.0782340 0.3686057 0.2367588 0.1690211 0.1287633 0.4362100 0.1914770 0.2997336 0.3607324 0.3453227 0.0974265 0.4018803 0.1715812 0.1078447 0.0008053 0.3105484 0.1600986 0.2944084 0.3288034 -0.0964491 0.1252078 0.1498546 -0.0338509 0.1708157 0.2213006 -0.0044521 0.2222819 0.0161564 0.1941549 -0.0271868 0.2817145 0.3065736 0.0735865 0.2332539 0.1595954 0.1102671 0.1004970 0.2270569 -0.1431036 -0.1405000 -0.1294945 0.1167214 -0.1791650 0.3001988 0.3507738 0.5381886 0.2181974 0.1815216 0.3389793 0.2006209 0.2321855 0.3009958 0.3580859 0.1800983 0.2315384 0.2355499 0.0701496 0.2665208 0.0864396 0.0945804 -0.0828305 0.3431945 -0.0187850 0.1618708 0.3008896 0.3521162 0.3141893 -0.0458036 0.2144879 0.2792363 0.1795616 0.3196238 -0.3354010 0.1655699 0.2710489 0.6457833 0.3957471 0.1334955 0.5156174 0.3175888 0.0251826 -0.0139522 0.0190887 0.3856536 0.3779605 0.2974731 0.2750953 -0.3653117 0.0107045
0.8332642 0.5828558 0.8092139 -0.2001514 0.7444623 0.6090934 0.0000000 0.3043521 -0.0294164 -0.0360861 -0.3351973 0.8297160 0.6463097 0.0539786 0.1963933 -0.3682201 -0.1175355 0.0272404 -0.4367061 0.4578526 0.4513019 0.5551410 -0.3843073 -0.0338857 -0.5274210 -0.5069674 -0.1364541 0.0793651 -0.1647474 0.0040414 0.5313554 -0.1847068 -0.1773264 -0.2099737 -0.5782960 0.1136623 -0.5022554 -0.3022928 -0.6009531 -0.3574921 0.5382281 -0.2886172 -0.6361947 -0.3365187 -0.3279566 -0.6826426 -0.7000828 0.1629140 -0.2942053 -0.5685381 -0.5790614 -0.4657269 -0.2524093 -0.6161254 -0.3499235 -0.5811022 -0.5386300 -0.5580070 -0.1504542 -0.6299237 -0.2385966 -0.5510225 0.3583697 -0.2683646 -0.0870472 -0.4456936 -0.6272814 -0.5946634 -0.2191358 -0.5208456 -0.5837810 -0.1434527 -0.6472728 0.5883050 -0.4210359 -0.5077230 0.2234229 -0.5045512 -0.4344003 0.4799518 0.2347496 -0.1320252 -0.1421242 -0.1106558 0.0311277 -0.0968822 -0.1908943 -0.4081439 -0.0181318 -0.1223192 -0.0981496 -0.2483199 -0.0624800 -0.1022138 -0.1657418 -0.4102532 -0.2812184 -0.1067139 -0.1655622 -0.2096019 -0.1083096 -0.1248732 -0.1615274 -0.1192506 -0.2467275 -0.3098012 -0.1905861 -0.3037859 -0.0523332 -0.1603281 -0.3248698 -0.0693908 -0.0926802 -0.1457622 -0.3713945 -0.1589747 -0.1162678 -0.2499213 -0.1392288 -0.1905748 -0.1464762 0.0141201 -0.2956310 -0.1422993 -0.0105228 -0.0286808 -0.2601127 -0.2355084 0.0218615 -0.3953738 -0.1659133 -0.1238236 -0.3535846 0.1451101 0.3886029 -0.2591949 -0.2560181 -0.0171143 -0.1582264 -0.1776102 0.2624133 -0.1581195 0.1413172 0.3530588 -0.1154038 -0.3179423 -0.0849394 -0.0087687 0.0730912 -0.1554531 -0.1801846 0.4596856 -0.2050065 -0.0074202 -0.1432990 0.4922575 -0.0654434 -0.1205948 -0.0338409 -0.1221042 0.1382647 -0.1052918 0.4437885 -0.2254073 -0.1880842 0.2209848 0.0155965 -0.1825835 -0.3472745 -0.1857568 -0.0796942 -0.0898114 0.4274115 0.6439529 0.8805379 0.8360728 0.7284105 0.8431015 0.5195252 0.4209148 0.5354417 0.2299095 -0.3329081 -0.1962813 0.1840439 -0.3061690 0.6098979 0.7136541 0.5224721 -0.1177328 -0.2440873 0.1692197 0.3678850 0.3665671 0.0837098 0.3586119 -0.0960656 0.4058099 0.5297375 -0.0689339 0.3864312 -0.0957540 -0.0116734 0.1104487 0.7345707 0.5597277 -0.0769673 0.5327192 0.4737150 0.6142855 -0.2484872 0.1076667 0.6550648 0.2567822 0.4044755 0.4532724 -0.1475433 0.3016390
0.3579052 0.0093932 0.5048340 0.4577079 0.3480054 0.3425764 0.3043521 0.0000000 0.0273302 0.2101723 0.3780033 0.0726570 0.7368371 -0.1067102 -0.0400162 0.2975701 0.1589849 0.1174513 0.4812036 0.2832625 -0.1202314 0.6287584 0.2679588 -0.1949140 0.3346142 0.2413405 -0.1892453 -0.2373927 -0.4208213 -0.2428164 0.4402536 0.3521326 -0.3447332 -0.1757100 -0.0453979 -0.3361288 0.1087180 0.4388360 -0.0905538 -0.2245544 0.4353316 -0.3183238 -0.1471211 -0.3780892 -0.0077891 0.1187102 0.0438656 0.5727353 -0.1758215 0.1087797 -0.0605045 0.0955747 0.1849717 0.1397438 0.3003193 0.0870982 0.0626926 0.0120336 -0.1710737 -0.0673385 0.0652418 0.0399185 0.5094986 0.0349221 0.2195896 0.2271213 -0.0214772 0.1367005 0.4195438 -0.0408120 -0.0036903 0.0713672 0.1947636 0.5210846 0.2653622 0.2205605 0.2300544 0.2137319 0.3930080 0.4989782 0.4452868 0.0449090 0.1822210 -0.1717330 -0.2206498 0.0231215 0.0866040 -0.2834927 0.0639250 -0.1313426 -0.0553092 -0.0800975 -0.0023021 -0.2338453 0.1028069 -0.2712676 -0.1513924 0.2300245 0.0263224 -0.2162369 -0.1508648 0.2261830 0.2028416 -0.2407725 -0.0734473 -0.1437151 0.1088919 0.0914370 0.1583523 -0.0319360 -0.0481042 -0.3616194 -0.2024734 -0.0421435 -0.0236293 -0.0669365 0.2132514 0.2162665 0.0503301 0.2101210 0.3902025 0.2590856 0.4691618 0.1158144 0.4991371 -0.0960592 0.5149740 0.0688441 0.1318522 0.1964033 0.2782334 0.1249946 0.2114921 0.4423590 0.2356431 -0.0131891 0.1654722 0.1813554 0.1253559 -0.3088219 -0.0384964 0.1569183 0.0709234 0.0297125 0.1446754 -0.0469778 0.1413553 0.0481053 -0.2626272 0.1482989 0.0730555 0.0836161 0.0940949 -0.2477918 -0.1145015 -0.1208789 0.2449761 0.0408055 -0.0392363 0.1740703 -0.1865711 0.0430389 -0.0597786 0.3309555 -0.0297699 -0.0759086 -0.0886941 -0.1706670 -0.0829481 -0.1463997 -0.2101477 -0.3676949 -0.0879044 0.0802588 0.1418341 0.2808163 0.1614120 0.2175125 -0.0870158 -0.2222575 -0.2604684 -0.3175209 -0.3358353 -0.3901735 -0.0195302 0.2649559 0.1974591 0.4110588 0.2073675 0.0772248 -0.1219945 0.2621595 0.2391293 -0.0668193 -0.1176417 -0.0752448 -0.1712092 -0.1485675 0.2037196 -0.1614782 0.4609459 0.1610792 0.2229610 0.2423873 0.4787290 0.4267821 0.0525627 0.1740837 0.5359397 0.0742119 0.2984165 -0.1943994 0.3731457 -0.0313871 -0.1264976 0.3546427 -0.2512762 0.1542425
0.1660179 0.1610816 -0.0771014 0.6219332 -0.3497681 0.3849676 -0.0294164 0.0273302 0.0000000 0.7223013 0.4834953 0.1065045 -0.2725624 0.5688208 0.7265686 0.0807118 0.4764751 0.5256743 0.3339597 -0.2055785 0.0421900 -0.2077427 -0.0208024 0.3470097 0.2767669 -0.0253568 0.2372134 0.0983417 0.5160171 0.2910895 -0.5141773 0.3191517 0.0149000 0.5797287 -0.0132440 0.1202081 0.2035598 0.3116243 0.1227742 0.1352501 -0.3462314 0.4413169 -0.0747920 -0.0438732 0.6114133 0.3216081 0.1895533 0.1308628 0.5491248 0.2779029 0.1407443 0.0943205 0.8201148 0.2816227 0.4124215 0.3366756 0.0977886 0.4560996 0.2708760 0.0637867 0.5781948 0.1227362 -0.2770779 0.6572241 0.6552625 0.1290179 0.0470738 0.3216472 0.2171705 0.5524998 0.1888581 0.5790511 0.2298206 0.1546496 0.2610233 0.2662689 0.0238202 0.1426184 0.2693164 -0.0259653 0.1550985 0.1147745 0.1560712 0.3272806 0.0102618 0.6095494 0.4747352 0.2741044 0.6791257 0.6444170 0.3949554 0.2175324 0.4235715 0.3451052 0.3872068 0.2470719 0.2336879 0.2876002 0.3627208 0.3764290 0.5898484 0.3609345 0.5153765 0.4093239 0.3788219 0.4105671 0.5218540 0.5024395 0.5709161 0.2729486 0.4980888 0.1009500 0.0397969 0.1916105 0.0536267 0.1925417 0.1566150 0.2405858 0.2204303 0.2948684 0.3454593 0.0793686 0.2142373 0.2083529 0.4855378 0.3992492 -0.0350483 0.3228127 0.4937361 0.1794689 0.2322083 0.2512085 0.1530622 -0.0105495 0.1886922 0.3746963 0.3123376 0.4919399 0.3815490 0.2649986 0.2062285 0.5927867 0.1276530 -0.0092148 0.2910926 0.3287170 0.3595344 0.5330856 0.1305637 0.4942256 0.3715993 -0.0993486 0.2577048 0.3005515 0.0909650 0.0163302 0.2095474 0.2730018 0.3826496 0.4224969 0.1863188 0.2291412 0.0272117 0.3741123 0.0995569 -0.0165013 0.2080435 0.2660266 0.1846499 0.0129894 0.0672384 -0.0699190 0.0414056 0.0075953 0.0434415 -0.2379368 -0.2735324 -0.2540811 -0.0703811 -0.0068307 -0.2236801 0.1022510 0.2196467 0.2955593 -0.1287304 0.4509185 -0.2467384 -0.3849199 -0.0147165 0.1666303 0.1359947 0.0746649 0.2240861 0.0259188 0.2159046 0.1227346 0.1735803 0.2069000 0.2965095 0.3183009 0.1481141 -0.0404854 0.5930244 0.5333543 0.1129305 0.1442902 0.5710941 0.1952201 0.0245696 -0.0174839 0.6844053 0.2349262 0.1055846 0.4208954 0.1949727 -0.1030725 -0.1456669 0.0442422
0.0014283 0.2569226 -0.0781109 0.8234343 -0.3110321 0.3692075 -0.0360861 0.2101723 0.7223013 0.0000000 0.7629498 0.0126312 -0.1861698 0.6869537 0.5651708 0.3553077 0.5986702 0.3960743 0.4540026 -0.2699882 -0.0326052 -0.1539690 0.3024206 0.5545038 0.3402695 0.3215804 0.2232920 0.2704461 0.4816302 0.4244203 -0.3213426 0.4911627 0.2124530 0.6768773 0.2916087 0.0154109 0.4266935 0.4300951 0.3242145 0.2523463 0.0140321 0.2275343 0.1539353 0.1199605 0.3089650 0.3399828 0.3606970 0.4068805 0.6747255 0.3609697 0.3521798 0.1780300 0.7086379 0.2442173 0.4993367 0.4782153 0.3993721 0.7018856 -0.0140607 0.2857009 0.2076855 0.4040245 0.1731421 0.6133180 0.5117925 0.5122911 0.2238648 0.6307902 0.5709761 0.7002667 0.4664523 0.6259890 0.4741437 0.2399655 0.5609790 0.5816729 0.4009321 0.4643299 0.5161482 0.3602219 0.4783510 0.3448154 0.4755904 0.3764711 0.1288066 0.2523646 0.2234512 0.4168982 0.4295839 0.4089243 0.1276735 0.1529015 0.1898970 0.0392853 0.1842642 0.0849975 0.1422300 0.1477693 0.1052185 -0.0017419 0.1836444 0.0675402 0.3751998 0.0779692 0.3786105 0.1541932 0.2808176 0.3785224 0.5314134 -0.1754012 0.2868824 -0.1038171 -0.2305517 -0.1851548 -0.2278239 -0.0876368 -0.1291128 0.0915562 0.0931679 0.1986598 0.2404460 -0.1478300 0.4612566 -0.0220692 0.5827519 0.3051981 0.1727404 0.5408947 0.7288471 0.4708898 0.5473055 0.5576942 0.5405960 -0.2229697 0.4935550 0.3346445 0.5566445 0.7508050 0.6068375 0.2846952 0.3031120 0.7014314 0.4623481 -0.1690978 0.4793912 0.2478532 0.5577778 0.6250107 0.1477100 0.5531466 0.3065380 -0.2387695 0.5155140 0.1937454 0.1762016 -0.1901992 0.2538790 0.3870262 0.3828207 0.2799125 0.3188602 0.5065645 -0.1696494 0.3239106 0.3620500 -0.1571883 -0.0100154 0.0969199 0.2491640 0.2807639 0.2424636 0.0019858 0.2524756 -0.0611029 0.0748527 -0.2347024 -0.2213299 -0.2848814 -0.1523191 -0.1111474 -0.2059320 -0.0100045 0.1033289 0.1303321 -0.2231320 0.1186293 -0.3159381 -0.1487548 0.3134554 0.6110594 0.1914004 0.4697614 0.3731343 0.0671761 0.1672659 0.2548274 0.3044914 0.2678337 0.4366956 0.4172572 0.1121401 -0.4237780 0.5482332 0.5546484 0.0000332 0.1589290 0.5453076 0.0168325 0.0342139 -0.1609991 0.6662096 0.2447270 0.0186958 0.2897256 0.0668052 -0.1459167 -0.3517982 -0.4448854
-0.2596497 -0.1002492 -0.2615697 0.7831326 -0.5444177 0.1345201 -0.3351973 0.3780033 0.4834953 0.7629498 0.0000000 -0.2280757 -0.1503046 0.2869216 0.3173017 0.8346708 0.7018267 0.0692162 0.7884083 -0.2151042 -0.1122242 0.0361691 0.7683283 0.1585854 0.6479734 0.7198197 0.2645748 -0.1054703 0.2852861 0.0884062 -0.1891756 0.5712718 -0.1235677 0.3119924 0.6650097 -0.0661604 0.7803475 0.6356229 0.3963561 0.0606532 -0.1205829 0.1449175 0.5504858 -0.1282174 0.2346510 0.6028927 0.7138104 0.3458978 0.3855203 0.4971900 0.6600653 0.6143622 0.6305023 0.4626721 0.6094952 0.6841918 0.7513918 0.7711386 -0.0458192 0.6519914 0.1845782 0.7698300 0.3556177 0.5101884 0.3285354 0.7974813 0.6401714 0.7866709 0.8159699 0.7301298 0.7752837 0.5422019 0.7254645 0.1626881 0.8214191 0.7409267 0.3808188 0.7911530 0.7138199 0.3189516 0.4775142 0.5178457 0.6696456 0.4080640 -0.0759924 0.2313473 0.3838296 0.4199551 0.4461397 0.3758772 0.2375117 0.3172530 0.1767231 -0.1642333 0.3657763 0.2814558 0.1152206 0.2055177 0.2548144 -0.1831368 0.0936098 0.1879605 0.4545503 -0.1841616 0.3078243 0.2175844 0.3814939 0.5726215 0.4180753 0.0682884 0.2791862 -0.1610554 -0.0422314 -0.0114127 0.0011785 0.0238527 0.0700935 0.2439914 0.2288654 0.3305231 0.3727685 0.0275237 0.7887632 0.1884162 0.6069079 0.1950852 0.4864123 0.6450033 0.6372927 0.6640237 0.6713022 0.5788503 0.7141066 -0.0344619 0.4422286 0.4888961 0.6280222 0.6873025 0.6968956 0.1736785 0.0728909 0.5766181 0.2141651 -0.2086186 0.4757712 0.3990540 0.5692735 0.5291051 -0.1447544 0.4105026 0.1525793 -0.3133164 0.4990378 -0.0336386 0.0776054 -0.3746772 0.0950889 0.3515890 0.0547584 0.1919788 0.0024780 0.2728826 -0.3229064 0.3089183 0.2378674 -0.3058069 -0.0651287 -0.1120467 0.0915061 -0.0162949 0.0195779 -0.3326446 -0.0044877 -0.2860364 -0.2558397 -0.4618208 -0.3144721 -0.4926186 -0.2159661 -0.2047513 -0.3569309 -0.1024042 0.0379353 0.0108990 -0.3635990 0.1901787 -0.5826096 -0.2350167 0.1059395 0.5640107 0.3232812 0.4982491 0.3479719 0.0114042 0.1273493 0.1794162 0.4433935 0.1953411 0.2298747 0.4235578 0.3317811 -0.1416044 0.6476521 0.6606964 -0.0926711 0.1528109 0.5790978 -0.2667370 0.1827946 -0.2574052 0.7398356 0.2981434 -0.1343454 0.2590846 -0.1301779 -0.3268469 -0.2520364 -0.5189262
0.6616558 0.4768119 0.4792212 -0.2876805 0.4752332 0.4413298 0.8297160 0.0726570 0.1065045 0.0126312 -0.2280757 0.0000000 0.3627438 0.3474741 0.5116513 -0.1787056 0.2101968 0.1450126 -0.3088155 0.2351708 0.7851586 0.2798970 -0.2134368 0.0263045 -0.3643291 -0.3148360 0.3272597 0.2152058 0.1378352 0.2570441 0.3497548 -0.2312839 -0.0784187 -0.1050829 -0.3688636 0.4094550 -0.3109503 -0.3421983 -0.3670783 -0.2696601 0.2819945 -0.0437964 -0.4152287 -0.1915326 -0.2329540 -0.5201716 -0.4182952 -0.1263091 -0.0900749 -0.5056297 -0.2599467 -0.2532179 -0.0961148 -0.4065726 -0.3640595 -0.3648929 -0.3121583 -0.3694436 -0.1723695 -0.3336005 -0.1748444 -0.3132649 0.2892820 -0.2203877 -0.1991944 -0.3762989 -0.3364305 -0.4591933 -0.0854900 -0.3548998 -0.4200658 0.0639748 -0.5703042 0.6125011 -0.2136757 -0.3651164 0.4579859 -0.3909865 -0.4639221 0.5109838 0.2053325 0.0980393 0.0100278 0.0303570 -0.0274698 0.0437813 0.1323758 -0.5126452 0.0877187 -0.0989446 -0.0173557 0.0572333 0.0882933 -0.2824846 -0.1103253 -0.2185900 -0.2445097 -0.1445327 -0.0508967 -0.3770098 -0.0308770 -0.1697670 -0.1529213 -0.2012141 -0.2637770 -0.2053500 -0.1350862 -0.0862656 -0.0912303 0.0726682 -0.3033284 0.0902699 0.1979072 -0.0339074 -0.3187605 0.0086847 -0.0632970 -0.2941031 0.0280419 -0.1835548 -0.2212253 -0.0804056 -0.1183808 0.0551156 -0.1494022 0.0734864 -0.2883789 -0.1543875 0.1344704 -0.2775286 -0.1138967 -0.1263509 -0.2784442 0.1801859 0.3879644 -0.0659134 -0.1664599 0.1460180 0.0873413 0.0479128 0.2177907 -0.0769748 0.0647196 0.6346709 0.0332170 -0.1528079 0.1207150 0.1958262 -0.0896919 -0.1281570 -0.2075963 0.7070777 -0.0887985 -0.0496042 0.0683274 0.6650678 -0.3232667 0.0705745 -0.1662380 -0.1030985 0.1637559 -0.1153888 0.5550824 -0.3699404 -0.1050092 0.2657209 0.1044963 -0.3327886 -0.5066804 -0.3204349 -0.0971533 -0.2232753 0.4338022 0.5493574 0.7380361 0.7616142 0.8587016 0.6910163 0.7891612 0.7100614 0.6946567 0.4055953 -0.2108392 -0.1176004 -0.1135502 -0.3349198 0.2686011 0.6707464 0.5726065 -0.0330951 -0.0959938 0.2561433 0.3525209 0.6731186 0.3511713 0.6762089 0.2501820 0.5921694 0.5311687 0.1895605 0.3988896 -0.0478348 0.1663192 0.2679936 0.4646783 0.4915208 0.1269148 0.2160328 0.4872102 0.7532944 -0.0769400 0.5434201 0.5906206 0.4486105 0.5888059 0.0226220 0.0551839 0.1231238
0.5970235 0.1028782 0.6789937 -0.0905342 0.7514388 0.3896985 0.6463097 0.7368371 -0.2725624 -0.1861698 -0.1503046 0.3627438 0.0000000 -0.2663507 -0.1697683 -0.0856886 -0.2521146 0.0079011 -0.0235422 0.3798768 0.2157947 0.8014014 -0.0109627 -0.1524970 -0.0599216 -0.0684978 -0.2280371 -0.0300867 -0.3776003 -0.2376605 0.7496704 0.0474502 -0.1673982 -0.4432224 -0.2290234 -0.0517468 -0.2022451 0.0882705 -0.3529454 -0.2561576 0.6692883 -0.3409991 -0.2738019 -0.2185231 -0.3891001 -0.2617324 -0.3197082 0.4780340 -0.4043848 -0.2504917 -0.3018227 -0.2616101 -0.3412568 -0.3810814 -0.0843573 -0.2953776 -0.2434532 -0.4610427 -0.1508166 -0.2910191 -0.2098089 -0.3466131 0.5094702 -0.3033024 -0.0495565 -0.1565216 -0.2997627 -0.3831399 -0.0540575 -0.5143265 -0.3861370 -0.2550070 -0.3603346 0.5957476 -0.1754229 -0.3147576 0.0927144 -0.2506010 -0.2017049 0.3562986 0.1667685 -0.0077355 0.0272025 -0.1418491 -0.0710637 -0.0665849 -0.0113539 -0.4642656 -0.0442943 -0.2853044 -0.0381556 -0.1231428 -0.0150044 -0.2839500 -0.0104595 -0.2754186 -0.1141580 0.0945505 -0.0653146 -0.3467323 -0.1815215 0.1163478 -0.0274125 -0.3284424 -0.1282309 -0.1832379 -0.1179257 -0.1746975 -0.0060209 0.0096960 -0.1817045 -0.1902210 -0.1125721 0.0099257 0.0260484 -0.0069600 0.2003381 0.0425126 0.0224639 0.0134215 0.1377331 0.3059346 0.0378651 -0.0518709 0.1747475 -0.2034507 0.3210930 -0.1547143 -0.0694516 0.0054095 0.0938900 0.0815115 -0.0083149 0.3831426 0.1551707 -0.1269633 0.0120032 -0.0687281 -0.1245558 -0.3187262 0.1358539 -0.1667466 0.1111820 0.2717018 0.0270282 -0.1032194 0.0135758 -0.0156811 -0.0912838 -0.0534804 -0.1487460 0.3269617 -0.0403983 -0.0352806 0.0145633 0.2529781 0.1718914 0.0028769 -0.0390251 0.0000088 0.0782864 -0.0498651 0.3440425 0.1141477 -0.0111775 0.2657254 0.1331276 -0.1022064 -0.1282123 -0.1679543 -0.0619689 -0.1108439 0.1907197 0.1627777 0.3564571 0.5826727 0.5229508 0.5450956 0.2699948 0.0964004 0.1839925 -0.0213485 -0.3193490 -0.3122847 0.2188900 -0.1051942 0.5816974 0.6693072 0.1317994 -0.3039183 -0.2060254 -0.0474180 0.0460232 0.1890436 -0.0847480 0.0043038 -0.4154064 -0.1220909 0.1073189 -0.3397885 0.3880063 0.0854736 -0.0143880 -0.0955082 0.6073361 0.4821702 -0.2906331 0.3057869 0.6137169 0.2009444 -0.1262440 -0.1788757 0.4322804 -0.0525111 0.1462212 0.4479750 -0.1529714 0.3348229
0.0915089 0.2955747 -0.1533678 0.3359447 -0.1241765 0.1302916 0.0539786 -0.1067102 0.5688208 0.6869537 0.2869216 0.3474741 -0.2663507 0.0000000 0.6796726 -0.0055875 0.5024592 0.5484797 0.1712161 -0.4347822 0.3586780 -0.3738917 -0.0562211 0.7093163 0.1790150 0.0971898 0.5077647 0.6514484 0.6117921 0.8120160 -0.3184493 0.1988921 0.5289969 0.6770726 0.0226791 0.2837481 0.1391410 0.0932346 0.4348651 0.4812179 -0.0384058 0.3308139 -0.0445373 0.4694433 0.2384068 0.1781554 0.2264166 0.0656132 0.7598400 0.1708476 0.2463453 -0.0866507 0.4995314 0.2118328 0.2087102 0.3479003 0.1885292 0.4598596 -0.0123498 0.1603807 0.1580612 0.1841873 0.0110692 0.3926567 0.2926993 0.1508539 0.1240994 0.4199386 0.3380622 0.5060944 0.1355529 0.5508134 0.2217504 0.3408109 0.3254369 0.4426478 0.5377675 0.1563513 0.2105344 0.3791962 0.3342377 0.2683127 0.2482766 0.3189117 0.1393652 0.2598233 0.3501928 -0.0163199 0.3072185 0.1665623 0.1281624 0.3986572 0.3343081 0.0051780 0.0683748 0.1289981 0.2712105 0.1362468 0.1414436 -0.0663638 0.2608123 0.0039828 0.1081065 0.1367406 0.3529639 0.2020179 0.1120732 0.2199044 0.4036445 -0.0205498 0.2780004 0.0850653 -0.0166823 -0.0975767 -0.1843872 0.0444161 -0.1108115 -0.0975538 0.1128734 0.0028116 -0.0429345 -0.2251173 0.1890748 0.0099177 0.1208165 0.2571276 -0.0701506 0.3111095 0.5058933 0.2899660 0.2377246 0.3242420 0.2844184 -0.1410576 0.3357319 0.2298590 0.3604411 0.6384061 0.4757746 0.4308279 0.3439499 0.6009476 0.5149922 0.2749305 0.4755039 0.1363435 0.5855361 0.6325918 0.2350359 0.5448462 0.3446699 0.2880048 0.5345749 0.2760486 0.5432853 0.2254299 0.1731995 0.5381106 0.4371381 0.3617754 0.5272741 0.5985019 0.1456189 0.1876275 0.5320109 0.1617792 0.1820702 0.1674730 0.2368478 0.4014808 0.3762655 0.2295233 0.3987274 0.0258243 0.1181694 0.0922396 0.1709769 -0.0913510 0.2336029 0.2503453 0.1603858 0.1845064 0.1840453 0.1899121 -0.2013420 -0.0691352 -0.1844577 0.0990393 0.3800166 0.3927060 0.0799641 0.2510069 0.0714060 0.3861814 0.3148750 0.4567134 0.2561578 0.2222468 0.3654379 0.3652119 -0.0079666 -0.3087935 0.4347543 0.3304327 -0.1359669 0.1742902 0.3740296 -0.1325597 0.0456299 0.1150581 0.5027157 0.4260610 0.2236123 0.4035334 0.3043542 -0.2905441 -0.1495046 -0.3991980
0.2095166 0.3100190 -0.0895754 0.2927195 -0.0910045 0.2725369 0.1963933 -0.0400162 0.7265686 0.5651708 0.3173017 0.5116513 -0.1697683 0.6796726 0.0000000 0.1159983 0.5609698 0.6623368 0.1795982 -0.2293612 0.4744239 -0.2204681 0.0256211 0.3438042 0.0776011 0.0478436 0.4101453 0.3060834 0.6541867 0.3727658 -0.2437003 -0.0085800 0.1906669 0.5929106 0.0276282 0.3840644 0.1003858 0.0558836 -0.0455204 -0.0610385 -0.1340414 0.4497966 -0.1271606 0.0880093 0.4243214 0.0458872 0.1674106 -0.0154868 0.5774048 0.0450790 0.2985961 -0.0172220 0.6240509 0.1511431 0.1598196 0.1673606 0.1100144 0.3872873 0.1179841 0.1147587 0.2905673 0.1094258 -0.0583769 0.4871999 0.2415616 0.0243425 0.1258954 0.1656172 0.2417221 0.4092518 0.2020167 0.6448049 -0.0427547 0.2348059 0.3253378 0.1624485 0.4162452 0.0661379 -0.0203976 0.2371887 0.1987560 0.1161520 0.1041872 0.1053687 -0.0466040 0.4488349 0.5512455 -0.1028429 0.4072118 0.2916846 0.0815379 0.1682398 0.3421742 -0.1456084 0.0400772 0.0496272 0.0136867 0.1281303 0.0929930 -0.1557754 0.1974753 -0.0305593 0.1580263 -0.0215979 0.0535256 0.1436763 0.1434209 0.2507466 0.2435155 0.1471058 0.1169804 0.1649897 0.0838941 -0.1067412 -0.2495727 0.0259521 -0.1146486 -0.1919872 0.0600789 0.0124620 -0.0803792 -0.3012043 0.1764701 -0.0285179 0.1690631 0.3299879 -0.2226156 0.0154314 0.4630016 0.0171230 0.1127592 0.0581760 0.0195517 -0.0521973 0.1821686 0.1241290 0.1143449 0.4727004 0.4102903 0.3406822 -0.0257546 0.4149959 0.0404994 0.3314343 0.1716918 0.0934312 0.3114460 0.5089089 -0.1224159 0.2606221 0.1253606 0.2326008 0.0886839 -0.0088509 0.1810453 0.2216087 -0.1554479 0.1398687 0.1452077 0.1266272 0.0761251 0.0058373 0.1310385 -0.0724423 -0.0547486 -0.0702751 0.0103259 -0.0495966 -0.2012664 -0.2702362 -0.1570514 -0.2272986 0.1397610 0.1797765 0.2931157 0.0304700 0.1365534 -0.0079238 0.3379340 0.4138232 0.1142433 0.2911911 0.1231713 0.2045173 -0.3864108 0.1233802 -0.3458537 -0.0338413 0.3188036 0.3384903 0.1159660 0.3202246 0.4321558 0.3835048 0.3896406 0.4844512 0.4476036 0.5800710 0.5519089 0.4304565 0.1262375 -0.1838565 0.4636922 0.3963651 0.0700921 0.1129636 0.5657871 0.0676055 0.0727093 0.3028670 0.4837640 0.6943254 0.1810045 0.5715409 0.4854149 -0.2350702 -0.1067109 -0.1178907
-0.3143956 -0.1644572 -0.3137938 0.4140872 -0.5096390 -0.0499090 -0.3682201 0.2975701 0.0807118 0.3553077 0.8346708 -0.1787056 -0.0856886 -0.0055875 0.1159983 0.0000000 0.6242754 -0.1927509 0.7806646 -0.1647668 0.0592244 0.1455418 0.9438241 -0.1184821 0.6649276 0.8616462 0.3261533 -0.1684610 0.1654863 -0.0147182 0.0181635 0.4795057 -0.2426809 -0.0338466 0.8119216 0.1015591 0.8349800 0.5667032 0.3857345 -0.0341458 -0.0475065 0.1417140 0.7196341 -0.1945961 0.0523292 0.5689221 0.7737484 0.2363736 0.0841556 0.4094481 0.7585813 0.7602807 0.3018304 0.3686549 0.4780190 0.6467554 0.8270562 0.5864727 -0.0537205 0.7810873 0.0166158 0.8514067 0.4592009 0.2174305 -0.0606220 0.7707602 0.7829179 0.6744419 0.7727740 0.5349881 0.7768743 0.2626581 0.5954848 0.0521235 0.7649732 0.6190027 0.3633038 0.7552493 0.5115368 0.2583178 0.2987432 0.5186416 0.6429256 0.3416379 -0.0342232 0.1536713 0.3584970 0.2368618 0.3007709 0.2334118 0.1947051 0.3290139 0.1440108 -0.3948205 0.3198014 0.3334875 0.0216198 0.1304783 0.2776762 -0.4358206 -0.0440516 0.1309205 0.2960468 -0.4191703 0.1091026 0.1939366 0.3185983 0.5365773 0.1798435 0.2353825 0.1223126 0.0364899 0.2632945 0.0942616 0.1458093 0.1727235 0.1590042 0.2057342 0.3466202 0.3735750 0.2999936 0.0940642 0.7910850 0.2825426 0.4515050 0.2052796 0.5720428 0.5319003 0.5020826 0.5935205 0.6081232 0.4796554 0.6278059 0.0272469 0.3750118 0.5051366 0.5277505 0.5177678 0.6406794 0.2148662 -0.0523614 0.3499504 0.0465627 -0.0159873 0.4418460 0.4317394 0.4870581 0.4063342 -0.3422973 0.1927177 -0.0295530 -0.1431652 0.3736905 -0.1894191 0.0585073 -0.2115108 -0.2110001 0.3301878 -0.2582075 0.0187451 -0.1326492 0.0202131 -0.2027003 0.0141839 0.1173794 -0.2311129 -0.0372406 -0.3504501 -0.1686555 -0.2811627 -0.0693753 -0.4803196 -0.0774271 -0.2685447 -0.2876284 -0.4051541 -0.1510765 -0.4572146 0.0032013 0.0228507 -0.1593610 0.0904101 0.0804355 0.0270704 -0.4014259 0.0253106 -0.6461601 -0.1340873 -0.0249834 0.3488945 0.4854151 0.3922430 0.2713921 0.1968985 0.2776966 0.3183436 0.5764778 0.2854735 0.0684441 0.4846686 0.3754263 -0.1038361 0.5132568 0.5151170 -0.1370704 0.1107859 0.5161395 -0.3616420 0.2708262 -0.2255013 0.5197233 0.4504185 -0.1690322 0.2394643 -0.0194544 -0.3730170 -0.1629748 -0.5465297
-0.0348426 0.0832902 -0.1112579 0.4385893 -0.3481227 -0.0033485 -0.1175355 0.1589849 0.4764751 0.5986702 0.7018267 0.2101968 -0.2521146 0.5024592 0.5609698 0.6242754 0.0000000 0.1463723 0.4710796 -0.1999560 0.2206493 -0.0871708 0.5865473 -0.0748022 0.3738229 0.4072629 0.6916595 -0.1152970 0.2923087 0.1929222 -0.2558784 0.2955025 -0.2029980 0.2754431 0.3704235 0.1023355 0.4291860 0.1409380 0.2362429 -0.0366385 -0.2488897 0.1589021 0.3168669 -0.1941344 0.2143677 0.2696728 0.4182807 -0.0842508 0.3612840 0.0595939 0.4307636 0.6942414 0.5759832 0.5560684 0.2207889 0.3954925 0.4301937 0.6809292 -0.1922751 0.4397875 0.1362531 0.6491623 0.2494197 0.3860226 0.2046274 0.3473259 0.4248170 0.5102919 0.5501377 0.4765967 0.4217312 0.4926483 0.3391768 0.3061897 0.5086479 0.5265170 0.5696338 0.4104439 0.3535756 0.4726438 0.2443772 0.3089565 0.3305712 0.1881802 0.0477016 0.0821282 0.2855800 0.0250550 0.4004389 0.4104841 0.1524874 0.2810355 0.0876562 -0.2282635 0.2492504 0.2474856 -0.1412646 -0.1287869 0.1956743 -0.2513991 0.0506249 -0.0694257 0.0391309 -0.1570955 0.0274925 0.1180405 0.4027009 0.4118414 0.2778122 0.1992960 0.1303320 0.0824459 0.2346228 0.0508106 -0.1299272 0.1090732 -0.0749462 -0.1098868 0.1663987 0.0071436 0.0492370 -0.2184785 0.5187119 0.3191743 0.2721622 0.2695335 0.1947810 0.3512608 0.6522963 0.3412997 0.4121334 0.3226373 0.3052791 -0.0667095 0.4323845 0.4409898 0.3585634 0.6207480 0.6295271 0.2543445 0.0753521 0.4931300 0.1316569 0.2131962 0.4274147 0.3277586 0.4593530 0.4975663 -0.1268910 0.2072005 -0.0624162 0.1397559 0.2414426 -0.0968671 0.0397915 0.0461265 -0.2038816 0.3155238 -0.0884271 -0.0485796 -0.0427050 0.0342859 -0.0107678 -0.0308373 0.0623993 -0.0817697 -0.0022873 -0.1872871 -0.1641340 -0.1936662 0.0131565 -0.3224843 0.0196465 0.0375661 0.0104447 -0.0546419 0.0534702 -0.2742766 0.1314513 0.1246399 -0.0930897 -0.0458586 -0.1344988 -0.1562380 -0.6635049 0.2283948 -0.5315001 0.0704509 0.3555549 0.4581446 0.0920158 0.5612660 0.4626951 0.2655101 0.2782735 0.4790582 0.7072941 0.5031658 0.3583247 0.5526102 0.3554055 -0.1095437 0.5210152 0.5453331 -0.1482045 0.0663017 0.6621152 -0.2572203 0.2753371 0.2374935 0.6705487 0.5300317 0.0707414 0.2975739 0.1548868 -0.4116582 0.1239954 -0.2823536
