0.0000000 0.5405199 0.4203773 0.2845835 0.1269673 0.6339720 0.5461587 0.4354306 0.2810529 0.1770292 0.1786572 0.4574621 0.0680494 0.2789463 0.1973686 -0.3273700 0.0635820 -0.1251035 -0.4104670 0.1492505 0.7341500 -0.0342079 -0.1909389 0.2726018 -0.2361743 -0.4369756 0.2646428 0.5304459 0.5960359 0.2800326 0.0907040 -0.1203943 0.3076816 0.3885854 -0.3661368 0.5454726 -0.3834240 -0.1929349 0.1533745 -0.0932992 0.0739681 0.3929012 -0.1453627 0.2739353 0.4893482 -0.3723995 -0.4626059 -0.0485988 0.0032971 0.5986601 -0.3621181 -0.0417757 0.2282549 -0.1447431 -0.2109814 -0.3358452 -0.4147876 -0.0741575 0.0668283 -0.3198098 0.1762764 -0.2396122 -0.1319392 0.2068406 0.5118746 -0.4391218 -0.2935973 -0.1726198 -0.2460283 -0.2291100 -0.2303782 0.2503449 -0.5092849 0.3116383 -0.3669529 -0.2577517 -0.1418068 -0.2941773 0.0939737 0.1186721 -0.2163256 -0.0447340 0.2643673 -0.1446767 0.2108336 0.0471565 -0.0033043 0.0386132 -0.3272324 -0.1976562 -0.2402706 0.0756948 0.3388659 -0.4106583 -0.2632151 -0.0290420 -0.0818162 0.0322993 -0.1472624 0.3423748 -0.1524495 -0.1065368 -0.0513764 0.1031200 -0.1168628 0.1374962 -0.0350377 0.0718209 -0.1059507 0.2789242 -0.1825810 -0.1797658 0.1675891 -0.2048328 0.2097960 0.1929050 -0.0415306 0.1274749 0.0218398 0.2229053 0.2716225 0.2175942 -0.1805230 -0.1069730 0.4032274 0.2436810 0.3810278 -0.2478699 0.5330637 0.3377709 0.4803824 -0.0868499 0.5624491 0.4182605 0.1571674 -0.3469717 0.5845423 0.5660283 0.5817724 0.5569839 0.1187305 0.5119357 -0.0056082 0.2264978 0.4784126 -0.2711659 0.6541228 0.7084845 0.5707421 0.4030706 0.5991276 0.2526883 0.4751901 -0.0724982 0.3036782 -0.0590440 0.3374668 0.6562977 0.4528865 0.4061421 0.7028552 0.5221482 -0.1035046 0.2094475 0.7479614 0.1972845 0.0559025 0.6917659 0.4843171 0.4706975 0.6365400 0.7050986 0.2921931 -0.0128320 0.4496209 0.4994103 0.3683768 0.0812877 0.5479301 0.3975654 0.0041915 0.0545599 0.2771071 0.1724788 -0.0129854 0.1704186 -0.1832762 -0.1768944 0.0610433 0.2135487 0.1199782 0.3740630 0.4273113 0.0239058 0.1960151 0.2349990 0.0826871 0.0897888 -0.0567455 0.2599715 -0.1436997 -0.2509864 -0.1222436 -0.1255351 0.3946878 0.0978974 0.2673239 0.1346351 -0.0825579 -0.1207735 -0.1656176 0.3857268 0.3886944 0.5172795 0.2992472 0.2503227 0.2563500 -0.0329803
0.5405199 0.0000000 0.2863662 0.4602367 0.1643542 0.7982387 0.5924399 0.4318880 0.4696869 0.2909195 0.1876126 0.6309935 0.2195970 0.2444721 0.3553651 0.0719094 0.1227724 -0.2405626 0.0943378 -0.0714425 0.7704334 -0.0166428 -0.0848733 0.1413463 -0.1862713 -0.3271772 0.4049094 0.1313437 0.6329949 0.4679493 0.1762589 -0.2014526 0.0377240 0.2794199 -0.3136294 0.3916264 -0.2248150 0.0752440 0.0476350 0.0395339 0.3321847 0.4740118 -0.3402503 0.0763484 0.4570439 0.0751161 -0.2249627 0.2164366 -0.0550505 0.3622394 -0.3093951 -0.0893250 0.0735289 -0.1259648 0.2021044 -0.1545643 -0.1443726 -0.0630785 0.1013679 -0.1239755 0.3911310 -0.3307712 0.0740661 -0.0194933 0.5090735 -0.0550087 -0.1002144 -0.2572642 0.0425073 -0.2662976 0.2026294 0.0113734 -0.3355138 0.1296096 0.0739118 -0.1823684 -0.1182513 0.0542342 0.0827101 -0.0061684 0.0017027 0.3668696 0.5052108 0.0610800 0.3760149 0.4375441 0.3428051 -0.0394576 0.3407696 0.3765056 0.3001382 -0.0415738 0.4552898 -0.1676617 0.2741353 0.3146311 0.0564017 0.2756064 0.2419805 0.5425390 0.2871419 0.3403791 0.3755594 0.2890955 0.3863167 0.3666903 0.3343359 0.3098208 0.3975578 0.1371130 0.3744853 0.2978745 0.1395888 0.1130687 0.1368765 0.3902816 0.3550061 0.3412932 0.3450670 0.5590654 0.4981859 0.3889123 0.1589405 0.0465998 0.5478339 0.6436252 0.5849710 0.2609987 0.6069626 0.5897644 0.4810030 0.6052806 0.4784546 0.4754351 0.7217459 0.2859710 0.3620093 0.5327725 0.4131129 0.7093549 0.5302570 0.6345074 0.2994999 0.4246601 0.5571011 -0.0328322 0.3545811 0.3491828 0.4882404 0.4753586 0.6481892 0.6061512 0.3608841 0.1164406 0.1742786 0.1571111 0.1851436 0.6059453 0.2191548 0.3917588 0.3686950 0.4944677 0.1198887 0.2264302 0.5473257 0.3086943 0.3195341 0.7042163 0.4132459 0.4281100 0.3824988 0.3872349 0.3888754 -0.1966324 0.7054653 0.6106757 0.4839648 0.4423134 0.6183671 0.4666545 0.5364922 0.1477615 0.2520244 0.2409062 0.1139215 0.2072688 0.0080283 -0.0378969 -0.0310155 -0.0448063 0.3122918 0.2431707 0.1891401 0.0610163 0.5148100 0.4363919 0.3239102 -0.1066707 -0.1628455 0.7104369 -0.2755022 -0.1677332 -0.0288979 -0.1204704 0.2358002 -0.0908299 0.4814310 -0.2084432 -0.1595262 -0.0525593 0.0539977 0.3414572 0.1922052 0.2606034 0.3317366 -0.1311355 0.4520739 0.0564158
0.4203773 0.2863662 0.0000000 0.3342130 0.2757716 0.5250566 0.3640718 0.3993154 0.2851925 0.3927858 0.2716190 0.2697644 0.3095280 0.2144079 0.2860969 -0.2510817 0.1419374 0.0324073 -0.2697749 0.1459264 0.2292360 -0.0023584 0.1189481 0.3574150 -0.1331775 -0.3014024 0.0756146 0.5954043 0.5198731 0.3482951 0.2355778 -0.2877026 0.4062237 0.5767746 -0.2235591 -0.0192065 -0.4702984 -0.0470297 0.0946114 0.2330704 0.0350939 0.0511183 -0.0731782 0.1991029 0.4647400 -0.4713645 -0.3851013 0.0172044 0.1506103 0.2060259 -0.2390444 0.1542853 0.3162586 -0.0514864 -0.1889150 -0.4200004 -0.4784734 0.0294315 -0.3556457 -0.4196115 -0.2308665 -0.2370526 -0.1746412 -0.0072826 0.2042651 -0.5748072 -0.3082710 -0.1763599 -0.2033730 -0.1771500 -0.2116523 -0.1962430 -0.1715009 -0.0264674 -0.2382365 -0.1455335 -0.0753653 0.0335651 0.1974179 0.0159460 0.1042389 0.3557326 0.2302703 0.1948917 0.0774349 -0.0030534 0.3084028 -0.3435267 -0.1012345 -0.0748428 0.1690846 -0.4626236 -0.2923482 -0.3761616 -0.1778091 0.0087041 -0.0804523 -0.1167117 -0.3940601 0.2941599 -0.1433766 -0.3053042 -0.0764899 -0.0537037 0.2930132 -0.1919210 -0.0807299 -0.3674556 0.0361406 -0.0355043 -0.0312254 0.0302466 -0.3535631 -0.5363680 -0.0574031 -0.3241269 -0.3287096 0.1464385 -0.1416659 -0.1040988 -0.2763957 -0.3715640 -0.1848822 -0.4690942 0.0518442 -0.0409064 -0.3027387 -0.1540799 0.1197776 -0.1842126 -0.0169336 -0.1578499 0.1182676 0.0395244 0.0513304 -0.2656800 0.1948315 0.3129318 0.2566655 0.1577283 -0.1172678 0.1008249 0.0886597 -0.1321255 0.3540550 -0.4781077 0.1321628 0.1946761 0.3109196 -0.0888531 0.1257827 -0.0675336 -0.0301641 -0.1554911 -0.1420316 0.1368447 0.3536251 0.1930605 0.5868962 -0.0284223 0.1160252 -0.0057006 0.1178979 0.1012031 0.0686106 -0.1442380 0.0583219 0.4936380 0.4102375 0.0046487 0.1733053 0.3253668 -0.1606310 -0.1501877 0.1782026 0.3592024 0.1200762 0.1777896 0.0635732 -0.0963863 -0.0907451 -0.4054424 -0.4301735 -0.4766994 -0.4767332 -0.0423082 -0.4371573 -0.0024003 -0.0043871 -0.0292996 0.0083418 -0.1486797 0.3128958 0.0811212 -0.1036340 -0.0335640 0.0144283 -0.3938984 -0.2782825 0.1187477 -0.2749898 -0.4415878 -0.3791455 -0.4521757 0.3922166 0.2439074 0.0970164 -0.1550191 -0.1770185 -0.4740586 -0.5822965 -0.2369523 0.4147951 0.1222991 0.1560981 0.0868196 0.2689853 0.0568671
0.2845835 0.4602367 0.3342130 0.0000000 0.3154918 0.6667704 0.5381389 0.7422301 0.6920402 0.6928252 0.7676170 0.7298693 0.3671322 0.7877277 0.6922842 0.1609997 0.5068052 0.3448458 0.0528195 0.0127488 0.5580438 0.2762306 0.4433627 0.6361934 0.0231516 -0.0023742 0.5710114 0.4056133 0.7654866 0.5775188 0.3588508 -0.0378432 0.4185699 0.5568522 -0.0053258 0.3470310 0.0610594 0.0875334 0.3032187 0.1305558 0.0262386 0.3120741 0.0252688 0.2874566 0.5716195 -0.0918845 0.1231367 -0.0194015 0.5052838 -0.2570363 0.0590026 -0.0220459 0.5844979 0.2933460 0.0369712 -0.0410492 0.0904987 0.2766651 0.1618779 -0.0902982 0.3179941 0.1908992 0.3626499 0.5605162 0.2538570 0.1513985 0.2920912 0.1956802 0.2923999 0.2311608 0.3798531 0.5102813 0.2712907 0.6478542 0.3661462 0.2584785 0.5094416 0.3828875 0.3295778 0.0799566 0.4298808 0.0884201 0.3301243 0.2009453 0.1970458 0.6890319 0.5204063 0.0091343 0.4167016 0.2961700 0.2520222 0.4064790 0.4258662 0.0532971 0.0153539 0.4944660 0.5523615 0.4565163 -0.1854388 0.3380919 0.5044229 0.4610134 0.5061108 0.3088126 0.6210890 0.1896768 0.5085162 0.1678380 0.5327583 0.3338706 0.2523737 0.4263809 0.1483868 0.2067465 0.3780554 0.1380201 -0.0684243 0.3541485 0.1807360 0.1914070 0.0419966 -0.0733690 0.5592972 -0.1269539 0.1753679 0.3067355 0.1228961 0.5353608 0.3547840 0.2035796 0.1694947 0.6373006 0.1883713 0.0626000 0.6948977 0.4382561 0.2133248 0.1398053 0.2739896 0.2543095 0.5538717 0.1679551 0.5837967 0.1859088 0.2262161 0.1019291 -0.0422646 0.0695074 0.0478160 0.2057909 0.3374813 0.3235079 0.1114450 0.4848989 0.3155953 0.1434283 0.4468217 0.1594310 0.1306406 0.3216195 0.1330728 0.3245768 0.1869103 0.5330289 0.4279094 0.1929638 0.5676745 0.3119068 0.4067156 0.5750817 0.1000655 0.0747015 0.0037330 0.1213757 0.4228189 0.4982948 0.5549099 0.5189093 0.5168344 0.3230552 0.5861289 0.2849581 0.0196697 0.0997342 0.0072559 0.1665798 -0.0893786 0.1078831 0.2645256 0.4184220 0.2085601 0.1668176 -0.0030366 0.2325379 0.2141410 0.3230415 0.4657615 0.1457926 0.2990935 0.5616484 0.3442094 0.3001854 0.3122882 0.1096278 0.4884912 0.4310733 0.1555004 0.3184572 0.4737090 0.3432946 0.1307574 0.1361430 0.6412571 0.5827789 -0.1891743 0.3807745 0.6889557 0.4980542
0.1269673 0.1643542 0.2757716 0.3154918 0.0000000 0.2375177 0.3185405 0.4364250 0.4743210 0.3492870 0.5364951 0.3549409 0.6689079 0.4889877 0.3739552 0.3248770 0.6075580 0.3952837 0.0832263 0.2040212 0.1677176 0.5403834 0.5907956 0.5402021 -0.0457312 0.3681424 0.1924273 0.3117724 0.2762223 0.1029070 0.5298451 0.5327576 0.3801430 0.4748754 0.4616105 0.2266473 0.3913777 0.4359191 0.4041662 0.3817708 0.4275558 0.0369115 0.4789574 0.5321812 0.1811589 0.1274559 0.4984159 0.3773399 0.5818397 0.0026011 0.5844025 0.5523016 0.4525961 0.5489218 0.6191090 0.4966169 0.5148242 0.6637885 0.1264625 0.4916923 0.2826754 0.3520665 0.7044951 0.4608409 0.0028490 0.4213894 0.5312004 0.4393669 0.7622032 0.4927373 0.5749176 0.3379715 0.2985469 0.5147121 0.6520417 0.4998510 0.3740086 0.6778586 0.5511609 0.3235693 0.6791295 0.1918981 0.1217780 0.0697003 -0.5194335 0.1059708 0.3814624 -0.0560086 0.0101887 -0.3177741 0.0835290 -0.0122836 0.1528116 0.0047926 -0.1260863 0.1129287 0.1618282 0.0794213 -0.3139029 -0.1683882 -0.3216114 0.0372049 0.0466072 -0.1242190 0.1712369 -0.1167823 -0.2028118 -0.0381021 -0.2366511 -0.2415404 -0.2347097 -0.2908810 -0.3904521 -0.0086603 -0.0394382 -0.1599988 0.1533560 0.0360301 0.0895078 -0.0594521 -0.0950334 -0.1532062 0.0679481 -0.1185024 -0.0981245 -0.0609695 -0.1449930 0.0771842 -0.0288031 0.1700001 0.1321114 0.1473561 0.1461992 -0.0063049 0.2846689 -0.0496683 0.1824960 0.1259143 0.3194937 -0.0612500 0.0510697 0.0060429 0.5186045 0.2958121 0.3039464 -0.0902125 0.1319522 0.1524771 -0.1568037 -0.0405905 0.1176662 0.4071700 0.0808277 0.0855592 0.3871454 0.7162968 0.2290692 0.2718637 -0.0464309 0.0826553 0.0789243 -0.0367416 0.2414813 0.2263460 -0.0147212 0.1494427 0.2801773 0.0181809 0.0376612 0.1584359 -0.1620935 -0.0827871 0.1173173 0.2919098 0.3784663 0.3313670 0.2598086 0.0210752 0.1678325 0.0234855 0.0250088 0.0310291 0.0193784 -0.1191408 0.4086833 0.1664757 0.5331207 0.7056855 0.5735023 0.4481905 -0.2682506 0.4331278 0.4053278 -0.3099228 -0.2743548 -0.0876757 -0.0977240 0.0902260 0.4914078 -0.0130437 0.4112257 0.4126550 -0.0245968 0.0811970 0.5868406 0.5871756 0.1927848 0.2493443 0.4061038 0.3342237 -0.1514947 -0.2206877 0.5589191 -0.2090149 -0.0889344 0.2550066 0.2570674 0.1445342
0.6339720 0.7982387 0.5250566 0.6667704 0.2375177 0.0000000 0.8782248 0.6537241 0.6440758 0.6581899 0.5568051 0.8024547 0.4022827 0.5637057 0.4425556 0.1199869 0.4497285 0.0291128 0.0288919 0.1034569 0.7846727 0.2444433 0.2185727 0.4147656 0.0978884 -0.1438233 0.6045606 0.4032031 0.7812875 0.6873463 0.4705514 -0.1542359 0.3347232 0.5357577 -0.1854193 0.3530672 -0.1963252 0.0729002 0.3492533 0.1325319 0.2429911 0.3426541 -0.0665356 0.2863246 0.5118462 -0.0973044 -0.1310125 0.0874665 0.2207357 0.3729361 -0.1746443 0.0339563 0.4136469 0.1185642 -0.0045496 -0.2977464 -0.1830691 0.1134795 -0.0297465 -0.1702292 0.1955771 -0.0786329 0.0554899 0.1839244 0.3967433 -0.1554244 0.0044025 0.0119418 -0.0128768 -0.1345362 0.1603768 0.2812675 -0.1658259 0.3364383 0.0815521 -0.1553042 0.0893198 0.1351915 0.1153032 -0.0028913 0.2055799 0.3331246 0.4422626 0.0649591 0.2764676 0.4221744 0.4284544 -0.0046864 0.2203562 0.1758619 0.2181817 0.1148649 0.2956665 -0.2480084 -0.0063605 0.2855133 0.1984003 0.2176233 -0.0777372 0.4375243 0.2089968 0.1901794 0.3339119 0.1376948 0.4602563 0.0688506 0.3460965 0.1637622 0.3357378 0.1089302 0.1511273 0.1783086 0.0851022 -0.0209371 0.0187707 0.2374630 0.1164552 0.1502072 0.2072974 0.2363810 0.2174911 0.2302336 0.3305383 -0.1713308 0.2543422 0.3946306 0.3762872 0.2979132 0.4091592 0.4130187 0.3261881 0.4772669 0.3824454 0.3462240 0.5509594 0.1904960 0.3382513 0.2900353 0.3662688 0.4233737 0.4107065 0.3004452 0.3442609 0.1738649 0.3730256 -0.1609253 0.1538212 0.2379449 0.2918018 0.1815864 0.3784587 0.3055233 0.1584429 0.1181716 0.1496010 0.0566615 0.1874435 0.3755118 0.2440112 0.1881915 0.3830623 0.3512413 0.1165236 0.1923154 0.4759960 0.1909448 0.3487688 0.5753099 0.3630097 0.3587488 0.3259710 0.2405627 0.2472507 -0.0187255 0.7559319 0.8546311 0.6839456 0.4746287 0.5744505 0.2657917 0.3355239 -0.0278062 0.0413690 -0.0240288 -0.0629510 0.0869618 -0.1609091 -0.0178394 0.2015543 0.3031578 0.2849227 0.2051383 0.2541942 0.2183059 0.3054262 0.3784212 0.4072696 0.0110043 0.0021224 0.5715168 0.0471747 -0.0663856 0.0462337 -0.0472041 0.5326576 0.2592804 0.3190318 0.1190539 0.1015600 0.0238506 -0.0743051 0.2686064 0.5175732 0.4009857 0.1558577 0.1775001 0.5885421 0.2824485
0.5461587 0.5924399 0.3640718 0.5381389 0.3185405 0.8782248 0.0000000 0.4835996 0.7435010 0.5362897 0.5268140 0.8786284 0.3277666 0.6609996 0.4871833 0.2017304 0.5618412 0.2086783 0.0431910 0.1592234 0.7101143 0.3515946 0.2447810 0.5520177 0.1296953 -0.0319818 0.6802535 0.3660349 0.7170116 0.6043712 0.5398483 -0.1281289 0.4934133 0.6246198 -0.0967481 0.2524431 -0.1687915 0.0833834 0.4732130 0.1026853 0.2411370 0.1475870 0.0638799 0.4771059 0.2761941 -0.0474739 -0.0419707 0.1379298 0.3802040 0.4566708 -0.0606335 0.0276177 0.5007053 0.1948971 0.0099435 -0.2642756 -0.1327668 0.2325849 -0.1046434 -0.1029605 0.0276180 -0.0437548 0.0684056 0.1995303 0.1619309 -0.0791358 0.0438409 0.1138017 0.0349968 -0.1022372 0.2477442 0.3592017 -0.1342560 0.3965864 0.1472795 -0.1823439 0.1407479 0.2464669 0.0979178 0.0449959 0.3556609 0.3139925 0.3765804 -0.0460141 -0.0187519 0.2863432 0.3118961 0.0184802 0.0881902 -0.0224105 0.0073011 0.1740355 0.1084483 -0.3063022 -0.1785098 0.1865897 0.1170295 0.0785911 -0.2360480 0.1919129 0.0187141 0.0549842 0.2326798 -0.0745530 0.2759567 -0.1179964 0.2204427 0.0048914 0.1646012 -0.1505799 -0.0493614 -0.0163805 -0.1266944 -0.1424471 -0.1893612 0.0369832 0.0130698 -0.1969302 -0.0490924 0.0382141 0.0202648 0.1591297 0.3245684 -0.3666676 0.0428440 0.3082740 0.2230553 0.2874143 0.3092456 0.3007041 0.2179626 0.3874027 0.3600644 0.2421288 0.3703945 0.0684962 0.3033622 0.1782411 0.3239835 0.1910226 0.1995869 0.1195257 0.2398203 0.2245103 0.2751952 -0.2498583 0.1239309 0.1656565 0.1119756 0.0249151 0.1704209 0.1966186 0.0476078 0.0150407 0.1140904 0.2262995 0.0563701 0.2558890 0.0218137 0.0580859 0.2948729 0.2097783 0.2962149 0.1079004 0.2644404 0.2228969 0.3621018 0.4060009 0.2346224 0.2559152 0.3151035 0.1747284 0.4151749 0.3601514 0.8477020 0.8896975 0.6955056 0.3696441 0.4443037 0.0810459 0.1233294 -0.1272115 -0.0103178 -0.1807528 0.0477337 -0.0199159 -0.0809260 0.0578974 0.4883204 0.5134360 0.2251727 0.3963349 0.4561775 0.3290236 0.2368836 0.4475579 0.4461173 0.2114473 0.1703594 0.4479977 0.2771014 0.0673997 0.0245510 0.0789221 0.5447234 0.4783642 0.1781994 0.3247481 0.2720586 0.1961946 -0.1614657 0.1766882 0.4970437 0.1979015 -0.0492189 0.2786429 0.6610126 0.3887593
0.4354306 0.4318880 0.3993154 0.7422301 0.4364250 0.6537241 0.4835996 0.0000000 0.4559043 0.6632264 0.7978356 0.5662117 0.7135910 0.5437141 0.3433131 0.3145286 0.5001304 0.1176336 0.2467552 0.1982895 0.5964539 0.4435482 0.5236764 0.4090567 0.1356384 0.1369194 0.3145251 0.2998656 0.6200833 0.3098316 0.4262495 0.1263169 0.2274078 0.4346394 0.1261865 0.3963761 0.2022615 0.2714412 0.2822675 0.0830310 0.3021430 0.2937445 0.1912157 0.2018263 0.5561999 0.0062390 0.2140544 0.0473276 0.3711477 -0.0079920 0.2039024 0.3087163 0.4704031 0.3567646 0.0920011 0.1924681 0.2493740 0.3655178 0.2110227 0.1611570 0.3484867 0.3249555 0.2326259 0.5905817 0.4643413 0.2464566 0.3972578 0.2958897 0.3309886 0.2876360 0.4616906 0.4738312 0.1795509 0.6867925 0.3505347 0.3023258 0.4399448 0.4319112 0.5065442 0.3321966 0.5226780 0.0522800 0.3107784 0.0601131 0.0442492 0.4089427 0.4065132 -0.0971643 0.1860145 -0.0204603 0.2922146 0.4296192 0.4609383 0.0030923 0.0510684 0.5082223 0.5607465 0.4246802 -0.1440424 0.2559675 0.1986088 0.2576581 0.2816372 0.3438120 0.4758146 0.1265179 0.1456524 0.2792883 0.2710138 0.2383363 0.1320441 -0.0506753 0.1362701 0.2214106 0.4159116 0.1601925 -0.0089180 0.3929345 0.2840696 -0.0381508 0.0866138 0.0145292 0.2423374 0.0501329 0.1513381 -0.0323494 0.2337858 0.1657558 0.2142497 0.2769521 0.3003515 0.3995386 0.2738808 0.0671885 0.4964027 0.1257399 0.2454811 0.1123532 0.3162327 0.0853288 0.3990396 0.0494275 0.4198255 -0.0347009 0.2689948 -0.0269322 0.0511656 0.2002595 -0.0503702 0.1242764 0.4110366 0.2750758 0.1303899 0.3265032 0.2694163 0.0752244 0.3492791 0.3667371 0.1602087 0.2796160 0.2498323 0.2684352 -0.0582597 0.3126323 0.4445390 0.2369451 0.4549037 0.3070246 0.2592646 0.3519080 0.1087088 0.0361225 -0.0338201 0.0102155 0.3243251 0.4946443 0.4920913 0.1127438 0.3694282 0.2161806 0.3010142 0.1560780 0.1209417 0.1328131 0.0257269 0.3763793 0.0262823 0.2201508 0.4022532 0.4914634 -0.2216121 0.2264565 0.0646185 -0.2322889 -0.2252509 -0.1033010 0.1395432 0.0752271 0.3790906 0.2313064 0.2673071 0.0941084 0.1081921 -0.0032999 0.6552192 0.3561351 0.0335929 0.2640062 0.2986699 0.0403136 -0.0273524 -0.0645562 0.6306335 0.4646766 0.0008539 0.2477816 0.4077278 0.2193178
0.2810529 0.4696869 0.2851925 0.6920402 0.4743210 0.6440758 0.7435010 0.4559043 0.0000000 0.5912249 0.6038666 0.8323954 0.3169789 0.8120633 0.8171684 0.2933490 0.7500895 0.5823062 0.0552281 0.3159176 0.4709399 0.4865109 0.4871107 0.7089716 0.0874181 0.2038556 0.7224167 0.4476013 0.6583438 0.4846729 0.5826058 0.1262854 0.5028662 0.6170921 0.2134657 0.2342547 0.1233212 0.2238694 0.4524629 0.2504000 0.1961869 0.1365624 0.2130228 0.4507155 0.4022857 0.1269285 0.1884000 0.2809833 0.4730150 0.0963423 0.1513552 0.1547798 0.4776228 0.2776010 0.3370917 0.0902799 0.1355186 0.2919222 0.0138726 0.0388659 0.1578142 0.1033738 0.4059117 0.3499818 -0.0621347 0.1647132 0.1761870 0.1344441 0.4021130 0.1981873 0.3889505 0.3377036 0.1542769 0.4808727 0.4108003 0.1232376 0.2581956 0.4466423 0.2248891 0.0769691 0.3915021 0.4609569 0.3716257 0.1514798 -0.2483489 0.4237284 0.2808305 0.0260984 0.1587154 -0.0572226 -0.0549221 0.0849638 0.1276568 -0.1458118 -0.1718227 0.2802309 0.1998298 0.1541571 -0.3712442 0.2346565 0.0083200 0.1767005 0.3149757 -0.1164501 0.2853875 -0.0682150 0.1822570 -0.0018741 0.1427388 -0.1742608 -0.1550345 0.0494995 -0.1986574 -0.0425587 0.0166918 0.0330282 0.0759091 -0.0485315 -0.0061708 0.1206232 -0.0368571 0.0311982 0.3835791 -0.4951529 0.1892913 0.2640162 0.1464646 0.3870229 0.4260203 0.2532624 0.2958568 0.4867462 0.3126047 0.0242132 0.5036961 0.2569621 0.3754795 0.1481528 0.4958490 0.1436388 0.3923751 0.1640880 0.4002076 0.4154480 0.2897905 -0.2076406 0.1073332 0.2219140 0.1118587 0.1401844 0.2076986 0.2572143 -0.0110383 0.0960067 0.2881693 0.2597598 0.1355179 0.1633289 -0.0505639 -0.0478188 0.2423006 0.0890694 0.1112264 0.0703612 0.2251214 -0.1076348 0.2132279 0.3190073 0.1535566 0.2392656 0.0305960 0.1426790 0.3607147 0.4450756 0.7480602 0.6323937 0.4308900 0.2536992 0.3525942 0.1228902 0.2076712 0.0279223 -0.0821617 -0.2124773 0.2010293 -0.1970536 0.1290628 0.0548826 0.4402112 0.4842159 0.1412028 0.4300029 0.4347816 0.2993387 0.2186844 0.4612960 0.3527388 0.0510632 0.1110597 0.3901735 0.4499423 0.1957821 0.1639080 0.1784630 0.7068254 0.5217320 0.1551623 0.4681535 0.5585806 0.3927227 0.0337652 0.1115130 0.6420216 0.0918912 -0.2151839 0.4517777 0.7845418 0.5365388
0.1770292 0.2909195 0.3927858 0.6928252 0.3492870 0.6581899 0.5362897 0.6632264 0.5912249 0.0000000 0.8325560 0.4451534 0.5856036 0.6289502 0.2827683 0.3148251 0.7542776 0.2420388 0.0587067 0.3885958 0.2886114 0.5713452 0.7213295 0.4265121 0.3450832 0.3925214 0.4169196 0.3632585 0.4695284 0.5727985 0.7214017 0.2678559 0.3514839 0.3871868 0.3617458 0.2482509 0.3255198 0.1489339 0.4930128 0.3580970 0.0635442 0.1729320 0.4072979 0.2968141 0.4484342 -0.0532187 0.3634712 -0.0884190 0.4199828 -0.1464714 0.3551468 0.3129981 0.4991232 0.4903842 0.1175174 0.0506290 0.2942194 0.3673176 0.0388209 0.1587969 0.2116734 0.4983522 0.3853823 0.3924433 0.0352251 0.2091475 0.4405025 0.3818247 0.3338047 0.3102682 0.2403614 0.4886361 0.3602547 0.4954685 0.4244099 0.2618687 0.3790483 0.3545562 0.1402997 -0.1236348 0.3715333 0.2352608 0.1579833 0.2250740 0.0514942 0.4338466 0.3976326 0.1938575 0.1682664 -0.0326150 0.1405636 0.1951316 0.2272699 0.0949666 -0.2297213 0.2559686 0.4837751 0.2149381 -0.3245977 0.2021588 0.1907560 0.2597551 0.2928887 -0.0760879 0.4992239 -0.1754376 0.3079583 0.1582455 0.2103619 0.0872296 -0.0892232 0.1016871 0.1547468 0.1288663 0.0810262 0.2068543 0.1299359 0.1588582 0.3235517 0.0498485 0.0024268 0.0394627 0.6053748 -0.0721050 0.0007109 0.1023485 0.1056927 0.4209061 0.0622872 0.2230521 0.1099874 0.3955565 -0.0313130 0.0287372 0.3928460 0.4006231 0.1334377 -0.1754900 0.2241623 0.0362869 0.5338090 -0.1129208 0.6117406 0.0511760 0.0268901 0.0853161 -0.2746651 -0.0399780 -0.0414868 0.0048504 0.0775181 0.1022301 -0.2148876 0.4003728 0.2706053 -0.0452756 0.1185667 -0.0765671 0.1277102 -0.1285826 0.3261397 -0.0645135 -0.0983076 0.0375739 0.2261336 -0.1214008 0.2377454 0.1206818 0.0156139 0.0996595 -0.2375931 -0.2274585 -0.0009565 0.0530047 0.4518558 0.5779966 0.5314601 0.3377682 0.3529654 0.0982605 0.2158058 -0.0036294 -0.1730848 -0.1897950 -0.0774376 -0.0370703 0.0010199 0.1388251 0.2538651 0.5118044 0.2077517 0.1231849 0.1120159 0.1398301 0.0449919 0.1361042 0.3122694 0.0690577 0.1169171 0.2864069 0.4347057 0.1435274 0.2918130 0.1727599 0.6784923 0.2784494 0.2115005 0.3457374 0.4184491 0.1560848 0.1201716 0.1320527 0.6112565 0.2344537 -0.0267120 0.4239539 0.3813347 0.2890752
0.1786572 0.1876126 0.2716190 0.7676170 0.5364951 0.5568051 0.5268140 0.7978356 0.6038666 0.8325560 0.0000000 0.5730177 0.7004423 0.8067004 0.4658305 0.4995610 0.8305750 0.4107561 0.2109973 0.3343075 0.3052450 0.6793118 0.8526379 0.6592707 0.3676624 0.4834814 0.5042481 0.4784852 0.5129827 0.5272114 0.6731475 0.3677690 0.5162142 0.5730731 0.4903906 0.1828463 0.4275261 0.3279831 0.6591533 0.3948429 0.2582099 0.0418814 0.5823889 0.5231289 0.3911606 0.0572085 0.5451111 0.0582404 0.6762978 -0.1649995 0.5191649 0.4078205 0.6814806 0.6911652 0.1148308 0.2068949 0.4296863 0.6260495 0.0958777 0.3445640 0.1930185 0.6347499 0.4624517 0.7116316 0.1728239 0.3943986 0.6931341 0.6783387 0.5152334 0.5716906 0.5941904 0.6978816 0.5204750 0.8084613 0.6080053 0.5157358 0.6916054 0.6607342 0.5397707 0.1988926 0.6749518 0.0495309 0.0254404 0.0126089 -0.2109453 0.3536922 0.4314593 -0.0092006 0.1653438 -0.1081016 0.1831073 0.3951722 0.3447947 0.0008441 -0.1577612 0.3262016 0.5953574 0.2791171 -0.3606634 0.0015152 0.1174582 0.1892796 0.1912090 0.0575719 0.4869347 -0.1526376 0.2004096 0.0802109 0.1320093 0.0630959 -0.0870601 -0.0070014 -0.0117184 0.2483561 0.1384574 0.0532941 0.0049184 0.1152911 0.1939072 -0.1334663 -0.1301812 -0.1056842 0.4552337 -0.1320505 -0.1031482 -0.1071856 0.0335199 0.2778721 0.0335045 0.1453506 0.1176136 0.3860477 0.1642845 -0.0329283 0.4559653 0.2201515 0.1712374 -0.0633337 0.2812162 -0.1038711 0.3664244 -0.1666195 0.5850852 0.0368207 0.1260133 -0.0854368 -0.1249462 0.0313826 -0.2743108 0.0059129 0.1275963 0.1520299 -0.0665059 0.2750801 0.4396544 0.1214903 0.1793430 0.0640086 -0.0961126 0.0431631 0.1664511 0.0222311 0.0599861 0.2344116 0.2230197 0.0381092 0.4106926 -0.0482339 0.0203987 0.1995126 -0.1681096 -0.2631170 -0.0543284 0.2386055 0.3705128 0.5025211 0.4618449 0.1945986 0.2575637 0.0384319 0.2020442 0.0416692 -0.0709720 -0.0973081 0.1325817 0.1902583 0.1787760 0.4165112 0.5769833 0.7052424 -0.0778734 0.2063376 0.0869787 0.0664624 -0.1864919 0.0117151 0.1309642 0.1102922 0.4264452 0.1092841 0.6341512 0.4246932 0.2389476 0.1840474 0.7222752 0.5550642 0.0377512 0.4579271 0.5990321 0.3550925 0.0636058 -0.0862150 0.6902019 0.2694977 -0.1589676 0.4398966 0.4654753 0.4636479
0.4574621 0.6309935 0.2697644 0.7298693 0.3549409 0.8024547 0.8786284 0.5662117 0.8323954 0.4451534 0.5730177 0.0000000 0.3089345 0.7560828 0.7772228 0.2519481 0.5421761 0.3941734 0.1684377 -0.0022287 0.7491659 0.3456833 0.2826192 0.7062568 0.0929664 -0.0388570 0.7570655 0.3951018 0.8306191 0.6069367 0.4215661 -0.1161342 0.5079835 0.6907215 -0.0996278 0.2750132 -0.1238663 0.1903573 0.4420082 0.0836848 0.2484837 0.2088871 -0.0055531 0.4793268 0.4080412 0.0540593 0.0172287 0.2219028 0.4883567 0.2081211 -0.0635790 -0.0318132 0.5753815 0.2311655 0.0975066 -0.1453684 -0.0640509 0.2779278 -0.0229234 -0.0812829 0.1349381 -0.0708491 0.2066111 0.3787782 0.2483990 0.0295458 0.0977809 0.1453431 0.1725776 0.0752237 0.4354953 0.3624964 -0.0253350 0.5111193 0.3047524 0.0228889 0.3281336 0.3819875 0.2901733 0.2377936 0.4382018 0.2572284 0.3750989 -0.0399649 -0.0406331 0.4648980 0.4049677 -0.1336676 0.2943071 0.1350737 0.1590701 0.2686942 0.2379021 -0.2327367 0.0167480 0.3582916 0.1807238 0.2371241 -0.1727316 0.2625335 0.1576759 0.2053228 0.3848382 0.1427499 0.3646449 0.0683898 0.2996127 0.0944373 0.2994074 0.0365811 0.1001281 0.1795132 -0.0973081 0.0596866 0.0212109 0.0599998 -0.0091186 -0.0115091 -0.0315980 0.0763847 0.0414657 0.0633141 0.2984611 -0.3415101 0.1430859 0.2923349 0.2719184 0.3460551 0.4368447 0.3191094 0.3193228 0.5272992 0.4622824 0.1215476 0.5690102 0.1525919 0.3540534 0.2876882 0.4084798 0.2329224 0.2596936 0.2442522 0.3680802 0.2033699 0.3720257 -0.1578286 0.2152304 0.2280928 0.0780352 0.1669512 0.2849178 0.2990624 0.2169956 0.0381070 0.2366551 0.2752186 0.2166686 0.3332080 -0.0070555 0.2163665 0.1600845 0.3943451 0.2979161 0.3195586 0.3828405 0.2572816 0.4384500 0.3868896 0.3190877 0.4800782 0.3746136 0.2339052 0.2884467 0.3092393 0.7250566 0.7812278 0.6145421 0.3729949 0.4571196 0.1393021 0.2758274 0.0490583 0.0295153 -0.0400735 0.1245697 0.0752883 0.0110753 0.0987468 0.5212097 0.4892159 0.0793247 0.4029940 0.3030029 0.2249165 0.1891586 0.3957716 0.3635939 0.1027153 0.2483435 0.4873471 0.2815245 0.2137044 0.0339401 0.0086942 0.4928008 0.5552511 0.1755014 0.3004498 0.3679778 0.3391561 -0.0980998 0.0610281 0.5740748 0.3473656 -0.1297706 0.2163514 0.7603746 0.5164524
0.0680494 0.2195970 0.3095280 0.3671322 0.6689079 0.4022827 0.3277666 0.7135910 0.3169789 0.5856036 0.7004423 0.3089345 0.0000000 0.3404548 0.1443351 0.4446238 0.6272331 0.1547611 0.3804926 0.4002400 0.2438567 0.7280709 0.6800068 0.2914291 0.2653788 0.4257719 0.1707098 0.1720951 0.3110866 0.1500006 0.7194922 0.4764374 0.1865128 0.3416591 0.5157285 0.2838862 0.4438136 0.7276968 0.2933456 0.3376979 0.7086584 0.2430175 0.5400224 0.2059702 0.4091867 0.3696010 0.5979184 0.4732227 0.3390428 -0.1228024 0.6440703 0.7141525 0.4297759 0.5253213 0.4665096 0.4916275 0.5569558 0.4193260 0.2680597 0.6141234 0.4243586 0.5901220 0.4687130 0.3613255 0.2887622 0.4851571 0.6462186 0.5387792 0.6441709 0.5190681 0.5585722 0.3685899 0.4537337 0.5129409 0.6428392 0.5360907 0.5056541 0.6681214 0.5867264 0.4360386 0.7099500 0.2906260 0.1954253 0.1561397 -0.3481040 0.3153133 0.5986844 -0.0929528 0.2563682 -0.1327617 0.4375623 0.1935606 0.2207517 0.1971500 0.2123954 0.5058393 0.3183538 0.3814061 -0.0297333 0.1271074 -0.0113920 0.2016921 0.2644921 0.2506031 0.5245077 0.0865138 0.0569066 0.3246022 0.0591307 0.0069316 0.0394266 -0.1865223 0.0053278 0.3576876 0.2394598 0.2181105 0.3505645 0.3818768 0.4694370 -0.0267672 0.0870646 0.0034813 0.0670060 0.1418943 0.0561417 -0.1602860 0.1166991 0.0174787 0.0009496 0.3358261 0.3023724 0.2853005 0.3058236 0.1439993 0.4301428 -0.0197681 0.2323020 0.0536815 0.2966069 -0.0608578 0.2298885 -0.0229056 0.5104685 -0.0299798 0.3078642 -0.0793656 0.0137840 0.1042911 -0.1375572 0.0038890 0.2013137 0.3651164 0.1185326 0.1110776 0.4083122 0.3272289 0.2247306 0.2731435 0.0639954 0.1191805 0.0937803 0.0821250 -0.0540249 0.1353802 0.0828705 0.2019106 0.2586740 0.0663005 0.0963450 0.0524023 -0.1067761 -0.2090032 0.0581016 0.0782695 0.2888681 0.4990551 0.4676859 0.0228417 0.2153764 0.1057795 0.0956227 0.0932510 0.1237437 0.0243372 0.3266417 0.4135291 0.4793997 0.6550358 0.5564290 0.4645785 -0.2832133 0.2000648 0.0870558 -0.3804792 -0.3725606 -0.3191035 -0.1957278 0.0541405 0.4883070 -0.0821931 0.2838058 0.1775794 -0.0374482 -0.0828094 0.6323624 0.3450041 0.2513446 0.1633211 0.1480577 0.1346918 -0.1614299 -0.3101292 0.5204780 -0.0671686 0.2473684 -0.0055593 0.0136944 0.0283542
0.2789463 0.2444721 0.2144079 0.7877277 0.4889877 0.5637057 0.6609996 0.5437141 0.8120633 0.6289502 0.8067004 0.7560828 0.3404548 0.0000000 0.7609895 0.3429014 0.7666182 0.6599043 0.0960557 0.1147194 0.3855986 0.4671334 0.6157296 0.7743345 0.2670347 0.3060046 0.8221193 0.5937301 0.6025641 0.6435703 0.4668020 0.2252456 0.5961278 0.6656317 0.3033972 0.1792516 0.2450518 0.2139285 0.6705180 0.3554078 0.1175176 0.0611269 0.4011970 0.5836988 0.3516783 0.0677170 0.3520883 0.1593186 0.6531260 0.0417170 0.3142423 0.1373689 0.6493603 0.4957453 0.1287252 0.0340689 0.2202659 0.4748335 0.0786834 0.1492859 0.1445355 0.3506723 0.4721761 0.6025599 0.0735487 0.2171765 0.4219928 0.4605762 0.3849501 0.3597286 0.4543554 0.6202496 0.3348216 0.6914875 0.4378566 0.2562773 0.4757790 0.4591384 0.3290307 0.0587012 0.4717587 0.1615678 0.2156669 0.1429766 -0.1399259 0.3858490 0.3649538 0.1486649 0.2120057 0.0153616 0.0525898 0.3835528 0.3397382 -0.1937878 -0.1762713 0.1762229 0.4566059 0.2590697 -0.3298761 -0.0684533 0.1135239 0.2197982 0.3000078 -0.1259537 0.3757494 -0.1578932 0.3319004 0.0074944 0.2145463 0.0081114 -0.0601263 0.1471997 -0.0935280 0.1076490 0.0025289 -0.0001861 -0.0169773 -0.0769958 0.0129939 0.0354864 -0.0513671 0.0228156 0.5211119 -0.3366366 -0.0499794 0.1402209 0.0708172 0.4432157 0.2530951 0.1729335 0.1449209 0.3775107 0.2352072 0.0771271 0.4343389 0.2908948 0.3144451 0.0775470 0.3465552 0.0177700 0.3263370 -0.0026394 0.4588020 0.3249659 0.2182499 -0.1464015 0.0273858 0.1169345 -0.1322173 0.0061147 0.0679358 0.1826779 -0.0011209 0.1386613 0.4083107 0.1727025 0.0780990 0.0948017 -0.1704175 -0.0140386 0.1671350 0.0738234 0.1633267 0.1948973 0.2426133 -0.0502121 0.3204071 0.0185719 0.0528930 0.2997051 -0.0153868 -0.0856752 0.0346326 0.4246697 0.5432252 0.5414358 0.4427546 0.3321575 0.3467310 0.1101068 0.2761860 0.0183526 -0.0212645 -0.1564064 0.2342863 -0.0498653 0.1118822 0.1685154 0.4809943 0.5771853 0.1868085 0.3183084 0.2336335 0.3896958 0.1383914 0.4178600 0.3742690 0.1854438 0.3782745 0.3115993 0.6962098 0.5422216 0.4018843 0.4064546 0.6553312 0.6712236 0.0668218 0.6160145 0.7544164 0.5683902 0.1771976 0.1735300 0.6897638 0.3350372 -0.3609690 0.5980229 0.7823784 0.7566239
0.1973686 0.3553651 0.2860969 0.6922842 0.3739552 0.4425556 0.4871833 0.3433131 0.8171684 0.2827683 0.4658305 0.7772228 0.1443351 0.7609895 0.0000000 0.1504168 0.4809702 0.6985588 0.0441281 -0.0276874 0.3649150 0.2296316 0.3352262 0.7876559 0.0170094 0.0229511 0.7222889 0.5736462 0.6591848 0.5058594 0.2307216 -0.0016110 0.5286874 0.6855393 0.0515295 0.0886859 -0.0559892 0.2470027 0.3876929 0.2581282 0.1515589 0.0785977 0.0569581 0.4329902 0.4482801 0.0897313 0.0715604 0.3488157 0.5020274 -0.0586445 -0.0143376 -0.0099620 0.5159049 0.2233288 0.1936052 -0.0313982 -0.0414939 0.2448054 -0.0283492 -0.0967786 0.0668312 -0.0707228 0.3250674 0.4252509 0.1182951 0.0070021 0.0622376 0.1547079 0.2732949 0.2539425 0.3653523 0.2087754 0.1931747 0.4057073 0.3008824 0.2176667 0.3575173 0.3911821 0.3796047 0.1929530 0.3162972 0.2728940 0.2194546 0.0817299 -0.1831770 0.3892757 0.3714986 -0.2457657 0.3109986 0.1707327 0.1629386 0.0418383 0.1316467 -0.2373863 0.0687627 0.2682890 0.1295082 0.1991315 -0.2359219 0.2013068 0.0995786 0.1120239 0.3122406 0.0940291 0.3264971 0.0720448 0.2258710 -0.0819448 0.2149832 0.0610771 0.0505351 0.3098332 -0.2469942 0.0472639 0.0868035 -0.0737203 -0.0758808 0.0546903 -0.1118560 0.0687495 -0.1030734 -0.1654443 0.1461079 -0.5084916 0.1438953 0.1183926 0.0350524 0.2446376 0.3928345 0.0779321 0.2273518 0.3401369 0.3824642 -0.0625111 0.4863370 0.1313205 0.3445028 0.3065225 0.4276624 0.1530642 0.1451456 0.2348217 0.3049941 0.2248748 0.3436402 -0.2724057 0.2287565 0.2256101 0.0581769 0.1405525 0.1754240 0.1743567 0.1936452 -0.1203871 0.2956869 0.2177624 0.2367213 0.1644449 -0.0298244 0.0763811 -0.0531761 0.2384365 0.1695535 0.2807588 0.2343550 -0.1229066 0.1594852 0.1982205 0.2580885 0.3764062 0.1374563 0.2086122 0.0261184 0.2326747 0.3880301 0.3733656 0.2068185 0.2378057 0.2556675 0.0929901 0.2305621 0.0582231 -0.1098003 -0.1279187 0.1355618 -0.0700652 0.0557599 0.0838319 0.3186924 0.2650545 0.0098425 0.1619461 0.1362734 0.2412591 0.1170824 0.2960002 0.1271234 -0.1849356 0.0940322 0.2673723 0.2728196 0.2929377 0.0466925 -0.0038892 0.4619730 0.5924773 0.0807680 0.3055922 0.4591230 0.4051653 -0.0510383 -0.0569222 0.6046675 0.2673238 -0.2355640 0.3042462 0.7312005 0.6339721
-0.3273700 0.0719094 -0.2510817 0.1609997 0.3248770 0.1199869 0.2017304 0.3145286 0.2933490 0.3148251 0.4995610 0.2519481 0.4446238 0.3429014 0.1504168 0.0000000 0.6039371 0.2358024 0.7653332 0.0476176 -0.1563629 0.5582803 0.6522294 0.1373464 0.6122102 0.7164930 0.3126596 -0.1913572 -0.1597903 0.0839636 0.3192493 0.3399091 -0.1033583 -0.0121391 0.5536913 -0.3999910 0.6267189 0.4103333 0.3962579 0.0796842 0.2959983 -0.4412184 0.4493509 0.1627845 -0.3413771 0.5029371 0.7017791 0.1469111 0.2171018 -0.0299113 0.5308432 0.2188080 -0.0400787 0.3922957 0.3088334 0.4595500 0.6396464 0.4583966 -0.1950835 0.6046093 -0.0264535 0.4132603 0.3846366 0.1805900 -0.1073941 0.6490109 0.6396117 0.5080929 0.5015800 0.3065196 0.8196307 0.1225931 0.2550634 0.2896361 0.7029638 0.1991769 0.2283355 0.6637860 0.1759208 0.0352771 0.5790761 0.0800672 -0.1688195 -0.0285967 -0.2688631 -0.0933354 -0.0550942 -0.0956340 0.1718307 -0.1334982 0.2013074 0.1694422 0.1193642 -0.1728261 0.0584113 -0.0345333 0.2359669 -0.1029164 -0.1125006 -0.4877093 -0.1311585 0.0133790 -0.0514529 -0.2638234 0.0903172 -0.4089109 -0.1174902 0.0741323 -0.0142089 -0.3252544 0.0143606 -0.1601541 -0.1905438 0.2921232 -0.2341618 -0.0432834 0.1332076 -0.2621309 -0.0048845 -0.2713307 -0.1292981 0.0376748 0.3129336 -0.0802995 -0.3803711 -0.1686481 0.0312862 0.2543753 -0.2583306 -0.0137539 -0.1635081 0.3826620 -0.1224484 -0.3329907 0.1867436 0.3446799 -0.3104484 -0.3998197 -0.1612292 -0.4779525 0.2441268 -0.4281865 0.2324813 0.0059162 -0.1367074 -0.0091345 -0.3900276 -0.3354591 -0.5654757 -0.3387039 -0.2421634 -0.0400430 -0.4632802 0.0418512 0.0378610 0.1248264 -0.4326996 -0.1531438 -0.7527930 -0.2737154 -0.1293875 -0.4221284 0.0955726 -0.3191178 -0.3038056 -0.0650864 0.2573620 -0.4397379 -0.6071504 -0.3792510 -0.4096322 -0.6188192 -0.0517112 0.2964587 0.2545238 0.1403574 -0.0533972 0.0288227 -0.3094038 -0.4134767 0.0483278 -0.2865786 -0.2022134 -0.2394788 0.2083828 0.0902887 0.3275074 0.3012336 0.4081497 0.2235051 -0.2362915 0.1774927 0.0254868 -0.0064510 -0.2377413 -0.0094370 0.0242580 -0.0181980 0.2294975 -0.0363942 0.5511205 0.4226003 0.2479902 0.3103446 0.2346230 0.1033853 -0.3079656 0.0453299 0.5446954 0.2105380 0.3041025 -0.2484993 -0.0504464 -0.3891115 -0.4402828 -0.1096456 0.3135398 0.2561431
0.0635820 0.1227724 0.1419374 0.5068052 0.6075580 0.4497285 0.5618412 0.5001304 0.7500895 0.7542776 0.8305750 0.5421761 0.6272331 0.7666182 0.4809702 0.6039371 0.0000000 0.6037820 0.2596199 0.5140376 0.1263080 0.8742502 0.8756236 0.6005403 0.5153981 0.7049338 0.5686859 0.4069274 0.3072597 0.4017922 0.8411000 0.5790569 0.4470865 0.4470323 0.7064311 0.0871637 0.5754008 0.4548308 0.6825335 0.4233252 0.3155692 -0.0547036 0.7466027 0.5211161 0.1978462 0.2755036 0.6712947 0.2465064 0.5605818 -0.0378557 0.6689182 0.5490850 0.4991273 0.6396901 0.3995520 0.3721754 0.5312521 0.5538120 0.0137870 0.5141095 0.1489745 0.6503522 0.6158635 0.4532364 -0.1889413 0.4457748 0.6354581 0.6115188 0.6435926 0.5797271 0.5555793 0.5345698 0.4497997 0.5910890 0.7023145 0.4191348 0.4645899 0.6619440 0.3421321 0.1874737 0.6051142 0.3308687 0.0483201 0.1169262 -0.4732316 0.2157580 0.2361827 0.1400432 0.0206290 -0.3502636 -0.0474471 0.1877351 0.1100598 -0.0236306 -0.2723746 0.1208598 0.2670629 0.0563676 -0.4462133 -0.1060221 -0.2100684 0.0864328 0.1152636 -0.2794207 0.2169110 -0.3407950 0.0219737 0.0500310 -0.1207122 -0.2348470 -0.3785428 -0.2261246 -0.1378098 0.1436745 -0.0927216 0.0578970 0.1823127 -0.1119198 0.1325395 -0.1131468 -0.1198489 0.0151677 0.4182992 -0.2726303 -0.0937837 -0.0889290 0.0559475 0.2664078 0.0639663 0.2055303 0.1927666 0.3114474 0.1649073 -0.0786625 0.3113022 0.1847701 0.2380310 -0.1455979 0.3778600 -0.2034071 0.3386755 -0.1681073 0.5426451 0.1895787 0.1146015 -0.1355503 -0.0866490 0.0949479 -0.2030016 -0.0644447 -0.0457894 0.1258349 -0.1785881 0.0845743 0.4409171 0.1949394 -0.0298737 0.0097032 -0.2366548 -0.2203919 0.2630633 -0.1504580 -0.0596348 -0.1079196 0.0485806 -0.1894617 0.1371776 -0.1078098 -0.2214914 -0.0367625 -0.2401840 -0.2725611 0.1401598 0.4539725 0.5565495 0.5646963 0.3375565 0.0981822 0.0959424 -0.1108062 -0.0162319 -0.0899612 -0.1279835 -0.2900345 0.3217713 -0.1431450 0.4145490 0.3535616 0.5984809 0.6551771 -0.0542681 0.3979043 0.3581530 0.1428583 -0.1338970 0.1508878 0.0727828 0.1044017 0.3211250 0.0053945 0.7571570 0.4385456 0.2623088 0.2879106 0.7649438 0.5081825 0.0967063 0.5267541 0.7063162 0.4755717 0.1368478 -0.0477458 0.6048646 -0.1089835 -0.2078126 0.4192188 0.4489136 0.4535151
