0.0000000 0.5808884 0.1799653 0.4482176 0.0379631 0.3078216 0.1335952 0.3409451 0.1584690 0.2199710 0.1942409 0.2104819 0.3004779 0.0320593 0.0658139 0.0710916 0.0116930 0.0504091 0.2366285 0.1253412 0.2242492 0.2861709 0.2335197 0.1126304 0.1904991 0.2515157 0.1319993 -0.0239589 0.1295068 0.2132760 0.0534027 0.0955203 -0.0062245 0.0890700 0.0860347 0.3060931 0.2634189 0.1293357 -0.0193484 0.1478212 0.0590689 0.2481858 -0.0995649 -0.1703526 0.0916101 0.1431401 0.0146158 -0.0658905 0.0945666 -0.0231397 -0.0444392 0.0558861 0.0945384 0.1007231 -0.0029551 -0.0226262 -0.0977850 0.2138486 0.1176340 0.0146667 0.3181423 0.1456417 -0.0624671 0.4098202 0.3330512 -0.1986858 -0.0393740 0.1425002 -0.1525440 0.3530024 -0.3217033 0.4547017 0.2080312 0.4873874 0.1080919 0.3384970 0.5034564 0.1073552 0.4397312 0.1628140 0.3154952 0.5756685 0.3048069 0.1888456 0.0911326 0.1839724 -0.0554774 -0.0808667 0.3049456 0.1393193 -0.2546481 -0.5730194 -0.1306423 -0.5680501 -0.0455694 0.0739947 -0.4721486 -0.1557474 0.2261411 0.3799455 0.0294669 0.0950556 0.2939104 -0.2679122 0.0766268 0.3076215 0.1217442 0.1369359 0.2015734 -0.1497782 0.4590852 -0.1160683 0.4264524 0.0877549 0.0951890 0.1965526 0.0880412 0.0205462 0.0817935 0.0743082 0.0851345 0.1177659 0.0149770 -0.0636652 0.6704174 -0.1700166 0.3888423 0.0189460 0.1067562 0.6244243 0.5978593 -0.1877408 0.3997184 0.5595946 -0.0045760 0.0563862 0.5421365 0.2993519 0.4275625 -0.0555554 0.0793511 0.1532629 0.2739378 0.4040111 0.3416498 0.0002734 0.3043145 0.2658257 0.2332445 0.1910352 0.0211498 0.3353768 0.2639891 0.1299576 0.0781284 0.2198964 0.4269425 0.1550328 0.4952108 0.1913109 -0.0430232 0.2012948 0.4057610 0.1873771 -0.0025518 0.3218131 0.4322197 0.2193603 0.3752014 0.0901090 0.0742230 0.1247700 0.6368611 0.5449631 0.4037381 0.5375948 0.3348182 0.3554695 0.2247664 0.2717432 -0.0758871 -0.1313575 0.0059849 -0.1897323 0.2305236 0.4319873 0.1733420 0.0524686 0.4908004 0.5324441 -0.0718737 0.3805140 0.4336391 -0.0377185 -0.2148131 -0.0008420 -0.0057161 0.4257781 0.0327257 -0.2800264 -0.2258402 0.0323048 0.3564278 0.3313904 -0.0645280 0.3888340 0.2305169 -0.0586502 -0.0667103 0.1317217 0.3699470 0.2016660 -0.1410238 0.2697724 0.2188599 -0.1189438 0.1986815 0.2276623
0.5808884 0.0000000 0.6103415 0.9273346 0.5019642 0.8605749 0.7410197 0.7872047 0.6755803 0.7493793 0.5726934 0.6833550 0.4702370 0.3523491 0.2925895 0.1045175 0.0212563 0.2568179 -0.1438136 0.5498481 0.6200301 0.0156281 -0.0249843 0.3077586 -0.2806325 -0.0660617 -0.1102763 -0.0726610 0.4341787 -0.2193704 0.3771174 -0.2691522 -0.0971975 0.1748802 -0.1883955 0.4327128 -0.0055060 -0.0965071 -0.2922495 -0.4976391 -0.1431717 0.4518001 -0.2950619 -0.4429103 0.4301707 -0.0965789 -0.2424138 -0.0931955 -0.0581718 -0.1773122 -0.2474465 -0.3869431 0.2407491 -0.3398399 0.0117623 -0.1347911 -0.1783314 -0.0476315 -0.2681904 -0.1390897 0.6139304 -0.0946367 -0.1647960 0.5596445 0.7046007 -0.1949771 -0.1490340 0.0327484 -0.2923739 0.2326846 -0.3449744 0.7110573 -0.0095870 0.6344710 -0.1902322 0.4204850 0.7310784 -0.0994803 0.3235988 0.3239223 0.1344173 0.2800923 -0.2169706 -0.2190790 0.0496109 -0.0234635 -0.0564878 -0.0118476 0.0450098 -0.2110334 -0.0623187 -0.3654811 -0.0379875 -0.1544711 0.0019364 -0.1127568 -0.4913597 -0.0302593 0.2703137 0.0782890 -0.1826149 0.0432919 -0.0664626 -0.3185468 -0.1495953 0.0869871 -0.0402483 -0.3094321 0.2083749 -0.2885750 0.2650524 -0.2726236 -0.1877279 -0.2583593 -0.1469873 -0.1946090 -0.2213122 -0.0532225 -0.2216910 -0.0965821 -0.1257402 -0.1730585 0.0531209 0.0284056 0.3375685 0.0675339 0.1049272 -0.0472277 0.0992725 0.2370964 0.1997759 -0.3262408 0.0710743 0.5590256 0.1518698 -0.0320112 0.2198569 0.2861260 0.1572497 0.1072456 0.0596487 0.1909792 -0.0368756 0.3315587 0.2229581 -0.2031943 0.0424237 -0.0395991 0.1305658 0.2156404 0.1186915 0.3121188 0.0503624 0.0291022 -0.3629800 0.0640754 0.2515810 -0.0311282 0.0615089 0.1709050 -0.2712789 0.2231547 0.1662022 0.1688837 -0.3120243 0.2021779 0.1852356 0.0483291 0.0105656 -0.0638119 -0.1288040 -0.1989890 0.1625338 0.5525672 0.8140747 0.7043973 0.5999339 0.3640217 0.4299476 0.2954982 -0.1907250 -0.5502257 -0.2798595 -0.5545520 -0.1122850 0.5307637 -0.1424295 -0.1526104 0.5928943 0.7034475 -0.2615056 0.6514921 0.5414899 -0.0790324 -0.0883109 0.1951520 0.2092536 0.3803534 -0.0534252 -0.1658274 -0.0340673 0.1442053 0.2478329 -0.0019960 0.2428475 0.1919609 0.3582145 0.0831718 -0.0649844 0.1486042 0.0421516 0.1476293 0.1974170 0.4648567 0.4050580 -0.2114871 0.0648190 0.0152331
0.1799653 0.6103415 0.0000000 0.6839704 0.7678545 0.6066034 0.4728154 0.7079729 0.6251065 0.5930678 0.4769133 0.5124367 0.4731854 0.3796416 0.3227384 -0.0178886 0.0504496 0.2715753 -0.4422321 0.8977170 0.5903551 -0.3178985 -0.0876592 0.4331955 -0.4164464 -0.2330052 -0.2906781 -0.0950185 0.4884556 -0.2077972 0.2252565 -0.2853646 -0.0131303 0.2955789 -0.3471212 0.5136648 -0.0741063 -0.2534353 -0.3379879 -0.5212991 -0.1815601 0.4979880 -0.4816579 -0.5943750 0.5055070 -0.2054521 -0.2623997 -0.0328209 -0.1188157 -0.3450488 -0.4096949 -0.4689532 0.3074489 -0.4807018 0.0306513 -0.0270903 0.1546780 -0.2031101 -0.0039679 -0.2421858 0.6834117 -0.2635224 -0.1387550 0.4693859 0.7463328 0.2404812 -0.2989207 -0.1009557 -0.0309585 0.0803576 -0.1607858 0.6645880 -0.2551644 0.7671672 -0.2300285 0.3867378 0.7650587 -0.1470175 0.3006284 0.5396466 0.0590295 0.0713589 -0.1622488 -0.3447559 0.2510157 -0.0230375 -0.0342170 0.5221541 -0.0795405 -0.1413699 0.1432807 -0.0260713 0.1697822 0.2484487 -0.0419075 -0.1339947 -0.1132704 0.1510865 0.2152023 0.0864929 -0.0541569 0.0793890 -0.1808418 0.2088279 0.1259600 0.2222554 -0.2224414 -0.5204050 0.3850340 -0.3364488 0.3022691 -0.4743973 -0.4234158 -0.4218288 -0.1076634 -0.2572183 -0.1895686 -0.0389267 -0.2819575 0.0104436 -0.1410061 -0.3649673 0.1941538 -0.1341465 0.0554322 0.2426880 -0.1124983 0.2381666 0.1380559 0.0717033 0.1029967 -0.1773670 0.2345539 0.4862469 0.4341681 0.2610096 0.4529400 0.4469676 0.4200378 0.1163308 0.2442833 0.5365813 -0.0679204 0.4909712 0.5708555 -0.0694117 0.3903929 0.3281039 0.1239480 0.4578725 0.1786903 0.5479769 0.3636903 0.1066513 -0.0235555 0.1994190 0.2408010 0.3580758 -0.0411440 0.0333980 0.0009202 0.3302482 0.1584039 0.0843496 -0.0969853 0.4458574 0.1754956 0.0544266 -0.0829819 0.0156387 -0.0337803 -0.1980760 -0.2341889 0.1966270 0.5017359 0.3650261 0.5352116 0.3196178 0.5149961 0.1099417 -0.1629965 -0.6373475 -0.0745043 -0.4788816 0.1929105 0.7501661 0.2642359 0.3495875 0.6432109 0.7005723 -0.1293114 0.7009886 0.4294662 -0.1852025 -0.0458793 0.0603794 0.2060524 0.1962782 0.0245375 0.1826708 -0.0056422 -0.2556927 -0.0122009 -0.2778001 0.6194619 0.0672607 0.2592345 -0.0632589 -0.3008386 -0.1318352 -0.3059337 -0.3595997 0.5233941 0.6976375 0.3099885 -0.2431085 -0.2020346 0.0005739
0.4482176 0.9273346 0.6839704 0.0000000 0.5402681 0.9441621 0.8189719 0.8966347 0.7955993 0.8946432 0.7384123 0.7462734 0.4106773 0.5653813 0.3456934 0.2131610 0.2453849 0.4204622 -0.2357646 0.5401014 0.6914373 -0.1366212 0.1227907 0.3982456 -0.3113140 -0.0111417 0.0047044 0.0044774 0.5460314 -0.1525412 0.2612107 -0.2688567 -0.0924086 0.2634770 -0.1058444 0.5147377 -0.0230146 -0.2248193 -0.1697688 -0.4780927 -0.2764815 0.4956815 -0.1646399 -0.5213098 0.5780991 -0.1484946 -0.2705628 -0.2086799 -0.0292308 -0.2227210 -0.2719447 -0.2574257 0.3346689 -0.2595741 -0.1216033 -0.1914284 -0.2576036 0.0362807 -0.3619167 -0.1784150 0.7344540 0.0282447 -0.3163508 0.6642725 0.7894056 -0.2735625 -0.2396506 0.2147108 -0.3265800 0.3664585 -0.4537522 0.8254988 -0.0063731 0.6749726 -0.3270019 0.5732814 0.8163294 -0.3012808 0.1658406 0.2321469 -0.0364364 0.2958134 -0.3332279 -0.3265926 0.2387949 0.0245290 0.0328938 0.2208811 0.1238651 -0.1802079 -0.0165984 -0.1852584 0.0508476 0.0192331 0.0859899 -0.0511754 -0.4037904 0.1325416 0.3634878 0.1342653 -0.2421260 0.1022364 -0.2332881 -0.2299689 -0.1369037 0.1801085 0.0124228 -0.4352654 0.1312003 -0.2593089 0.2024426 -0.4017616 -0.3054069 -0.2031123 -0.1374048 -0.2135796 -0.2098265 -0.0508502 -0.2709271 -0.0750439 -0.1134358 -0.2421007 -0.0811835 0.0224366 0.1920611 -0.0572456 -0.0080351 -0.1028453 0.0018093 0.2079244 0.1497977 -0.3993015 0.0789609 0.5419744 0.1257586 -0.0937066 0.1856915 0.1986500 0.1063009 0.0144680 0.1317712 0.0981840 -0.0404136 0.2916100 0.1621242 -0.2990118 0.0104954 -0.0154307 0.1135606 0.0724901 -0.1027127 0.1887044 0.0181788 0.0813740 -0.2977500 -0.1210190 0.2113404 -0.0051507 0.0148675 0.0568181 -0.2563820 0.1048971 0.0600543 0.0755196 -0.3562875 0.1190081 0.1584466 0.0935425 -0.0516035 -0.1747985 -0.0603503 -0.2027839 -0.0777872 0.5118004 0.8211324 0.6595258 0.6031939 0.3067405 0.4697803 0.1677529 -0.3378326 -0.6635552 -0.3790957 -0.6670973 -0.1456373 0.5112164 -0.2396011 -0.2296891 0.5315735 0.7058971 -0.2059473 0.6294947 0.5010639 -0.0619758 -0.1130282 0.1649334 0.1007589 0.3055984 -0.1297128 -0.2663741 -0.0782954 0.0407050 0.0075976 -0.2390367 0.2620429 0.0381826 0.1351491 0.0162585 -0.2813737 -0.0112383 -0.2098347 0.1249752 0.1846217 0.5409503 0.4083531 -0.3606381 0.0874911 -0.0252431
0.0379631 0.5019642 0.7678545 0.5402681 0.0000000 0.4160657 0.2563115 0.7329595 0.4689315 0.5519228 0.5567609 0.2660565 0.7731236 0.3309937 0.1961695 0.1726052 -0.0108941 0.2050751 -0.0939793 0.7613961 0.1991404 0.1063100 -0.0752213 0.3324751 -0.0839146 -0.0365965 -0.3625296 0.0665383 0.2314885 -0.1638602 0.6291406 -0.0222874 0.0110970 0.2064021 -0.2022351 0.1485025 0.1870197 0.0689219 -0.1442345 -0.3541676 0.1702462 0.1659588 -0.2381778 -0.3053461 0.2368445 0.0609710 -0.0239505 0.0991662 -0.1145112 -0.1439495 -0.2191225 -0.3470699 0.1477623 -0.3592113 0.3219026 0.1822398 0.2502530 -0.2194196 -0.0998019 -0.0348373 0.4041788 -0.1203879 0.1638119 0.2258409 0.5502654 0.2731834 -0.0613951 -0.1735733 0.0829439 -0.0434062 0.0298413 0.4632514 -0.1799178 0.6297973 0.0291964 0.2211872 0.5879649 0.2436642 0.5754571 0.5046941 0.2940063 0.0775542 -0.1789168 -0.0956471 0.3765182 0.0528917 0.1157785 0.2428495 -0.1481398 -0.1424040 0.1591495 0.0629788 0.0444976 0.0341574 0.0705245 0.0758117 -0.1987109 -0.0344607 0.0405440 -0.1138331 -0.1187103 0.0632258 -0.0880865 -0.0603772 -0.0193396 0.2672851 -0.1418108 -0.2595485 0.3043916 -0.1389422 0.2650458 -0.2160876 -0.2959500 -0.2470424 -0.0931363 -0.1761793 -0.0686293 -0.0012625 -0.1495087 -0.0702199 -0.1427002 -0.2024221 0.1989734 -0.0635623 -0.0989966 0.2958891 -0.0154527 0.2183174 0.1131015 -0.0040480 -0.0676005 0.0260205 0.1118604 0.4051865 0.2988339 0.2113265 0.1456486 0.2454679 0.2203065 -0.0231772 0.1268232 0.2281428 0.0153049 0.4481051 0.3094614 -0.0272803 0.1086240 0.0341101 0.1261553 0.2254878 0.1601917 0.3721117 0.0881650 0.0461028 -0.2217334 0.2337355 0.2048011 0.0908601 0.0682450 0.1869946 0.0111114 0.1897246 0.2702894 0.1170555 -0.1974763 0.2745222 0.1304754 0.0552700 -0.0366180 -0.0819595 -0.0409176 -0.1409266 -0.2337922 -0.1167437 0.2203095 0.1181664 0.2364874 0.1943323 0.1646548 0.1348584 0.2227823 -0.4164609 -0.0958396 -0.3765684 0.0976641 0.6404059 0.3150246 0.4492442 0.6161310 0.5803623 -0.2240192 0.5801475 0.3789670 -0.1799804 -0.0899168 0.0548764 0.3273988 0.2145059 0.0794274 0.3175993 0.1341317 0.0766427 0.2531615 0.0176162 0.3525138 0.1231410 0.2340215 -0.0148431 -0.1537267 -0.0050475 0.0396953 -0.3108091 0.2174181 0.4279343 0.3891543 0.0349526 -0.4183536 -0.0381242
0.3078216 0.8605749 0.6066034 0.9441621 0.4160657 0.0000000 0.9388304 0.7850405 0.8843565 0.8529406 0.6541475 0.8758748 0.2107990 0.6110781 0.5027467 0.1765951 0.2709321 0.5064436 -0.3296893 0.4896078 0.8094701 -0.3348535 0.0492888 0.5230779 -0.4392381 -0.1146327 0.0337724 0.1016631 0.7120382 -0.1924326 0.1055530 -0.3725339 0.0771468 0.4172339 -0.1880314 0.5951323 -0.1389704 -0.4148658 -0.1473916 -0.5295494 -0.4240932 0.6126110 -0.1598706 -0.4059424 0.7345759 -0.3059378 -0.3575068 -0.2846253 0.1159034 -0.3125874 -0.3099132 -0.3044792 0.4879476 -0.2422143 -0.2699711 -0.3353029 -0.3999624 0.1180242 -0.5051596 -0.2896139 0.7426096 -0.0139300 -0.4211139 0.7231163 0.7829246 -0.3683768 -0.3100018 0.2462356 -0.4237590 0.4001051 -0.4911849 0.8241020 -0.0071207 0.5688389 -0.5190457 0.6070667 0.7655588 -0.4370180 -0.0269363 0.2424788 -0.1280066 0.1111263 -0.5091952 -0.4295856 0.1404974 -0.0911865 -0.0872863 0.1886383 0.0945148 -0.2460428 -0.0651502 -0.1664123 -0.0180992 0.1820414 0.0114750 -0.1635199 -0.3759706 0.1201262 0.2444444 0.1036472 -0.3174987 0.0185287 -0.3486753 -0.2157220 -0.2637951 -0.0179173 -0.0599322 -0.5055775 -0.0551306 -0.3039794 -0.0184237 -0.4601845 -0.4085624 -0.2322358 -0.1172461 -0.1942461 -0.2224130 -0.0893709 -0.2529375 -0.1647985 -0.1952714 -0.2501553 -0.2454312 0.0948635 0.0756098 -0.1751763 -0.1699614 -0.2893193 -0.1179987 0.0556017 -0.0384349 -0.5255028 -0.1033857 0.4360390 0.0463927 -0.2557079 0.0353801 0.0413650 -0.0710217 0.0261037 0.1422965 0.0150590 -0.1004078 0.0917783 0.0087394 -0.2904558 -0.1070252 -0.0651043 0.0986128 -0.0157492 -0.2172155 0.0391982 -0.0751608 0.1224689 -0.2602038 -0.2333069 0.1009192 -0.0036879 -0.1195012 -0.0958638 -0.1873169 0.0376516 -0.0459867 -0.0655079 -0.3157957 0.0045890 0.1061503 0.1184074 -0.1418762 -0.2458010 -0.0416429 -0.2284840 -0.1494643 0.5525978 0.9196722 0.6578952 0.6243931 0.3180971 0.5398546 0.1982188 -0.3255332 -0.6574560 -0.4529549 -0.6983936 -0.3235641 0.3849612 -0.4124927 -0.3387822 0.4640177 0.6159059 -0.2051691 0.5693264 0.4504732 -0.0419532 -0.1320413 0.1562852 0.0371024 0.2525537 -0.0818631 -0.3461522 -0.1043780 -0.0402938 -0.1089534 -0.3076742 0.2252599 -0.0078468 0.0715944 0.0460925 -0.2990518 -0.0362532 -0.2686595 0.2380535 0.1988856 0.4800925 0.4031457 -0.4564164 0.2542732 0.0238049
0.1335952 0.7410197 0.4728154 0.8189719 0.2563115 0.9388304 0.0000000 0.6420614 0.8566652 0.7599570 0.5168997 0.9210904 0.0320401 0.5917470 0.5840317 0.0209488 0.2313005 0.5547518 -0.4688183 0.4093048 0.7475665 -0.4262773 -0.0836573 0.5013553 -0.5787861 -0.2714141 0.1200978 0.2010855 0.6620743 -0.1835416 0.0388021 -0.4778340 0.1114423 0.3870939 -0.2626369 0.5033385 -0.3250548 -0.5284550 -0.0982521 -0.5330859 -0.4921976 0.5675824 -0.1227920 -0.2428556 0.6911070 -0.4623285 -0.4741851 -0.3414549 0.1699550 -0.3892128 -0.3561762 -0.3166302 0.4798458 -0.1969054 -0.3651556 -0.4747883 -0.5029046 0.1516317 -0.5733127 -0.3662572 0.6238368 -0.0666437 -0.4465366 0.6709022 0.6634304 -0.4197234 -0.3614886 0.2330919 -0.4994668 0.3541407 -0.5335166 0.7054137 0.0076637 0.4342135 -0.6532239 0.5747412 0.6017365 -0.5349264 -0.1900935 0.1723411 -0.2425484 -0.0472230 -0.6446225 -0.4929344 0.0630109 -0.2092357 -0.1160071 0.0824424 -0.0036634 -0.2969514 -0.1015077 -0.0661108 0.0514742 0.3562366 -0.0794383 -0.2858700 -0.2977714 0.1762673 0.1538230 0.0931390 -0.3285280 -0.0631544 -0.4506679 -0.2008922 -0.3769615 -0.2245537 -0.0224236 -0.4901368 -0.1854134 -0.1901492 -0.2112207 -0.3087672 -0.4995449 -0.1955764 -0.0348751 -0.2145028 -0.2362400 -0.0583218 -0.2497163 -0.1694191 -0.1830171 -0.2491777 -0.2716092 0.1699345 -0.0521229 -0.2920100 -0.3767412 -0.3907372 -0.2530678 -0.1714285 -0.2189138 -0.5085355 -0.3000746 0.3051926 -0.0001118 -0.3782588 -0.1357475 -0.0938180 -0.2320401 0.0142258 0.0606220 -0.0725147 -0.2307326 -0.1285092 -0.1651445 -0.3577302 -0.2327149 -0.1540772 0.0221394 -0.0702092 -0.2658810 -0.1056316 -0.1855485 0.0588092 -0.3391015 -0.4112928 -0.0841135 -0.1118804 -0.2760782 -0.1872304 -0.2955745 -0.0421823 -0.2191765 -0.1561108 -0.3698021 -0.1592118 -0.0469438 0.0123767 -0.2308223 -0.2835842 -0.1491570 -0.2966770 -0.1322987 0.5611161 0.8722954 0.6165620 0.5351460 0.2480751 0.4069218 0.0213214 -0.4272878 -0.6606024 -0.4843253 -0.6921414 -0.4862315 0.2291167 -0.5687566 -0.4467628 0.3105512 0.4618952 -0.1852027 0.4377354 0.3934849 -0.0087072 -0.1590293 0.1441337 -0.0316108 0.2287372 -0.0423842 -0.4645150 0.0697603 -0.0086588 -0.2394942 -0.3650700 0.2373640 -0.1426751 -0.0361547 0.1579273 -0.1893090 0.0588468 -0.3517030 0.2942676 0.2251158 0.4718674 0.3725572 -0.4663725 0.3059779 -0.0284701
0.3409451 0.7872047 0.7079729 0.8966347 0.7329595 0.7850405 0.6420614 0.0000000 0.7156911 0.8680755 0.8223319 0.5773788 0.6523392 0.5250497 0.2820720 0.3406103 0.2195822 0.3933154 -0.1025714 0.5781656 0.4923270 0.0214538 0.1885581 0.4036496 -0.1402536 0.1402835 -0.1060161 0.0729531 0.4421855 -0.1129208 0.4158272 -0.1040507 -0.0563040 0.2721601 -0.0223552 0.3324408 0.1739935 -0.0700970 -0.0786521 -0.3799732 -0.1162292 0.3177289 -0.1088552 -0.4104082 0.4363997 0.0085592 -0.1199699 -0.1677447 -0.0247411 -0.1533373 -0.1980063 -0.1802442 0.2693934 -0.2126224 0.0024721 -0.0679159 -0.1231996 0.0072979 -0.3165022 -0.0657931 0.6697748 0.1037952 -0.2257368 0.5518483 0.7570989 -0.1913695 -0.1291774 0.1669654 -0.2405032 0.3124162 -0.3554069 0.7664446 0.0394248 0.7237973 -0.1914683 0.5562075 0.8228127 -0.0914274 0.3296938 0.2396488 0.0571943 0.3473061 -0.3509831 -0.1315906 0.3995264 0.0657413 0.1225286 0.2558213 0.0197608 -0.1252082 -0.0191110 -0.1013095 0.0103570 -0.0350091 0.1195344 0.0060567 -0.4398207 0.0607714 0.2724213 0.1024031 -0.1775625 0.0903490 -0.1870547 -0.2745586 -0.1728496 0.3037785 0.1133079 -0.2296888 0.1201079 -0.0659513 0.2189483 -0.2546768 -0.1835404 -0.1051155 -0.0475944 -0.1944668 -0.1138792 0.0835030 -0.1529829 -0.0169423 -0.0465440 -0.2445223 -0.0524134 0.1523736 0.1404494 -0.0778244 -0.0479021 -0.1121788 -0.0026543 0.2129430 0.1059083 -0.3002676 0.0997145 0.6233442 0.0162102 -0.1300810 0.1243557 0.1219628 0.0475696 -0.0985336 0.0092403 -0.0344519 -0.0891658 0.4110671 0.1244751 -0.2973947 -0.1055478 -0.1394982 -0.0016578 -0.0397512 -0.1496647 0.1569443 -0.1215354 -0.0611066 -0.3562845 -0.1154585 0.0978083 -0.1324243 -0.0343520 0.1224577 -0.2713283 -0.0373788 0.1469101 0.0267772 -0.4719618 0.0441301 0.0110124 -0.0708838 -0.1745612 -0.3229741 -0.1886585 -0.3310390 -0.1256714 0.3333990 0.5672743 0.5175820 0.5094406 0.3198915 0.3560252 0.0914815 -0.2310344 -0.6747736 -0.3941838 -0.6998796 -0.0920707 0.5682431 -0.1120211 -0.1114930 0.6100198 0.6940633 -0.1733426 0.6347164 0.5490672 -0.0307819 -0.1171865 0.1755350 0.2648284 0.4050692 -0.1370527 -0.1500500 -0.0222920 0.0806602 -0.0138337 -0.2119881 0.2057246 -0.0719083 0.0734160 0.0356484 -0.3081611 -0.0627597 -0.2146082 0.0002744 0.0266675 0.5270470 0.5026653 -0.2487560 -0.1228262 -0.0860029
0.1584690 0.6755803 0.6251065 0.7955993 0.4689315 0.8843565 0.8566652 0.7156911 0.0000000 0.8339388 0.6565165 0.8675232 0.2429872 0.7635463 0.7535080 0.1867012 0.3872929 0.7706470 -0.3628610 0.5034680 0.7038385 -0.3979713 0.1039339 0.7392630 -0.4589360 -0.1243227 0.1218586 0.3604848 0.7449669 0.0971661 0.1148176 -0.3560421 0.1470017 0.5554811 -0.1174967 0.6480007 -0.1334523 -0.4191232 0.0783559 -0.2897286 -0.3889083 0.6628097 -0.0280622 -0.2837168 0.7366937 -0.2980140 -0.2611668 -0.2088469 0.1539507 -0.1743509 -0.2899428 -0.1886347 0.5371938 -0.0732094 -0.2001473 -0.1921518 -0.4045863 0.2085833 -0.4662745 -0.2775275 0.6267170 0.0034310 -0.2586741 0.7110447 0.6417645 -0.3596860 -0.2673157 0.2658007 -0.2826797 0.4543928 -0.5028363 0.8034809 0.0546369 0.6160212 -0.6856737 0.6943257 0.7384856 -0.4535305 -0.0194007 0.2419571 -0.1836433 0.0177184 -0.4641034 -0.4141683 0.1605674 -0.0020089 -0.1005699 0.3460399 0.1330746 -0.1786947 0.0940992 0.0454980 0.0593507 0.4200145 0.0806238 -0.0852719 -0.1574137 0.0497994 0.1612807 0.2615698 -0.2171646 0.0185838 -0.3238299 0.0224610 -0.1299927 0.0319264 -0.1529795 -0.5507872 -0.0998257 -0.3939693 -0.0473037 -0.5805546 -0.5410249 -0.3295871 -0.1305596 -0.1370882 -0.1755778 -0.2003133 -0.2921133 -0.2391702 -0.2991091 -0.3452397 -0.2008002 -0.0266782 -0.0164784 -0.2424840 -0.1985907 -0.2454062 -0.1713584 0.0308315 -0.1484766 -0.3819751 -0.0635744 0.3748805 0.1358981 -0.2860834 0.0018973 0.0166524 -0.1040489 -0.0305294 0.2545584 0.0311744 -0.0372563 0.0308472 0.0235293 -0.3074164 -0.0602271 0.0227260 0.1959387 -0.0037230 -0.2982693 -0.0108578 0.0039048 0.2088885 -0.0404544 -0.3017185 -0.0118069 0.1616086 -0.0939537 -0.2037699 0.0458317 0.0118917 -0.0847293 -0.2323678 -0.1298845 0.0047238 0.0669915 0.2033174 -0.1458627 -0.3461048 0.0663807 -0.1687490 -0.2338394 0.4442374 0.7952664 0.4604547 0.4792760 0.2732551 0.4349665 0.0604626 -0.2320356 -0.6643680 -0.3682133 -0.6989077 -0.3013821 0.3397931 -0.3138052 -0.2131610 0.4578366 0.5823294 -0.2213146 0.4628831 0.3390930 -0.0159040 -0.1665870 0.1094280 0.0004933 0.1127002 -0.1381549 -0.3270423 -0.0966378 -0.1883232 -0.2594650 -0.3703825 0.2029568 -0.1048594 -0.0537214 -0.1800791 -0.2150795 -0.1741322 -0.2747859 0.1473630 0.1526574 0.5132729 0.2816918 -0.4664120 0.2457714 -0.0820908
0.2199710 0.7493793 0.5930678 0.8946432 0.5519228 0.8529406 0.7599570 0.8680755 0.8339388 0.0000000 0.8758990 0.6777935 0.3799595 0.7813311 0.3950729 0.3815448 0.5105022 0.6226956 -0.2559089 0.4296272 0.5662401 -0.1443696 0.2792936 0.4803140 -0.2453224 0.0901048 0.1729903 0.1882097 0.5284632 0.0146909 0.3211103 -0.2018582 -0.1010636 0.3057324 0.0717083 0.3919557 -0.0053026 -0.1608648 0.0285295 -0.3317626 -0.2510839 0.3903913 0.0499686 -0.4421548 0.5550524 -0.0367014 -0.1502480 -0.1809447 -0.0308569 -0.0043538 -0.2086018 -0.0484439 0.3149661 -0.0675702 -0.0497095 -0.0329468 -0.3049445 0.1133614 -0.4369396 -0.1356843 0.6267511 0.1258693 -0.2480293 0.6057029 0.6418581 -0.3525060 -0.1899049 0.3648269 -0.2240157 0.4499168 -0.5307857 0.7852204 0.0262279 0.6504818 -0.4457333 0.6457621 0.7499767 -0.3916672 0.0902572 0.0059916 -0.1185867 0.2825648 -0.3902250 -0.3061461 0.3311553 0.1295599 0.1413769 0.3050488 0.2148740 -0.1305618 0.1279247 0.1297208 0.1780391 0.1223360 0.2851038 0.0777548 -0.1659897 0.2253645 0.3754212 0.1170262 -0.2544756 0.1186531 -0.3282753 -0.1333559 -0.0425921 0.2311737 0.1221674 -0.4219889 0.0542883 -0.1453982 0.1225245 -0.3897364 -0.3781093 -0.0520631 -0.1154349 -0.1184955 -0.0684859 -0.0343503 -0.2400642 0.0030967 -0.0277110 -0.1489842 -0.1289159 -0.0245014 0.0815726 -0.1231239 0.0000514 -0.1003572 -0.0194797 0.1252919 0.0766776 -0.2836655 0.0225899 0.4322459 0.0571140 -0.1526348 0.0582570 0.1550383 -0.0334575 -0.0280971 0.0828332 -0.0632420 -0.1704780 0.2095676 0.0835303 -0.4274459 -0.0773865 -0.1107101 0.0181986 -0.0684994 -0.1979637 0.0724559 -0.0359208 0.0040034 -0.2662387 -0.2837636 -0.0534446 -0.0592456 -0.1361701 0.0176308 -0.2371406 -0.0202089 -0.0287094 -0.0118898 -0.3452061 -0.0048596 -0.0115560 0.0272892 -0.2029791 -0.3484316 -0.0952140 -0.2833285 -0.2162700 0.3583934 0.6813273 0.5208803 0.5070032 0.2515860 0.3502463 -0.0139235 -0.3513143 -0.7170020 -0.5420719 -0.7516547 -0.1566040 0.3774596 -0.2474990 -0.2840440 0.4485367 0.6089371 -0.1351289 0.5117027 0.4140807 0.0172024 -0.0327557 0.1697841 0.0943613 0.1989592 -0.2412943 -0.2930537 0.0260233 0.1321354 -0.1137675 -0.3528857 0.0611537 -0.1652310 0.0019314 -0.0725187 -0.3053723 -0.0873069 -0.3258677 0.1077191 0.0295572 0.4112514 0.2228432 -0.2892480 0.1187383 -0.0528753
0.1942409 0.5726934 0.4769133 0.7384123 0.5567609 0.6541475 0.5168997 0.8223319 0.6565165 0.8758990 0.0000000 0.4117897 0.5645087 0.6817444 0.2127807 0.7101861 0.6543689 0.5110957 0.1068214 0.3056929 0.2948541 0.0743103 0.6179388 0.3219120 0.1657133 0.4886413 0.2950988 0.1753406 0.3423904 0.1699495 0.3899880 0.2395684 -0.2179230 0.1909781 0.4280409 0.1305690 0.4041956 0.1336074 0.2336540 -0.0595944 0.0381023 0.1148704 0.2978689 -0.3433861 0.3808311 0.3380261 0.2549350 0.0084255 -0.0574861 0.2214793 0.1674636 0.2852103 0.1428458 0.1605691 0.1804430 0.2279605 -0.0436455 0.2607192 -0.2470077 0.2401236 0.5586824 0.5077310 -0.1180888 0.5394517 0.5029376 -0.2169934 0.1586831 0.5746102 0.0440372 0.6040597 -0.2393436 0.6398454 0.3481194 0.5085914 -0.1054235 0.6594541 0.5879830 -0.0579832 0.2574640 -0.1607515 -0.0116793 0.4788715 -0.2715472 0.0713116 0.5706466 0.4496127 0.4325317 0.3474373 0.4243895 0.2173779 0.2941976 0.2737104 0.2164504 -0.1102451 0.5778158 0.4527333 -0.0103325 0.3045775 0.4964758 -0.1075671 0.0021715 0.4088006 -0.1562428 -0.2985782 0.1625745 0.5418089 0.4116375 -0.1268446 0.1551288 -0.0226538 0.2632782 -0.2871923 -0.1701184 0.0128268 -0.2841877 -0.2336695 -0.1546090 -0.1680085 -0.3240303 -0.1770451 -0.1058764 -0.1517427 -0.0391296 -0.1352623 0.0366351 -0.0828368 0.2100798 0.0018742 0.0156723 0.2542018 0.1290184 -0.0792333 0.1961624 0.2177457 -0.0546380 -0.0230278 0.0033942 0.0902515 -0.0782479 -0.1382498 -0.1025644 -0.2042472 -0.1248550 0.0892457 0.0002251 -0.2124943 -0.1915811 -0.2517125 -0.1800152 -0.2495441 -0.2371438 -0.0919921 -0.1716288 -0.1724608 -0.2783715 -0.1525479 -0.0861482 -0.1832185 -0.0670474 0.1987718 -0.1086421 -0.1431776 0.1092713 0.0832871 -0.3575169 -0.1224111 -0.0551808 -0.1428867 -0.2429800 -0.3241203 -0.1221682 -0.3192794 -0.3410818 0.1739555 0.4184889 0.3488056 0.3278077 0.1339380 0.2202516 -0.0139836 -0.1844737 -0.5117794 -0.5452648 -0.6081914 -0.0566146 0.3267768 -0.1418613 -0.2297837 0.3011865 0.3629751 -0.2990715 0.2886416 0.2409672 0.0086342 -0.0642080 0.1071316 0.0862639 0.1514594 -0.2672785 -0.1735590 -0.1259689 0.1488060 -0.1389794 -0.3038262 -0.0385676 -0.1005759 -0.0367017 -0.0133226 -0.3672955 -0.2576974 -0.3160425 0.0797490 -0.1216604 0.2481607 0.2648933 -0.0370907 -0.0153276 -0.1806015
0.2104819 0.6833550 0.5124367 0.7462734 0.2660565 0.8758748 0.9210904 0.5773788 0.8675232 0.6777935 0.4117897 0.0000000 0.0320158 0.5969123 0.7513540 -0.0948314 0.2225662 0.6337791 -0.4162847 0.4960590 0.8139358 -0.3722541 -0.1337930 0.6357759 -0.5320938 -0.3129044 0.1356894 0.3673996 0.7594804 -0.0506322 0.0645924 -0.4561493 0.3016459 0.5488464 -0.3043024 0.6829873 -0.3423742 -0.5424471 0.0469481 -0.4290578 -0.4353505 0.6830431 -0.0847192 -0.1199287 0.7178688 -0.4846672 -0.4738730 -0.3201297 0.2588555 -0.3967759 -0.3923510 -0.3057307 0.5892589 -0.0897575 -0.3767411 -0.4465205 -0.4796617 0.1795097 -0.6206933 -0.4122553 0.5417119 -0.1116028 -0.3939604 0.6769279 0.5908557 -0.3639767 -0.4301601 0.1389416 -0.4509666 0.3447475 -0.5956985 0.7200936 -0.0754914 0.4558784 -0.7120465 0.5725386 0.6273779 -0.5637265 -0.2175793 0.2148490 -0.3349815 -0.0788415 -0.5365029 -0.5315907 0.0453183 -0.2576139 -0.2775576 0.1237780 -0.0592545 -0.3434254 -0.2339338 -0.1963493 0.0656424 0.3741865 -0.2349293 -0.3353954 -0.3288289 0.1420634 -0.0134720 0.1685191 -0.4550943 -0.0994112 -0.3744888 -0.1593346 -0.3702179 -0.2323044 -0.1544572 -0.5066174 -0.2129074 -0.3267556 -0.2498644 -0.4804460 -0.4531757 -0.2439897 0.0853794 -0.0448992 -0.0976549 0.0256749 -0.1357134 -0.0903661 -0.1002665 -0.1181447 -0.2887867 0.2353691 0.0751001 -0.4003426 -0.3945498 -0.3499919 -0.2418796 -0.1081329 -0.1418140 -0.4413822 -0.2354902 0.4136771 0.0678300 -0.3505453 0.0207551 0.0262778 -0.0973397 0.1024425 0.2182317 0.0455242 -0.0703694 -0.0657851 -0.0121684 -0.3011316 -0.0500904 0.0346806 0.1520910 0.0670562 -0.2002379 0.0233447 0.0144467 0.2362186 -0.0996098 -0.2580922 0.0567130 0.1388900 -0.1249770 -0.1677576 -0.0604618 0.1645904 -0.0681308 -0.1111273 -0.0877852 0.0283672 0.1282445 0.1901392 -0.0599044 -0.1453086 0.0626995 -0.1004519 -0.0873270 0.5315740 0.8306574 0.5568086 0.5199028 0.2354100 0.4340155 0.0205399 -0.4361367 -0.7226810 -0.4230865 -0.7508100 -0.5388636 0.1837631 -0.5227026 -0.3437890 0.3436000 0.5124332 -0.1491863 0.4582393 0.4002058 -0.0658137 -0.2566904 0.0684948 -0.0143923 0.1838854 -0.1410960 -0.4558581 0.1379658 -0.1386945 -0.3214490 -0.2925825 0.2852971 -0.2175316 0.0342202 0.0883097 -0.0743574 -0.0497477 -0.3496158 0.2847575 0.3645860 0.5667526 0.3572553 -0.4221740 0.3393930 0.1134778
0.3004779 0.4702370 0.4731854 0.4106773 0.7731236 0.2107990 0.0320401 0.6523392 0.2429872 0.3799595 0.5645087 0.0320158 0.0000000 0.0395478 0.0299483 0.3443572 -0.0640234 0.0174886 0.4102213 0.5287719 -0.0983639 0.5694039 0.2296187 0.0608918 0.3573639 0.3806835 -0.2254422 0.0012525 -0.0854335 0.0536304 0.7593614 0.3955032 -0.2183542 -0.0536417 0.2218192 -0.0815962 0.6133481 0.5521939 0.0073319 -0.0056025 0.5699161 -0.1163732 0.0190518 -0.1276289 -0.1558194 0.5168204 0.4079101 0.3802671 -0.1844154 0.2639083 0.2242605 -0.0202265 -0.1563855 -0.0986963 0.5894095 0.4827143 0.4503092 -0.0659900 0.1296854 0.4244326 0.1726629 0.2410758 0.3988375 0.0959724 0.2889433 0.2856665 0.3776393 -0.0936397 0.3380074 0.0642111 0.2252233 0.2559387 0.2193808 0.4296664 0.4026274 0.1384303 0.3557224 0.6084646 0.7201136 0.1761894 0.3891723 0.3892942 0.1886471 0.4189482 0.4141702 0.4239243 0.3457894 0.1364037 0.0974375 0.2095614 0.2374389 -0.1025476 0.0181105 -0.3286714 0.3023119 0.3573644 -0.2276395 -0.0938211 0.2079737 -0.1311823 0.2436764 0.3759468 0.3868673 -0.3240134 0.1661920 0.5608924 0.2075061 0.2247891 0.4843011 -0.0559117 0.5386957 0.0034750 0.1089437 -0.2324408 -0.2644144 -0.2868277 -0.2334537 -0.1327490 -0.2301751 -0.2441997 -0.2227728 -0.2517718 0.4438523 -0.1006466 0.1945000 0.2695974 0.3533319 0.3443578 0.2706458 0.3736653 0.2209628 0.3293687 0.4145135 0.3924635 0.2166673 0.3141222 0.2027672 0.3177685 0.2610698 -0.0351254 -0.0425800 0.1444810 0.1911153 0.4284466 0.2698605 0.1770809 0.0295991 -0.1152824 0.0131128 0.1641747 0.2705939 0.3131336 0.0060382 -0.1448773 -0.2107819 0.4167662 0.2790244 -0.0500972 0.2641454 0.5377183 0.0512270 0.1858451 0.5012648 0.3716512 -0.1624107 0.2582155 0.1426918 -0.1558897 0.0574406 0.0476152 -0.0872589 -0.1296367 -0.0443259 -0.0077605 -0.0124295 0.1129492 0.0876667 0.1505726 -0.0233826 0.1511463 0.2507099 -0.1920739 0.0393508 -0.2001113 0.1550718 0.4588635 0.2982950 0.2589831 0.4410911 0.3914890 -0.4055227 0.3147761 0.3230755 -0.0850864 -0.0973627 0.1130282 0.4452053 0.3271221 -0.0711290 0.3152233 0.0273948 0.1494693 0.3164440 0.2512653 0.2332203 0.1646851 0.3013800 0.0510358 0.0993036 -0.0685186 0.2105373 -0.1824712 -0.0063268 0.2960253 0.4861817 0.2845963 -0.4836842 -0.2286206
0.0320593 0.3523491 0.3796416 0.5653813 0.3309937 0.6110781 0.5917470 0.5250497 0.7635463 0.7813311 0.6817444 0.5969123 0.0395478 0.0000000 0.6280508 0.3065235 0.7820311 0.9157751 -0.3235082 0.1823085 0.3795037 -0.3090876 0.2829475 0.6950162 -0.2123543 -0.0107863 0.5045370 0.5956571 0.5929735 0.4085409 0.1009997 -0.1771536 0.1481882 0.5429988 0.0822855 0.4423620 -0.1587447 -0.3322779 0.4133172 0.0122464 -0.3097940 0.4724444 0.2778908 -0.1609500 0.6899907 -0.2153273 -0.1919023 -0.2555005 0.2586620 -0.0316515 -0.2108774 0.1988501 0.5421863 0.2909230 -0.1814039 -0.0927004 -0.4358120 0.4368788 -0.3766502 -0.2180061 0.5147750 0.2028042 -0.1682682 0.7048820 0.4277917 -0.3554823 -0.2373084 0.5901498 -0.1557878 0.6568467 -0.5687561 0.7320996 0.1602289 0.5476543 -0.6470058 0.8174821 0.5415609 -0.5634481 -0.0416974 -0.0437885 -0.2523653 0.0405450 -0.4490372 -0.3179566 0.3929987 0.0863738 -0.0130686 0.3658581 0.2716595 -0.0205876 0.0523469 0.3726668 0.2842993 0.3053128 0.2034066 0.1516052 0.1058085 0.3085730 0.2613759 0.2373021 -0.3312935 0.0340762 -0.4414757 0.0721752 0.0649507 0.1080069 0.0351128 -0.4433705 -0.1235455 -0.0473782 -0.0157390 -0.4313538 -0.3811218 0.1236508 0.1011375 0.1633391 0.1393398 -0.0832835 -0.1285504 0.0058942 0.0144308 0.0381871 -0.3805788 -0.1345191 -0.0698657 -0.4085060 -0.1164022 -0.1860931 -0.3945800 -0.1161585 -0.1276961 -0.2552437 -0.0986659 0.1274164 0.0173015 -0.2938943 -0.0259446 -0.0931648 -0.1233666 -0.2537248 0.0828705 -0.1358049 -0.1989690 -0.1523797 -0.0094431 -0.4224224 0.0095226 0.0767503 0.0162120 -0.1173819 -0.4048903 -0.1515036 0.0736717 0.1218485 -0.0556987 -0.4451209 -0.2163426 0.1007544 -0.0948734 -0.2655981 -0.0004518 -0.0499468 -0.0740159 -0.2708951 -0.1166704 -0.1257309 -0.0136866 0.2571051 -0.1316896 -0.3925473 0.0795136 -0.1088430 -0.2198143 0.1094981 0.5101703 0.1349493 0.1292401 -0.0176859 0.0684036 -0.2968330 -0.3057234 -0.5523970 -0.4777937 -0.6004076 -0.2042187 0.2222710 -0.2265753 -0.1239098 0.2159645 0.3338179 -0.0982168 0.2073994 0.0928951 -0.1405807 -0.2827364 -0.1997209 -0.3576908 -0.0863018 -0.2012095 -0.5216505 0.0132440 -0.0215809 -0.2992394 -0.4393904 -0.1194466 -0.2568064 -0.3598693 -0.2413503 -0.4115085 -0.1351381 -0.3486878 0.0635541 -0.0243453 0.2804486 0.0037287 -0.2910920 0.4135173 0.0663664
0.0658139 0.2925895 0.3227384 0.3456934 0.1961695 0.5027467 0.5840317 0.2820720 0.7535080 0.3950729 0.2127807 0.7513540 0.0299483 0.6280508 0.0000000 -0.1348300 0.2805253 0.8303363 -0.2916617 0.3338601 0.4544534 -0.2893567 -0.1337595 0.8678346 -0.3923154 -0.3409698 0.2389666 0.7636205 0.6933697 0.3946186 0.0476762 -0.3321936 0.5268450 0.7460436 -0.2633914 0.6648997 -0.2885144 -0.4228771 0.3248283 0.0168879 -0.2435697 0.6927792 0.0478555 0.2498884 0.6355837 -0.4607162 -0.3446927 -0.1639796 0.5395027 -0.2242463 -0.3441113 -0.1340369 0.7186473 0.1803737 -0.2635752 -0.2611064 -0.4232146 0.4479392 -0.3002561 -0.3717769 0.3429766 -0.0843624 0.0493328 0.6579463 0.3428719 -0.2424718 -0.3153065 0.1616107 -0.1824852 0.4308632 -0.4876470 0.5945803 0.0910368 0.4330238 -0.7388559 0.6202077 0.3937261 -0.4408983 -0.1530163 0.1724801 -0.3235555 -0.3434778 -0.3357560 -0.2923160 0.0383746 -0.1415175 -0.4118118 0.2141094 -0.0126287 -0.2054746 -0.2003151 -0.0922152 -0.0267793 0.5064803 -0.2698029 -0.2404710 -0.1367469 -0.0291030 -0.1703681 0.4101049 -0.3187083 -0.1351271 -0.1423276 0.1026108 -0.1625281 -0.2377641 -0.2544225 -0.3176078 -0.1879322 -0.2151100 -0.1731138 -0.4257856 -0.3037849 -0.1705162 0.2375625 0.2221236 0.0725087 -0.0514726 -0.0040420 -0.1483377 -0.1536782 -0.1069793 -0.3066099 0.0936839 0.1084727 -0.5492698 -0.2656398 -0.2972874 -0.4950018 -0.0848735 -0.1714136 -0.1794188 -0.0785869 0.2689473 0.2056963 -0.3864999 0.0565757 -0.1422704 -0.0330299 -0.2278582 0.2438201 0.0862916 0.0445520 -0.1838109 0.0473980 -0.2082687 0.0973572 0.2363460 0.2266177 0.1419722 -0.2721564 -0.0581259 0.1834753 0.2547292 0.1867762 -0.2613087 -0.0136984 0.3057080 0.0486655 -0.3483558 0.2029704 0.1766826 0.0375865 -0.3033273 0.1462114 0.0229384 0.0862719 0.3406906 0.0556839 -0.2018918 0.1682530 0.0317157 -0.0207339 0.2322291 0.4671253 0.0384976 0.0234423 -0.0289149 0.0356515 -0.2535813 -0.2336999 -0.4117160 -0.1081415 -0.4281594 -0.3659079 0.1332683 -0.2631364 -0.0308399 0.2252312 0.2959741 -0.2033616 0.1040019 0.0851807 -0.2736813 -0.5118249 -0.3059571 -0.2773394 -0.0481174 -0.1682929 -0.5050697 0.0491414 -0.3215029 -0.3324427 -0.2847678 0.1590248 -0.2653386 -0.2940277 -0.2388805 -0.0320271 -0.1552573 -0.1268964 0.0109161 0.1834897 0.3826819 0.2093407 -0.3758822 0.4911749 0.1059258
0.0710916 0.1045175 -0.0178886 0.2131610 0.1726052 0.1765951 0.0209488 0.3406103 0.1867012 0.3815448 0.7101861 -0.0948314 0.3443572 0.3065235 -0.1348300 0.0000000 0.6161534 0.1624906 0.5213936 -0.2106057 -0.0210038 0.1549072 0.8139738 0.0963233 0.5522941 0.8164818 0.2505633 0.0494424 0.1325633 0.1935995 0.1289780 0.5348341 -0.1279456 0.1130996 0.6684717 -0.2009012 0.6634557 0.3083466 0.3166167 0.2738618 0.1130410 -0.2059630 0.4052008 -0.0761516 0.1366165 0.6241891 0.6077455 0.0544120 0.0100991 0.4592894 0.4984511 0.5386482 -0.0164393 0.3717868 0.2152972 0.3678081 0.0322516 0.3174020 -0.0217923 0.4450751 0.2682481 0.6532017 -0.0535068 0.2268406 0.1045207 -0.2546065 0.4422953 0.6489369 0.1430831 0.5593824 0.1009738 0.2136810 0.4919356 0.0782101 0.2335415 0.3729463 0.1980333 0.2578079 0.2030112 -0.3288440 0.0971188 0.4771677 -0.1230367 0.3893341 0.3314390 0.4924863 0.4041242 0.0844285 0.4732533 0.3523873 0.2922722 0.2677559 -0.0957575 -0.4145306 0.6934768 0.6111712 0.1071454 0.0375251 0.2620992 -0.3037352 0.1551868 0.3377732 -0.0249052 -0.3299035 0.2250176 0.5101849 0.4447905 0.2194316 -0.0698199 0.0832126 0.1017810 -0.1522507 0.1995480 0.1859304 -0.3492618 -0.0537122 0.0296945 -0.1526430 -0.0646432 -0.2126895 -0.0303862 0.0865613 -0.1928284 -0.0893800 0.0408041 -0.0180190 0.4688611 -0.1359965 0.0451264 0.3770050 0.1487618 -0.0462897 0.1846904 -0.1601942 -0.3838499 -0.1060273 -0.2077223 -0.1914964 -0.3127951 -0.2366153 -0.3488513 -0.4968189 -0.1263282 -0.0742028 -0.2189125 -0.0492722 -0.4128001 -0.4719534 -0.3715239 -0.5842579 -0.3460277 -0.4004896 -0.4052914 -0.3707927 -0.1637977 -0.0666962 -0.2706646 -0.3756543 -0.0896220 0.0991879 0.0681302 -0.4505824 0.0667460 -0.1002993 -0.2615580 -0.3937571 -0.2647303 -0.2706645 -0.3464625 -0.4322378 -0.1646011 -0.3154586 -0.3129647 -0.1431355 0.0526665 0.0421052 0.0931968 0.0105397 0.1469851 0.1779531 0.1897244 0.0224194 -0.5017939 -0.1981202 0.1205363 0.0262045 0.0253276 -0.1935111 0.0528771 -0.1022917 -0.2368031 -0.0905498 -0.1482092 0.0435205 0.0602454 0.0356538 0.0477292 -0.0846597 -0.2739773 0.0128003 -0.5104140 0.1769748 -0.0781951 -0.2085388 -0.5018275 0.0495619 -0.0372296 -0.1184701 -0.3729956 -0.3955025 -0.0746469 0.0970529 -0.4882282 -0.3917151 -0.0607681 0.2003698 0.0299302 -0.1204806
0.0116930 0.0212563 0.0504496 0.2453849 -0.0108941 0.2709321 0.2313005 0.2195822 0.3872929 0.5105022 0.6543689 0.2225662 -0.0640234 0.7820311 0.2805253 0.6161534 0.0000000 0.6662069 0.0528059 -0.1528284 0.1112419 -0.1221186 0.7132155 0.3581831 0.2620447 0.4429026 0.7626916 0.4552417 0.3325370 0.5622492 -0.0476815 0.3147757 -0.0252774 0.3066892 0.5516511 0.1396775 0.2045029 -0.0041134 0.5980353 0.3475712 -0.0576914 0.1298063 0.5857101 -0.0740933 0.4278358 0.2299561 0.2666262 -0.0363017 0.1877226 0.3045118 0.2507948 0.6720964 0.2666409 0.6056990 -0.0044599 0.1990212 -0.1709232 0.5858528 -0.1370896 0.1877513 0.3308440 0.6233273 -0.1150956 0.5250242 0.1017305 -0.2492973 0.1163562 0.8661094 0.1617754 0.8094254 -0.3002463 0.4218596 0.4599447 0.1955290 -0.2696301 0.7189604 0.1949742 -0.3625913 -0.1147834 -0.4743541 -0.2837039 0.2742026 -0.1884962 0.0642871 0.5177461 0.4508855 0.2901634 0.3980547 0.6010599 0.3933685 0.2150792 0.5076210 0.3762670 -0.0050332 0.5427484 0.5391283 0.4116009 0.5164931 0.4488815 -0.0365624 -0.0531430 0.3733251 -0.2236438 -0.0589932 0.3874299 0.4048160 0.4286879 -0.0842361 -0.0282439 0.0921017 0.0849079 -0.3123748 -0.0589503 0.3073670 -0.0656456 0.1178405 0.1130760 -0.1745877 -0.1625995 -0.0325059 0.0877873 0.1890552 -0.2983849 -0.2694066 -0.0023480 -0.3801483 0.1878632 -0.0465580 -0.2404630 0.0825803 0.0950898 -0.0203015 0.1266366 -0.2101112 -0.1582947 -0.0938717 0.0063446 -0.0574477 -0.1270649 -0.2259987 -0.1054529 -0.2610994 -0.1790818 -0.3354310 -0.0541854 -0.1693838 -0.0242115 -0.0070381 -0.2484101 -0.2972150 -0.3868620 -0.3104956 0.0267903 -0.0684671 0.0740435 -0.2917270 -0.2841548 0.0230612 -0.0748707 -0.0625069 0.1284207 -0.1337377 0.0090985 -0.0727723 0.0152390 -0.2154801 -0.0463215 0.0483081 -0.1492708 -0.2337995 0.0951998 -0.0875357 -0.3060945 -0.0223703 0.1733076 -0.0170848 -0.0265356 -0.1680151 -0.0100279 -0.3080152 -0.2940321 -0.2546691 -0.5092210 -0.3631018 -0.0609156 -0.0396456 -0.1822831 -0.2317373 -0.1466991 -0.0930127 -0.1063015 -0.1767688 -0.1890086 -0.0563034 -0.1634247 -0.2308255 -0.4129147 -0.2239877 -0.3234505 -0.4269023 -0.1442363 -0.0226268 -0.4111071 -0.4203657 -0.3156816 -0.2693102 -0.3632460 -0.1533648 -0.4497303 -0.3745494 -0.4481420 0.1107570 -0.1676748 -0.0338197 -0.1724285 -0.0028643 0.4233496 0.0214684
