0.0000000 0.4304538 0.4453732 0.1866579 0.5231722 0.0380662 0.2036062 0.2300129 0.0349947 0.3058282 0.2352364 0.3598526 0.2964832 0.2298595 0.2335595 0.1971030 0.0292712 0.2249280 0.2455861 0.3641993 0.2270058 0.4560967 0.2130965 0.0280205 0.2557709 0.1104725 0.2126568 -0.0178573 0.4268445 0.0187983 0.3064753 0.4276074 -0.0049952 0.3221941 0.2921460 0.3966393 0.1635002 0.2875767 0.1063984 -0.0126381 0.1359456 0.4645531 0.3336149 -0.1126217 0.4071624 0.2095890 0.1475482 0.4594356 0.0737532 0.2328692 0.1019312 0.0670066 0.4238804 0.1870702 0.2468818 0.2540176 0.2682119 0.1549935 0.4802406 0.2031166 0.3942770 0.1155793 0.1788363 0.1387933 0.2999182 0.5120019 0.3113066 0.1547376 0.4200972 0.1399835 0.3432711 0.2661920 0.1836700 0.3408162 0.2177393 0.3338801 0.4012905 0.4111316 0.3547976 0.4154110 -0.3390371 0.4016008 0.1371102 0.2383877 0.0635315 0.2176733 0.1492499 0.1628712 0.0296446 0.0522255 0.0634593 -0.0060714 0.3007830 0.4193669 -0.0115937 0.0770422 0.2114773 -0.0376668 0.1233113 0.2398220 0.4076857 0.2760678 0.3248077 0.2407496 0.4325363 -0.0609681 -0.0101140 0.1548675 0.1981672 -0.1648294 0.4445347 -0.0893061 0.5169275 0.1018855 -0.3203740 0.2034764 -0.1188743 -0.5048556 -0.1245215 -0.0556950 0.1485736 0.2942571 0.3870213 0.4651010 0.1092107 -0.1427311 0.3649443 0.5729568 0.0850477 0.4839355 0.3145605 0.3434549 0.2463721 0.0749768 -0.0537924 0.6045869 0.2176874 0.0379664 0.1923871 0.3434424 0.4245088 0.3295825 0.2431908 0.2017376 0.1484467 0.2362798 0.2889143 0.4589941 0.3662126 0.3292582 0.4826336 0.3059947 0.2387253 0.5113809 0.6054323 0.1265538 0.0545169 0.3710951 0.1626563 0.3197332 0.6053078 0.2645463 0.4113486 0.1249581 0.4039538 0.3230334 0.5013632 0.2892383 -0.0223124 0.2264624 0.2395814 0.1645531 0.7302702 0.2702501 -0.1868320 -0.0379149 0.2637869 0.2293317 0.1640043 0.2662917 0.2438601 0.7083511 0.5738586 0.5846270 0.6814860 0.5094171 0.3388121 0.4832105 0.1597532 0.1795576 -0.1040580 0.2713993 0.1186662 0.1578786 -0.1634020 -0.2268717 -0.1366511 -0.0729819 0.0300783 -0.0459317 -0.1732058 -0.6914556 -0.3464715 -0.1508478 0.5701233 0.6467400 -0.1860151 -0.2320726 -0.2921959 -0.5393430 -0.1274513 -0.0624500 0.3170604 0.3613289 -0.4253652 -0.2623150 -0.3951753 -0.6481772
0.4304538 0.0000000 0.7198578 0.5701800 0.7015033 0.5586183 0.8335429 0.6600412 0.0095294 0.6166449 0.5799982 0.3634805 0.6272799 -0.0061021 0.3448943 0.4440777 0.4243607 -0.1335136 0.3284772 0.3874511 0.2542556 0.5101054 0.4564416 -0.4327538 0.2328927 0.2592240 0.5906072 -0.4387180 0.6623978 -0.3548111 0.2633413 0.3272684 -0.5074687 0.0797773 0.2150379 0.5576334 0.1654678 0.3612179 -0.2046632 -0.3698044 0.1728250 0.5266809 0.5384342 -0.5131109 0.5046583 0.2423325 0.1914124 0.3404500 -0.3796165 0.2697214 0.1724783 -0.0868909 0.2429673 -0.0574226 0.1681734 0.1834954 0.2665687 0.1505725 0.3908554 0.1794819 0.5680658 0.1571808 0.0120951 0.1492839 0.3149260 0.5027242 0.3288441 0.2814474 0.3779484 0.1956055 0.3599903 0.3088977 0.2784434 0.3150968 0.4843247 0.3706503 0.4376566 0.5265720 0.4737852 0.4871161 0.0796637 0.1032369 0.1770466 0.2332722 0.1449589 0.0881797 0.1665823 0.3081999 -0.0092539 0.0721292 0.1806980 0.4042919 -0.1166850 0.1288657 0.0714574 0.7235396 0.2207038 -0.3832168 0.2388243 0.3110389 0.3742070 -0.0505588 0.1897809 0.2814041 0.0856151 0.0327958 -0.1486370 0.1608716 -0.3451166 -0.0789105 0.2202394 -0.1726546 0.0178061 -0.2413540 -0.2996413 0.0247216 -0.0387865 -0.2376652 0.1396608 -0.0837636 -0.0733230 0.0926293 -0.1462605 0.1730051 -0.3321590 -0.2942227 0.1345830 0.1186411 -0.4936649 0.2022042 -0.3694794 0.0093930 -0.0415594 -0.0041257 -0.0935243 -0.0027757 -0.2706462 -0.5707051 -0.3964958 0.1655033 -0.0603181 -0.1960587 0.0322694 0.4553680 -0.4510500 -0.4111911 -0.4244129 -0.2758120 0.0380484 0.2119611 0.3137765 0.0902494 -0.3794716 -0.0320234 -0.1418056 0.4128552 0.0285735 -0.3831535 0.2186187 0.0477451 -0.0725624 -0.2131601 -0.0417106 -0.0082409 -0.1424226 -0.3641146 -0.1817614 -0.0658926 -0.1014486 -0.2275210 -0.3121097 -0.2653734 0.0102397 -0.1828616 0.3577176 0.3492086 -0.0631486 -0.2131093 0.0806889 0.2105822 0.2169568 0.5159967 0.3521042 0.3467611 0.2066965 0.4317896 0.1985389 0.3119855 0.1975363 0.3865761 -0.0778828 0.4648059 0.3907434 -0.0501065 -0.1900843 -0.1660328 0.0255567 0.2005789 0.2723573 -0.1035336 0.0941832 -0.4178322 -0.3653658 -0.1473880 0.2035864 0.1586448 -0.2371031 0.2408650 -0.2257316 -0.3937501 -0.4104123 0.0076017 -0.0780498 0.2292663 -0.1948438 0.1915561 -0.1813515 -0.2397563
0.4453732 0.7198578 0.0000000 0.6674136 0.8487896 0.5810113 0.7676575 0.7160328 0.1185329 0.6455892 0.6974437 0.5677412 0.8417542 0.1202557 0.3824007 0.6661487 0.5097173 0.0531678 0.4164200 0.5169813 0.4729802 0.6649888 0.6643965 -0.2173169 0.2819606 0.4957987 0.2606619 -0.2216026 0.8004974 -0.2133523 0.1787276 0.4851087 -0.2917221 0.3796358 0.4826404 0.6085010 0.3838756 0.5867587 -0.0829232 -0.1429535 0.3036029 0.6741409 0.4605098 -0.3741737 0.7119320 0.3631901 0.3801133 0.3771057 -0.2095959 0.3651357 0.3702632 0.2076992 0.3895423 0.2247573 0.2932339 0.3295855 0.3797568 0.4642525 0.6585910 0.3487866 0.6941008 0.2982537 -0.0646428 0.4387843 0.3987622 0.5513218 0.4280462 0.5139498 0.2809585 0.5410363 0.4555918 0.4185758 0.4531384 0.4642192 0.4946027 0.6077799 0.5837325 0.6131240 0.6276473 0.5900504 -0.0326800 0.2443094 0.0508643 0.1651599 0.2303036 0.1859788 -0.1054081 0.4030234 0.0822270 0.1456473 0.4111717 0.2526121 0.1202013 0.2990358 0.0992165 0.6055318 0.2237475 -0.2852015 0.2287543 0.4074541 0.4325268 -0.0590142 0.0561826 0.3905288 0.0548156 0.0451675 -0.0632810 0.2139540 -0.1764367 0.0616784 0.1217608 -0.0822415 -0.1093453 -0.0963623 -0.1006539 -0.0828587 0.0594853 -0.2178570 0.1679946 0.0192119 -0.0438133 0.1292132 -0.1202259 0.2798515 -0.1616159 -0.1396967 0.2200734 0.2611352 -0.1659358 0.3794850 -0.1255719 0.1130399 -0.0170236 0.1685224 -0.0207500 0.1324711 -0.0482618 -0.2455656 -0.0929876 0.3630571 0.1915614 -0.0226022 0.3257713 0.4530112 -0.0636653 -0.1342785 -0.2154074 -0.0589459 0.3319566 0.3229185 0.4376793 0.0297849 -0.2525662 0.2175934 0.0395125 0.1149878 0.2688189 -0.1233364 0.3593170 0.2600299 -0.0648759 -0.0897814 -0.2034925 0.2684487 -0.1236922 -0.0524898 0.1375830 0.4153949 -0.0025159 -0.0070876 -0.0393718 -0.0429109 0.1162932 -0.1854746 0.4209242 0.4229400 0.1447516 -0.1808973 0.2060617 0.3265811 0.3627166 0.5342738 0.4966651 0.2557902 0.2523802 0.5919827 0.2147245 0.3371013 0.1599924 0.5256510 0.1174745 0.5355601 0.2915675 0.0709376 -0.0157148 -0.0202053 0.0634641 0.3567446 0.4151805 0.0608097 0.2350207 -0.3168781 -0.0200061 0.1671835 0.4785093 0.5598767 -0.0763974 0.5675335 -0.2504889 -0.3701687 -0.0332577 0.2077766 0.2616458 0.6201710 -0.0129447 0.1802309 -0.2506054 0.0523043
0.1866579 0.5701800 0.6674136 0.0000000 0.6787367 0.8318694 0.4926971 0.9467224 0.6024889 0.8977723 0.9504189 0.5324500 0.7516048 0.5062551 0.6761013 0.9480714 0.8423117 0.1601385 0.8488098 0.2449493 0.5035633 0.7870575 0.8875489 0.0718252 0.7087000 0.8818722 0.4714742 -0.0053131 0.8736759 0.1141506 0.4308970 0.1458517 -0.0145671 0.6588252 0.7925606 0.5783583 0.7474232 0.7309385 0.3203483 0.2400442 0.3331455 0.7378091 0.7804847 0.0100004 0.7749322 0.7629775 0.8029267 0.1086894 0.1792624 0.8154604 0.7947267 0.5579780 0.6360122 0.5732995 -0.3147987 0.5855815 0.7258588 0.5826218 0.3877470 0.7792746 0.7258549 0.7347231 -0.5961753 0.7838849 0.7495293 0.6147278 0.8509785 0.7239927 -0.0688759 0.7337654 0.8162729 0.6393250 0.8268469 0.7395235 0.7365099 0.8877058 0.7563517 0.8642581 0.8857101 0.8514364 0.0726690 0.1122630 0.3329868 0.2294966 0.1839606 0.0879706 -0.0092276 0.2189006 -0.0084078 0.0610890 0.1661480 -0.0333005 -0.0001750 -0.0452850 -0.2617768 0.4042365 -0.1876087 -0.2430356 -0.2134265 0.1537566 0.2634482 -0.0414875 0.1698381 0.2595930 0.0731623 -0.2926646 -0.0387987 0.4104305 -0.2606245 0.2651101 -0.0650360 0.0612031 -0.2137723 -0.6146854 -0.2874967 -0.3902402 -0.5008338 -0.2442158 -0.1153470 0.1816909 -0.0828923 -0.5076527 -0.3950192 0.1079551 -0.0596953 0.1019742 -0.2652032 0.1849979 0.0149856 0.1368844 -0.1655188 -0.0770607 -0.0203312 0.4138588 -0.5425100 -0.2856588 0.0784752 -0.0809634 0.1032049 0.4638656 -0.3811598 0.0074487 0.0535827 0.7385698 -0.0392058 -0.1960575 -0.3426606 -0.4202842 -0.2768582 0.4828871 0.5804973 -0.0712570 -0.3480387 -0.3278911 -0.3279987 0.2128081 0.3362789 -0.5012295 0.3928254 0.3173334 -0.4653616 -0.0615984 -0.3500976 0.3232829 -0.4986719 -0.4820094 -0.3537236 0.0104378 -0.3247762 -0.1567115 -0.4732775 -0.3526842 -0.1842728 -0.0443668 0.3695198 0.3170735 0.1920334 -0.4776124 0.3273150 0.1665694 0.1321168 0.1465589 0.5547441 -0.1381222 -0.1889613 0.2970618 -0.4203969 -0.1827997 -0.0249431 0.5864506 0.2239470 0.8488700 0.5555680 0.3573350 0.2014619 0.2485744 0.4870690 0.6786974 0.6509208 0.3170944 0.4316265 -0.3723753 -0.0500828 0.4248267 -0.0465719 0.3076214 0.1461446 0.4336298 0.0510146 -0.2565945 0.0037137 0.4668551 -0.2551070 0.5364278 0.1789730 0.3722657 0.0056940 0.0269410
0.5231722 0.7015033 0.8487896 0.6787367 0.0000000 0.5445230 0.6500081 0.7449783 0.2991659 0.7179411 0.7155046 0.5487947 0.7499640 0.2300353 0.4824121 0.6225981 0.5188369 0.1791004 0.4256640 0.4933942 0.3668182 0.5801035 0.7723381 -0.0847580 0.2995202 0.5302783 0.3763811 -0.1278767 0.7939014 -0.1461342 0.3629709 0.5406499 -0.1791401 0.4920561 0.5786250 0.5792740 0.4353725 0.5927334 0.0805119 -0.0679977 0.2964854 0.6519989 0.5843795 -0.2468047 0.7360658 0.3969958 0.3931004 0.4747875 -0.0550560 0.4043902 0.3740214 0.2596910 0.4941819 0.2614185 0.3054937 0.4012895 0.4619392 0.4518270 0.6569625 0.4001268 0.7223487 0.3117356 0.0551183 0.4784834 0.5003245 0.6779988 0.4283425 0.5129042 0.4789317 0.4994034 0.4865742 0.4873109 0.4410217 0.5878184 0.7166281 0.6428490 0.6329672 0.6715408 0.6026403 0.6381202 -0.0279959 0.2309883 0.1652679 0.1594189 0.1680930 0.1183101 -0.2265109 0.3020131 -0.0319782 0.0373581 0.1740144 0.1037800 0.0962129 0.2226237 -0.2012028 0.4678956 0.0908480 -0.2909971 0.0424619 0.3173151 0.3849200 -0.0394595 0.1586555 0.2419343 0.0094157 -0.1270627 -0.1313138 0.2507178 -0.1704988 -0.1443679 0.1440797 -0.2566238 -0.0590458 -0.2102371 -0.3743211 -0.1576526 -0.1265833 -0.3427229 -0.0939570 -0.0903481 -0.1585022 -0.0408380 -0.0978472 0.2658904 -0.2193413 -0.1510166 0.2273462 0.3077752 -0.2359209 0.3128549 -0.2177727 0.0334003 0.1319259 0.0000215 -0.1804500 0.0385760 -0.0583470 -0.3313124 -0.0664941 0.3222317 0.0492405 -0.0812498 0.0953725 0.4976915 -0.1750170 -0.0932341 -0.3479658 -0.2134571 0.2615203 0.3411819 0.5036052 -0.1443860 -0.3152996 0.1190511 -0.0092477 0.1724154 0.0858002 -0.2258211 0.2163209 0.0804359 -0.0741408 -0.1709472 -0.0512613 0.0498539 -0.1560447 -0.1824822 0.0122236 0.3002402 -0.1284203 -0.1499885 -0.1239463 -0.1183577 0.0698068 -0.2448920 0.2475180 0.3575046 0.1128342 -0.2371033 0.1088830 0.2167776 0.3060956 0.5841488 0.5007958 0.3815142 0.3230792 0.7237593 0.2615024 0.4903223 0.3000513 0.6248554 -0.0249925 0.6228934 0.4420082 0.0403219 -0.0626279 -0.0857827 0.0086768 0.3888094 0.3335323 -0.0165317 0.2960780 -0.3624574 0.0627699 0.0807236 0.4896409 0.3949313 -0.1465373 0.4596975 -0.2168066 -0.3364508 -0.0322169 0.0889711 0.2703105 0.4314670 -0.0708855 0.2045678 -0.3218339 -0.1138166
0.0380662 0.5586183 0.5810113 0.8318694 0.5445230 0.0000000 0.6551614 0.7625439 0.4028734 0.7312581 0.7508478 0.4477721 0.6179050 0.2322023 0.4185615 0.8138307 0.7597078 -0.0629776 0.6095097 0.1221432 0.4999766 0.5787185 0.7441919 -0.1436289 0.5351938 0.7164809 0.4585869 -0.2197498 0.8129675 -0.1588639 0.2191237 0.1368759 -0.2255294 0.4820927 0.6374390 0.4171251 0.6876167 0.6391587 0.0652090 -0.0017976 0.2546664 0.5728415 0.6797666 -0.0973115 0.6376525 0.6019981 0.6659468 0.1335305 0.0490043 0.6088193 0.6962640 0.4882990 0.5131117 0.5182361 -0.2450028 0.4197350 0.5994741 0.5106207 0.3306231 0.6660813 0.6221417 0.6131798 -0.4477769 0.6159252 0.6307922 0.4302340 0.7154514 0.5112798 -0.1025026 0.5284525 0.6783213 0.6307381 0.6821227 0.6036607 0.5851238 0.5886592 0.6098799 0.6219917 0.5854486 0.5811814 0.0807366 -0.2988355 0.0608492 -0.0279533 -0.1005843 -0.1396045 -0.1099544 -0.0564049 -0.2027854 -0.1117455 0.0471718 -0.1760586 -0.0664633 -0.2981551 -0.4109625 0.6089999 -0.2177753 -0.3301404 -0.2008676 -0.1364037 -0.0295991 -0.2632364 -0.0470089 0.0527855 -0.0543365 -0.3011222 -0.2637956 0.2490317 -0.3932064 0.0732887 -0.0732346 -0.1351426 -0.4459420 -0.6175321 -0.2919423 -0.4137763 -0.3825465 -0.1098942 -0.1064644 0.3078528 0.0570711 -0.5015659 -0.6796414 -0.0794169 -0.0708886 0.0633699 -0.2997061 -0.1385759 -0.1149817 -0.0373106 -0.2314805 -0.3266886 -0.0682667 0.2678452 -0.4044220 -0.4436528 -0.2129417 -0.2486265 -0.1159217 0.4010812 -0.3560627 -0.1481103 0.0195004 0.5955838 -0.1982615 -0.5175653 -0.4659284 -0.4742819 -0.2886174 0.3164060 0.4731664 -0.0989673 -0.5163062 -0.3510915 -0.4080893 -0.0141636 0.2173244 -0.5453881 0.2635541 0.0825444 -0.5325024 -0.3363206 -0.5275647 0.1417690 -0.5941967 -0.4629601 -0.4514482 -0.0805606 -0.3118942 -0.4100136 -0.3965303 -0.3891047 -0.3458389 -0.1085343 0.5890802 0.3757191 0.1897945 -0.4770470 0.2964337 -0.0237986 -0.1154336 -0.0563895 0.3817721 -0.2791718 -0.2038592 0.2856536 -0.2988575 -0.1846535 0.0641123 0.6212204 0.2579639 0.8120807 0.6161487 0.2228239 0.2225062 0.2504130 0.5118162 0.5909657 0.6625165 0.3452610 0.3754575 -0.3095822 -0.1590387 0.3411209 -0.2871990 0.0961093 -0.0326368 0.3761187 -0.0129144 -0.2005876 -0.1528079 0.5024271 -0.4197659 0.4313005 0.0850677 0.6475880 0.2501672 0.2779074
0.2036062 0.8335429 0.7676575 0.4926971 0.6500081 0.6551614 0.0000000 0.6013337 -0.0630584 0.5261470 0.5293289 0.5220126 0.7066434 -0.1689987 0.2349023 0.4763224 0.3983038 -0.1781457 0.1991327 0.3691544 0.4741731 0.3772146 0.4696284 -0.4605259 0.0711550 0.2550426 0.2979670 -0.4903992 0.6819676 -0.5487217 -0.0098069 0.3018574 -0.5431419 0.0856686 0.2212602 0.5475904 0.1730017 0.3321462 -0.3379926 -0.4566218 0.1164644 0.4840142 0.4690100 -0.5262468 0.5247597 0.1127924 0.1457914 0.2260155 -0.4127128 0.1512355 0.1686352 0.0204445 0.2244220 -0.0100490 0.1916546 0.0715284 0.1741818 0.2426200 0.5072296 0.1428923 0.5941537 0.0779928 0.0514156 0.1858618 0.2985951 0.3910569 0.2260575 0.2280026 0.3209460 0.2156384 0.2910776 0.4371045 0.1940479 0.3507674 0.4105409 0.2552041 0.4452443 0.3676993 0.3034040 0.3201039 0.0907058 -0.1227404 -0.0974331 0.0053769 0.0439863 -0.0659371 -0.1250468 0.1586475 -0.1329527 -0.0255193 0.1581671 0.3076198 -0.0600751 -0.0288339 -0.0344591 0.7756597 0.2621104 -0.3570732 0.2027337 0.1504627 0.2119972 -0.2417636 0.0010298 0.1313420 -0.1326830 0.0174437 -0.2801181 0.1117452 -0.4226540 -0.1069056 0.1221039 -0.2337970 -0.2104034 -0.0749238 -0.0301220 0.0548936 0.2309348 0.0662375 0.2730253 0.1320482 0.0886497 0.1448586 -0.2807214 0.1373386 -0.2353527 -0.1448824 0.2365966 -0.0164613 -0.4142710 0.1715128 -0.3738564 -0.1345614 -0.0217075 -0.0616736 0.0741181 -0.0827023 -0.4181684 -0.5608807 -0.4671360 0.2313594 0.0672107 -0.2768743 0.1856631 0.3622325 -0.4422244 -0.5132405 -0.4647429 -0.2895892 0.2433947 0.1720744 0.3112448 -0.0293389 -0.4613791 0.0610823 -0.0984192 0.1374091 0.0772926 -0.3083205 0.1903047 -0.0448017 -0.1199110 -0.3774904 -0.2476951 -0.0011245 -0.2156128 -0.2204066 -0.0871969 0.1711723 0.0318188 -0.2752144 -0.0725607 -0.0808846 -0.1126463 -0.1389178 0.7121271 0.6257641 0.1340011 -0.1368354 0.2270494 0.2110168 0.1630208 0.4033685 0.2773903 0.2270828 0.1458109 0.5646562 0.2797974 0.3244509 0.3716905 0.6135563 0.1323200 0.4881417 0.5120217 -0.0548454 0.0525499 0.0476936 0.1528141 0.3868839 0.4296186 0.0461350 0.2549575 -0.3030059 -0.0935040 0.0536419 0.2173922 0.1840817 -0.2336488 0.4911907 -0.2125307 -0.3692343 -0.2408960 0.2207332 0.0499936 0.3734272 -0.0452929 0.3699243 -0.1080846 0.1251388
0.2300129 0.6600412 0.7160328 0.9467224 0.7449783 0.7625439 0.6013337 0.0000000 0.5112270 0.9087248 0.9578096 0.6260582 0.8657852 0.3965438 0.6549447 0.9127809 0.7908003 0.1539755 0.8163598 0.3413001 0.5787019 0.7659339 0.8319346 -0.0532422 0.6092622 0.8070642 0.4425577 -0.1519796 0.8998311 -0.0867149 0.3680375 0.1418971 -0.1257458 0.5991205 0.7279555 0.6969445 0.6347746 0.6657909 0.1627230 0.0514403 0.2689355 0.8040073 0.7981890 -0.1441870 0.8485878 0.6422829 0.6980518 0.0756513 0.0478377 0.7461791 0.6890396 0.4300201 0.6504726 0.4332462 -0.2652769 0.5009335 0.6323643 0.5273021 0.5021124 0.6619395 0.8372780 0.5895062 -0.5203940 0.7275031 0.7761070 0.6536041 0.7575034 0.6340674 0.1019669 0.6908693 0.7675328 0.6812889 0.6990057 0.7695800 0.7478883 0.8236899 0.8271094 0.8229450 0.8210727 0.8497511 0.0491677 0.2099650 0.2651972 0.2112554 0.1571929 0.0073251 -0.1234642 0.2410744 -0.1219685 -0.0219736 0.0394093 0.0111201 -0.0108701 0.0633719 -0.2993089 0.3620513 -0.1103700 -0.2739769 -0.2327945 0.1869013 0.3190491 -0.0555616 0.2222912 0.2343795 0.0035270 -0.3144664 -0.1039667 0.4202555 -0.3225542 0.2502824 -0.0379770 0.0021721 -0.1015579 -0.4140933 -0.2267722 -0.2086354 -0.2946107 -0.1797493 0.0619385 0.1624699 -0.0463143 -0.3004549 -0.1991291 0.2771732 -0.0593431 0.0453953 -0.0330662 0.3560283 -0.0537880 0.2612118 -0.2059865 0.0401751 0.1166614 0.3859500 -0.4392438 -0.1802960 0.0109725 -0.1780207 -0.0343907 0.5181567 -0.3038620 0.0233046 0.1204631 0.7308358 -0.1494987 -0.2700805 -0.3764468 -0.4253373 -0.1339897 0.5562810 0.6627347 -0.0578709 -0.3338244 -0.2683331 -0.1932764 0.2931415 0.3780174 -0.4622648 0.4276341 0.3303552 -0.3289192 -0.0848166 -0.2623970 0.3325215 -0.4532590 -0.4527682 -0.2938127 0.0679374 -0.1760891 -0.0829709 -0.3940177 -0.2198218 -0.0745325 -0.0465560 0.4081461 0.4341064 0.2363698 -0.4183484 0.3748825 0.3045635 0.2489333 0.3318203 0.6060461 0.0680916 -0.1249587 0.4204672 -0.3321809 -0.0750678 0.1253961 0.6896443 0.1994722 0.8637580 0.6065787 0.3307578 0.1842453 0.2358307 0.4416526 0.7135457 0.6503739 0.2549299 0.5000127 -0.4115588 0.0767407 0.4274705 0.1112866 0.3106395 0.1368860 0.5549839 0.0241392 -0.3821404 0.0640687 0.4464386 -0.1094409 0.5745975 0.2051453 0.4007864 -0.0964426 -0.0076162
0.0349947 0.0095294 0.1185329 0.6024889 0.2991659 0.4028734 -0.0630584 0.5112270 0.0000000 0.6261325 0.5545118 0.5208050 0.3768842 0.8292649 0.8845371 0.5190765 0.4090778 0.6673352 0.5397938 0.0581007 0.3819984 0.4384805 0.5292446 0.5675104 0.4194113 0.6279453 0.1071330 0.4521669 0.4075854 0.4422503 0.3301191 -0.1348612 0.5530878 0.7984413 0.6387942 0.3260693 0.5034773 0.3488962 0.6735192 0.6834622 0.3219047 0.3227935 0.5577338 0.6392732 0.4270513 0.4780619 0.4867854 -0.0004200 0.8016597 0.6252574 0.5034257 0.6364660 0.7274746 0.7827071 -0.3949469 0.3742440 0.4486237 0.6305853 0.1256540 0.5604397 0.3900348 0.5567189 -0.5164954 0.8363602 0.6530151 0.3201997 0.5738597 0.5260138 -0.1882883 0.6742993 0.5376461 0.5740337 0.6285572 0.6753737 0.3699460 0.6788892 0.5687118 0.4331227 0.5523255 0.4990722 -0.1837435 0.0150066 0.4422229 0.3866963 0.3153142 0.1577943 0.0629193 0.2171474 0.2342488 0.2208665 0.0505867 -0.2089810 0.2597026 0.0049752 -0.2543131 -0.0644479 0.0770435 0.1576303 -0.2061995 0.2563039 0.3856627 0.1277933 0.1334935 0.3795935 0.2151127 -0.1441822 0.0333893 0.3033135 0.0425486 0.2637436 -0.0714458 0.1627404 -0.2144236 -0.4021503 -0.0668534 -0.3390574 -0.4844638 -0.0509297 -0.2585374 0.1403651 -0.0632592 -0.5398536 -0.1186604 0.0998655 0.2188992 0.2490123 -0.2848248 0.3046148 0.3486687 0.0711039 0.1475893 0.0821849 0.1311693 0.3668635 -0.4332173 -0.1271530 0.4957360 0.3581522 0.5771920 0.4475384 -0.2336967 0.3507596 0.0313864 0.4636385 0.3498335 0.2648020 0.0909991 -0.1083010 -0.1639512 0.6568718 0.5011169 0.0854930 0.1231936 -0.1134939 -0.1610704 0.1049438 0.0868123 -0.1225061 0.0434771 0.2602563 -0.3072572 0.3405070 -0.0358411 0.1296005 -0.0905995 -0.1749487 -0.1449303 0.0365140 -0.2403251 0.1795884 -0.1331500 -0.0370061 -0.0505367 0.2319112 -0.0332844 0.2195132 0.3083115 -0.3055527 0.3309902 0.1662331 0.3083521 0.1006815 0.3263358 -0.0709608 -0.2223712 0.1426186 -0.4335714 -0.2344463 -0.1791105 0.2451763 0.1645829 0.4763373 0.1941290 0.3988836 0.2409989 0.2627616 0.3099617 0.4284297 0.2525548 0.3161372 0.2555012 -0.2953642 0.0708782 0.3246129 0.0819560 0.1274057 0.2645474 0.1027972 0.1396992 -0.3093312 0.0896761 0.3536697 -0.0275019 0.3253857 0.3590406 0.0667869 -0.3233552 -0.1173435
0.3058282 0.6166449 0.6455892 0.8977723 0.7179411 0.7312581 0.5261470 0.9087248 0.6261325 0.0000000 0.9510459 0.7174809 0.7638250 0.5244571 0.7191326 0.8386916 0.7854853 0.2108735 0.7267490 0.3489956 0.6349094 0.7417072 0.8111216 -0.0247898 0.5738346 0.7464852 0.4201451 -0.1281960 0.8022829 0.0037671 0.3812025 0.1607335 -0.1159306 0.6374209 0.7445169 0.6875192 0.5779194 0.6038308 0.3665957 0.1756682 0.2919091 0.7129835 0.8923200 -0.0804939 0.7610691 0.5713390 0.6214260 0.1619127 0.1810990 0.6795322 0.6359695 0.6180064 0.7170650 0.6103761 -0.2450617 0.4107446 0.5457057 0.7327365 0.5203460 0.6472695 0.7640360 0.6411376 -0.5138732 0.8201427 0.7964751 0.5941605 0.7151135 0.7748301 -0.0050075 0.8008162 0.6690302 0.7117248 0.7726779 0.8028067 0.7001587 0.8621654 0.8217825 0.7070691 0.7965976 0.7819752 -0.0400036 0.2011878 0.4463161 0.3902312 0.3462650 0.1778416 0.1186292 0.2469095 0.1200962 0.1943302 0.2307173 0.0986634 0.0039859 -0.0332765 -0.2387510 0.3591979 0.0212863 -0.2570491 -0.1103525 0.2320284 0.5000589 0.0181159 0.3076144 0.2647815 0.2183585 -0.1462659 0.0010790 0.4429339 -0.1275055 0.2283148 0.1815619 0.1080974 -0.0625631 -0.5291633 -0.3387488 -0.1558431 -0.4894355 -0.2594146 -0.1571168 0.2883362 0.0509659 -0.4296425 -0.1998706 0.2378462 0.1166160 0.1253259 -0.1885166 0.3209091 0.1036463 0.2620805 -0.0336868 0.1564946 -0.0036135 0.4026656 -0.2729144 -0.0072504 0.1094444 -0.0556035 0.0678139 0.6075558 -0.1152676 0.2091896 0.2471047 0.8058826 -0.0352813 -0.1621831 -0.1855139 -0.2769158 -0.0351744 0.6080955 0.7298776 0.1936508 -0.1373839 -0.0792954 -0.1380312 0.4352672 0.2581336 -0.2737967 0.4415258 0.3276552 -0.1799221 0.0485220 0.0014753 0.2175229 -0.1944680 -0.2781773 -0.1665400 0.1162591 -0.1728837 -0.0116283 -0.1882690 -0.1046824 -0.0910399 0.1458241 0.4063932 0.5098906 0.4060938 -0.2247827 0.4921047 0.3285881 0.3531005 0.4041520 0.6759301 0.1804385 0.0809391 0.4700461 -0.2526481 -0.0139983 0.2202214 0.6604608 0.3179622 0.8257101 0.6084017 0.4439453 0.3000758 0.3096137 0.4378055 0.7102242 0.6105676 0.2881049 0.3753533 -0.4653409 -0.0166520 0.3824382 0.1390060 0.3359848 0.1156750 0.4310140 -0.0099946 -0.3918281 0.0581522 0.5163142 -0.0553250 0.5874192 0.2613193 0.3054931 -0.2557233 -0.1461183
0.2352364 0.5799982 0.6974437 0.9504189 0.7155046 0.7508478 0.5293289 0.9578096 0.5545118 0.9510459 0.0000000 0.6482843 0.8052908 0.4282323 0.6428340 0.9261112 0.8397407 0.1003277 0.8299639 0.3901953 0.6317140 0.8127808 0.8858250 -0.0521317 0.6881667 0.8612896 0.4128327 -0.1414636 0.8534403 -0.0024072 0.4400625 0.2196118 -0.1439094 0.5875304 0.8207200 0.7177140 0.7010968 0.7337010 0.2720865 0.1424987 0.3760815 0.7948056 0.8658051 -0.1267157 0.8022320 0.7017540 0.7611645 0.1715667 0.0790474 0.7767010 0.7670447 0.6051826 0.6295753 0.5475690 -0.2270214 0.5680442 0.6838955 0.6239597 0.5250027 0.7486806 0.7878223 0.7150584 -0.5595126 0.7831469 0.8081561 0.6842945 0.7890821 0.7681081 0.0577927 0.7623931 0.7577653 0.6686228 0.7885787 0.7858223 0.7638033 0.8810623 0.8105711 0.8194435 0.8589686 0.8730767 0.0116596 0.1968093 0.3722567 0.2977710 0.2737711 0.1285703 -0.0183607 0.1812774 0.0152291 0.0866064 0.1984260 0.0403720 0.0165491 -0.0744201 -0.2749939 0.3109780 -0.1063479 -0.2572199 -0.2316636 0.1529304 0.3769643 0.0014376 0.2910404 0.2015444 0.1108290 -0.3017156 0.0417965 0.5109039 -0.1877015 0.3414604 0.0753581 0.1669139 -0.0681483 -0.5018844 -0.2501732 -0.1762821 -0.4350325 -0.1962895 -0.0473285 0.3037107 0.0428478 -0.4292366 -0.2610515 0.2537896 0.0640387 0.1782383 -0.1298171 0.2904556 0.1033447 0.2944882 -0.0936154 0.1001565 0.0618194 0.4512845 -0.3994815 -0.1228154 0.0652784 -0.0445637 0.0512902 0.5610844 -0.2439031 0.1163159 0.2303079 0.8437285 -0.0428137 -0.2082340 -0.2654409 -0.3793862 -0.1392753 0.5389492 0.6808561 0.0679769 -0.2140759 -0.2131165 -0.1825520 0.3779252 0.4047589 -0.3644416 0.5216597 0.3850023 -0.2935222 0.0082585 -0.1607707 0.3593762 -0.3583715 -0.3331864 -0.2578208 0.0763864 -0.2304907 -0.0414853 -0.3220727 -0.2194133 -0.1236657 0.0329322 0.4378431 0.4798685 0.3367831 -0.3514303 0.4811419 0.3499116 0.2752848 0.3334742 0.7021924 0.0946045 -0.0192725 0.4348229 -0.3467946 -0.1003626 0.1395090 0.6913228 0.3672624 0.8680865 0.6217466 0.4798166 0.3456069 0.3758833 0.5378889 0.7679588 0.6734442 0.3707332 0.5157455 -0.3822202 0.0855844 0.5178138 0.0892866 0.3371960 0.2156421 0.5691047 0.1019554 -0.2902553 0.1662766 0.5426887 -0.1069733 0.5844627 0.2923170 0.3796014 -0.0951026 -0.0339589
0.3598526 0.3634805 0.5677412 0.5324500 0.5487947 0.4477721 0.5220126 0.6260582 0.5208050 0.7174809 0.6482843 0.0000000 0.7505675 0.3560848 0.6532811 0.5595898 0.3167880 0.3760653 0.3956817 0.3011851 0.9165523 0.5280464 0.4928999 -0.0259006 0.1890701 0.4582425 -0.1709113 -0.1790591 0.6380863 -0.2788027 0.0547513 0.0009393 -0.0440533 0.5994634 0.5894342 0.7252137 0.3407535 0.3191423 0.1286907 0.0098532 0.1211961 0.6164604 0.6639839 -0.0470970 0.7087045 0.2150023 0.3189647 0.0128004 0.2524888 0.4480371 0.3618006 0.5041145 0.7856723 0.5454361 -0.1773940 0.1534009 0.2528828 0.6921202 0.7056177 0.3661533 0.7746975 0.3248347 -0.3980931 0.7355027 0.7479823 0.4245743 0.4303721 0.5047910 0.0875554 0.6934043 0.3902105 0.8449693 0.4185118 0.8200422 0.3168463 0.5661551 0.8640892 0.3309464 0.4092520 0.4809369 -0.4005606 0.0815932 0.0503113 0.1841947 0.1902637 -0.0012890 -0.1027749 0.1361571 -0.0111316 0.0335455 0.1130690 0.1575178 0.1655770 0.1354149 -0.2093311 0.2075152 0.2901243 -0.1634173 -0.0691855 0.2032195 0.5500012 -0.0639610 0.1153919 0.2242746 0.1254859 -0.0930110 -0.1908722 0.2218258 -0.1047423 0.1475612 0.1935278 0.0811878 -0.0094783 0.0072685 0.1609737 0.1300945 0.0301745 0.1984714 0.1934858 0.4806920 0.3710331 -0.0322384 0.1247143 0.5485561 0.4432406 0.1947491 0.2135998 0.5191313 0.3225112 0.5041439 0.2856503 0.3992673 0.2842900 0.3747747 0.1053120 0.2707214 0.2761985 0.1204648 0.1991580 0.8359873 0.3048871 0.4336919 0.6064735 0.5737727 0.1746316 -0.0055999 0.1368426 0.1177131 0.4199205 0.8093499 0.8565356 0.3142166 0.1371870 0.3200389 0.3289359 0.2226043 0.3420548 0.1802369 0.3816485 0.4196331 0.1416699 0.1745879 0.0566731 0.3157399 0.1006232 0.1622508 0.2499321 0.4215957 0.0855438 0.2759295 0.2920488 0.3137000 0.3126922 0.5263799 0.5657284 0.7923146 0.7813432 0.2188140 0.7598221 0.5605602 0.5480213 0.5861364 0.6760998 0.3944406 0.2647944 0.6655208 -0.0224670 0.0940104 0.4476599 0.7435958 0.4605697 0.6492760 0.5209150 0.5273375 0.4633765 0.4770760 0.3615978 0.6495669 0.4774380 0.3605541 0.4308584 -0.4295089 0.2413007 0.5157690 0.5136696 0.5218835 0.1445806 0.4401730 0.0392693 -0.5834299 0.2930865 0.6798118 0.3078458 0.7950807 0.3689481 0.0063206 -0.6005200 -0.1335819
0.2964832 0.6272799 0.8417542 0.7516048 0.7499640 0.6179050 0.7066434 0.8657852 0.3768842 0.7638250 0.8052908 0.7505675 0.0000000 0.3219827 0.6249485 0.7648851 0.5559224 0.3129204 0.5508228 0.4014101 0.6516208 0.6885324 0.6856320 -0.0637335 0.2872971 0.5668943 0.1926893 -0.1414706 0.8148529 -0.2150680 0.0756333 0.1725319 -0.1077709 0.5362860 0.5495815 0.6995582 0.3924966 0.5045658 0.0271435 -0.0411076 0.2105754 0.7255118 0.6296755 -0.1735679 0.8117452 0.3679593 0.4239838 0.1050890 0.0263286 0.5108268 0.4272977 0.3042430 0.6510933 0.3318420 -0.0437657 0.3082897 0.3622590 0.5231117 0.6315739 0.3942775 0.8596671 0.2978838 -0.3039245 0.6511326 0.6608465 0.5125060 0.4984977 0.4877971 0.2159357 0.6209615 0.5573578 0.7109661 0.4696045 0.7353815 0.5598596 0.6571334 0.8101978 0.6312514 0.6312708 0.6480881 -0.0596268 0.2026169 0.0018732 0.0905270 0.1449142 -0.0634671 -0.2630352 0.3101978 -0.1011976 -0.0127562 0.1055902 0.1053953 0.0782000 0.2450085 -0.1243814 0.4333086 0.1581074 -0.2897808 -0.0305686 0.3512132 0.4288220 -0.1859461 0.0297723 0.3511523 -0.1416601 -0.1724662 -0.2590483 0.1962565 -0.3932167 0.1179889 -0.0897665 -0.1143595 -0.1531244 -0.0492740 0.0416617 -0.0914386 0.0981993 -0.0513366 0.2608417 0.0550837 -0.0939569 0.0443989 0.0054563 0.3495170 -0.0940946 -0.1589987 0.2084416 0.4606389 -0.1300067 0.3133359 -0.1876191 0.1027341 0.0870288 0.2160518 -0.1767313 0.0268814 -0.0565142 -0.2410103 -0.1124469 0.5297968 0.0025997 0.0150163 0.2709469 0.5042590 -0.1561943 -0.2233252 -0.2858835 -0.2219980 0.2397526 0.5774852 0.6353267 -0.0401125 -0.2764678 0.0478061 0.0492698 0.0988630 0.2667447 -0.2340275 0.2768400 0.2500952 -0.0972399 -0.0982514 -0.2577859 0.2435749 -0.2447742 -0.2272935 0.0254456 0.3545558 -0.0363525 0.0177628 -0.0632158 0.0424457 0.1210497 0.0071136 0.4584015 0.5637310 0.2851817 -0.2841662 0.3579157 0.3838308 0.4067659 0.5271292 0.5261514 0.2532788 0.0163169 0.6226374 -0.0336257 0.1636322 0.2144778 0.6619447 0.1086752 0.6790285 0.4226105 0.1725697 0.0527835 0.1121117 0.1806259 0.5582338 0.5147387 0.0756001 0.4923914 -0.3880026 0.1184937 0.3223595 0.4382447 0.4509542 -0.0611108 0.6126268 -0.0069782 -0.5391195 0.0376136 0.3913495 0.2071820 0.6842005 0.0931408 0.2889381 -0.3331017 0.0219362
0.2298595 -0.0061021 0.1202557 0.5062551 0.2300353 0.2322023 -0.1689987 0.3965438 0.8292649 0.5244571 0.4282323 0.3560848 0.3219827 0.0000000 0.7976923 0.4682370 0.4153355 0.8168357 0.4850346 0.0113352 0.1618048 0.4303568 0.4336823 0.7529337 0.3483569 0.4333155 0.2304294 0.6812111 0.3159216 0.7049747 0.2152223 -0.0767034 0.6980199 0.8178697 0.4490390 0.1237144 0.3140603 0.2403887 0.8826078 0.8317022 0.1773191 0.2396727 0.4426221 0.6736811 0.3444347 0.3818343 0.3572250 -0.0218265 0.8242781 0.4810846 0.3397530 0.5956949 0.6920548 0.7357071 -0.3571740 0.2345464 0.2830825 0.6234687 0.0735507 0.4399045 0.2648397 0.4273487 -0.3593985 0.7378044 0.4362000 0.1892693 0.4978926 0.5329252 -0.3404424 0.6339903 0.5207646 0.4422794 0.6356723 0.5551369 0.3360648 0.7076057 0.4244723 0.4714445 0.6181835 0.4384863 0.0527355 0.2755125 0.4689133 0.4230026 0.4251843 0.2793842 0.2700480 0.4229293 0.4125873 0.4133277 0.1956480 -0.1720609 0.3081438 0.2367274 0.0377408 -0.0227263 0.1385380 0.2594577 0.0619826 0.4207219 0.4375013 0.2013871 0.0990251 0.4810374 0.2938062 0.1129961 0.0613875 0.1466056 0.1672124 0.0892377 -0.0424916 0.0533864 -0.1092473 -0.3439106 -0.2306009 -0.3930353 -0.5190268 -0.4418448 -0.4692053 -0.1548607 -0.2958924 -0.4054158 0.1018388 -0.0672574 0.0680101 -0.0047250 -0.4075845 0.3976359 0.2713323 -0.1024106 0.1475300 0.0039157 -0.1908712 0.1954230 -0.3610064 0.1283041 0.4717273 0.3187913 0.5575387 0.2592080 -0.0239989 0.2996393 -0.0646069 0.1990236 0.3639339 0.4972075 0.2169190 0.1283816 0.0146153 0.4906346 0.3379736 0.0651584 0.1484532 0.1292189 -0.0089358 -0.0065289 -0.1614486 0.0125714 -0.1023182 0.1623461 -0.0393609 0.3680488 0.1221173 -0.0140000 0.1093408 -0.1162878 0.1770685 0.3048981 -0.0929448 0.2131080 0.0532492 0.1732396 0.0544800 0.2998327 -0.2469813 -0.1106728 0.1924887 -0.1833012 0.0819821 -0.0815963 0.1593196 0.0936817 0.1905860 -0.1337380 -0.0842687 0.1162480 -0.2362098 -0.0126200 -0.2191957 0.0216794 -0.1608333 0.2878375 0.0329309 0.1147090 -0.0809516 -0.1160740 -0.0067779 0.2381605 0.2579468 -0.0382251 -0.0174372 -0.4073984 -0.1990146 -0.0110634 0.1620606 0.4064932 -0.0345955 -0.1413965 -0.0346105 -0.3419425 -0.1654583 0.1215128 0.1313960 0.3658505 -0.0118881 -0.1040957 -0.3510713 -0.2634359
0.2335595 0.3448943 0.3824007 0.6761013 0.4824121 0.4185615 0.2349023 0.6549447 0.8845371 0.7191326 0.6428340 0.6532811 0.6249485 0.7976923 0.0000000 0.5677645 0.3745371 0.7098986 0.5254728 0.1456261 0.4277518 0.5180411 0.5565645 0.4806879 0.3201051 0.5364034 0.1642321 0.3833713 0.5381915 0.3363280 0.2224555 -0.1173046 0.4547567 0.7430324 0.5266752 0.4801529 0.3375761 0.2811371 0.5581998 0.5424079 0.2273896 0.4071917 0.5898434 0.4726278 0.5076011 0.3705040 0.3595482 -0.0073619 0.6361748 0.5649631 0.3572364 0.4288593 0.7414762 0.5951679 -0.3276194 0.2726566 0.3430642 0.5607656 0.2046800 0.4138326 0.5170875 0.3791318 -0.4128578 0.7673197 0.6213805 0.3672182 0.5231090 0.4720777 -0.0392179 0.6320222 0.5368505 0.6187375 0.5319615 0.6959785 0.4038920 0.6992498 0.6551596 0.5216841 0.6316281 0.5387590 -0.1482618 0.1842933 0.4109679 0.4463955 0.4156720 0.1935435 0.0996089 0.4228723 0.2769726 0.2844711 0.1233525 0.0538745 0.1972834 0.1861503 -0.0491001 0.1666166 0.2886242 0.0240948 -0.0136195 0.5127209 0.5788543 0.0786819 0.1639628 0.5620653 0.1751164 -0.0316324 -0.0650604 0.2337654 -0.1314897 0.1720509 -0.0775562 0.0602660 -0.1417311 -0.2827881 0.0114966 -0.2473525 -0.2866388 -0.0713860 -0.0904725 -0.0267349 -0.1691882 -0.2740211 0.0178919 0.1875821 0.0103952 0.0320935 -0.1021529 0.4259726 0.1030448 0.1357525 -0.0300199 0.1190670 0.0502867 0.2462857 -0.3880839 0.0017490 0.3727834 0.1105732 0.3678899 0.4388330 -0.1419575 0.2404565 0.0338284 0.4384570 0.1489063 0.2202664 -0.0177709 -0.1036280 0.0042046 0.6802010 0.5273721 0.0941568 0.0143781 0.0145416 -0.0912017 0.1631501 0.0220506 -0.1652032 -0.0103210 0.2420623 -0.1707816 0.2821183 -0.0173180 0.0771080 -0.0159412 -0.2350173 -0.0232360 0.1409849 -0.2114069 0.1787928 -0.1203930 0.0118813 0.1031503 0.2403292 0.0511375 0.3551008 0.2415746 -0.2768354 0.2903630 0.2840276 0.4834930 0.3725937 0.3461208 0.1337710 -0.1500939 0.2908657 -0.2631968 -0.0300185 -0.1022010 0.2905195 0.0373139 0.4672055 0.2075862 0.2679534 0.0569205 0.1086330 0.1699681 0.3966049 0.2253920 0.1403905 0.1989747 -0.4766127 -0.0864257 0.1686749 0.3225558 0.2675563 0.0867159 0.1175878 0.0084342 -0.5411630 -0.1146560 0.2594936 0.0850502 0.4079673 0.1837116 -0.0562672 -0.5244885 -0.3066196
0.1971030 0.4440777 0.6661487 0.9480714 0.6225981 0.8138307 0.4763224 0.9127809 0.5190765 0.8386916 0.9261112 0.5595898 0.7648851 0.4682370 0.5677645 0.0000000 0.8747635 0.1357486 0.8782733 0.2468338 0.5815309 0.7696141 0.8870599 0.1055133 0.7250134 0.9017107 0.4046346 0.0086406 0.8926901 0.1011863 0.3278967 0.1614248 0.0055152 0.6833043 0.8219608 0.5478736 0.7758006 0.7496759 0.2979085 0.2342406 0.2850646 0.7625494 0.7557709 -0.0044395 0.7951293 0.7430739 0.8387440 0.0508412 0.1546686 0.7881178 0.8370737 0.6294938 0.6307091 0.6038373 -0.3366514 0.5603800 0.7244880 0.5949482 0.4435022 0.8138498 0.7219059 0.7301875 -0.5768399 0.7832162 0.7469071 0.6023398 0.8678806 0.6889780 -0.0925039 0.7455114 0.8685164 0.6587404 0.8280957 0.7491251 0.7335811 0.8771983 0.7553719 0.8562849 0.8697248 0.8419563 0.1307696 0.1689784 0.2294684 0.1535816 0.1349917 0.0346457 -0.1282018 0.1257466 -0.0810154 0.0008145 0.1037773 -0.1863721 0.0677797 -0.0628834 -0.3329023 0.2910580 -0.2337154 -0.1798416 -0.2995360 0.0344770 0.1504543 -0.0561115 0.1513281 0.1440979 0.0597924 -0.3348403 -0.0456717 0.4487595 -0.2021323 0.2935329 -0.0817016 0.0518038 -0.1854273 -0.5111158 -0.2552185 -0.3397959 -0.4327697 -0.2609298 -0.1109960 0.2683756 0.0209419 -0.4417860 -0.3455303 0.1252102 0.0289375 0.1840273 -0.1935786 0.2386071 0.1434617 0.1652364 -0.0837747 -0.0811552 0.0137793 0.4500170 -0.5023235 -0.1860782 0.0578537 0.0140574 0.1102207 0.5212842 -0.2701562 0.0667567 0.1382228 0.6921760 0.0316382 -0.1527103 -0.2620508 -0.3381257 -0.1698699 0.4686144 0.6156699 -0.0700795 -0.3028992 -0.2245345 -0.1937225 0.0848981 0.4200907 -0.3867138 0.4374026 0.3640254 -0.3572732 -0.0607196 -0.3498674 0.3971938 -0.4862542 -0.3444343 -0.2180161 0.1810372 -0.1796741 -0.0876418 -0.3122735 -0.1718088 -0.1236937 0.0256510 0.4165835 0.3091977 0.3097044 -0.4054465 0.3867912 0.1594889 0.0559775 0.1156580 0.5942215 -0.1743121 -0.1526556 0.3284125 -0.4157132 -0.1686540 0.0442305 0.6641217 0.2964643 0.8746947 0.6139974 0.3808275 0.2972662 0.3116399 0.5680924 0.7724914 0.7886259 0.3820589 0.4475811 -0.4109025 0.0316625 0.5178048 -0.0300945 0.4317819 0.1809969 0.5038864 0.0177565 -0.2599503 0.1027580 0.5485185 -0.1547832 0.6487920 0.1930756 0.4682900 0.1071111 0.1044519
0.0292712 0.4243607 0.5097173 0.8423117 0.5188369 0.7597078 0.3983038 0.7908003 0.4090778 0.7854853 0.8397407 0.3167880 0.5559224 0.4153355 0.3745371 0.8747635 0.0000000 -0.0313698 0.7775466 0.2694496 0.3692613 0.6740151 0.8321892 -0.0136054 0.6935504 0.7963659 0.6546628 -0.0751522 0.7261857 0.1306960 0.4219035 0.2930542 -0.1608641 0.5038845 0.7110609 0.3774351 0.6978734 0.7331209 0.3540820 0.1915833 0.3507631 0.6277761 0.7618490 -0.1412504 0.6355881 0.6917073 0.7677291 0.1787921 0.0096265 0.6485831 0.7752729 0.6783940 0.4284904 0.5420911 -0.2046368 0.4913097 0.6478188 0.5929893 0.3714321 0.7667714 0.5525240 0.7598289 -0.4477527 0.6531852 0.5818630 0.5419799 0.7492699 0.7687794 -0.1363694 0.6898486 0.7505280 0.4543459 0.8717655 0.5724549 0.8064166 0.8113425 0.5252917 0.7772733 0.8066805 0.7613072 0.4101915 0.1106505 0.3602463 0.2197273 0.2255299 0.1008395 0.0720965 0.1096306 0.0473971 0.1211521 0.2204224 -0.1194324 0.0087923 -0.1972788 -0.2539868 0.3360786 -0.2676826 -0.1228405 -0.1822961 -0.0549118 0.0867159 -0.0087767 0.1456253 0.0020894 0.1123616 -0.1607830 0.0906675 0.4497991 -0.0627063 0.2607075 0.0527294 0.0678880 -0.2361419 -0.6443922 -0.5228401 -0.3546883 -0.5813531 -0.4451697 -0.3243158 0.2178563 -0.0514755 -0.5891591 -0.4214191 -0.1155883 -0.0167931 0.1417850 -0.4229293 0.0376145 0.0718916 -0.0231274 -0.1531131 -0.1631906 -0.1713187 0.3468179 -0.3536722 -0.2100734 -0.0448242 -0.0586877 0.0052236 0.3064716 -0.2664070 -0.0110417 0.0580477 0.6863589 -0.0449817 -0.1814562 -0.2935123 -0.4100702 -0.2217181 0.2690886 0.4069327 -0.0353525 -0.3114501 -0.2582387 -0.3554030 0.2756778 0.2486458 -0.4425369 0.4570696 0.1849972 -0.4073259 -0.1165507 -0.1833939 0.2251348 -0.4462052 -0.4026736 -0.3196577 0.1091960 -0.0437644 -0.1861968 -0.3197038 -0.1748142 -0.4242751 -0.1102564 0.3649489 0.1459006 0.1861156 -0.3888866 0.2348001 -0.0656217 -0.1518007 -0.0355601 0.4547713 -0.2469482 -0.0645441 0.2528599 -0.3031206 -0.0894682 0.0982397 0.5407255 0.2056502 0.7607658 0.6103280 0.2291317 0.2414564 0.1920798 0.4751174 0.7167880 0.8347063 0.2264176 0.3807039 -0.2031640 -0.0284416 0.3388078 -0.2230460 0.2573983 0.1141845 0.5092709 0.0413014 0.0152491 0.0036920 0.4164300 -0.1804928 0.4542083 0.1977350 0.5901437 0.2551469 0.1876246
