0.0000000 0.2477661 0.4760804 0.1120964 0.0544769 0.0291693 0.1586318 0.4992096 -0.1386646 0.4045092 0.4923960 0.4004225 0.3115425 0.0119310 0.0544744 0.4726273 0.5318524 -0.0016962 0.4423969 0.1183210 0.3508181 0.3311092 0.3241224 -0.2650618 0.3695587 0.3119401 0.0031048 -0.4373328 0.1730035 -0.5042365 0.2188562 0.3704763 -0.4660375 -0.1005604 0.3567235 0.0657635 0.4909125 0.1605743 -0.4265613 -0.5231347 0.1744841 0.1177432 0.1417353 -0.4819128 0.3605202 0.2221838 0.3295307 0.0275470 -0.0476159 -0.0107484 0.4213282 -0.1939695 0.4468497 -0.3587221 0.0604799 0.1449790 0.4805545 0.3446952 0.0258129 0.5386739 0.0594485 0.4048553 0.2263982 0.5491184 0.6185959 0.4459406 0.5563524 0.5353191 0.2962832 0.4185121 0.5300318 0.4181949 0.5983822 0.4590883 0.1916282 0.3757097 0.0213328 0.2872005 0.2652042 0.0710818 0.0840745 0.5648872 0.0491197 -0.0507898 -0.0766100 -0.1919520 -0.3420450 0.1452424 -0.1946259 -0.0426916 -0.4119839 -0.4714183 -0.1632440 0.2608759 -0.3273413 -0.4261845 -0.5098357 -0.1484464 -0.3020832 -0.2931732 -0.2672030 -0.2858048 -0.2055864 -0.1561483 -0.4862261 -0.4123963 -0.1962401 -0.2066561 -0.4254462 -0.1076235 -0.5522873 -0.1675495 -0.3621350 -0.3568360 -0.2268921 -0.6666278 -0.4167071 -0.2992356 -0.6025044 -0.3103131 -0.5024543 -0.3232098 -0.3519524 -0.5168446 -0.4978784 -0.4444173 -0.3739915 -0.4338137 -0.3140333 -0.5120157 -0.5283493 -0.4465208 -0.4035063 0.1048278 -0.3258079 -0.3008484 -0.3967503 -0.2818127 -0.2797230 0.0276469 -0.1220096 -0.1836898 -0.4931696 -0.0685828 -0.2569418 -0.4258100 -0.0703327 0.0343414 -0.4678768 -0.1849371 -0.0298066 -0.0713755 -0.1082355 -0.3093741 0.0320295 0.1722386 -0.3758217 -0.1091980 -0.5771793 -0.0293849 -0.0108273 -0.2795427 -0.1027858 -0.3568987 -0.1712711 0.0656738 -0.3005947 -0.4780802 -0.5506086 -0.3861912 -0.3406374 -0.5152580 0.4046443 -0.1192008 -0.0136687 -0.0000822 0.3271875 0.0637037 0.3116572 0.0495971 -0.0610108 0.0963720 -0.0277523 0.2128592 0.0738874 0.4895081 0.4489861 0.3090209 -0.0161308 -0.2589575 -0.2048960 -0.0188842 -0.0052569 -0.0466080 -0.2304822 -0.1054183 -0.1522603 -0.1585979 0.3321765 -0.2446509 -0.2411238 0.2068316 -0.4756682 -0.3961885 -0.1405166 -0.1897114 -0.1231925 -0.1460467 -0.2081530 0.1932421 -0.3428402 0.1233055 -0.0552428 -0.5000633 -0.1233301 -0.1090968 -0.1183480 -0.2358089
0.2477661 0.0000000 0.5043054 0.6290378 0.1403600 0.5551266 0.7504073 0.4094533 0.2828468 0.5970662 0.5172479 0.5901588 0.0017623 0.4445094 -0.0330213 0.1732057 0.3450639 0.0519803 0.0064811 0.0901093 0.5830671 -0.0190519 0.2300764 -0.1839777 0.0481699 0.0723652 0.0135040 -0.1591248 0.3881747 -0.2322475 -0.0429477 -0.0048510 -0.1935688 0.1367026 0.1951187 0.6276580 -0.0749144 -0.0005116 -0.3348874 -0.2669358 0.0492172 0.3488514 0.1922196 -0.1641648 0.3155842 -0.0954982 -0.0371700 0.0755805 0.3167664 -0.0972312 0.0979502 0.0543986 0.5642151 0.1694919 -0.1045404 -0.1243511 -0.0954447 0.4485362 0.1293738 0.1072280 0.3293984 0.2821037 -0.1219038 0.4154070 0.6030763 -0.0835948 0.0526084 0.3713975 -0.0826809 0.3731573 -0.0381745 0.3010472 0.1411013 0.3323744 -0.0773409 0.5208830 0.5063718 0.0160674 0.1298927 0.6479581 0.1271373 0.0137515 -0.3031328 -0.4392361 -0.5315145 -0.3114143 -0.3912697 -0.4948476 -0.4791172 -0.5079411 -0.5950398 -0.5448537 -0.3868516 -0.4428005 -0.4333365 -0.4827017 -0.4461884 -0.0220948 -0.4712958 0.1542701 -0.4796902 0.0974501 -0.0563948 -0.3822165 -0.4207025 -0.4052721 -0.4110528 -0.4101595 -0.3985233 -0.4611912 -0.3914698 -0.3823435 -0.5174681 -0.5631044 -0.2705323 -0.2032357 -0.4586630 -0.3596764 -0.1338481 -0.2508681 -0.4615050 -0.4750032 -0.0146828 0.1068671 -0.2524269 0.0055481 -0.6554986 -0.0370076 0.1009766 -0.4906937 -0.2244038 -0.2255857 -0.3395983 -0.0671820 0.0513093 0.0843685 0.0420618 0.0873467 0.0116970 0.4112187 -0.0267625 0.1251257 -0.1116990 0.4951700 0.2856078 0.0698282 0.0963066 0.1224596 -0.2835257 0.0307694 0.0462235 0.4338721 0.0207213 0.0201126 -0.2733466 0.0218249 -0.2362645 0.1751629 -0.1881245 0.0013660 -0.2508421 0.1099049 -0.0203183 -0.1884908 -0.2463284 0.0195891 0.1428199 -0.2536116 -0.2546392 0.0990489 -0.2443989 -0.3142376 0.2018450 0.2119932 0.4807708 0.4018870 0.4601418 0.4240028 0.4911305 0.5075213 0.4687282 0.1683685 0.2111141 0.0218153 0.0979976 0.3630502 0.0807032 0.2272406 0.3133318 0.4781737 0.2466350 0.7692012 0.6674573 0.4807236 0.4053066 0.3269477 0.1557439 0.4837360 0.6592204 0.0653248 -0.1425360 0.0421968 -0.0899149 0.0057555 0.1330372 0.2740986 0.1382388 0.1121760 -0.2881976 0.3446230 -0.0205081 0.7058467 0.5981802 0.1064115 0.4236925 0.0527946 0.5192855 0.3764984
0.4760804 0.5043054 0.0000000 0.4267351 0.7924436 0.1584317 0.2163607 0.9161586 -0.1436719 0.7385460 0.7975403 0.2733332 0.7530219 0.1888665 -0.4271409 0.7190541 0.7231181 -0.2889378 0.6890873 0.5973653 0.4923886 0.5960493 0.5571046 -0.5207041 0.6710854 0.5465154 -0.0981306 -0.5396265 0.0081027 -0.6306557 0.6159208 0.6930641 -0.5560832 -0.2912151 0.4621330 0.2560598 0.4520355 0.5817308 -0.2698798 -0.5554023 0.5744404 -0.0556189 0.5609549 -0.5159067 0.0360651 0.4944896 0.4921105 0.5844749 0.0412265 0.3870849 0.5792559 0.3281449 0.5720232 0.1345440 0.4257952 0.4626271 0.4086795 0.5984703 -0.1624212 0.5818301 0.0509629 0.6346575 0.4911786 0.8348156 0.8343344 0.3848130 0.5667033 0.7642274 0.4635086 0.7586562 0.5710990 0.7613664 0.6452287 0.7079296 0.4256589 0.7008692 0.3702500 0.5183464 0.5783944 0.3312729 0.3571278 0.3781855 -0.0482051 -0.2004154 -0.2135482 -0.1740420 -0.1096603 -0.0409043 -0.1540488 -0.2793686 -0.5664261 -0.5352561 -0.5896588 -0.0183486 -0.0704746 -0.1996974 -0.5669183 -0.3417507 -0.0968620 -0.1469933 -0.2502139 -0.3646309 -0.2885023 -0.0513985 -0.5586686 -0.1022465 -0.2222962 -0.4393154 -0.4369029 -0.3003492 -0.3696927 -0.2979666 -0.3870609 -0.3139740 -0.3905175 -0.3871023 -0.3776438 -0.3422917 -0.4676587 -0.2203115 -0.4087759 -0.3519151 -0.3402815 -0.2867263 -0.2602092 -0.3904368 -0.0503757 -0.2554308 -0.3373777 -0.3212171 -0.4212900 -0.2657342 -0.3012715 0.0161503 -0.1724205 -0.1979798 -0.1754370 -0.1825049 -0.2336461 0.2974765 -0.0274309 -0.0239758 -0.2869358 -0.0378069 -0.1392248 -0.1345142 0.0392576 0.1271267 -0.2232435 0.1154665 0.2640855 0.2907111 0.1210888 0.0998844 0.3266846 0.2207379 -0.1245152 0.2524657 -0.2842731 0.3439210 0.3695634 0.2293298 -0.0499329 0.1164378 0.3082824 0.2351249 0.0429495 -0.1869302 -0.2366465 0.1612893 0.0631181 -0.0914533 -0.1628747 -0.3522715 -0.0418102 -0.1785330 0.1481851 -0.0784583 0.5644113 0.4510384 0.2411022 0.0690004 -0.0924858 -0.0490152 -0.2076238 0.7156716 0.1923798 0.4154947 -0.0212814 0.0955827 -0.0619795 0.1242604 -0.0427998 0.0626910 -0.1030317 -0.1696331 -0.4128662 -0.1699968 0.5528748 -0.2813316 -0.5311352 0.3276386 -0.3183128 -0.2748697 0.1215097 -0.1153246 -0.1049863 -0.4823229 -0.5856107 0.2909994 -0.1623311 0.2145050 0.3821988 -0.1640998 -0.1804160 -0.1630292 -0.0524295 -0.1230070
0.1120964 0.6290378 0.4267351 0.0000000 0.0367798 0.8345831 0.6351893 0.4622968 0.6517731 0.6733869 0.5273172 0.8278089 -0.1295822 0.6341580 0.2738394 0.1662477 0.2516498 0.3934544 0.1307187 -0.0776418 0.8227534 0.0648756 0.1206838 0.2678387 0.2636570 0.0462790 0.1900296 0.1858171 0.5043856 0.0887435 0.0274003 0.0103675 0.2295565 0.4015443 -0.0762950 0.5871205 -0.3986639 -0.0053282 0.0291562 0.0263281 0.0943344 0.0194331 0.1271314 0.2465739 -0.0882566 -0.3142023 -0.3100109 -0.0257777 0.7823914 -0.2545507 -0.2075694 0.0496840 0.7691755 0.4356923 -0.3592427 -0.3904457 -0.5157722 0.5961926 -0.0644264 -0.2727961 -0.0977702 -0.0496117 -0.5417598 0.2120468 0.5746145 -0.5176781 -0.3156395 0.1314550 -0.4957257 0.0903568 -0.2883271 -0.0185291 -0.2689535 0.0679622 -0.2907534 0.0949188 0.0430006 -0.3676656 -0.3295363 0.3498993 -0.4622056 0.1306841 -0.1235338 -0.2189898 -0.2759522 -0.1191036 -0.1861414 -0.7517161 -0.3379107 -0.3306960 -0.4769919 -0.4507090 0.0828844 -0.7716933 -0.3456215 -0.4349058 -0.4349363 0.4462538 -0.3246334 0.0179831 -0.4379943 0.3804082 0.1926667 -0.5570948 -0.3362019 -0.3306609 0.0820346 0.0484179 -0.0501093 0.0654983 -0.3348247 0.1454389 0.0582247 -0.0465408 0.2687010 0.1029763 0.0503030 0.1938357 0.3771229 0.3474182 0.0878561 0.0233445 -0.0245488 0.3378568 0.2942749 0.1732433 -0.2787069 -0.0645322 0.3584687 -0.1209091 0.1407558 -0.2980729 -0.1162244 -0.2411355 -0.0252331 0.1388350 0.2505199 0.1044858 0.0896220 0.1966809 -0.0274631 0.0157175 -0.2555902 0.2691524 0.3702670 0.1256192 0.1001696 0.1748955 -0.3240809 -0.1631370 -0.3124119 0.2601105 -0.0032659 -0.0330489 -0.1747211 -0.2336815 -0.4156563 0.1711306 -0.2771381 -0.3789368 -0.1722815 -0.1103690 -0.0547618 -0.4107060 -0.2242687 -0.2087465 -0.0460968 -0.2748750 -0.3688526 -0.1806694 -0.3160975 -0.3432304 -0.0867535 0.1050074 0.2636988 0.4749017 0.6613122 0.5966954 0.8233124 0.7018331 0.4821715 0.1753688 -0.0191841 -0.1747246 0.0105201 -0.0839964 -0.0682910 0.0961186 0.0555650 0.0891348 0.6771044 0.5737975 0.5311503 0.7624195 0.6760050 0.6446237 0.2857888 0.7007487 0.5514288 0.2555714 0.1211445 -0.1586306 -0.0817528 0.2690326 0.5446262 -0.0932323 0.2157971 0.2113509 0.0223137 0.4594694 0.0784146 0.8171553 0.5835794 0.6099275 0.6161655 -0.2945040 0.2018458 0.0097091
0.0544769 0.1403600 0.7924436 0.0367798 0.0000000 -0.1472266 -0.1132448 0.6956878 -0.3051143 0.4654653 0.5304559 -0.1766700 0.8179076 0.0412344 -0.5799677 0.6172039 0.5708531 -0.4814294 0.5723994 0.6411241 0.0765265 0.4987920 0.5006403 -0.5452862 0.5339622 0.5053563 -0.0776695 -0.4752700 -0.2117614 -0.4797380 0.5947946 0.6747062 -0.4900533 -0.3613973 0.4072340 0.0579813 0.4876357 0.5903813 0.0096079 -0.3284781 0.5003725 -0.0510740 0.5622959 -0.4119840 -0.0280730 0.6164684 0.5739682 0.6396754 -0.1689193 0.5491819 0.5757618 0.5143823 0.2229042 0.3095274 0.6108710 0.6480857 0.4830676 0.4627341 -0.0465795 0.5327671 0.1586210 0.5558878 0.7255659 0.7263915 0.4858884 0.4539054 0.5230542 0.6125486 0.6130415 0.7166837 0.5308785 0.7915622 0.5749176 0.6654057 0.5123873 0.5810760 0.4195778 0.6110508 0.6911459 0.1442071 0.5784806 0.1482831 -0.0658190 -0.1437606 -0.1373535 -0.1073389 0.1088717 0.1736866 0.0355321 -0.2128024 -0.2777304 -0.1912057 -0.6829973 0.1820055 0.2407464 0.1733568 -0.2917873 -0.5360395 0.1329577 0.0082385 0.0184218 -0.4810490 -0.3226184 0.2481179 -0.3282565 0.2287230 -0.2316260 -0.4449186 -0.3113881 -0.3607581 -0.0569069 -0.3509194 -0.2868948 -0.2217303 -0.5161610 -0.2194396 -0.2594752 -0.3370668 -0.4658372 -0.2603067 -0.2598249 -0.2477851 -0.2059863 -0.2329681 -0.2070310 -0.4395999 0.2748847 -0.0750374 -0.5021595 -0.0970176 -0.3763891 0.0363396 -0.1410277 0.0990521 -0.0236561 -0.1583692 -0.2009424 -0.2009672 -0.2378951 0.2518038 0.0752099 0.0616573 -0.0143293 -0.1447587 -0.2750492 -0.0292678 0.0265430 0.0725656 0.0883349 0.3279924 0.4935064 0.3089747 0.2238126 0.2767201 0.4497558 0.4336223 0.2289153 0.3116067 0.0569595 0.6339825 0.5186430 0.4560196 0.1376145 0.5154752 0.5377825 0.4405657 0.2520726 0.1281262 0.1250838 0.4230760 0.3762573 0.2605052 -0.4373307 -0.5724036 -0.1948201 -0.4075128 -0.2695431 -0.4232221 0.1997019 0.2468811 0.1592958 0.0907276 0.0330683 0.0065311 -0.1811931 0.7080799 0.0487735 0.2511835 -0.0339995 0.2089723 -0.3210937 -0.1104930 -0.3140687 -0.2618781 -0.3982367 -0.5074349 -0.5986100 -0.4255212 0.2722947 -0.4342759 -0.6199505 0.3368188 -0.1535361 -0.2975783 -0.0369220 -0.0715623 -0.2069496 -0.5475629 -0.6474644 0.0429257 -0.1648269 -0.2012935 0.1060810 -0.1792921 -0.3695560 -0.0134966 -0.2613790 -0.1604088
0.0291693 0.5551266 0.1584317 0.8345831 -0.1472266 0.0000000 0.8265852 0.1453415 0.9274700 0.6018199 0.3607086 0.8451745 -0.4054144 0.8556731 0.6618787 0.0770208 0.2735261 0.6205628 -0.1005446 -0.2156676 0.5949580 -0.2512365 0.1448594 0.5993408 0.0305025 0.0040703 0.4759153 0.5203381 0.6488595 0.4177211 -0.2966538 -0.1986799 0.5398600 0.6795334 -0.0988493 0.5799204 -0.4880312 -0.3386173 0.1607467 0.3067562 -0.2411280 0.2917854 -0.0350682 0.5325843 0.1800865 -0.4948024 -0.4251607 -0.3467168 0.8590162 -0.4800834 -0.4046207 -0.0779591 0.6564410 0.4767801 -0.5116391 -0.5477246 -0.6109130 0.5183721 0.3601527 -0.4767110 0.2075659 -0.3116697 -0.6286084 0.0744780 0.3215828 -0.6346837 -0.5387394 -0.1288148 -0.6162582 -0.1055989 -0.5442337 -0.1782212 -0.5156611 -0.0392151 -0.5530038 -0.1938985 -0.0293212 -0.5950835 -0.5599469 0.0718006 -0.5986327 0.2802685 -0.0386682 -0.1171600 -0.2180693 -0.1657439 -0.2905321 -0.5567517 -0.3178169 -0.2456051 -0.3874467 -0.1853613 0.1566486 -0.5625653 -0.2401815 -0.3234071 -0.2173488 0.3833658 -0.2923193 0.2901310 -0.2566098 0.3794626 0.1982732 -0.3063810 -0.1744034 -0.2514490 0.0323473 0.1098675 0.0097048 0.0602005 -0.1749267 0.1887469 0.0353040 -0.1182639 0.2680220 -0.0081767 -0.0150012 0.0962792 0.3482940 0.2224437 0.0236549 -0.0789106 0.1330047 0.2695187 0.1917044 0.2808705 -0.4222838 -0.0424314 0.4598555 -0.2370983 0.2300152 -0.2235239 0.0471284 0.0269268 0.2384619 0.1538807 0.3157142 0.2373440 0.3031643 0.1964051 0.0417942 0.1847525 -0.1884298 0.1380158 0.4757674 0.0298406 0.3323308 0.3919824 -0.2594443 -0.0118375 -0.2408168 0.2404697 0.2293471 -0.1072419 -0.2733301 -0.2275277 -0.4011802 0.2621215 -0.2172652 -0.4162715 -0.2830443 -0.0212835 -0.0071317 -0.4591311 -0.2724361 -0.1190298 -0.0529738 -0.2431118 -0.2821819 -0.1139695 -0.3170394 -0.3284866 0.0871681 0.1311590 0.6624816 0.7214964 0.6592260 0.5989804 0.5193466 0.4658587 0.4535745 0.5020230 0.3941853 0.2911822 0.4541084 -0.1170153 0.0922140 0.0822797 0.1982100 0.1442396 0.5279816 0.4446107 0.3838733 0.5328468 0.5986165 0.4513894 0.2892412 0.6913567 0.2347274 0.3284722 0.0408934 -0.2689074 -0.0607860 0.1177396 0.4500131 -0.2041935 0.2611086 0.5158931 -0.0536074 0.2726073 0.0124832 0.7001348 0.3912013 0.6643848 0.7341121 0.0551580 0.2688979 0.1956079
0.1586318 0.7504073 0.2163607 0.6351893 -0.1132448 0.8265852 0.0000000 0.1102798 0.6735593 0.4651633 0.2524794 0.7365427 -0.2784755 0.7109587 0.4912775 -0.0246629 0.2328070 0.5249293 -0.1664354 0.0110667 0.4293475 -0.2664117 0.0567145 0.3829036 -0.0968291 -0.0870394 0.4139821 0.3915294 0.4443140 0.3095826 -0.2430979 -0.1599017 0.3821088 0.4968581 -0.0982164 0.4125409 -0.3111197 -0.2638048 -0.0246212 0.2450440 -0.1786983 0.2387941 -0.1279488 0.3890559 0.1866942 -0.3622346 -0.3631973 -0.2310175 0.6906402 -0.3439792 -0.3500922 -0.1989167 0.5684208 0.2305176 -0.3432828 -0.3841528 -0.3509905 0.3339247 0.3865093 -0.3506443 0.2425216 -0.2480009 -0.3710172 0.1675322 0.4111653 -0.3107886 -0.3746120 -0.1325355 -0.3744613 -0.0714234 -0.3482992 -0.0016143 -0.2897528 0.1800648 -0.3512020 0.0577260 0.2297494 -0.3557465 -0.3207206 0.3829309 -0.2605819 0.3610684 0.0371868 -0.0628686 -0.1585656 -0.1432546 -0.2760167 -0.2980307 -0.2665588 -0.2250615 -0.3569990 -0.2084237 -0.0282833 -0.3043436 -0.2966886 -0.3860461 -0.1728547 0.0862005 -0.2670453 0.2658498 -0.2098189 0.1194639 -0.0099111 -0.1178704 -0.1714426 -0.2859144 -0.0916410 -0.0476975 -0.1586683 -0.0590909 -0.2467443 0.0279886 -0.2397959 -0.2861272 0.0932983 -0.1174175 -0.1766134 -0.0580954 0.1237713 0.0238421 -0.1727537 -0.2215725 0.0583867 0.0699635 -0.0072611 0.2236540 -0.5103991 -0.0608179 0.3664164 -0.3477239 0.1520287 -0.2176236 0.0007868 0.1304985 0.2460701 0.0977899 0.2846338 0.2766421 0.3144822 0.2240779 -0.0054989 0.2019118 -0.1595130 0.2927584 0.4726345 -0.0095579 0.3419175 0.3630132 -0.2136937 0.0667405 -0.0778277 0.2667194 0.2281156 -0.1200966 -0.2190610 -0.1917417 -0.3117514 0.2158000 -0.2227810 -0.2151952 -0.2740084 0.0663263 -0.1734613 -0.3047639 -0.2614223 -0.1376177 -0.0751626 -0.2374481 -0.2279486 0.0301859 -0.2701888 -0.2801245 0.4622995 0.3517874 0.8472578 0.7654879 0.6959754 0.7342923 0.3479116 0.3319088 0.4569223 0.4277270 0.3856680 0.3588420 0.4277878 0.1133458 0.3500689 0.3618010 0.4561304 0.3503430 0.3859056 0.5620399 0.5440850 0.3547924 0.4545854 0.3649104 0.3882184 0.6697353 0.4680212 0.2818378 -0.0419546 -0.1654354 -0.1350810 -0.0217819 0.3932682 0.0090314 0.2192059 0.4468612 -0.2018608 0.4050595 -0.0619477 0.6367650 0.5965246 0.4716677 0.7368309 0.2890503 0.5322906 0.4902902
0.4992096 0.4094533 0.9161586 0.4622968 0.6956878 0.1453415 0.1102798 0.0000000 -0.1196998 0.7915663 0.8808006 0.2406214 0.7723220 0.2766563 -0.4347332 0.8368232 0.7496163 -0.1089864 0.8366787 0.5982405 0.4659632 0.7527649 0.6773350 -0.4895171 0.8373165 0.7024360 0.1104212 -0.4586409 -0.0720322 -0.5271228 0.7465269 0.7892131 -0.5654575 -0.3941847 0.5997350 0.2136462 0.5300120 0.7183985 -0.0363922 -0.4621533 0.7151016 -0.0744083 0.7343801 -0.5256632 -0.0521254 0.6119564 0.5738402 0.6730863 0.0420888 0.5163792 0.6603176 0.5311791 0.4833002 0.1933584 0.5126818 0.5433568 0.4436335 0.6182296 -0.2268204 0.6246238 -0.0114157 0.6886759 0.4373976 0.8303162 0.7548896 0.4117695 0.5905515 0.7889998 0.4858851 0.7997529 0.6390317 0.7530498 0.6452537 0.6272631 0.5432725 0.6691670 0.3519528 0.5735357 0.5922621 0.2986216 0.3548808 0.3783043 0.0012350 -0.1647808 -0.1693998 -0.1304597 -0.0756713 -0.0839083 -0.1499249 -0.1772048 -0.4899949 -0.4566687 -0.4176061 -0.1064514 -0.0312383 -0.1260236 -0.4794333 -0.1348205 -0.0463856 -0.2820467 -0.1883688 -0.1913863 -0.1100430 -0.1882051 -0.4177931 -0.0619679 -0.1090706 -0.2896850 -0.2578576 -0.1934870 -0.2571236 -0.1693367 -0.1992840 -0.1509477 -0.2751066 -0.2572239 -0.2704011 -0.2566055 -0.3420686 -0.0985680 -0.2944213 -0.2692102 -0.2369704 -0.1618318 -0.1731071 -0.3059432 0.0286953 -0.1674077 -0.2423268 -0.2338853 -0.3548700 -0.1316464 -0.1790121 -0.1581739 -0.0875318 -0.0578198 -0.0867995 -0.0854978 -0.1549529 0.3787539 0.1372832 0.0695900 -0.2138718 -0.0091400 -0.0641158 -0.0215827 0.1264386 0.2330698 -0.1155157 0.2195881 0.3074680 0.3330349 0.1920940 0.2209509 0.4496342 0.2868571 -0.0402096 0.3414660 -0.2031772 0.3825919 0.4907573 0.3010455 0.0261595 0.1625325 0.3959965 0.3091796 0.1279884 -0.0643211 -0.1677974 0.1784609 0.1623550 -0.0288254 -0.1999963 -0.2100652 -0.1609497 -0.2470038 0.1320267 -0.0331425 0.5538169 0.4338184 0.1647118 -0.0741316 -0.1727827 -0.1383121 -0.2344201 0.5445077 -0.0028444 0.2351218 -0.0881658 0.1094265 0.0601097 0.1407676 0.0158490 0.1872747 0.0245810 -0.0299744 -0.3359065 -0.1796005 0.5326904 -0.1816732 -0.3861582 0.2914697 -0.2510349 -0.2029990 0.0320996 0.0399729 0.0316935 -0.5260451 -0.4379394 0.2814547 -0.0799096 0.2891233 0.2911352 -0.1313234 -0.1243349 -0.3207532 -0.0216388 -0.1117468
-0.1386646 0.2828468 -0.1436719 0.6517731 -0.3051143 0.9274700 0.6735593 -0.1196998 0.0000000 0.3787279 0.1110375 0.7214589 -0.5924585 0.8123135 0.8266741 -0.0758549 0.0911250 0.6946891 -0.2528050 -0.4294668 0.3920296 -0.3944556 0.0321648 0.8041025 -0.1168628 -0.0826052 0.5480913 0.7131428 0.6502785 0.6516170 -0.4658568 -0.3702360 0.7421569 0.7915629 -0.1911779 0.4855842 -0.5729861 -0.4975887 0.3648956 0.5308314 -0.4059846 0.3470709 -0.1457876 0.7319770 0.1980902 -0.5826973 -0.4837773 -0.5245209 0.8272798 -0.5597305 -0.5170014 -0.0959475 0.4449757 0.5350729 -0.5947859 -0.6247912 -0.6924932 0.3688552 0.4603547 -0.6139315 0.2402924 -0.4748000 -0.7270965 -0.1760382 0.0033324 -0.7336043 -0.6785783 -0.3326798 -0.7009795 -0.3208844 -0.6945282 -0.3959286 -0.7056537 -0.2590763 -0.6664462 -0.4957569 -0.2183132 -0.7318509 -0.7310643 -0.1760298 -0.7008127 0.1674501 -0.0466971 -0.0664597 -0.1493187 -0.1483088 -0.2463893 -0.5048394 -0.2673404 -0.1388895 -0.1979990 0.0459275 0.3328155 -0.5292572 -0.1529310 -0.1848952 -0.0336605 0.4631537 -0.2348722 0.3538929 -0.1300014 0.4813538 0.2825456 -0.2455518 0.0068432 -0.1676617 0.1015943 0.2549491 0.1796569 0.1572544 -0.0147139 0.2810885 0.1771171 -0.0232381 0.3281909 0.0403233 0.0779209 0.1839299 0.4466552 0.2648189 0.1458283 0.0002008 0.2709443 0.3344887 0.2475408 0.3548524 -0.3465619 0.0418689 0.5040622 -0.1671879 0.3168520 -0.1019004 0.1798340 -0.0021246 0.3222277 0.1965339 0.3265638 0.2670519 0.3672274 0.1014680 0.0919440 0.2298562 -0.1085488 0.0275285 0.4549505 0.0258770 0.3343475 0.3764110 -0.1648429 -0.0033529 -0.3148072 0.1440004 0.2254658 -0.1224685 -0.3479262 -0.2363986 -0.3322234 0.2225333 -0.0954645 -0.4965392 -0.3580766 -0.0774421 0.0682055 -0.4669790 -0.3251545 -0.1149898 -0.0461786 -0.1471258 -0.1875573 -0.1835939 -0.2921242 -0.2687428 -0.0013997 0.0864861 0.6322233 0.7571543 0.5644696 0.5162116 0.3208146 0.3129835 0.3807884 0.5617166 0.4845825 0.3933878 0.5855590 -0.3279506 0.0038160 -0.1032477 0.1250117 0.0636151 0.4488366 0.2795990 0.2571085 0.4188103 0.5392548 0.3726587 0.2798994 0.6633388 -0.0471132 0.3474734 0.1712486 -0.3429864 0.0686613 0.1915906 0.4094224 -0.2357051 0.2865634 0.6649408 0.1283450 0.1176418 0.0589896 0.5380889 0.1564348 0.7150447 0.7145466 0.0989054 0.1640453 0.1500195
0.4045092 0.5970662 0.7385460 0.6733869 0.4654653 0.6018199 0.4651633 0.7915663 0.3787279 0.0000000 0.9495610 0.5768843 0.3328886 0.7242399 0.0099555 0.7291486 0.8703404 0.1329298 0.4920551 0.3095188 0.6683176 0.2866951 0.7179753 -0.1501222 0.5375534 0.5435006 0.3957640 -0.1863249 0.4262130 -0.2720822 0.2675679 0.4117653 -0.2503901 0.1231627 0.4924694 0.6239022 0.1399034 0.2298305 -0.0262948 -0.2525560 0.2414227 0.3482629 0.5913684 -0.1979145 0.3168817 0.1733866 0.2125390 0.2129816 0.4080491 0.0350958 0.3138812 0.4236644 0.7141213 0.4501281 0.0745132 0.0989350 0.0260858 0.8641968 0.2143261 0.2665370 0.3181961 0.4277434 0.0665967 0.7562369 0.7330939 -0.0363749 0.1684527 0.6421224 0.0632366 0.6657846 0.1333735 0.5331390 0.2418522 0.5192572 0.0158345 0.4751931 0.3618234 0.0954243 0.2190780 0.2310150 -0.0040030 0.4202077 0.0096079 -0.1665623 -0.2844142 -0.1551807 -0.2649300 -0.2962626 -0.2442791 -0.2530631 -0.5816618 -0.3979232 -0.3189841 -0.2640182 -0.0509208 -0.1677536 -0.4077661 0.0625867 -0.1962391 0.1586068 -0.2087159 0.0664898 0.1058484 -0.1873218 -0.3708045 -0.1000575 -0.1419393 -0.1990362 -0.2379682 -0.2303128 -0.2286773 -0.1019939 -0.1538987 -0.2550703 -0.1222212 -0.2313817 -0.2745132 -0.2672783 -0.1780421 -0.1022476 -0.3187081 -0.3225260 -0.0577370 0.0353704 -0.1671833 -0.2604580 -0.3391726 -0.1102748 -0.1228201 -0.4075004 -0.3206869 -0.1578720 -0.2740272 0.0021247 0.1216452 0.0159198 -0.0871069 -0.0987586 -0.1145449 0.3842194 0.1086070 0.0888711 -0.1225201 0.0618396 0.0538323 -0.0062665 0.2024447 0.3260236 -0.1493222 0.1679143 0.1985462 0.3828016 0.2600887 0.1675363 0.1438783 0.2930930 -0.1244869 0.3558009 -0.1576060 0.1482078 0.2148468 0.2448856 0.2178398 -0.0606000 0.1754296 0.3405078 0.2196842 -0.1009740 -0.1773283 0.1137527 0.0346613 -0.1417559 -0.0732976 -0.2036015 0.2679862 0.0703942 0.2309292 0.0728364 0.6302569 0.5828014 0.4217405 0.3830128 0.2989688 0.2021553 0.2023251 0.4926884 0.0851233 0.2193859 0.0945438 0.2182432 0.2185118 0.3650555 0.1486709 0.3906583 0.1889074 0.0560880 -0.2819291 0.0646633 0.4384084 -0.1568179 -0.3731479 0.0036037 -0.2364268 -0.2168596 -0.0131751 -0.1299173 -0.0097517 -0.1549958 -0.4805768 0.1160248 -0.1415488 0.5196065 0.2489590 0.1198978 0.1968781 -0.0523774 0.0099461 -0.0464395
0.4923960 0.5172479 0.7975403 0.5273172 0.5304559 0.3607086 0.2524794 0.8808006 0.1110375 0.9495610 0.0000000 0.4047289 0.5066283 0.5205599 -0.2132386 0.8338961 0.9040939 -0.0441233 0.6317866 0.4441424 0.5893777 0.4590828 0.8100245 -0.3778567 0.6560081 0.6498726 0.2720208 -0.4025670 0.2684675 -0.4817118 0.4406861 0.5688822 -0.4962623 -0.1261779 0.6432378 0.5142208 0.3283424 0.3957937 -0.1192350 -0.4735967 0.4033291 0.2939444 0.7178377 -0.4677500 0.2857392 0.3677506 0.3841145 0.3805051 0.1591325 0.2061922 0.5020517 0.4871382 0.5954917 0.2521891 0.2514670 0.2914255 0.2313052 0.7943754 0.1048920 0.4692382 0.2899320 0.5782490 0.2602534 0.8534425 0.7456737 0.1676057 0.3793982 0.7796070 0.2642516 0.8247989 0.3610957 0.6814904 0.4489928 0.6243914 0.2172610 0.6425886 0.4537902 0.3248162 0.4338973 0.2426567 0.1801637 0.3821777 0.0137165 -0.1854538 -0.2870795 -0.1408281 -0.2629887 -0.1724176 -0.2161144 -0.2336304 -0.5776485 -0.4289373 -0.4232571 -0.1266979 -0.0339325 -0.1403888 -0.4167891 -0.0494109 -0.1580187 0.0487656 -0.2047209 -0.0580238 0.0574748 -0.1577047 -0.3963790 -0.0828102 -0.1958515 -0.2764453 -0.3180416 -0.3094047 -0.2515601 -0.2084412 -0.1750513 -0.2560271 -0.2316780 -0.2597120 -0.3482245 -0.3830827 -0.3191054 -0.2210025 -0.4118118 -0.3743728 -0.1564858 -0.0745476 -0.2898851 -0.3782560 -0.2749801 -0.1355192 -0.2735219 -0.3850994 -0.4530935 -0.1422039 -0.3359038 0.0179460 -0.0012664 -0.0519395 -0.1904507 -0.1963863 -0.2328410 0.3388576 0.0822606 -0.0108083 -0.0754935 0.0208018 -0.0926858 -0.0347306 0.1057822 0.2347153 -0.0942759 0.1525503 0.2960336 0.3064384 0.1925432 0.2134396 0.2683627 0.3530364 -0.0206144 0.2810390 -0.1205449 0.2791210 0.3592264 0.2732319 0.1944926 0.0572922 0.2993538 0.3591413 0.2219497 -0.0388948 -0.1110558 0.1783866 0.1349051 -0.0610862 -0.1163157 -0.2232655 0.0388329 -0.1991155 0.0589929 -0.0784013 0.5555392 0.4901391 0.2911736 0.2050198 0.1739372 0.1025413 0.0756126 0.5855377 0.0816846 0.2429613 0.0898539 0.2326442 0.0807097 0.2934091 0.0821284 0.3015456 0.0431073 -0.0356877 -0.3786238 -0.1506359 0.4345019 -0.2549882 -0.4309638 0.0620970 -0.3035292 -0.3211092 -0.1918083 -0.0215106 -0.0975341 -0.4077106 -0.5126371 0.0396494 -0.2028170 0.3815348 0.1541897 -0.1157377 -0.0247349 -0.1836135 -0.0589049 -0.1317761
0.4004225 0.5901588 0.2733332 0.8278089 -0.1766700 0.8451745 0.7365427 0.2406214 0.7214589 0.5768843 0.4047289 0.0000000 -0.3622655 0.6113543 0.5988963 0.0482712 0.2770244 0.3794113 -0.0910801 -0.3221733 0.8142729 -0.2242560 0.0497271 0.4136985 0.0035507 -0.1220202 0.2136891 0.1712717 0.7737150 0.0956967 -0.3127924 -0.2243149 0.3046857 0.6846785 -0.1351524 0.6249719 -0.4364130 -0.3785480 -0.1294514 0.0054860 -0.2605415 0.2913758 -0.1118637 0.3112356 0.2898342 -0.5292896 -0.4239246 -0.4395081 0.8033993 -0.5945830 -0.3237492 -0.2700335 0.8521654 0.2775739 -0.6312177 -0.6053535 -0.5055027 0.6045170 0.2736303 -0.3186591 0.1270878 -0.1889316 -0.5942372 0.1794129 0.5688126 -0.5285415 -0.3544894 0.0672195 -0.5810561 -0.0272409 -0.3850803 -0.0900276 -0.3026520 0.1376127 -0.5576231 -0.0381406 -0.0491147 -0.5364926 -0.4944637 0.2081723 -0.5806765 0.2387176 -0.1495771 -0.2357616 -0.3268548 -0.2498540 -0.4575572 -0.6102696 -0.4495943 -0.3656272 -0.5735323 -0.5001157 0.0554615 -0.5393829 -0.5423535 -0.6422058 -0.5091174 0.2955892 -0.5542831 0.1761588 -0.5266651 0.2280804 0.0642640 -0.4607306 -0.4712726 -0.5672268 -0.0851951 -0.0217901 -0.2867172 -0.0190694 -0.5869598 0.0211129 -0.1355195 -0.3105962 0.1649568 -0.2584190 -0.1753735 0.0397832 0.1123020 0.0864924 -0.1759324 -0.1650374 -0.1597596 0.0545429 -0.0334108 -0.0648320 -0.6058465 -0.2862706 0.1558428 -0.4595311 -0.1196854 -0.5368852 -0.3571749 -0.0542476 -0.1868570 -0.1352640 -0.0798209 -0.1388404 -0.0896503 -0.0730449 -0.2781059 -0.1957535 -0.4093490 0.1242117 0.1176070 -0.2372247 -0.0743112 0.0157500 -0.5213044 -0.4145210 -0.5037833 -0.0181907 -0.1998714 -0.3692522 -0.4668900 -0.2457047 -0.5767123 -0.1295404 -0.4475755 -0.5938104 -0.4781648 -0.4335056 -0.1158672 -0.6858176 -0.5484393 -0.3279357 -0.2875912 -0.4870692 -0.5553574 -0.4890930 -0.5726677 -0.5998211 0.1971848 -0.0063948 0.4241525 0.6429627 0.7638330 0.6039038 0.7359668 0.5533928 0.5009052 0.4887408 0.2673003 0.2208675 0.3745084 0.0503423 0.3249649 0.2554898 0.2244639 -0.0065659 0.4156190 0.5078189 0.4962793 0.5627479 0.3925015 0.4314633 0.2295755 0.6971701 0.4618100 0.0394217 0.0442583 -0.3270618 -0.3234606 0.0109436 0.3777360 -0.2949466 -0.0259841 0.3765399 -0.0150198 0.2804616 -0.2402054 0.6572714 0.3371767 0.3986207 0.5859739 -0.1423641 0.0245522 -0.1416016
0.3115425 0.0017623 0.7530219 -0.1295822 0.8179076 -0.4054144 -0.2784755 0.7723220 -0.5924585 0.3328886 0.5066283 -0.3622655 0.0000000 -0.1716116 -0.7381804 0.7072120 0.5301801 -0.3665080 0.8258985 0.8189651 -0.0863584 0.8173284 0.5193299 -0.6997046 0.7437426 0.6634132 -0.0714846 -0.5513173 -0.5682830 -0.5736642 0.8929259 0.8968347 -0.6862606 -0.7550023 0.5502113 -0.2818611 0.7937916 0.8877293 -0.0291378 -0.4298525 0.8123382 -0.3337294 0.6353531 -0.6462902 -0.2493784 0.8920723 0.7775790 0.8768792 -0.4279683 0.8228018 0.7748879 0.5179306 -0.0139058 -0.0605173 0.8646910 0.8889943 0.7860143 0.1741160 -0.3566842 0.7734647 -0.1374313 0.7082105 0.8560958 0.6937213 0.4344394 0.7891998 0.7940124 0.6565861 0.8577307 0.7090391 0.8817829 0.7920767 0.8355292 0.6017139 0.8562396 0.6459156 0.3230300 0.8802690 0.8598500 0.1617868 0.6987469 0.3450996 0.1748068 0.0803685 0.1440568 0.0582433 0.2446497 0.4330878 0.2049218 0.1022318 -0.0980991 -0.1284266 -0.4646486 0.3726420 0.3007218 0.2399398 -0.1654454 -0.4457498 0.3317378 -0.3736208 0.1783050 -0.4831276 -0.2765898 0.2460644 -0.1560881 0.2787293 -0.0284391 -0.2742098 -0.1402370 -0.1200207 0.0395708 -0.1594263 -0.1761007 0.0200491 -0.3794246 -0.1954234 -0.1637087 -0.2493942 -0.4865790 -0.1658749 -0.1976741 -0.1473003 -0.2216151 -0.3401065 -0.1774625 -0.3214113 0.4282236 -0.0729856 -0.3921397 0.0236420 -0.2784897 0.1156441 0.0313153 -0.0196235 -0.0262346 -0.0832869 -0.0824025 -0.0457766 -0.1177611 0.3080826 0.2107424 0.1252474 -0.0489088 -0.1560966 -0.1963373 0.0088122 0.1389092 0.1800651 0.1556878 0.4081358 0.5644035 0.2474471 0.2788962 0.3325319 0.7262303 0.3782805 0.2602246 0.3398368 -0.0108847 0.7096384 0.7427781 0.4809270 -0.0138781 0.5526159 0.6871783 0.4282433 0.1725351 0.1611180 0.1186737 0.4115344 0.4580538 0.3062788 -0.1881168 -0.2475651 -0.3345126 -0.5611842 -0.2689783 -0.3560726 0.0659110 0.0330803 -0.1341381 -0.2898846 -0.3255838 -0.1717085 -0.4282329 0.5854070 0.0101318 0.2494381 -0.1698031 0.0366791 -0.2738042 -0.2639434 -0.3571771 -0.3049251 -0.3457942 -0.3915855 -0.4757721 -0.6064236 0.2659174 -0.2581509 -0.4576770 0.5100947 -0.1283774 -0.2737927 -0.1005009 0.0928391 -0.0327929 -0.7133381 -0.4722100 0.1669687 -0.0067352 -0.2210624 0.1305774 -0.3871903 -0.4953678 -0.1089226 -0.0731697 -0.0294693
0.0119310 0.4445094 0.1888665 0.6341580 0.0412344 0.8556731 0.7109587 0.2766563 0.8123135 0.7242399 0.5205599 0.6113543 -0.1716116 0.0000000 0.4961075 0.3255919 0.5313070 0.6195225 0.0742435 0.0465717 0.4077241 -0.1275912 0.4525027 0.4390822 0.1702208 0.2663699 0.8033029 0.4740984 0.4886754 0.4297315 -0.1143594 0.0023600 0.3939468 0.4960019 0.1829211 0.5258858 -0.2476355 -0.1445882 0.4069645 0.4093892 -0.0971643 0.4037002 0.2782085 0.4395515 0.2339240 -0.1781664 -0.1890248 -0.1530175 0.7157749 -0.2175870 -0.1998298 0.3037886 0.4961921 0.6307928 -0.2089799 -0.2332587 -0.3685466 0.6083535 0.5071447 -0.2963402 0.3601816 -0.1208966 -0.3273625 0.2816752 0.2698410 -0.3978330 -0.3987011 0.0302723 -0.3223911 0.1216175 -0.3705212 0.0633276 -0.3527130 0.1428874 -0.3232685 -0.0523692 0.1867130 -0.3464707 -0.2792875 0.0758012 -0.3152323 0.3893874 0.1622207 0.0457470 -0.0812075 -0.0382328 -0.1782809 -0.2859998 -0.1450500 -0.0570479 -0.2618890 0.0373550 0.0853598 -0.3412324 0.0502067 -0.0158244 0.0262045 0.2989428 -0.0656827 0.3830277 0.0419832 0.3394506 0.3037749 -0.0582753 0.0568166 0.0269302 0.0853861 0.1568673 0.1235215 0.0467065 0.0812479 0.2196421 0.1195296 -0.0263606 0.2096785 0.0458958 -0.0042155 0.0062874 0.2527189 0.1439085 -0.0045384 -0.1251421 0.2545314 0.2770544 0.1085825 0.1467982 -0.3147651 0.0983050 0.2817304 -0.2506819 0.1323800 0.0610951 0.1187099 0.0126633 0.4798510 0.2297318 0.2529942 0.2302510 0.2841983 0.3109933 0.2288520 0.3062134 0.0692565 0.0763679 0.3821275 0.1188251 0.4505535 0.5229957 0.0705315 0.2878790 0.0823200 0.3350133 0.4366826 0.1673306 0.0153853 0.0890674 -0.0481427 0.4203572 0.0632867 -0.0609539 0.0367810 0.2862186 0.1831609 -0.1018224 0.0617041 0.2071600 0.2202251 0.0865196 0.0344818 0.1533782 0.0684160 -0.0083526 0.1115950 0.1307250 0.6816404 0.5024557 0.3764150 0.4103232 0.3459455 0.4065047 0.4724793 0.5600632 0.5493762 0.4529397 0.5584274 0.0346598 0.0688079 0.1018899 0.2796820 0.3314507 0.4240678 0.3874773 0.2671701 0.4029335 0.4207202 0.2271261 0.0757947 0.3971826 0.1894981 0.1664937 -0.0744704 -0.2828685 -0.0197701 -0.0368399 0.1423341 -0.0748885 0.2017576 0.3079356 -0.2186344 0.0771968 -0.0070530 0.5525118 0.2478635 0.5629126 0.6182070 0.2127436 0.2394679 0.2830729
0.0544744 -0.0330213 -0.4271409 0.2738394 -0.5799677 0.6618787 0.4912775 -0.4347332 0.8266741 0.0099555 -0.2132386 0.5988963 -0.7381804 0.4961075 0.0000000 -0.2592232 -0.1047612 0.6497415 -0.3915008 -0.5945888 0.1276942 -0.5268034 -0.1750595 0.9047105 -0.3107724 -0.2485936 0.4291053 0.7109268 0.5845899 0.6660459 -0.6377530 -0.4969219 0.7894771 0.8134854 -0.3053088 0.1717319 -0.4965302 -0.7034075 0.2383353 0.5041531 -0.6116235 0.3066075 -0.4482765 0.7260600 0.2948312 -0.6784472 -0.5224551 -0.7852784 0.6307485 -0.7140184 -0.5939950 -0.4578157 0.2526075 0.1569631 -0.7072904 -0.7078210 -0.5713490 0.0749351 0.5207658 -0.6184596 0.1993139 -0.6592345 -0.7013198 -0.3703007 -0.1978317 -0.6142170 -0.6300867 -0.5372391 -0.6923611 -0.5518072 -0.6505626 -0.5455737 -0.6882904 -0.3559079 -0.7399493 -0.7083784 -0.4591394 -0.7791000 -0.8510932 -0.4422019 -0.7752469 0.2352931 -0.0139412 0.0227929 -0.0278922 -0.1927184 -0.3446720 -0.2029431 -0.2350561 -0.0355713 -0.0870275 0.0983944 0.4227813 -0.1666048 -0.2591061 -0.2797398 -0.0064661 0.3053523 -0.2885580 0.2405927 -0.1181626 0.2533458 0.0889878 -0.1232955 -0.0130242 -0.3027776 0.0566657 0.2598836 0.0779876 0.2208742 -0.1398789 0.2624470 0.1098114 -0.0554695 0.3149206 -0.1733750 0.0378134 0.1673800 0.2523987 0.1392833 0.0796041 0.0193943 0.0872418 -0.0008769 0.0731768 0.2727324 -0.3539959 -0.1858308 0.4038828 -0.2055483 0.2533626 -0.2780198 0.1506093 0.1806138 0.0979877 -0.0566107 0.1394173 0.1521594 0.3034371 -0.2051862 -0.1035927 0.0539610 -0.2782618 -0.1876715 0.2479135 -0.2833254 0.2022136 0.2274624 -0.3117164 -0.2026318 -0.4511561 -0.2106639 0.0707259 -0.4567162 -0.4638506 -0.3493665 -0.4628760 -0.0661410 -0.2819389 -0.6474979 -0.5236503 -0.3552985 -0.1117871 -0.6451528 -0.5169471 -0.2935314 -0.3794607 -0.3306887 -0.3309808 -0.4300853 -0.4902966 -0.4361776 0.2401255 0.0753931 0.5433622 0.7381228 0.5456489 0.4419669 0.0247990 -0.0899356 0.0725352 0.5284441 0.4583610 0.5472992 0.6773148 -0.3740430 0.2551012 -0.0762287 0.1237428 -0.1955074 0.1626048 -0.0352523 0.0507696 0.0756163 0.2430952 0.1775943 0.3284839 0.5097202 -0.2941316 0.2934007 0.1555736 -0.3955213 -0.1251101 -0.0146405 0.2557476 -0.3940497 0.1468521 0.7246470 0.2020672 -0.0331130 -0.1549717 0.1848951 -0.1698285 0.4151347 0.5275778 0.1245888 -0.0098636 -0.0051742
0.4726273 0.1732057 0.7190541 0.1662477 0.6172039 0.0770208 -0.0246629 0.8368232 -0.0758549 0.7291486 0.8338961 0.0482712 0.7072120 0.3255919 -0.2592232 0.0000000 0.8571451 -0.0444853 0.8837765 0.5730073 0.1284177 0.7306153 0.9161293 -0.3383526 0.8713661 0.9388486 0.3036253 -0.3035678 -0.1111108 -0.3845238 0.6676466 0.8224461 -0.4908751 -0.4097413 0.8620500 0.0807580 0.6964702 0.6216228 0.1270903 -0.4004152 0.6104455 0.1527684 0.8403531 -0.5194294 0.1894448 0.6950671 0.7559793 0.5636287 -0.1655945 0.5304811 0.7683099 0.6084756 0.2025286 0.1234269 0.5989988 0.6349608 0.5660720 0.4953621 0.0358874 0.6977432 0.2791260 0.6453104 0.5378661 0.7880727 0.4386627 0.4718025 0.6368398 0.7169273 0.5841932 0.8135033 0.6432242 0.7421639 0.6173179 0.5333760 0.5108698 0.4641561 0.2621462 0.5958320 0.5632829 -0.1530750 0.3595525 0.4548134 -0.0182955 -0.1869513 -0.1966990 -0.2925797 -0.2575948 0.2024532 -0.2058408 -0.1386702 -0.4746606 -0.2637805 -0.4568605 0.1974803 0.0767864 0.0160595 -0.3378393 -0.2893809 -0.0229860 -0.2229984 -0.0594670 -0.3020498 -0.1910342 -0.0117846 -0.3306679 0.0056487 -0.2619326 -0.3616659 -0.2538761 -0.3067274 -0.0973577 -0.2512318 -0.2441039 -0.2106430 -0.4159119 -0.4334254 -0.4258768 -0.4958215 -0.5204330 -0.3352631 -0.4451704 -0.4553429 -0.2113742 -0.3673433 -0.3902265 -0.2450206 0.0097364 -0.2499144 -0.2378250 -0.3248832 -0.3788712 -0.0714211 0.0009671 0.0599299 0.0386798 -0.1442118 -0.0985010 0.0175700 0.0082244 0.3915409 0.2181355 0.2255559 -0.1814956 -0.3226234 -0.0866960 -0.2009952 0.3389189 0.4425776 -0.0563318 0.4237367 0.4897488 0.2446471 0.4408105 0.1594341 0.4917135 0.3255823 0.0093345 0.4472743 -0.1562280 0.4715567 0.5552253 0.4725963 0.0461586 0.1902314 0.5103534 0.4624031 0.0917056 -0.0131649 -0.0662463 0.3126144 0.2406295 0.0274015 -0.2394293 -0.2732429 -0.0882451 -0.3118667 -0.0651797 -0.2921233 0.1534177 0.0404203 -0.1273740 0.0136776 0.0812552 0.2033709 0.0664167 0.5382971 -0.0006445 0.0673356 -0.1105735 0.0985840 -0.2598720 -0.1941955 -0.3378315 -0.1706094 -0.1613229 -0.3617364 -0.4917370 -0.4756053 0.0583855 -0.1389592 -0.6032903 0.2424756 -0.3108235 -0.4860734 -0.2928991 -0.0163927 0.0731463 -0.5069363 -0.5780550 -0.0820269 -0.1922409 -0.0139405 -0.1415216 -0.3434819 -0.3228439 -0.2485592 -0.0847452 -0.0861095
0.5318524 0.3450639 0.7231181 0.2516498 0.5708531 0.2735261 0.2328070 0.7496163 0.0911250 0.8703404 0.9040939 0.2770244 0.5301801 0.5313070 -0.1047612 0.8571451 0.0000000 -0.0567684 0.5900785 0.4920650 0.3662591 0.3543675 0.8694583 -0.3253835 0.5699691 0.6842254 0.3970686 -0.3536458 0.2456078 -0.4190462 0.3567954 0.5645892 -0.4467300 -0.0771885 0.6831002 0.3963451 0.4391259 0.2980489 -0.0838325 -0.3811360 0.2795072 0.4030960 0.6654916 -0.4117407 0.4454900 0.4230389 0.4562236 0.2818396 0.0582796 0.1834443 0.5104575 0.4420282 0.4754417 0.2167666 0.3077976 0.3709500 0.3711985 0.7298693 0.3447657 0.5002283 0.4502277 0.5342535 0.4396655 0.8684599 0.6287015 0.2959901 0.4104155 0.7305015 0.3988425 0.7895707 0.3835043 0.7118750 0.4797235 0.6968453 0.1964315 0.5436591 0.4183102 0.3530747 0.4647571 0.0411813 0.2422343 0.5667126 0.1732514 -0.0144491 -0.1285623 -0.0932491 -0.2361447 0.1626183 -0.0680448 -0.0691925 -0.4640043 -0.2193659 -0.4566126 0.2131308 0.1508034 0.0330387 -0.2515416 -0.2396495 -0.0181484 0.2007116 0.0266720 -0.2188898 -0.0095837 0.1834709 -0.2876120 0.0695203 -0.1947295 -0.2538155 -0.3127724 -0.2910513 -0.1342362 -0.1930749 -0.2104949 -0.2822782 -0.3099330 -0.4243760 -0.4123231 -0.4802636 -0.4997509 -0.3696817 -0.5009568 -0.4495501 -0.1233149 -0.2564392 -0.4371505 -0.4886630 -0.2613441 -0.1506490 -0.4125612 -0.4776968 -0.5211412 -0.0716373 -0.2831778 0.2231379 0.1214012 -0.1353285 -0.2897893 -0.2405702 -0.2241085 0.2775746 0.0996975 0.0246082 -0.0280686 -0.1771703 -0.2081725 -0.1673302 0.1813328 0.3062660 0.0072624 0.2558758 0.4120875 0.2299712 0.3139404 0.1951940 0.3379557 0.4614068 0.0824668 0.2940542 -0.0604165 0.3820596 0.4258316 0.3351147 0.2336884 0.1476329 0.3913299 0.4941667 0.2213097 0.0337817 -0.0070233 0.2276887 0.2444220 0.0384993 -0.0003002 -0.3454280 0.1993586 -0.2046714 -0.0756038 -0.2379350 0.3184794 0.2995014 0.2512200 0.4288291 0.4026631 0.4424803 0.3069167 0.7235354 0.2941660 0.3550690 0.1472886 0.1948825 -0.1703532 0.0565604 -0.1838380 -0.0178720 -0.2373068 -0.3632583 -0.5677328 -0.3762698 0.2212130 -0.3896377 -0.5742072 0.0784226 -0.3336776 -0.5151202 -0.3192596 -0.1656845 -0.2029147 -0.3746848 -0.6424654 -0.1257102 -0.2964872 0.1233213 -0.0268384 -0.2314460 -0.1515254 0.1005498 -0.1531194 -0.1067244
