0.0000000 -0.0888957 0.4164676 -0.0895690 0.5702074 -0.1936800 -0.0364764 0.1457490 0.0224492 0.0048415 -0.0987634 -0.2867376 0.1331244 -0.0403310 -0.0494579 0.0522012 0.0993304 -0.2192152 -0.1632451 0.4416864 -0.3529078 -0.2090059 0.4207753 -0.1247438 -0.0810245 0.3165322 0.2806062 -0.1069153 -0.2837172 -0.1363765 0.0372378 0.2621991 0.0718646 0.0815712 0.4270247 -0.4208359 0.1862423 0.0876725 0.1443338 0.4151549 0.2451329 -0.4224239 0.0675781 0.2547995 -0.0176421 0.0629899 -0.0195485 -0.0151175 0.3171795 -0.1149723 -0.0689479 0.3080144 0.2478567 0.4305339 0.0717862 0.0329531 0.0586293 0.5824822 0.3783465 0.0354060 0.1542166 0.1033850 0.3941464 0.1938084 0.1771664 0.1983013 0.0375880 0.1944070 -0.0017102 -0.0950393 0.2739983 -0.2176444 0.1164719 0.1247930 0.2519440 0.0043953 0.0425678 0.3466548 0.3569663 0.1807152 0.4026047 0.1724015 -0.0181373 0.1601698 -0.0752470 -0.2682177 -0.2722048 -0.0458399 -0.2222764 -0.2126462 -0.2456243 -0.2986396 -0.2436161 0.1459790 -0.2565291 -0.3845385 -0.2975081 -0.1530440 -0.2116696 -0.0246996 -0.1854978 -0.2756838 -0.3083956 -0.1466872 -0.1825230 -0.2404827 -0.2002281 -0.2909936 -0.3712384 -0.3811139 -0.0521230 -0.2909124 -0.1106111 -0.1469374 -0.1885502 0.0175069 0.2684647 0.1038881 0.0532128 0.1059819 0.2968606 0.2372035 -0.5042644 -0.0633271 -0.0763392 -0.2838403 0.0940855 -0.5808240 -0.2604530 -0.3828286 -0.2968943 -0.3278878 -0.1640060 -0.4589835 0.5104885 -0.3415223 -0.3412773 -0.1356963 -0.1041420 -0.1358982 -0.0759324 -0.1470837 0.2439247 -0.2309103 -0.4976790 -0.4439413 -0.1033249 -0.1822923 -0.0134483 -0.2782031 -0.0643184 -0.1088852 0.0931654 -0.1576243 -0.0117915 -0.0966625 0.1537522 -0.1750147 0.2412512 0.0920186 -0.2883735 -0.2393848 -0.1935953 -0.1037964 -0.1408499 -0.0676539 -0.4103648 0.2197306 0.0603432 0.3158750 0.0832070 -0.0449258 0.7463000 0.7440216 0.0944927 0.1564919 0.0282592 0.1731390 -0.2967073 -0.1753780 0.4394210 -0.1393974 -0.0231482 -0.0508821 0.4616295 0.3394433 0.5768944 0.6835492 0.1305377 0.2147901 0.0103127 0.1650958 0.2292284 0.1047564 -0.0187596 -0.1163758 -0.2175870 0.0036686 0.1126819 -0.1870111 -0.1389754 -0.1212765 -0.3005262 -0.0394975 0.3027599 0.3216488 -0.1976327 0.2327383 -0.3914850 -0.0417185 -0.0676420 -0.1777556 0.3443137 0.4280849 -0.0541064 0.3344355 -0.0838105 -0.0855175
-0.0888957 0.0000000 0.1233861 0.3928761 -0.0147717 0.4100894 0.6324853 0.2898022 0.4651809 0.3884713 0.4243318 0.4754945 0.3432894 0.5274869 0.4295212 0.0660842 0.3751801 -0.0382049 0.3577333 0.2087346 0.3070273 0.4151932 -0.0888368 0.1836712 0.4684075 -0.2001732 0.1158005 0.1026895 0.2570663 0.5128569 0.4148175 0.1158292 -0.2261006 -0.0011664 -0.2113886 0.3746832 -0.0881112 0.3235652 0.0400520 0.0571106 0.0842657 0.2265242 0.2762992 -0.1964998 0.0517696 0.3222292 0.2795006 -0.2389995 -0.1800019 0.4452495 0.2531129 0.0975638 -0.0973618 0.3606503 -0.1580804 0.6078976 0.3102863 0.2495298 -0.0000315 0.3362373 -0.0043460 0.3275977 -0.0531176 0.1495426 -0.0541465 0.1083232 0.3317264 0.1163222 0.0697951 0.2123609 0.2743144 0.2258090 0.1602127 0.0922194 0.1650826 0.0406643 0.0238927 0.2999113 0.2047334 0.0372877 0.2841365 0.1581391 -0.0180454 0.0105582 0.1570721 0.0837705 0.1656655 0.0805369 0.0851854 0.1056423 0.2289717 0.1103093 -0.1154147 0.2062000 0.1316990 0.0605274 -0.3157270 -0.2680169 0.0810783 0.1916652 0.0156811 0.0161973 0.0203472 0.1351585 -0.4224845 0.1545327 0.0420312 0.1118726 0.0229514 0.1907116 -0.1479384 0.1226039 0.1092747 0.3136319 -0.2120928 -0.2273588 -0.0593307 -0.2793355 -0.1642110 0.1266646 0.0405033 -0.2025958 0.1655645 -0.1214590 0.0681820 0.4279053 0.1411639 0.0754365 0.3907060 0.1682822 0.4403259 0.2013379 0.5121164 -0.0522551 -0.0022887 0.2995112 0.4347302 0.4738033 0.5592959 0.5957000 -0.0742872 0.6266824 0.0696697 0.3350641 0.2776490 0.2257896 0.4602495 0.4223025 0.0312654 0.6270062 0.5800057 0.0865691 0.4532772 -0.2862507 0.5467293 0.0277177 0.1005967 0.0620062 0.1332208 0.3350490 0.4413712 0.1542966 -0.0552190 0.1350480 0.5108362 -0.0812743 -0.0658335 -0.1527057 0.1439172 0.0339767 -0.0187033 0.1871722 0.0942130 0.3874684 0.6848312 0.0451667 0.1280359 0.0947326 0.2402413 0.3258183 0.1403772 0.2915438 0.0140627 0.0831003 0.0611617 -0.2352421 0.0808288 -0.3041804 0.0659822 0.1967212 -0.0018308 0.0203845 0.0502216 0.0109060 0.1846939 0.1766718 0.2793494 0.1598777 0.0576096 0.2615682 0.3323810 0.2629736 0.1695683 0.3681025 -0.2239473 0.0706910 0.1713595 0.2247893 0.2078822 0.1766356 0.2161748 0.3999588 -0.1163037 -0.0315496 0.3066454 0.0235641 0.0520153 0.0130779
0.4164676 0.1233861 0.0000000 0.1402375 0.8714164 -0.0407109 0.0909630 0.6842106 -0.0092748 0.2742721 0.3989507 0.0830566 0.7705575 0.2300592 -0.0763797 0.6886605 0.6373283 -0.4761865 0.5406922 0.6393227 -0.0935777 0.5094930 0.7965626 -0.5245484 0.6335523 0.4343925 0.2291007 -0.6420717 -0.5746013 -0.5038033 0.4416854 0.6318041 -0.5911511 -0.4984849 0.4691853 -0.2407134 0.2410431 0.6425932 0.0075009 0.3645085 0.4318642 -0.3493912 0.3181917 -0.4598062 -0.1130379 0.5418797 0.2065685 0.3897837 -0.4812842 0.5319554 0.0773553 0.2710223 -0.3088481 0.3428546 0.3956723 0.5460044 0.4836794 0.0441558 0.5596241 0.4798047 0.3013045 0.2768198 0.6802496 0.0593249 0.0467927 0.7572061 0.4608381 0.0197351 0.5149858 0.0679396 0.7140094 0.0953295 0.3035986 0.2219008 0.6176406 0.0764554 0.1638028 0.5449692 0.3954412 0.4116376 0.3845019 -0.0279507 -0.3349697 -0.3338333 -0.5313756 -0.1448326 0.1406338 -0.3489575 -0.2074270 -0.1919786 0.1572903 0.1193467 -0.0174701 -0.1467355 -0.0680102 -0.2435090 -0.0980564 0.0298821 -0.1509226 -0.0401555 -0.1970919 -0.0377858 -0.2144222 -0.2168276 0.1146421 -0.1780791 -0.3107330 -0.3235393 -0.2501607 -0.2473315 0.0680747 -0.1212286 0.2173403 -0.0826592 -0.2720568 0.0407429 -0.2292462 -0.3061658 -0.1352702 0.0848672 -0.1408066 -0.1860781 -0.3187189 0.1863002 0.0255822 -0.0799726 -0.1001022 -0.1590315 0.1542151 -0.2640064 -0.1459520 -0.2452777 -0.0357715 -0.3478754 0.0158132 0.1064396 -0.0262438 0.1574091 0.0821405 0.1504621 -0.0988010 -0.0536226 -0.0978997 0.1826419 0.0665105 -0.0606091 -0.0142101 -0.1283490 -0.3464982 -0.2064029 -0.0039445 0.2134390 -0.0696421 -0.1799466 -0.2469925 0.3781319 -0.2760240 -0.1592441 -0.1585525 0.0663826 -0.2409522 -0.1943902 0.1380322 -0.1494824 -0.3126587 0.2639377 -0.0588179 -0.0933333 -0.3001950 -0.0972556 -0.1071437 -0.3830971 0.3407978 0.5365095 0.3353712 0.3533845 0.3962210 0.4498407 -0.0924955 -0.0570236 0.2439484 -0.2100844 0.2973067 0.1415420 0.5831681 0.2371110 0.6069874 0.6400489 0.2269154 0.3789243 0.3294045 0.3343833 0.5203304 0.2211028 0.2925394 0.2394940 0.2154245 0.4342538 0.3203397 0.0405126 0.4578175 0.0988388 0.0999397 0.1534525 0.4275739 0.5945726 0.2182249 0.4423451 0.2470034 0.2497993 -0.0107548 0.2822652 0.3451254 0.3382271 0.5777944 0.4592308 0.4457457 0.2479329
-0.0895690 0.3928761 0.1402375 0.0000000 -0.0106614 0.4335069 0.1025043 0.6950757 0.7762051 0.6137227 0.7590388 0.6070320 0.3577243 0.3569761 0.7312969 0.2585259 0.3948834 0.4839845 0.4674407 0.0595020 0.5045819 0.3547299 0.2367771 -0.0543435 0.5274915 0.0990141 0.2044727 -0.3725647 0.1454439 0.1669981 0.2926696 -0.0808067 -0.5550650 -0.2550091 -0.1106930 0.4135273 0.0448735 0.3885217 -0.1879812 -0.2208756 -0.1088653 0.3343332 -0.2105737 -0.5869169 0.0956060 0.0223939 -0.0150559 -0.0502100 -0.5889025 0.3988105 -0.0073687 -0.1053067 0.0475138 0.2884448 0.3000821 0.4651745 0.2983795 0.1132309 0.4517203 0.4949297 0.4999554 0.4895090 0.0599708 0.5024765 0.3863852 0.0849334 0.7773318 0.3926417 0.3984794 0.5770015 0.5576220 0.7764297 0.7259139 0.6893942 0.2542901 0.5759240 0.6235406 0.4728405 0.7006142 0.5555932 0.4250184 0.3710347 0.3655350 0.3268307 0.2989472 0.4463960 0.5904308 0.4968260 0.5269893 0.5953525 0.4640063 0.5451291 0.5018621 0.3811731 0.6218106 0.6734311 -0.3390153 0.5469031 0.5744022 0.5570147 0.6407064 0.7392311 0.4835085 0.6868340 0.2761428 0.7219997 0.6092843 0.5844258 0.6478878 0.4936385 0.5210785 0.6621908 0.5872714 0.6122219 0.0741810 0.3950346 0.4264161 0.2723360 0.4362600 0.6170338 0.5859141 0.3986673 0.3869251 0.3585567 0.2595884 0.4006314 0.5629766 0.3408512 0.5669544 0.6022239 0.5267647 0.1491634 0.5830001 0.3135501 -0.4824005 0.2691877 0.4102576 0.4111475 0.2590700 0.5426533 -0.1277290 0.1281325 -0.1220847 0.5852983 0.1235655 0.3491067 -0.0858735 -0.2399252 -0.1287838 0.2478852 0.4861368 0.3670602 0.0244917 0.0497823 0.0086732 0.1584093 0.0732982 -0.2690947 -0.1001652 0.3861943 0.1345311 0.0885893 0.3685286 0.5801407 0.1602637 0.2472308 0.2750726 0.0272901 0.1787786 0.0595405 -0.2046433 -0.1395054 0.1582384 0.1743368 0.2957991 0.4021538 0.4129387 0.4120449 0.3772802 0.4482444 0.5072439 0.4791104 0.7043462 0.6519730 0.3805987 0.3151934 0.2691580 0.1915147 0.6716751 0.5868192 0.5970761 0.5052859 0.3690266 0.5585179 0.4331772 0.5783699 0.6078646 0.3015941 0.6398692 0.5321408 0.0941057 -0.3227150 0.1530864 0.3307583 -0.3192729 0.1778951 0.1236497 0.1088629 -0.0628202 -0.0742487 0.0249124 0.4272708 -0.0694218 0.2190477 0.2988911 -0.0656134 -0.0677950 0.2519477
0.5702074 -0.0147717 0.8714164 -0.0106614 0.0000000 -0.0196643 0.2175488 0.5701805 -0.1580421 0.1433107 0.2021546 -0.0351160 0.7196303 0.1262266 -0.2088796 0.5679827 0.4075119 -0.4255530 0.3892328 0.5267735 -0.3172121 0.3361786 0.6812595 -0.3956472 0.4441742 0.4999499 0.1866554 -0.5135150 -0.6170407 -0.4846944 0.3903430 0.6422606 -0.3796277 -0.4054432 0.5602912 -0.4141277 0.3413078 0.5244664 0.1581517 0.5022678 0.5946731 -0.4261231 0.3207951 -0.2681332 -0.2424580 0.4506988 0.2355167 0.4737295 -0.2185825 0.4299780 0.1896704 0.4133801 -0.1855329 0.3966782 0.2977137 0.4432274 0.4764073 0.2279035 0.5825922 0.4275736 0.2847615 0.4106076 0.7952291 0.1712421 0.0537806 0.7495664 0.3509639 0.1606703 0.4862740 0.0881694 0.6047835 -0.0005117 0.2650765 0.1714267 0.5835325 0.1899956 0.1741916 0.4594950 0.4301419 0.4164952 0.4515294 0.0795273 -0.2560143 -0.1982579 -0.3649205 -0.1613878 -0.0108200 -0.3729434 -0.1984071 -0.2587160 -0.0401410 -0.0702853 -0.0108359 -0.0601468 -0.1798373 -0.3456262 -0.2357834 0.0014350 -0.2028337 -0.0347178 -0.1927922 -0.1411983 -0.2727066 -0.2614034 -0.0677785 -0.3058737 -0.2216203 -0.3346247 -0.3149894 -0.2751921 -0.0432376 -0.1795092 0.0420330 -0.1869532 -0.1760292 0.0132007 -0.1146574 -0.1297735 -0.0858588 0.0635609 -0.0857384 -0.1348428 -0.3376349 0.1984221 0.0351160 -0.2614975 -0.1318117 -0.3686925 -0.0006231 -0.2919435 -0.3471451 -0.2224557 -0.1917806 -0.3578961 0.1802352 -0.1977178 -0.2496579 -0.1362049 -0.1036352 -0.0313402 -0.2320339 -0.2019963 0.1087844 -0.0876210 -0.1976038 -0.2779954 -0.1469334 -0.1442455 -0.3078487 -0.2420230 -0.1397011 0.0837539 -0.1260658 -0.3595236 -0.0712628 0.2478664 -0.2398030 -0.2023162 -0.1352118 -0.0525849 -0.2022376 -0.1492216 -0.0008286 -0.1711106 -0.2979867 0.1918819 -0.1516734 -0.0724102 -0.2191517 -0.0651911 -0.1003142 -0.3797504 0.3034249 0.5195182 0.3845475 0.4150531 0.4231259 0.4640244 -0.1592615 -0.1547220 0.3473447 -0.2786084 0.1741757 0.0130253 0.6332778 0.2892301 0.7187609 0.7486615 0.2127611 0.2982249 0.2504433 0.3181542 0.4835400 0.2837396 0.0930665 0.1986804 -0.0488714 0.3807690 0.3402683 -0.1836702 0.2150610 -0.1127617 -0.0681365 0.0804788 0.5411844 0.7281820 0.0386563 0.3828315 0.0579821 0.1685897 -0.0605646 0.2175854 0.5041769 0.4716845 0.4960246 0.4878961 0.2597182 0.0978429
-0.1936800 0.4100894 -0.0407109 0.4335069 -0.0196643 0.0000000 0.6932343 0.4389706 0.5429839 0.7433851 0.5890904 0.7083719 0.3974103 0.7134171 0.2957225 0.3015778 0.5128585 0.3397427 0.3453026 -0.3660584 0.2269809 0.1761849 -0.1716988 0.5867818 0.2128034 -0.4912724 -0.0009756 0.2162593 0.4463080 0.4509799 0.1821570 -0.0757018 0.0142145 0.1200954 -0.6484585 0.4866293 -0.5321205 0.0717423 0.2219748 -0.0296615 0.0109728 0.5407134 -0.0995727 -0.3298571 -0.0582086 -0.2257441 -0.2513050 -0.0248487 -0.1131169 0.2282781 -0.0186274 -0.0990392 0.2615903 0.0158125 0.0050769 0.4209535 0.1024719 0.3514520 0.2019292 0.1710336 0.2944415 0.5455370 0.2080900 0.7070363 0.4392120 0.1942990 0.5692988 0.6490812 0.2960221 0.8270234 0.3169779 0.5759537 0.6354862 0.4099502 -0.0151075 0.6430199 0.3366174 0.0952030 0.3616395 0.3226059 0.0440621 0.3367413 0.3475059 0.3880257 0.3876846 0.3333845 0.1574610 0.3357329 0.3849435 0.4694798 0.3232484 0.1051031 0.3567496 0.5896495 0.4220198 0.3884264 -0.3746688 0.2224797 0.3450534 0.7185445 0.3896200 0.3992622 0.3219822 0.4867424 -0.2614039 0.3385009 0.4878809 0.4729824 0.2475002 0.5747581 0.0300131 0.5634160 0.5424123 0.6071437 0.3849744 0.3219427 0.2945254 0.2432939 0.3480746 0.0533090 0.2504667 0.1056327 0.3919353 0.2589442 0.0000262 0.0120191 0.2491923 0.2051324 0.1032200 0.5126432 0.1266030 0.4566459 0.2725176 0.4346820 -0.1732139 0.3258062 0.0401616 0.0029642 0.0221709 0.3121239 0.2365696 0.2074034 0.3679591 0.3661231 -0.0241650 0.4576606 -0.0203251 0.0773802 0.4173469 0.5234038 0.3739233 0.0327259 0.0079174 0.1077897 0.4909982 0.0351431 0.3379809 -0.1846048 0.2624734 0.0606487 0.5417679 0.1967506 0.1167673 0.4050980 0.3726771 -0.0458075 0.3471760 0.2529292 0.4425131 0.1602167 0.2507765 0.2594152 -0.0964958 -0.0730627 0.4740025 0.3458704 0.3143461 0.1090612 0.3820536 0.5118445 0.2489561 0.5847115 0.3633089 0.3710110 0.1284014 0.3191276 0.1958408 -0.0008181 0.3471468 0.2933552 -0.1070108 0.2191937 0.1598256 0.1424628 -0.2203939 0.0791666 0.0350318 -0.0009770 0.4076138 -0.0848123 -0.4754325 -0.5849820 -0.1172450 -0.0965455 -0.3601679 0.1156424 -0.2120048 -0.4024065 -0.4090133 -0.2898185 -0.2476854 0.2995677 -0.1372009 -0.0249035 0.0945226 -0.4455371 -0.2270037 -0.1310766
-0.0364764 0.6324853 0.0909630 0.1025043 0.2175488 0.6932343 0.0000000 0.1887079 0.2282942 0.3541686 0.2184907 0.5639407 0.4175521 0.5383585 0.1289372 0.1845905 0.2518660 -0.0428988 0.2473860 -0.0246100 0.1590804 0.2092016 -0.2295638 0.5234356 0.1741682 -0.2072270 -0.1719966 0.3358018 0.3266726 0.3936984 0.3175862 0.1863620 0.1485293 0.1924152 -0.2741302 0.3167948 -0.1264533 0.2009686 0.2719419 0.2475071 0.3287077 0.3346793 0.1492989 -0.0441231 -0.0725525 0.1298034 0.0972535 0.1264089 0.1362363 0.2727771 0.2462599 0.1080364 0.1257163 0.2279060 -0.0676824 0.4425036 0.2400379 0.3903291 0.1840630 0.1754570 0.1561865 0.4562837 0.2987628 0.3735723 0.0925598 0.3220709 0.2142815 0.2727895 0.2310539 0.4045541 0.2014186 0.2543860 0.2029759 0.0993425 0.1112075 0.3002713 0.1151719 0.1240754 0.2167071 0.2473792 0.1457645 0.2363015 0.1126991 0.1671780 0.2822653 0.1855416 0.0218016 0.1117881 0.1953706 0.1657793 0.1144946 -0.1060012 0.0027272 0.3699004 0.1283134 -0.0318860 -0.5301318 -0.2677850 0.1288408 0.4366839 0.0995326 -0.0162884 0.0501461 0.1580397 -0.5610973 0.0150994 0.1601374 0.1728692 -0.0558260 0.2968393 -0.1467279 0.1582797 0.1183849 0.3101929 0.0931197 -0.0310044 0.0386016 -0.0587285 -0.0088230 -0.0148693 0.0108446 -0.1286564 0.0666748 -0.0027030 0.0488677 0.0801076 0.0052496 -0.2011821 0.1633255 0.2363962 0.1859139 0.2944800 0.1670133 0.0595350 0.1220996 0.0454850 0.1269309 0.0713132 0.2634927 0.3788064 -0.0481553 0.4097836 0.4764683 0.0911674 -0.0168766 0.0698822 0.2748966 0.4156150 0.1653963 0.6260771 0.4496089 -0.0957057 0.2652964 -0.4341817 0.8084493 -0.0970095 0.1171243 -0.0295105 0.1634313 0.0893495 0.5275341 0.2621091 -0.2139647 0.0502643 0.4886467 -0.2511987 -0.1598515 -0.0809347 0.1175283 0.0584159 0.0320461 0.1225755 -0.1196853 0.1939424 0.7723561 0.3759517 0.3945052 0.2320872 0.3553669 0.3821092 0.2494518 0.3685312 0.0753426 0.1143260 0.2505453 0.0959500 0.3467741 0.0200879 0.1402787 0.1982917 -0.1673157 0.1435871 0.1979166 0.0888407 -0.1722634 0.1027018 -0.1265760 0.1593725 0.2199033 -0.1638671 -0.1464615 -0.1361464 0.1050791 0.2255039 0.0489623 0.2982278 -0.0264017 0.1273494 -0.1891437 0.0294431 0.1035050 0.4157690 0.1859365 0.1351347 0.3556684 -0.0173017 -0.2351724 -0.1781802
0.1457490 0.2898022 0.6842106 0.6950757 0.5701805 0.4389706 0.1887079 0.0000000 0.4944177 0.7132131 0.8477414 0.4912014 0.8421632 0.5183421 0.3677576 0.7762779 0.7237533 0.0993366 0.8052628 0.3727761 0.1936181 0.5736043 0.6785490 -0.2271191 0.8201713 0.3050600 0.2491485 -0.5799789 -0.2056991 -0.1695478 0.5245091 0.4300999 -0.6521137 -0.4055073 0.1127372 0.1376400 0.0664373 0.5999352 -0.1411497 -0.0586880 0.2771465 0.1056538 0.0828101 -0.7504080 0.0223430 0.3043571 0.0682745 0.1628917 -0.6703459 0.5903203 0.0857009 0.0434149 -0.0536717 0.2816615 0.3779412 0.6872449 0.5147017 0.0940014 0.5918743 0.6369888 0.5723061 0.5683406 0.5638824 0.5237072 0.4233226 0.5997429 0.8707712 0.4736877 0.5940923 0.6072798 0.8544835 0.6379990 0.7737676 0.6983431 0.5479547 0.6230109 0.6114378 0.6387368 0.7363126 0.5653154 0.5252329 0.1729290 0.0115951 -0.0024464 -0.1857623 0.1302577 0.3270979 0.0153901 0.1310027 0.1800749 0.3400800 0.3602303 0.3005044 0.2158100 0.2679621 0.2413279 -0.2209437 0.4134932 0.1776005 0.3245635 0.2209201 0.3861687 0.1412493 0.2435026 0.2102751 0.2213176 0.1877665 0.1249543 0.2059901 0.1135444 0.2284577 0.3212839 0.5182999 0.3041095 -0.0117270 0.2178439 0.0403948 -0.0115011 0.1384808 0.3680147 0.2021936 0.0007871 0.1245043 0.3308861 0.2260597 0.1597365 0.2006262 0.1867387 0.3845647 0.2481060 0.1619526 0.1950965 0.3330834 0.1351201 -0.1720600 0.3391803 0.2070872 0.2734412 0.2050621 0.3688204 0.0223818 0.0889183 -0.0056408 0.4880153 0.1134327 0.3683120 -0.0338305 -0.1275428 -0.0797014 0.1429511 0.2618283 0.3923021 -0.0283874 0.0440819 -0.0806491 0.3411795 0.0185118 -0.1517332 -0.0260248 0.2109681 0.0612736 0.0453032 0.2695318 0.3695475 -0.0007754 0.3320750 0.2721172 0.0914260 0.0786780 0.0433648 -0.0009417 -0.1708398 0.2273909 0.3021644 0.3474581 0.4167460 0.4488175 0.3778607 0.1686080 0.2000232 0.3857163 0.1871543 0.5954209 0.4055880 0.5004975 0.4609317 0.5151297 0.4914526 0.6028423 0.5796502 0.4815634 0.5189589 0.4656941 0.3958679 0.3295070 0.4027561 0.4044537 0.3005355 0.5988723 0.2901787 0.1664861 -0.3429877 -0.0901808 0.0600352 0.0459417 0.5064991 0.1401113 0.0790950 0.0430196 -0.0841328 -0.2279230 0.3391053 0.1613797 0.3000737 0.4449253 0.1335240 0.2639007 0.3267029
0.0224492 0.4651809 -0.0092748 0.7762051 -0.1580421 0.5429839 0.2282942 0.4944177 0.0000000 0.7301832 0.7343691 0.6570576 0.2850835 0.6315296 0.8541128 0.1667990 0.3339712 0.6673395 0.2971020 0.1364450 0.4861268 0.3833845 0.1579108 0.3524237 0.3541772 -0.1456070 0.3540757 0.0505345 0.4960268 0.4950163 0.4274314 0.0127118 -0.2550311 0.1112788 -0.2397426 0.6309576 -0.2289890 0.3083162 -0.0812366 -0.2612495 0.0780698 0.5466582 -0.2140336 -0.3430340 0.3330355 0.0240336 -0.0916328 -0.0138086 -0.2942828 0.3119993 -0.0409704 -0.2306604 0.3536863 0.4117434 0.3021747 0.4256684 0.1555315 0.4290694 0.2434439 0.3785232 0.3993039 0.4148577 0.0286599 0.5917365 0.5025774 0.0728388 0.6312319 0.5827700 0.1928899 0.5920199 0.4905791 0.6644985 0.7022964 0.5829624 0.0020238 0.5030195 0.4314812 0.3202287 0.6014595 0.2886225 0.3002767 0.4086676 0.3811396 0.4475420 0.2787811 0.4242808 0.4958720 0.5680927 0.5244304 0.6219521 0.4210190 0.5279215 0.3339311 0.4416459 0.5486987 0.5305730 -0.2801248 0.4226802 0.5252262 0.6108940 0.5869671 0.6079920 0.4658168 0.6318523 0.0578328 0.5805274 0.5613922 0.5143169 0.5525798 0.4883910 0.2402921 0.6547177 0.6515103 0.7575014 0.3870399 0.3581915 0.3998572 0.2822494 0.4022526 0.4634625 0.5410658 0.3739026 0.2332182 0.0817304 0.1352115 0.4043677 0.5566014 0.3154040 0.3122132 0.4561622 0.4433212 0.3106680 0.6078220 0.3462213 -0.1832535 0.3350657 0.2855639 0.4486236 0.2390363 0.4745452 0.0970020 0.3426704 0.1763983 0.3812625 0.0523279 0.3105154 0.1193135 -0.0806945 0.2409909 0.3105304 0.5114265 0.2394483 0.2995616 0.0992098 0.1534447 -0.0784188 0.2379014 -0.0570976 0.1712908 0.4117046 0.1356993 0.1044367 0.1860155 0.5339013 0.3596836 0.1174161 0.2188413 0.1593539 0.3766364 0.2327730 0.0443618 0.2058542 0.2441270 0.1870611 0.2406401 0.1571523 0.1995979 0.0687460 0.4230351 0.5334629 0.3950943 0.6709134 0.5192314 0.4716753 0.1505477 0.3046611 0.1724628 0.0404181 0.4850305 0.5294819 0.2617218 0.2658999 0.1263879 0.1887607 0.2219880 0.1846898 0.4554452 -0.0420466 0.4362035 0.5306407 -0.1164570 -0.2760428 0.1399202 0.0307118 -0.3329079 0.0502457 0.2306892 -0.0129921 -0.2798266 -0.2065329 -0.0075524 0.1019733 -0.0292083 0.1409871 0.0616669 0.0283670 0.0441455 0.2855477
0.0048415 0.3884713 0.2742721 0.6137227 0.1433107 0.7433851 0.3541686 0.7132131 0.7301832 0.0000000 0.9031581 0.5613906 0.5171887 0.8429096 0.3992930 0.5251857 0.7002304 0.3704507 0.4836364 0.0384117 0.1818670 0.2949905 0.2712895 0.3419678 0.4668012 -0.2166490 0.2764367 -0.0722482 0.2686618 0.2672909 0.3466030 0.1260560 -0.2776356 0.0213231 -0.3966489 0.3951328 -0.3130153 0.1757420 0.0448192 -0.0954220 0.0806582 0.4437007 -0.1333265 -0.6005433 0.2089017 -0.0416906 -0.2332145 -0.0769024 -0.3951695 0.2292743 -0.1145943 -0.1757324 0.3733508 0.1658618 0.0738727 0.4745543 0.2167695 0.3380145 0.2707907 0.3899007 0.5389419 0.4688103 0.1872421 0.7914514 0.7110774 0.2668066 0.7574247 0.7535689 0.2422629 0.8057232 0.6196222 0.7346987 0.8319474 0.7311253 0.1424884 0.7181247 0.5636938 0.3896913 0.5299882 0.4136158 0.2198980 0.1133289 0.0557734 0.0960324 -0.0816244 -0.0141181 0.1004059 0.1022322 0.0803652 0.2358100 0.1253632 0.1293746 0.1194658 0.2985477 0.2268297 0.1816188 -0.3795351 0.2627353 0.0936985 0.4323474 0.1681687 0.3215356 0.0649784 0.2811752 -0.2036059 0.1841567 0.2067848 0.1497724 0.1465468 0.1962019 -0.0845731 0.4310232 0.5737509 0.4707832 0.2202071 0.2071116 0.1671993 0.0343748 0.2044615 0.1361656 0.1910966 0.0829176 0.1215607 0.1615244 -0.0778712 0.1212037 0.1547211 0.1991556 0.0588032 0.2580358 0.0392896 0.2056609 0.2088080 0.3239796 -0.1817626 0.2932788 -0.0395978 0.0928568 -0.0216547 0.3936234 0.0825303 0.1757624 0.1946567 0.3832151 -0.1405520 0.4483861 -0.0846929 -0.1669982 0.3333992 0.2782098 0.3431605 0.0695263 0.0151769 0.1425964 0.1024918 0.0492094 0.2482228 -0.2873921 0.2291584 0.1654774 0.1427019 -0.0670544 0.1175087 0.4578031 0.1162624 0.0395920 0.3285414 0.2631180 0.4103897 0.1520702 0.1550842 0.1721184 0.2947579 0.2461682 0.4072453 0.2632403 0.2189176 -0.0014726 0.2615812 0.3240834 0.2013218 0.3915693 0.3860430 0.2609495 0.1772221 0.5493844 0.3419522 0.2014495 0.5768946 0.6269790 0.0949551 0.4304059 0.3105528 0.0764712 0.0707968 0.0984972 0.3777073 0.0853807 0.5289385 0.2244911 -0.1469251 -0.3601643 -0.1828278 -0.1413111 -0.4408798 0.0398919 -0.0207789 -0.1789019 -0.1402903 -0.1454392 -0.2931622 0.2194595 -0.2392742 -0.0477314 0.1717331 -0.1050476 0.2664406 0.3495018
-0.0987634 0.4243318 0.3989507 0.7590388 0.2021546 0.5890904 0.2184907 0.8477414 0.7343691 0.9031581 0.0000000 0.5704726 0.6342731 0.7504624 0.5486969 0.5859113 0.6842551 0.3877974 0.6467852 0.1844024 0.2322936 0.5272120 0.4227662 0.0185286 0.7073702 -0.0363183 0.2879502 -0.3711318 0.0489120 0.1362663 0.5173675 0.2677647 -0.6129866 -0.3119509 -0.1728402 0.3155596 -0.1070977 0.4001580 -0.0942307 -0.1330488 0.1833026 0.2878910 0.0051437 -0.8070721 0.0746648 0.1550002 0.0197984 -0.0045682 -0.6963268 0.5052851 0.0646042 -0.0632459 0.0531241 0.1674713 0.1943998 0.6531658 0.4416203 0.0844253 0.3324866 0.6086975 0.4885819 0.5572916 0.2653596 0.6234444 0.5637451 0.4018119 0.8932259 0.6234051 0.4771923 0.7644026 0.7625210 0.8016541 0.8678964 0.7359200 0.3832077 0.6797081 0.6296586 0.5657883 0.6303691 0.4366526 0.3971011 0.0682613 -0.0467226 -0.0332328 -0.1591255 0.1089407 0.3574962 0.0634780 0.1862477 0.2709535 0.3360817 0.4245462 0.2463097 0.1491675 0.2962614 0.3054619 -0.2125109 0.3431922 0.1751723 0.3518710 0.2438423 0.4517121 0.1358188 0.2823766 0.0827659 0.2816671 0.2474797 0.1638282 0.3074379 0.2510420 0.0788751 0.4382682 0.5506986 0.4531710 0.1332121 0.1438051 0.0628621 -0.0364215 0.1391053 0.2900067 0.1683816 0.0345624 0.2556227 0.1371748 0.1012072 0.2715935 0.1792367 0.4013341 0.2969358 0.2310196 0.1817632 0.2555239 0.3397450 0.1873087 -0.2845109 0.3709494 0.1642501 0.2998733 0.1663798 0.4860329 0.0299606 0.2532653 0.0408859 0.4122608 0.0907223 0.3848184 0.0446864 -0.0920371 0.1415431 0.2695743 0.3804244 0.2392968 0.1065725 0.1014654 -0.0100419 0.1770679 0.0994571 -0.1695159 0.0630716 0.3144547 0.1226705 0.0270217 0.2093245 0.4666952 0.1143504 0.2002147 0.3553022 0.1275196 0.2645808 0.0528340 -0.0106438 0.0174205 0.2040106 0.2013586 0.3753249 0.2246974 0.2750778 0.1314366 0.2118341 0.2504175 0.1969908 0.2636604 0.4758364 0.2988202 0.2378642 0.4015257 0.3058878 0.1874915 0.6290091 0.6465490 0.3120183 0.4542176 0.3632075 0.1992380 0.2583549 0.2620405 0.5664859 0.1923821 0.5499569 0.4316834 0.0689957 -0.3121492 -0.0913142 -0.0722029 -0.3660419 0.1668690 0.1585323 -0.0754760 0.0411298 -0.0861170 -0.2756121 0.2898127 -0.1740572 -0.0227697 0.2452310 -0.0372088 0.3711147 0.4134044
-0.2867376 0.4754945 0.0830566 0.6070320 -0.0351160 0.7083719 0.5639407 0.4912014 0.6570576 0.5613906 0.5704726 0.0000000 0.4514231 0.6375389 0.5409923 0.4139280 0.4042313 0.3854964 0.5426812 0.0358869 0.7694417 0.5135696 0.1462241 0.4007830 0.3997728 -0.0893974 0.2370228 0.1026153 0.4877298 0.4861964 0.5347073 0.1560631 -0.1427306 0.0771799 -0.2429307 0.7301866 -0.2460578 0.4144729 0.1711501 -0.1783267 0.2081891 0.6808031 0.0782447 -0.2694879 0.1857638 0.1188268 0.0551782 0.2121738 -0.2492469 0.4454822 0.2076774 -0.0361916 0.1618988 0.2707729 0.3981926 0.5586084 0.2690195 0.1544953 0.4982797 0.4167038 0.5494602 0.5398086 0.3250466 0.4908393 0.2692941 0.2725160 0.5361720 0.2864388 0.4684964 0.6280769 0.3633983 0.6498561 0.4877767 0.4518649 0.0822551 0.4550185 0.4254696 0.1720527 0.4947035 0.5337529 0.2268805 0.3335898 0.4000504 0.3861303 0.3182511 0.6124511 0.5210283 0.4857034 0.6039721 0.6284185 0.5353239 0.4179466 0.4312188 0.4312134 0.6275002 0.6073085 -0.3532235 0.3637321 0.6459974 0.7385094 0.6078901 0.5853659 0.6152991 0.6314955 0.1050951 0.5534167 0.5813983 0.6014550 0.5136062 0.6114734 0.3784576 0.6069830 0.6002150 0.7288860 0.4410107 0.4185361 0.2908137 0.2866280 0.4058044 0.5021993 0.3695637 0.1731803 0.1995360 0.3661254 0.4797996 0.4078902 0.3900125 0.1879466 0.6172455 0.6618089 0.5518062 0.4425036 0.4260226 0.4235164 -0.2682587 0.3940185 0.4232999 0.3927377 0.3259888 0.6314354 0.1733345 0.4523681 0.3106912 0.5925040 0.2018469 0.4940949 0.1382105 0.1841547 0.1902025 0.6183100 0.5725678 0.4497720 0.1826036 -0.0964247 0.4794459 0.2085950 0.1571174 0.0802536 0.1351453 0.2293317 0.4920717 0.4532639 0.2220215 0.4417975 0.4204514 0.1522185 0.0914492 0.0230406 0.0780143 -0.0740516 0.0004148 -0.0016140 -0.3047627 -0.1002736 0.4782159 0.5648162 0.6863621 0.4224167 0.8232858 0.7733264 0.4179040 0.7404776 0.6986951 0.6495982 0.3936271 0.2539749 0.2921536 0.0553470 0.4975702 0.4293124 0.3897387 0.4520522 0.3890065 0.3985760 0.2894786 0.4706985 0.3943901 0.3335011 0.5743655 0.3205805 -0.0091630 -0.2460109 0.3138158 0.3179139 0.0001228 0.4145795 0.2767902 0.1190166 -0.1228974 0.0117567 0.0946086 0.5793786 0.2816016 0.3450095 0.4871483 0.0137398 -0.0620594 0.1626095
0.1331244 0.3432894 0.7705575 0.3577243 0.7196303 0.3974103 0.4175521 0.8421632 0.2850835 0.5171887 0.6342731 0.4514231 0.0000000 0.4877137 0.1648482 0.7791469 0.6112927 -0.1690808 0.7876888 0.5107541 0.0754561 0.7387781 0.6342283 -0.1614105 0.8318573 0.3409570 0.1005557 -0.4428466 -0.2130240 -0.2382497 0.6062605 0.6898506 -0.5310338 -0.3475451 0.2554135 0.1005334 0.1286217 0.7637961 -0.0037429 0.1003625 0.5400402 0.0602401 0.3118212 -0.5665566 0.0114316 0.4681754 0.2356590 0.4057112 -0.4997228 0.7059629 0.2476958 0.1353364 -0.1333959 0.4237692 0.4268937 0.7529069 0.6156855 0.1559874 0.5011684 0.6753222 0.4063466 0.5917066 0.7694490 0.3792856 0.2604617 0.8425637 0.6968275 0.3788773 0.6603908 0.4087421 0.8411697 0.3727928 0.5621571 0.4028372 0.6032773 0.4518042 0.3460957 0.5340660 0.5812543 0.4218186 0.4228896 0.1539319 -0.0912183 -0.0882478 -0.2166273 0.1324556 0.2876107 -0.0719205 0.0790016 0.0830087 0.4002920 0.3312803 0.1450205 0.2281449 0.1867979 0.0168466 -0.2121809 0.2234981 0.0960513 0.2806427 0.0911459 0.1806563 0.0604253 0.0762941 0.1047428 0.0279664 0.0589388 0.0108105 0.0735943 0.0731449 0.1052552 0.1918350 0.4171486 0.2322564 0.0032735 0.1474823 -0.1445299 -0.1584934 -0.0119050 0.1862356 0.0167375 -0.1235578 -0.0587848 0.2170983 0.1801222 0.0600695 0.0834694 0.0083259 0.2899021 0.1261431 0.1030991 0.2647638 0.3083124 0.0654939 0.0433126 0.2694662 0.2364113 0.2639815 0.2577127 0.1867167 -0.0125002 0.1308203 0.0836095 0.3016747 0.2510922 0.2385593 0.1422225 0.1012040 -0.1816461 0.1385947 0.0959260 0.2325923 0.0596106 -0.2121732 0.0451155 0.2421114 -0.2024574 0.0127362 -0.1544484 0.0110078 0.1062195 0.0449475 0.0963196 0.0073976 0.0458829 0.2023379 0.1185273 -0.1499624 -0.1492433 -0.0737355 -0.0181857 -0.2425015 0.0047495 0.2024641 0.3975730 0.3668617 0.4371913 0.3320439 0.1338133 0.1436668 0.3368279 0.1459803 0.4180343 0.2804054 0.4511627 0.3039678 0.5334449 0.4373896 0.3321104 0.3983345 0.2866007 0.3282215 0.4058835 0.2062446 0.1334986 0.1923208 0.1397542 0.2400029 0.4008400 0.0783077 0.2384766 -0.1915743 0.0629393 0.0387156 0.3756138 0.6598067 0.1834695 0.1847428 0.1054304 -0.0227373 -0.1571429 0.2752221 0.3504785 0.2811871 0.5141560 0.2788630 0.2886603 0.2154392
-0.0403310 0.5274869 0.2300592 0.3569761 0.1262266 0.7134171 0.5383585 0.5183421 0.6315296 0.8429096 0.7504624 0.6375389 0.4877137 0.0000000 0.3523054 0.4153526 0.5624655 0.3569387 0.3871241 0.0949062 0.1984150 0.3860138 0.2312994 0.4693111 0.3535846 -0.3144243 0.3793094 0.1905149 0.3380094 0.5561204 0.4993056 0.2907228 -0.1263813 0.1040515 -0.3160585 0.3779407 -0.3991660 0.1321263 0.2488855 -0.0189763 0.3121104 0.4301460 0.1600519 -0.3584484 0.1704327 0.0135813 -0.0553496 -0.0125410 -0.2227052 0.2990719 0.0924537 0.0182212 0.2924044 0.1600391 -0.0128509 0.5030353 0.1876784 0.2973801 0.1754651 0.3436375 0.4178122 0.4889387 0.2673372 0.6486137 0.5224735 0.3108704 0.5317577 0.6461159 0.2403143 0.7053443 0.4629850 0.5221284 0.5758375 0.5178853 0.1252880 0.4776879 0.3560571 0.2403916 0.3187595 0.2717154 0.1853783 0.0250579 -0.0539876 0.0531352 -0.1072952 0.0281787 0.1003319 -0.0332476 0.1176339 0.1403634 0.1493646 0.0976192 -0.0339907 0.1770623 0.1284735 0.0382070 -0.2794644 -0.0324273 0.0434946 0.3155927 0.0360852 0.1271913 0.0447286 0.0748778 -0.2977407 -0.0251250 0.1204508 0.0294794 -0.0234470 0.1946434 -0.2257134 0.2329278 0.3219702 0.3726009 0.2751490 -0.0621329 -0.0161926 -0.0831273 -0.0243518 0.0215094 -0.0403735 -0.1723825 0.0212021 -0.0341525 0.0434865 0.0882568 -0.0395524 0.1144239 0.0401841 0.0422143 -0.0364208 0.2889342 0.0854270 0.1282214 -0.0042127 0.2086175 -0.0936099 0.0576124 0.0740316 0.4100312 0.1206535 0.4167041 0.3589672 0.2277174 -0.1767949 0.2615018 0.1311110 0.1643984 0.5047306 0.4353791 0.3318044 0.0654786 0.1954468 -0.0326653 0.3724464 0.0205849 0.2690592 -0.0164829 0.3736954 0.1336076 0.2953880 0.0933738 -0.0756803 0.3216007 0.2294906 -0.0285546 0.0958114 0.2143676 0.3400945 -0.0077493 0.1789279 0.2821958 0.0704344 0.1981480 0.5634999 0.1891688 0.2578483 -0.0527222 0.3437134 0.2969617 0.0274427 0.2999662 0.1628986 0.0432882 0.1141642 0.3614577 0.2794748 0.0402341 0.3922713 0.4206170 -0.0874597 0.3027619 0.2485683 -0.1057973 -0.0457205 -0.0388169 0.2712577 0.0858438 0.3629487 0.1182556 -0.1031803 -0.2090266 -0.1298682 -0.1298332 -0.2784222 0.1609763 0.0793738 -0.1254670 -0.0646988 -0.0225584 -0.1910622 0.2723682 -0.0460466 -0.0396317 0.1500461 -0.0075849 0.3273451 0.2388923
-0.0494579 0.4295212 -0.0763797 0.7312969 -0.2088796 0.2957225 0.1289372 0.3677576 0.8541128 0.3992930 0.5486969 0.5409923 0.1648482 0.3523054 0.0000000 -0.0046202 0.0557093 0.7017297 0.2721698 0.1378134 0.4934187 0.3550289 0.0784794 0.1523796 0.3185305 -0.0130097 0.2178791 -0.0161300 0.3924380 0.3956128 0.4489553 -0.0485025 -0.3081233 -0.0420545 -0.0502704 0.5383197 -0.0163627 0.3217513 -0.3064701 -0.3358780 0.1112438 0.4020053 -0.1909974 -0.2890115 0.1713646 0.2252564 0.1525836 -0.0369494 -0.3085553 0.3881574 0.1319430 -0.1735932 0.0640829 0.2653175 0.2522996 0.3755812 0.1901421 0.1984806 0.1815179 0.3151840 0.1798147 0.3114291 -0.0577150 0.2674853 0.2113580 -0.0249678 0.4736672 0.2633900 0.2027213 0.4263506 0.3127708 0.5765447 0.4885789 0.4304572 0.0946759 0.3216996 0.3813132 0.3869914 0.5743130 0.1311325 0.4704488 0.3078005 0.2819758 0.3354164 0.2717950 0.5601627 0.6624318 0.5265006 0.6321543 0.5792662 0.4786671 0.7216692 0.4562789 0.2343052 0.4690357 0.6152227 -0.0101861 0.3190853 0.5377760 0.4639187 0.6177523 0.5819748 0.4891228 0.5827512 0.2413717 0.5909458 0.5558725 0.4970908 0.6463212 0.5228799 0.2953000 0.5234415 0.4689141 0.6985755 0.3650638 0.2054153 0.3107747 0.2494574 0.2959513 0.5520216 0.4651334 0.2832784 0.4462049 -0.0814939 0.3095793 0.6260431 0.5604496 0.5194967 0.5290762 0.3956189 0.5881309 0.4510313 0.7250062 0.1515254 -0.1039826 0.4090402 0.4697643 0.6615423 0.4757629 0.5441473 0.1980411 0.4935598 0.1996904 0.2474194 0.2602741 0.1364146 0.3561927 0.1318272 0.1741556 0.3869080 0.6551062 0.4247344 0.5378261 0.1230762 0.1957505 0.0025927 0.2542260 0.2395027 0.1603115 0.7010633 0.2502599 0.3673814 0.2131768 0.5721670 0.5531416 0.2400406 0.1520895 0.1143661 0.3345053 0.3161842 0.0151501 0.2343097 0.1544184 0.1205917 0.1869099 0.0580419 0.1565268 0.1646352 0.3315035 0.4706839 0.3336561 0.5352128 0.4758775 0.3939703 0.1165527 0.0723580 -0.0249348 -0.0806126 0.3728624 0.3475301 0.3358523 0.1346156 -0.0459900 0.3082212 0.3574177 0.3197558 0.4966739 -0.0781149 0.2887671 0.7426814 -0.0051483 -0.2082577 0.2551690 0.1594931 -0.2060910 0.0931423 0.5031399 0.0810759 -0.2003467 -0.2145272 0.1455610 0.0683800 0.1167070 0.2006675 0.0204720 0.1023674 -0.0547353 0.1541311
0.0522012 0.0660842 0.6886605 0.2585259 0.5679827 0.3015778 0.1845905 0.7762779 0.1667990 0.5251857 0.5859113 0.4139280 0.7791469 0.4153526 -0.0046202 0.0000000 0.6993751 -0.1597369 0.8505213 0.5056774 0.2449863 0.5758857 0.7076375 -0.1876554 0.7503302 0.4154499 0.0987585 -0.4798574 -0.1997161 -0.3255234 0.5739064 0.6504731 -0.4262091 -0.2443771 0.1265037 0.1728827 0.0747503 0.5891975 -0.1592649 -0.1116902 0.4199535 0.1566157 0.1264569 -0.6265642 0.1629755 0.3991909 0.0227933 0.3304591 -0.5098995 0.4301053 0.0622647 -0.0749154 0.0025472 0.1348718 0.5004158 0.5678851 0.4613846 -0.0789290 0.5534488 0.4875523 0.5835162 0.2865506 0.6556735 0.3011104 0.2942613 0.7180836 0.5941934 0.2283877 0.5233183 0.3865009 0.7169515 0.4724771 0.5109574 0.4732938 0.3910947 0.4361753 0.4671602 0.4172921 0.4818540 0.4958757 0.2697417 -0.0270488 -0.1183423 -0.1855128 -0.4432016 -0.0597566 0.0022955 -0.1628093 -0.1738471 -0.0396610 0.1279889 0.1144143 0.0470016 0.0079759 0.0235408 -0.0556251 -0.1025575 0.2899342 -0.0299470 0.1251153 -0.0507259 0.1092643 0.0120772 -0.0111492 0.1715300 -0.0747975 -0.1596648 -0.1293688 -0.0865394 -0.1692572 0.0793125 0.0476628 0.3805362 0.0259579 0.0099407 0.1524353 -0.2406570 -0.1194266 -0.0072095 0.2286253 -0.0706918 -0.2126898 -0.1652661 0.2839043 0.3186664 0.1347589 -0.0958900 0.0108235 0.3024208 0.1010873 0.1176906 0.1726840 0.0244441 0.1179399 -0.0019840 0.3686622 0.1746341 0.2442880 0.1767136 0.3197926 0.1844205 0.1749926 0.1135737 0.4270703 0.2166129 0.4391102 0.0621205 0.0352552 0.0081634 0.1685921 0.1592977 0.3965009 -0.0195112 0.0397734 -0.0725500 0.3985397 0.0106247 0.0240775 0.0619168 0.0515542 -0.0241981 0.1743850 0.1711903 0.1880640 -0.0242620 0.2859093 0.1704871 0.1291337 -0.0851463 0.0523945 0.1222202 -0.1363572 0.0742800 0.1419401 0.1589433 0.3596807 0.4425503 0.2510193 0.2717192 0.1666464 0.1803219 0.1224815 0.4782699 0.2495672 0.4385887 0.4186859 0.5176027 0.4854870 0.4499848 0.5395878 0.3981586 0.4701175 0.4721637 0.1871665 0.3521516 0.2711949 0.2670750 0.2960017 0.4539851 0.1631300 0.1543922 -0.0918887 -0.0842443 -0.1189435 0.2938205 0.4741613 0.1995792 0.1204102 0.0688856 0.0673054 -0.2393440 0.2366851 0.3010780 0.3178078 0.5277251 0.2469382 0.4459135 0.5294973
0.0993304 0.3751801 0.6373283 0.3948834 0.4075119 0.5128585 0.2518660 0.7237533 0.3339712 0.7002304 0.6842551 0.4042313 0.6112927 0.5624655 0.0557093 0.6993751 0.0000000 -0.2197438 0.5950751 0.1904307 0.1473884 0.4432666 0.4443615 -0.1641675 0.6104097 -0.1596541 0.2855907 -0.4455103 -0.1962606 -0.0546984 0.3498411 0.2534570 -0.5198361 -0.3439160 -0.2855415 0.1776423 -0.3597315 0.4195218 0.0659362 0.1703322 0.0328245 0.0317648 0.1080118 -0.6377427 -0.1015891 0.2009274 -0.1591486 0.0786353 -0.5612950 0.4644107 -0.1631130 0.0197030 -0.1410739 0.1360948 0.2744766 0.6268661 0.2905058 0.1183547 0.3952352 0.3335609 0.2804468 0.2963132 0.3473089 0.3218939 0.1695978 0.5040551 0.6741776 0.2912795 0.3675930 0.4524159 0.6475652 0.3643691 0.5589092 0.3023718 0.2306285 0.2686968 0.1813966 0.3405322 0.3296313 0.3740048 0.1032066 0.1928028 -0.0129863 -0.0451711 -0.2289223 -0.0464249 0.0729753 -0.0837478 -0.1011201 0.1166971 0.2537641 0.0480958 0.1625221 0.1576257 0.2017149 0.0783257 -0.1614989 0.2311665 0.0496818 0.2966487 -0.0026792 0.2344635 0.0230187 0.1191832 -0.0875524 0.1298440 -0.0672991 0.0166877 -0.1243507 0.0785373 0.0310920 0.2604927 0.5449831 0.2228845 -0.1221284 0.2136508 -0.0709965 -0.1492962 0.0907516 0.0209909 -0.0004054 -0.1659754 0.0561411 0.3562164 -0.0970606 -0.0321486 0.0439712 0.1346429 0.1367962 0.1080407 -0.0000212 -0.0885438 0.1200777 0.0367055 -0.3014795 0.4706520 0.0160406 0.1583027 0.0354224 0.3762222 0.1489529 0.0756692 -0.1196102 0.5579954 0.1287091 0.4614658 -0.0926206 -0.1779974 0.0164226 0.1106424 0.2386200 0.2214182 -0.1642938 0.1836009 -0.0828731 0.4171839 0.0780598 -0.3662058 0.0936360 0.0823218 0.0073004 -0.1550884 0.3319159 0.2011574 -0.1270713 0.2478282 0.3665722 0.2108596 0.1368321 0.0532896 0.1464194 -0.0262615 0.3459091 0.4001403 0.3629663 0.2642572 0.3030525 0.2504645 0.1207928 0.2673903 0.1534915 0.1845647 0.3878509 0.3113790 0.3404507 0.1714940 0.3866975 0.2838940 0.2690454 0.4365272 0.1721277 0.2573160 0.3920555 0.1279478 0.1944395 0.2153976 0.3056135 0.3007298 0.3631879 0.0199091 0.1136075 -0.1014066 -0.0781562 -0.0491658 -0.1931372 0.2104753 -0.0581350 -0.0467752 0.0268180 0.0677114 -0.2090085 0.3340295 -0.1405331 0.0812371 0.4233277 -0.1152139 0.3203603 0.2227849
