0.0000000 0.3665219 -0.0028106 -0.7628916 0.2045034 -0.4152288 0.6721866 -0.3988619 -0.1641661 -0.4271313 -0.2690479 0.2971047 -0.0944097 -0.2498589 -0.1594206 0.0505576 -0.4946258 -0.0234608 -0.2197530 -0.3473773 0.1559191 -0.1180646 -0.1937458 -0.0554743 -0.3610518 -0.3940202 0.3473477 -0.1353079 -0.1373597 0.0413565 -0.1927241 -0.1818329 -0.1499654 -0.2072865 -0.2878840 0.1800436 -0.3492107 -0.2487420 -0.2279971 -0.2762349 -0.0984032 0.0925045 -0.1738114 -0.2525195 -0.3670285 -0.2246899 -0.4027474 -0.1902862 -0.1033031 -0.1348958 -0.1725897 -0.1890344 -0.3414800 -0.0892323 -0.1097309 -0.2854674 -0.2792167 -0.1446509 -0.2091281 -0.1621441 -0.4018515 -0.0036478 -0.3160398 -0.3698282 -0.2473961 -0.0973667 -0.0547934 0.0250863 -0.3767135 -0.2343086 -0.2186139 -0.3286316 -0.1025507 -0.1509913 -0.3163356 -0.2924622 -0.4964783 -0.3995106 -0.3226947 -0.2226538 -0.3174240 0.3650549 0.3978867 0.4173179 0.4952154 0.2962689 0.3307645 -0.0644924 0.6057597 0.3703732 0.5607160 0.3825931 0.3169821 0.1717449 0.4503241 0.5693401 0.6509408 0.3460227 0.3293991 -0.4989838 0.1685164 0.0727795 0.0923830 -0.1286184 0.6209146 0.3842646 -0.0604852 0.1427988 0.4956427 -0.0141085 0.3173128 0.3573307 -0.0318931 -0.0501524 -0.0360522 -0.0240618 0.1025472 0.1205985 0.0896946 0.2435313 0.2343149 0.2525139 0.7023177 0.0308686 0.3134572 0.1987353 0.1861168 0.5261350 0.2382074 0.0937078 0.2589615 0.3832758 0.1514132 -0.1302841 0.3042014 0.5120146 0.2962599 0.2018673 0.0798466 -0.3813643 0.5485947 0.1816825 0.1904318 0.1801547 0.2842717 0.5052898 0.0449447 0.0777951 0.3976944 0.2172729 -0.0510120 0.0225646 0.0827681 0.5636141 0.1088504 0.4096155 0.1945766 -0.0572106 0.4003559 -0.0476602 0.2095147 0.0705894 0.4007432 0.1411432 0.4139881 0.0851537 0.5767797 0.5594059 0.3401124 0.3022037 0.6516615 0.6395562 0.6597492 0.3731780 0.7510099 0.4480121 0.1949077 0.0925349 0.1060522 0.1962774 0.1834224 0.3068068 0.2143342 0.2332349 -0.0569539 0.1638505 0.0528752 -0.0756420 -0.3531719 -0.4738308 0.3012994 -0.3386774 -0.3033599 0.2173288 0.2459259 0.1248178 0.0900276 0.0085609 -0.0135665 0.1354585 0.3968123 -0.2045919 0.2106401 0.2549750 0.4361666 -0.1578610 0.1267528 0.2191633 -0.0242899 -0.3414807 0.1401928 -0.4094669 0.1606651 0.2562419 -0.1557532 -0.0735302 -0.2781083 -0.0239166
0.3665219 0.0000000 0.4135517 -0.0999401 0.1109611 0.1463207 0.5620230 0.0531033 0.1981045 -0.0838372 0.0222142 0.4830554 0.1860173 0.1351783 0.2748191 0.1538217 -0.0834899 0.4519557 0.0951905 -0.0803353 0.2439540 0.1726658 -0.0042253 0.4794537 -0.0486978 -0.2595633 0.4697394 0.3823225 0.4388937 0.4466868 -0.0217765 0.0704250 0.2393772 0.3149791 0.0107309 0.2979090 0.0299087 0.0459329 -0.1689885 -0.1119156 -0.0104613 0.2501695 -0.0143530 0.0950672 0.3062586 0.0235390 -0.0840025 0.0901754 0.1260919 0.1819194 0.1202377 -0.1140392 0.2259256 0.0208638 0.1312046 0.0819457 0.0920904 0.0530678 0.1614903 0.1032373 0.3056504 0.0844936 0.0486689 -0.0033603 0.1331877 0.3693358 0.1300177 0.1146686 0.0657236 0.0001003 0.2146999 0.0531123 0.0854534 -0.2602697 0.0229027 -0.0723322 -0.0445972 0.0049911 0.1162518 0.2851396 0.0094945 0.5630480 0.3261416 0.2780802 0.3069786 0.0417603 0.3282189 0.2889553 0.6268182 0.4071762 0.5968985 0.4287258 0.1472834 0.3772453 0.4137146 0.4169929 0.5250073 0.0023817 0.4161776 -0.0965734 0.2009676 -0.1749011 -0.2822199 0.1183530 0.5103496 0.4188792 -0.3344792 -0.2343952 0.3358255 -0.2943320 0.4020842 0.1094917 -0.4638823 -0.5861910 -0.5017343 -0.5805459 -0.4053243 -0.3557875 -0.4005238 -0.1576856 -0.3220817 -0.3451407 0.4575114 -0.2670605 0.0138685 -0.2009702 -0.4599503 0.2092672 -0.1061904 -0.3139446 -0.1415285 0.3170260 -0.0367012 -0.3673867 0.3263289 0.2462280 0.1125015 -0.0426589 -0.0060064 -0.1718827 0.4882837 -0.0827109 0.2888900 -0.0738871 0.0633596 0.1357707 0.1222525 -0.0799479 0.3705659 0.0126297 0.0280655 -0.2674215 0.0692241 0.3964356 0.0790679 -0.1496103 -0.1475991 0.1016604 0.1153292 0.0462998 0.0552177 -0.0581040 -0.0042362 -0.0313265 0.2390544 -0.0942974 0.4786704 0.5668330 0.0288491 0.0949591 0.4734640 0.4481232 0.2718353 0.3083774 0.6141195 0.4411621 -0.1010177 0.0974062 -0.1884765 -0.1497316 -0.1393028 0.0076930 0.1163349 0.0900353 0.2395879 0.0873315 0.1363891 -0.2860794 -0.1593347 -0.0357753 -0.1522789 -0.0058334 0.3430997 -0.3803468 -0.2262739 -0.4164693 -0.3278461 0.1095939 0.3288345 -0.2915246 0.1290281 -0.4499666 0.0751537 -0.1548897 0.3606178 -0.0112744 -0.3138074 0.1226424 -0.2897093 -0.4151012 -0.0273857 -0.3665883 0.0374131 0.1692871 -0.0299220 0.0723715 -0.5696941 0.1097965
-0.0028106 0.4135517 0.0000000 0.2013743 0.5924929 -0.0994857 0.4653211 0.4051672 -0.0373687 -0.0547441 0.0765159 0.7194215 0.7466991 -0.1176562 0.2149399 0.1471486 -0.1799415 0.1952982 0.2400023 0.4402891 0.6511061 0.5049206 0.2192017 0.2121746 0.1393891 0.1662061 0.1624438 0.1667698 0.3002904 -0.1004687 0.5234335 0.2120996 0.0425041 0.1124563 0.0313521 0.1825119 0.1727498 0.1631871 -0.2875973 -0.3140897 0.2476505 -0.1677645 -0.1223443 -0.2170447 0.2062424 0.0162644 0.0563107 0.2268766 -0.1935414 0.1302041 -0.0176815 -0.2723701 0.2602339 -0.3136747 0.1810519 0.0774581 0.1293376 -0.2581382 -0.1404411 -0.0898144 0.4095682 -0.2551678 0.3773586 0.3609887 0.7086102 0.3339792 -0.1040351 -0.1386446 0.3379939 0.0298401 0.1889783 0.6035028 -0.0569126 0.4805006 0.3502677 0.1123322 0.4267750 0.2585467 0.1659020 0.6057914 0.3576825 -0.0744914 -0.1768173 -0.1322754 0.0727984 -0.2779516 0.4156379 -0.0291132 0.2794326 0.0412280 0.3309232 0.3841908 -0.2481348 -0.0003127 0.6083404 0.4015830 0.0161881 -0.4135788 0.4913825 -0.0137027 0.0697229 -0.3674171 -0.4462951 0.0709420 -0.0480463 0.2987705 -0.3908523 -0.4335593 -0.1420836 -0.3315038 0.0641394 -0.4236015 -0.4877315 -0.2586635 -0.3897934 -0.3194012 -0.2076779 -0.4361736 -0.3012549 -0.4912480 -0.3695513 -0.2896769 -0.0655080 0.0648105 -0.3163326 -0.1742731 0.0745871 -0.2145768 -0.4733732 0.0519380 -0.1721683 0.0212980 -0.1002258 -0.3374634 -0.1655756 -0.2216092 -0.2978053 -0.1495192 -0.2325413 0.4438841 0.0435813 0.0265982 0.2295106 -0.3253359 -0.2273392 -0.2112164 -0.1941868 -0.3491132 0.1192324 0.0274331 0.1941098 -0.1532156 0.0170477 -0.0473495 -0.4236765 -0.2724656 -0.0006483 0.0064013 0.0748359 0.1425950 -0.1761605 0.1089248 -0.2364302 0.1338196 -0.1089186 -0.0078159 -0.0370680 0.1201317 0.0082227 0.0911914 -0.0295490 0.0656634 0.2423830 -0.0336204 0.2698060 0.4812653 0.4216011 0.5100941 0.3088462 0.1658223 0.3300421 -0.0932959 -0.1384177 -0.1152252 0.0536935 0.5537502 0.4672315 0.2550539 0.5281500 0.3002124 -0.4213432 0.4173806 0.6148022 -0.3120707 -0.3100866 -0.1338050 0.0094416 0.4129019 0.4907647 -0.0035015 0.3309268 -0.5147965 -0.1963099 -0.2786475 0.5580577 0.5697691 -0.0522990 0.2058585 -0.0182824 0.0164992 -0.4475479 0.1815425 0.6634796 0.3098502 0.3294294 0.2608605 -0.4935937 -0.1972812
-0.7628916 -0.0999401 0.2013743 0.0000000 -0.4011628 0.6550458 -0.3704641 0.7355981 0.1668894 0.7165510 0.5800212 -0.0429301 0.3381531 0.4149762 0.1924134 0.3652046 0.5329405 0.0144747 0.5561462 0.0918734 0.0901786 0.3600124 0.4936820 0.0727958 0.6766778 0.5897382 -0.3541646 0.1567740 0.4232562 -0.1362605 0.2644828 0.5554994 0.1785307 0.2676232 0.5324269 -0.0160667 0.6774161 0.5658447 0.4273811 0.4540648 0.3447271 -0.0424599 0.3921972 0.3347573 0.4751884 0.5831154 0.7168965 0.4884186 0.2826034 0.3735600 0.4982429 0.3534971 0.3758594 0.3464159 0.4128227 0.6043580 0.6155549 0.4171058 0.2292532 0.4697651 0.6521648 0.3208236 0.4365893 0.6760104 0.2602497 0.4222374 0.3896807 0.3327753 0.6104394 0.6048382 0.5972881 0.5997918 0.4823445 0.0503292 0.6336735 0.6407854 0.7350520 0.7426351 0.6563577 0.2841526 0.5695525 -0.2057356 -0.4305497 -0.3655052 -0.3538842 -0.2054817 -0.3053042 0.1291146 -0.3056060 -0.0290645 -0.3754989 -0.2823280 -0.4416122 0.0364969 -0.1163348 -0.4821523 -0.6194538 -0.5208600 0.1224559 0.6256326 0.1005889 -0.3636280 -0.2595750 0.3322065 -0.6064535 -0.1620707 -0.1862135 -0.2228936 -0.6067721 -0.0584634 -0.1399793 -0.4808633 -0.1765491 -0.1367180 -0.2659296 -0.1940651 -0.2841993 -0.3061713 -0.2719673 -0.3705248 -0.4284678 -0.3890481 -0.6901456 -0.0685886 -0.4494778 -0.3076770 -0.0740966 -0.6974285 -0.3430840 0.0338440 -0.1028184 -0.4280784 0.1269483 -0.0915825 -0.2344595 -0.6173228 -0.1192470 -0.1563650 0.1547237 0.4213470 -0.3751135 -0.2950818 0.0603463 -0.3825832 -0.2249584 -0.6758176 0.0238476 -0.0766352 -0.1153275 -0.4318035 -0.1073010 -0.2481182 -0.1575966 -0.4325677 -0.0936939 -0.6449229 -0.3817427 0.1515639 -0.3776510 -0.1006983 -0.2522058 -0.2399549 -0.5781525 -0.3327634 -0.4626381 -0.1765264 -0.5327203 -0.2927078 -0.4081123 -0.4227427 -0.6249503 -0.5555902 -0.7182452 -0.5320762 -0.6464896 -0.2813631 -0.1509643 0.0715183 -0.0985780 -0.2147916 -0.2554100 -0.4663614 -0.3632384 -0.4530327 -0.0889760 -0.2800083 -0.2464148 -0.1972750 0.3634023 0.7740287 -0.4412211 0.5566245 0.3917468 -0.4465979 -0.4022563 -0.2801448 -0.0974385 0.0953248 0.0284303 -0.1898253 -0.5109360 -0.2516714 -0.4635507 -0.4297106 -0.4653142 0.2570932 -0.1721130 -0.3220885 -0.0606018 0.0658227 -0.4093287 0.4128584 -0.2542965 -0.2307188 0.2634921 0.0888012 0.0731073 -0.1098194
0.2045034 0.1109611 0.5924929 -0.4011628 0.0000000 -0.5488980 0.2224929 -0.2360018 -0.2115761 -0.5091717 -0.4215620 0.4109495 0.2518587 -0.2665816 0.1345020 -0.3130963 -0.3486820 0.1255459 -0.3102381 0.4697486 0.3116411 -0.0040638 -0.1753670 0.1295047 -0.4079375 -0.1547132 0.4620203 0.0294636 -0.1909565 0.1848855 0.2734099 -0.3702536 -0.1048514 -0.1311289 -0.3361048 -0.2375891 -0.3317098 -0.3993130 -0.5064785 -0.5009082 -0.2397702 -0.4961191 -0.4209209 -0.3651886 -0.2215508 -0.5220510 -0.4843911 -0.3297188 -0.4375826 -0.2711514 -0.4968126 -0.4814175 -0.0135451 -0.5707557 -0.3425252 -0.4930782 -0.4458270 -0.5348315 -0.3324115 -0.5393482 -0.1547380 -0.6072450 -0.0569910 -0.1296372 0.5109124 -0.2386363 -0.5981979 -0.5258324 -0.2200842 -0.4409523 -0.3938699 0.0587842 -0.5478935 0.5003942 -0.2053107 -0.4044365 -0.0798037 -0.3124606 -0.3667483 0.4041566 -0.0235755 -0.2306840 -0.1363034 -0.0927033 0.0808035 -0.2358075 0.3372486 -0.2672783 0.2790344 -0.2497394 0.2649061 0.2102721 -0.0567382 -0.3023100 0.3538416 0.3240126 0.0902814 -0.0754114 0.0675583 -0.4701436 -0.1293940 -0.0341360 -0.2207993 -0.3228499 0.0837426 0.0914522 -0.0978467 -0.2682502 0.0731183 -0.2078571 -0.0184505 -0.1900099 -0.2304274 -0.0635001 -0.0681879 -0.0838920 -0.0777715 -0.1939852 -0.1494840 -0.3607080 -0.1481853 -0.1732504 0.0194729 -0.0405724 -0.2112819 -0.1443896 -0.0065312 0.0639345 -0.4216880 -0.1316623 -0.2844534 0.0186348 -0.2625983 -0.1560969 -0.2036927 -0.0862963 -0.3222534 -0.3569152 -0.4200852 0.0307579 -0.1569752 -0.0544875 -0.2133394 -0.2692038 -0.3194152 0.0496564 -0.2155642 -0.1671982 -0.1974035 0.0861303 0.0256915 -0.2074568 -0.0357927 -0.1366775 -0.1968851 -0.0533665 0.1693919 -0.2781239 0.0241046 0.0118623 -0.0302205 0.1049054 -0.0945879 0.2097203 -0.0404740 -0.2196484 -0.0433976 -0.1275022 0.0308147 0.1459937 0.0249777 -0.0343205 0.5916239 0.2595754 0.2837600 0.3191946 0.3760592 0.4460501 0.2306308 0.0923579 0.4748848 0.0791320 -0.0985931 0.0701279 0.0309051 0.7715974 0.6494310 0.5553841 0.2793581 -0.2416112 -0.2761422 -0.0085612 0.2333157 -0.0538650 -0.1909310 0.0125881 -0.0868857 0.2306142 0.4147458 -0.0428098 0.4886534 -0.0116067 0.1014071 -0.0236714 0.5800000 0.2643374 -0.0626007 0.4976513 0.1991904 0.1919467 -0.1478219 0.2038220 0.6928661 0.2606335 0.2640990 0.2454464 -0.1986609 -0.0882114
-0.4152288 0.1463207 -0.0994857 0.6550458 -0.5488980 0.0000000 0.0102361 0.5964577 0.6528607 0.8288426 0.6712232 -0.0195959 0.1416876 0.6931399 0.5628589 0.4544710 0.7546625 0.1979138 0.5954931 -0.3633304 -0.2066750 0.2138182 0.6106534 0.2619976 0.6151728 0.4215594 0.0628845 0.2060591 0.6194237 0.2653650 -0.0912842 0.5645177 0.2278196 0.4132500 0.6793237 -0.0573278 0.6190105 0.5996299 0.5849565 0.6283505 0.2669569 0.2436087 0.6318744 0.4692840 0.6938806 0.6633809 0.6033649 0.5041613 0.5542610 0.5817004 0.6211017 0.6070331 0.3640212 0.6919345 0.5240828 0.6543954 0.6049557 0.7046946 0.3848892 0.7274595 0.6277867 0.7038232 0.3171291 0.5541180 -0.1189645 0.5157874 0.6477649 0.7274676 0.4406189 0.7423632 0.6835918 0.4253450 0.7788686 -0.3457266 0.4667964 0.6773523 0.5190350 0.6532450 0.7283537 0.1168608 0.5022115 0.1540097 -0.1196708 -0.2381933 -0.2455102 -0.1574370 -0.4570575 0.0847514 -0.1052489 0.0759288 -0.1134822 -0.1981131 -0.1844838 0.1302723 -0.2057298 -0.4004372 -0.0036600 -0.2399669 0.0288722 0.4187281 0.1080748 -0.2739871 -0.2592958 0.2421686 -0.0299945 -0.3399114 -0.3267564 -0.2803808 -0.0662577 -0.1580574 0.1128130 -0.0814541 -0.2824705 -0.5340076 -0.4234971 -0.4961290 -0.5027926 -0.2987796 -0.4608384 -0.2269453 -0.4752549 -0.5567288 -0.1411109 -0.4637303 -0.3354540 -0.4147014 -0.1395944 -0.2005066 -0.0952619 -0.0823805 0.0731674 -0.3042808 0.4042091 0.0283185 -0.0493317 -0.1387604 0.2885532 -0.0002265 0.5848334 -0.1117379 0.0593012 -0.4635207 0.1527618 -0.1679576 0.1743667 -0.2193602 0.4998756 0.1628304 0.1699115 -0.3123510 -0.1246141 -0.1416625 0.2187566 0.0377574 0.2718277 -0.3546668 -0.3423917 0.3147780 -0.1981863 0.0194951 -0.0781097 -0.1318533 -0.2379032 -0.2751976 0.0022664 -0.0212785 -0.1521797 0.1296009 -0.3241942 -0.2101885 -0.2010759 -0.0578076 -0.5031664 -0.2199379 -0.3653235 -0.4274807 -0.5956583 -0.2562767 -0.5471244 -0.5610184 -0.5807699 -0.4179510 -0.1886281 -0.3359320 -0.0606479 -0.5742195 -0.5200897 -0.6094560 -0.0056302 0.5534380 -0.2491930 0.3528871 0.2693381 -0.5242436 -0.4176141 -0.5473141 -0.4032425 -0.1189354 -0.0492893 -0.4898696 -0.7368090 -0.3784070 -0.5100271 -0.5824059 -0.4705964 -0.1034051 -0.5205937 -0.6208816 -0.4399338 -0.3135838 -0.4789621 -0.2766882 -0.5811947 -0.5393585 -0.1883426 -0.2868108 0.2265534 0.1206875
0.6721866 0.5620230 0.4653211 -0.3704641 0.2224929 0.0102361 0.0000000 0.1720252 0.1379698 0.0007989 0.1963654 0.6749077 0.4634649 -0.0045668 0.1589112 0.3847481 -0.1502256 0.0831961 0.3117581 -0.1228738 0.3503322 0.3449706 0.2948096 0.1166630 0.0966375 -0.0065845 0.4101174 -0.0101235 0.2977200 0.0407831 0.1007368 0.2773660 -0.0576818 0.0210251 0.1615750 0.3512008 0.0987100 0.2207659 -0.0337374 -0.1097896 0.2755952 0.2524473 0.1991681 -0.1893324 0.0545111 0.1898057 0.0033965 0.2657186 0.0548217 0.3298982 0.2513545 0.0796395 -0.0583663 0.1052321 0.3746056 0.1738296 0.1698313 0.0592757 -0.1839048 0.2251084 0.0433176 0.2707064 0.1575461 0.0878564 0.0451287 0.4424553 0.2889799 0.3638856 0.0808038 0.1718280 0.2883264 0.1752222 0.2805129 -0.0698338 0.1936562 0.1378035 -0.0125069 0.0971900 0.1015455 0.0690077 0.0980864 0.3526997 0.3110393 0.2224848 0.4150152 0.0488123 0.3288019 -0.0829485 0.5884933 0.3673624 0.6712576 0.5116436 0.1683830 0.1576030 0.6164429 0.6920859 0.7339637 0.0709467 0.5136271 -0.2550224 0.1448831 -0.1789660 -0.1934729 -0.0563805 0.6222310 0.3256019 -0.3693761 -0.1841825 0.4484710 -0.1987665 0.3207125 0.1284841 -0.2941321 -0.3242951 -0.2427517 -0.2802680 -0.0285634 -0.0303577 -0.0858744 0.0364856 -0.0447649 -0.0570240 0.7131822 -0.0240489 0.1197916 0.0536562 0.2294468 0.4858429 0.0078546 0.1711104 0.2511239 0.3380058 0.3393142 -0.2203949 0.2464504 0.4953382 0.2426039 0.2210028 0.2170109 -0.1147708 0.7601860 0.0946966 0.5039780 0.0767769 0.2847942 0.4482640 0.0855998 -0.2025027 0.6495596 0.2026804 0.0980755 0.1473331 0.2539923 0.7392062 -0.0487017 0.3252592 0.0546837 0.0901691 0.4119335 0.1519154 0.0928654 0.1406368 0.3535372 0.1545446 0.4224249 0.2886024 0.5859471 0.7555208 0.2929730 0.2945748 0.5808547 0.7731731 0.5885461 0.2021933 0.6929579 0.3955425 0.0860168 0.0882331 0.0294579 0.0976673 0.0060935 0.0395550 0.1035965 0.0270353 -0.0730322 0.1472774 0.0014926 -0.2409502 -0.0501912 -0.0245300 0.1302946 0.0393618 0.1069926 -0.0955008 0.0404695 -0.1297936 0.0386314 0.1042560 0.1937463 0.0236147 0.2125497 -0.6293445 -0.1859625 -0.1142903 0.5369594 0.0165046 -0.0424488 -0.0782944 -0.2444034 -0.4792236 -0.2917266 -0.5507734 0.3139119 0.1369491 -0.1453398 -0.2967792 -0.4049903 -0.0745212
-0.3988619 0.0531033 0.4051672 0.7355981 -0.2360018 0.5964577 0.1720252 0.0000000 0.1509973 0.7776970 0.7979776 0.2689545 0.7850182 0.5278593 0.1744179 0.6257081 0.4895688 -0.0878256 0.9200784 0.0824056 0.1776850 0.7766829 0.6533335 0.0681258 0.9016108 0.6682983 -0.1582254 0.1343470 0.4575292 -0.0619488 0.5957313 0.8857303 0.1781836 0.2260833 0.7693182 0.0564988 0.7889506 0.8852874 0.5689792 0.5590614 0.7071826 -0.0163498 0.6946637 0.3142194 0.3947055 0.8359587 0.8367564 0.8348478 0.3896117 0.7922771 0.7399777 0.5934031 0.2931269 0.5251814 0.8201043 0.8586360 0.8207771 0.5349051 0.0014921 0.7025762 0.5933099 0.5966665 0.7980541 0.7723671 0.1828165 0.7858885 0.6222961 0.6595378 0.8598177 0.8129193 0.8610309 0.7824478 0.7779982 -0.0298987 0.9208740 0.8607933 0.8044632 0.9211501 0.8336975 0.3089351 0.7333296 -0.2142849 -0.4056930 -0.3949352 -0.3516753 -0.2516633 -0.3181279 -0.0463384 -0.0965155 0.0635327 -0.1101769 -0.0218619 -0.5361802 0.0340584 0.1562361 -0.1126425 -0.2835591 -0.5894985 0.3845853 0.5950842 0.1436095 -0.4733611 -0.3352832 0.2777691 -0.3352154 -0.1152162 -0.4070429 -0.3697047 -0.3977486 -0.2570302 0.0232692 -0.4512356 -0.0963448 -0.2265766 -0.3302856 -0.1706350 -0.1891587 -0.2506797 -0.2260604 -0.2914971 -0.3803689 -0.3939358 -0.3310827 -0.1011643 -0.3468267 -0.3465808 0.0624953 -0.4333755 -0.3730705 0.0950365 -0.0205877 -0.2508034 0.2859747 0.0325530 0.0303184 -0.3814656 -0.0176779 -0.1720056 0.1310770 0.2908818 0.1073109 -0.2809334 0.4882302 -0.5158743 -0.1343271 -0.4469292 0.0110886 -0.3407120 0.4489727 -0.4317900 -0.2855568 -0.3028635 -0.1349277 0.0743518 -0.0534261 -0.4621361 -0.4814045 -0.0122879 -0.0056073 -0.2462852 -0.1706851 -0.3421988 -0.4225547 -0.3747472 -0.2962633 -0.0902623 -0.1718289 0.2504035 -0.2166039 -0.4521588 -0.3568808 -0.1105274 -0.2045971 -0.3442348 -0.3383201 -0.1101192 -0.1820407 0.1111078 -0.1646130 -0.1821739 -0.3152880 -0.5816286 -0.4682559 -0.5943833 -0.2462967 -0.2977743 -0.3058957 -0.3585119 0.3774240 0.8361162 -0.3648930 0.5319385 0.3747527 -0.5440017 -0.3838539 -0.4471074 -0.0585455 0.0469348 0.1089627 -0.2287825 -0.4314754 -0.5362467 -0.7354947 -0.5355129 -0.0804427 0.1548182 -0.1792386 -0.4382205 -0.0973198 -0.1630330 -0.6727227 0.1028621 0.0398029 -0.2519172 0.3219588 -0.2817156 0.0209901 -0.3903847
-0.1641661 0.1981045 -0.0373687 0.1668894 -0.2115761 0.6528607 0.1379698 0.1509973 0.0000000 0.3528061 0.1633851 0.2473092 -0.0809653 0.5785425 0.8250143 -0.0415435 0.3415705 0.5477777 0.1902102 -0.4246077 -0.0256653 -0.0235691 0.2593424 0.5983214 0.1930436 0.1531488 0.1734405 0.4288617 0.6493038 0.2979457 -0.2430671 0.1846123 0.4816848 0.7171321 0.2678138 0.1385936 0.2705982 0.2354779 0.1898059 0.2260805 0.0598313 0.4116809 0.2285505 0.5098265 0.8309079 0.2699863 0.1994323 0.1631974 0.6463565 0.2938395 0.2220737 0.1825815 0.6780257 0.3695136 0.1869061 0.2632462 0.3089393 0.4238669 0.5309379 0.4889060 0.6257984 0.3662247 0.0984050 0.3697459 0.1461837 0.3125494 0.4446965 0.3574308 0.1262220 0.3047098 0.3583733 0.3127776 0.4387427 0.0153133 0.0947468 0.3862399 0.3633698 0.3108844 0.4965399 0.3201218 0.3712169 0.1279100 -0.0413268 -0.1942955 -0.1245669 -0.1885497 -0.0592148 0.1440581 -0.0838416 0.0788697 0.0645542 0.0803410 -0.0167910 0.0412371 -0.0469875 -0.0246976 0.3430563 -0.1560059 0.0289404 0.3058949 0.3031067 -0.1203637 -0.3680154 0.3644269 0.3682493 -0.1537695 -0.2920583 -0.4191881 0.3822939 -0.3923689 0.4589580 0.1656103 -0.4437902 -0.7006877 -0.6006376 -0.5557864 -0.5611723 -0.5035563 -0.5557797 -0.2797919 -0.4971778 -0.5694274 0.1996233 -0.4475639 -0.1785371 -0.2927556 -0.0346471 -0.0231166 0.1857216 -0.2464089 0.0367238 -0.2317490 0.1296893 0.1818843 -0.3148651 0.1106515 0.0663095 0.1423117 0.4053574 0.0078424 0.0302286 -0.1013488 0.0391505 0.0700774 0.1482225 0.1686469 0.5558821 0.0291799 0.0979157 0.1848882 0.3332342 0.0685858 0.4974602 0.0349199 0.0900438 0.0728241 0.1642559 0.1578134 0.2825036 0.3985643 -0.2637206 0.3358212 0.1594264 0.2333110 0.2100126 0.2198967 -0.0429463 0.2050357 0.0823798 0.3077295 0.0550864 0.3070387 -0.1411442 0.1813599 -0.0181748 -0.1581640 -0.3702868 -0.4617554 -0.3567678 -0.4107773 -0.3343132 0.0182490 0.1862207 0.1005420 0.2580728 -0.2807789 -0.1213206 -0.2556064 0.1649120 0.2509736 -0.2109889 0.3495895 0.4160317 -0.2799820 -0.2941683 -0.3691108 -0.4695126 -0.2532401 0.0485246 -0.4445330 -0.4415359 -0.2763555 -0.2819852 -0.6237639 -0.1513962 0.1037716 -0.5531455 -0.5199805 -0.7764342 -0.1449660 -0.3471915 -0.5840923 -0.2233082 -0.3671348 -0.4997687 -0.2338356 0.0428967 0.1608302
-0.4271313 -0.0838372 -0.0547441 0.7165510 -0.5091717 0.8288426 0.0007989 0.7776970 0.3528061 0.0000000 0.9260062 0.0518417 0.2989041 0.7510797 0.3365595 0.7241793 0.8246457 -0.1822508 0.8014074 -0.2257791 -0.1356631 0.3284036 0.8304478 -0.0272158 0.8112937 0.7246497 -0.1115588 -0.0678159 0.5479111 0.0363651 0.1162796 0.7696383 0.0227782 0.1984839 0.9135697 -0.0838145 0.7988501 0.7197625 0.8592538 0.8311859 0.4359901 0.0728128 0.8869056 0.3666024 0.4447597 0.8234398 0.8295258 0.6067460 0.5402682 0.6311869 0.8240434 0.8389778 0.2241742 0.8347084 0.6332622 0.7706127 0.7456004 0.8416357 0.0482560 0.7738563 0.4661822 0.8175660 0.4354004 0.7608408 -0.0645940 0.5861020 0.6521213 0.8381943 0.5618073 0.9384676 0.8105240 0.4536462 0.8508108 -0.3214286 0.6957182 0.8426105 0.6047954 0.8204366 0.7697993 0.0729567 0.6339051 -0.1713656 -0.3777688 -0.4185521 -0.3336926 -0.2000223 -0.5607865 -0.1191547 -0.2080179 -0.0790218 -0.1713927 -0.3373890 -0.3947139 -0.1206796 -0.1290488 -0.3906651 -0.2458953 -0.3953744 0.0621360 0.4613445 0.0193127 -0.4023332 -0.2790293 0.0929636 -0.2352849 -0.3313303 -0.3442849 -0.2723809 -0.3425310 -0.1338726 -0.0453565 -0.3899596 -0.0559282 -0.2375648 -0.2595937 -0.2269667 -0.2591474 -0.1544749 -0.2480539 -0.2174525 -0.3571027 -0.4203962 -0.3171300 -0.2429840 -0.3258212 -0.3987396 0.0582974 -0.3521381 -0.2353562 0.1254151 0.1035141 -0.3978642 0.4703608 0.0019544 -0.0856463 -0.3456388 0.1458099 -0.1726792 0.3857928 0.0219685 -0.0005788 -0.5088423 0.2026260 -0.3132307 -0.0780969 -0.4047134 0.1834007 -0.0897350 0.2504900 -0.5027289 -0.3047423 -0.2112553 -0.1421291 -0.0101998 0.2464065 -0.3842165 -0.5418308 0.0235252 -0.2044625 -0.2192310 -0.0840349 -0.3648726 -0.3850726 -0.5107206 -0.2044806 -0.1365235 -0.2669641 0.0877129 -0.4507932 -0.4780023 -0.3820109 -0.2160135 -0.4961668 -0.4346892 -0.5954922 -0.4894233 -0.5059777 -0.1409999 -0.4269510 -0.4304532 -0.5760453 -0.7077078 -0.4997852 -0.6587041 -0.3494298 -0.5710850 -0.5930514 -0.5840168 0.0177372 0.6835653 -0.3178893 0.3777272 0.1988144 -0.5820572 -0.4184996 -0.5270952 -0.2413697 0.0013109 -0.0141844 -0.3812612 -0.6827763 -0.3960043 -0.7054988 -0.6011147 -0.5364453 -0.1947071 -0.3542172 -0.4630472 -0.1849042 -0.2894971 -0.6463989 -0.0204887 -0.4422548 -0.4787303 0.1349165 -0.4275499 0.2895109 -0.1578302
-0.2690479 0.0222142 0.0765159 0.5800212 -0.4215620 0.6712232 0.1963654 0.7979776 0.1633851 0.9260062 0.0000000 0.1530729 0.4350767 0.6099348 0.2016251 0.8767164 0.7909704 -0.3895738 0.8226725 -0.1461590 -0.0960674 0.4020380 0.8544162 -0.2242530 0.7564868 0.6556587 -0.1220060 -0.2616131 0.4556615 -0.0167227 0.2103112 0.7876462 -0.1906788 -0.0275423 0.9217163 -0.0559028 0.6973122 0.6908000 0.8714818 0.8058771 0.4746268 0.0548722 0.9326474 0.1589606 0.2639321 0.7624721 0.7400535 0.6184257 0.3876885 0.6102155 0.7950201 0.8827227 0.0065479 0.8223172 0.6499911 0.7158771 0.6560222 0.7804051 -0.1230090 0.6550200 0.3137934 0.8113117 0.4707605 0.6785107 -0.1150380 0.5783012 0.5478375 0.8506765 0.5522633 0.9135623 0.7626462 0.4075887 0.8124738 -0.4045940 0.6779516 0.7647357 0.4809286 0.7333092 0.6758315 0.0495741 0.5723589 -0.1668802 -0.2951237 -0.3661743 -0.2971756 -0.2089249 -0.4888572 -0.1772058 -0.1475074 -0.1423864 -0.0107920 -0.2321066 -0.4205780 -0.1641331 -0.0256300 -0.2432923 -0.1452665 -0.3838564 0.0578990 0.3093912 -0.1496202 -0.4592237 -0.2546404 -0.0547951 -0.1725144 -0.2496110 -0.4083059 -0.2309114 -0.3249089 -0.1062737 -0.1536068 -0.4352166 0.0291675 -0.1160187 -0.1544242 -0.1619064 -0.1347506 -0.0775844 -0.1527708 -0.1675634 -0.2255810 -0.2489964 -0.1698255 -0.1692480 -0.2525192 -0.3712475 0.0950305 -0.2010346 -0.2665373 0.2821683 0.1672538 -0.2448742 0.4590988 -0.0257701 0.0545530 -0.2516179 0.1971611 -0.1793918 0.3009513 -0.0254198 0.1958849 -0.4845593 0.3460665 -0.2657727 -0.0397322 -0.3395804 0.0900374 -0.1390937 0.4026478 -0.4701541 -0.3162556 -0.1697962 -0.2017210 0.1552566 0.2471839 -0.2978282 -0.5812177 0.0304237 -0.1233921 -0.2530112 0.0698035 -0.4004731 -0.3240615 -0.5482891 -0.0796798 -0.0858448 -0.0952183 0.2223438 -0.4438383 -0.4823409 -0.2153306 -0.0752636 -0.3715701 -0.3568216 -0.4437389 -0.3088565 -0.4271999 0.0428716 -0.3823473 -0.3213812 -0.4879085 -0.7487838 -0.5487640 -0.7072311 -0.4180777 -0.5131421 -0.5453228 -0.6114433 -0.0767452 0.5654139 -0.2864498 0.2552580 0.2179862 -0.6005577 -0.3809332 -0.5450879 -0.1635757 0.2238626 0.1256652 -0.3287610 -0.4679435 -0.4329199 -0.6451238 -0.5142402 -0.3372857 -0.2358957 -0.2779635 -0.2920687 -0.0480846 -0.3495782 -0.6618982 -0.0428653 -0.2969435 -0.3051329 0.2921250 -0.4288046 0.2372773 -0.1814584
0.2971047 0.4830554 0.7194215 -0.0429301 0.4109495 -0.0195959 0.6749077 0.2689545 0.2473092 0.0518417 0.1530729 0.0000000 0.4893064 0.1517073 0.3048719 0.1898423 -0.1257294 0.2113876 0.2369162 -0.0391370 0.8109386 0.2552027 0.2794103 0.2842943 0.1011982 0.1926084 0.1507759 0.1004697 0.6337071 -0.0872523 0.1832484 0.2242393 0.1178251 0.2943519 0.1917656 0.5001079 0.1940135 0.1272970 -0.0176845 -0.0512943 0.1002235 0.1142253 0.1248408 0.0097724 0.2320973 0.1192886 0.1128339 0.1313606 0.2601390 0.1483151 0.2297488 -0.0014442 0.3755827 0.0744041 0.2040194 0.1015820 0.2276916 0.1392306 -0.2636568 0.2072682 0.2827791 0.1432862 0.1743147 0.4994372 0.6795981 0.4469011 0.2019556 0.1947469 0.1030530 0.2323906 0.3510379 0.3903485 0.1964647 0.3967355 0.2846215 0.2839788 0.3660915 0.2950342 0.2184059 0.5193025 0.3706180 -0.0518473 -0.2061001 -0.1898082 0.2171553 -0.3145300 0.3309726 -0.0847183 0.2875919 0.1316661 0.3243304 0.3233455 -0.3356089 -0.0780879 0.5102814 0.4679800 0.2284335 -0.4645441 0.3996032 -0.0598348 0.1405122 -0.5235844 -0.5951975 0.0262290 0.1561913 0.2290012 -0.5987410 -0.5292114 -0.0163174 -0.3881625 0.1510093 -0.4025419 -0.4701255 -0.3493893 -0.4570076 -0.3362413 -0.1957506 -0.3298647 -0.2701790 -0.3670950 -0.3424278 -0.3339590 0.2057115 0.1191703 -0.1314792 -0.0587727 0.1001180 -0.1470916 -0.2406152 -0.0173848 -0.0328728 -0.1396670 -0.0612860 -0.4072167 -0.2235185 -0.1336333 -0.2542609 0.0486400 -0.1197332 0.4240396 0.2018064 0.1629065 0.3177253 -0.2381429 -0.2885232 -0.0760261 -0.1465089 -0.4956606 0.3867985 0.1536122 0.3171265 -0.0832041 -0.0197052 0.1664785 -0.3424130 -0.0839387 0.0651723 -0.2007594 0.3602396 0.2209733 -0.3074191 0.1031570 -0.0777582 0.1605109 -0.0415479 0.0085352 0.0848633 0.4234556 0.1932119 0.1871994 0.1153980 0.3853075 0.3487051 0.0306350 0.3064689 0.4504044 0.4147367 0.3115541 0.3768553 0.3030641 0.2347744 -0.0970820 -0.1309107 -0.1353932 -0.0043065 0.4852620 0.3651084 0.1547917 0.3804056 0.1982510 -0.3103253 0.5189297 0.5499418 -0.2448133 -0.1629146 -0.1246454 0.0861246 0.3229585 0.4344938 0.0392054 0.2253905 -0.6318314 -0.4117403 -0.2744081 0.3869514 0.3597210 -0.0186737 0.0168812 -0.2987828 -0.0669988 -0.5023089 -0.0947268 0.4992490 0.3115392 0.1743658 -0.0841863 -0.4130661 -0.1403034
-0.0944097 0.1860173 0.7466991 0.3381531 0.2518587 0.1416876 0.4634649 0.7850182 -0.0809653 0.2989041 0.4350767 0.4893064 0.0000000 0.1118409 0.0050590 0.3822389 0.0194236 0.0108554 0.7135121 0.3387951 0.4129761 0.8953609 0.3855287 0.0811907 0.6245142 0.3814469 0.0582316 0.1329561 0.2463801 -0.1417766 0.7664285 0.6819374 0.1014801 0.0777549 0.4004053 0.1267722 0.4792145 0.6882995 0.0733359 0.0491716 0.7130540 -0.1033113 0.3194075 -0.0279980 0.1670460 0.5180614 0.4711031 0.7381186 0.0183326 0.6522267 0.4058870 0.1684163 0.1634928 0.0511564 0.7066632 0.5824515 0.5403602 0.0406426 -0.2326210 0.3510706 0.3627616 0.1933303 0.8156165 0.4882524 0.3582231 0.6879156 0.3324869 0.3034317 0.7681590 0.3992184 0.5494916 0.7317994 0.3996378 0.2129412 0.7677125 0.4958693 0.5771124 0.6029737 0.4753776 0.3425907 0.4797831 -0.1201499 -0.2737977 -0.2739345 -0.1835204 -0.2565916 -0.0038892 -0.1561801 0.1122680 0.0798951 0.0925288 0.2996221 -0.3528815 0.1021084 0.3824297 0.2435056 -0.0511346 -0.4467106 0.5056245 0.2582604 0.0907789 -0.3063493 -0.2936463 0.1422934 -0.1490817 0.0024824 -0.3726016 -0.3999378 -0.2042926 -0.3688770 0.0469680 -0.3962282 -0.1783446 -0.1870405 -0.2879194 -0.1041914 -0.0165144 -0.1897172 -0.0898905 -0.2041215 -0.2169647 -0.2276333 -0.1130025 0.0637397 -0.1473110 -0.1274199 0.1276773 -0.2070995 -0.3753688 0.0457540 -0.1283197 0.0415708 0.0850443 -0.0912357 0.1377653 -0.2115776 -0.1723897 -0.1331775 -0.1481172 0.3064811 0.2271968 -0.0070389 0.5280645 -0.4374096 -0.1176113 -0.2685041 -0.1675587 -0.4255883 0.4642248 -0.1694812 -0.1399470 -0.2026912 -0.0468569 0.1894710 -0.2833990 -0.2864071 -0.2722016 -0.0900402 0.1246731 -0.1259055 -0.1150811 -0.1484710 -0.2809749 -0.1102786 -0.1766760 -0.0045087 0.0363357 0.3509126 0.0277128 -0.1977387 -0.1126561 0.1068113 0.2850270 -0.1328956 0.0838043 0.1659489 0.1313798 0.2732894 0.1114103 0.0830599 -0.0117660 -0.3039022 -0.2796031 -0.3387121 -0.1698874 0.1316877 0.0470015 -0.0615006 0.4575935 0.5308058 -0.1950040 0.3584661 0.3141415 -0.3032484 -0.1763807 -0.2063565 0.1337893 0.1203897 0.1696433 0.0236648 -0.0030261 -0.5584044 -0.5397461 -0.2981851 0.4136651 0.2947856 0.0419135 -0.1932714 0.0238771 -0.1270739 -0.5622438 0.0366405 0.5028118 -0.0133668 0.2827050 -0.1452073 -0.2094293 -0.5181637
-0.2498589 0.1351783 -0.1176562 0.4149762 -0.2665816 0.6931399 -0.0045668 0.5278593 0.5785425 0.7510797 0.6099348 0.1517073 0.1118409 0.0000000 0.5775126 0.4275684 0.6425919 0.2169690 0.6176269 -0.2614185 -0.1389214 0.2310921 0.5453336 0.4341704 0.6195480 0.5946651 0.1921620 0.3642388 0.6382437 0.5024623 0.1437960 0.5853245 0.4301444 0.5724291 0.7858180 -0.0938330 0.6878610 0.5326533 0.7207631 0.7911237 0.2614498 0.0439498 0.7412163 0.7029378 0.5799024 0.6513172 0.6641464 0.4034987 0.7903341 0.6022620 0.6976545 0.6811069 0.5402672 0.7834474 0.4615728 0.6131256 0.6528155 0.8550484 0.1217454 0.7332103 0.5209854 0.6982251 0.3507087 0.6670561 0.0460568 0.5791076 0.5452377 0.6731863 0.4169324 0.7253315 0.7295480 0.2954049 0.7022135 -0.3209695 0.5184754 0.6904198 0.4928099 0.6935785 0.7244602 0.2662948 0.6055427 -0.1337633 -0.4120037 -0.4205490 -0.3813829 -0.2201295 -0.4278509 -0.0226532 -0.0354826 -0.0278120 -0.0681197 -0.1823266 -0.3818876 -0.0707561 -0.0592401 -0.2543533 -0.0817373 -0.3512317 0.1314076 0.4658798 0.2113777 -0.3374071 -0.3738372 0.1933632 0.0122117 -0.2415544 -0.3898941 -0.4142253 -0.1217194 -0.4325760 0.2945569 -0.2625892 -0.0651349 -0.4802903 -0.4765228 -0.3046321 -0.4064339 -0.3141504 -0.3932831 -0.2772187 -0.4378957 -0.6213599 -0.1773712 -0.3670926 -0.2467938 -0.6017285 -0.1659209 -0.3289835 -0.1902874 -0.2484438 -0.0537511 -0.3965918 0.3073997 0.1748827 -0.0190761 -0.2884727 0.0940791 -0.3211847 0.2130631 -0.1599433 0.0103113 -0.5560726 0.0879126 -0.5065469 -0.1880961 -0.2653137 0.2991154 -0.1644462 0.3179697 -0.5756548 -0.4338949 -0.4846514 -0.2441672 0.0263600 0.3829340 -0.3743249 -0.5593251 -0.3125327 -0.0157404 -0.3925211 -0.1827376 -0.4935786 -0.3856281 -0.5282479 -0.2317634 -0.3669154 -0.1358330 0.2869910 -0.3925650 -0.5127197 -0.2513608 -0.0997672 -0.1943809 -0.0353611 -0.4082950 -0.3582454 -0.6154673 -0.3013002 -0.5690835 -0.5866210 -0.6516686 -0.6705031 -0.5157719 -0.5951504 -0.2184524 -0.4652358 -0.3943288 -0.5235077 -0.0361560 0.5260278 -0.4331395 0.3018794 0.2451848 -0.7050040 -0.5721808 -0.7543510 -0.5424334 -0.2645988 0.0213166 -0.6431167 -0.5628673 -0.3316843 -0.6770809 -0.7603454 -0.3287917 -0.3103028 -0.5621629 -0.3375308 -0.3033699 -0.3495873 -0.5809377 -0.1869194 -0.3325162 -0.4936880 0.0885334 -0.4470406 0.2748260 -0.1478239
-0.1594206 0.2748191 0.2149399 0.1924134 0.1345020 0.5628589 0.1589112 0.1744179 0.8250143 0.3365595 0.2016251 0.3048719 0.0050590 0.5775126 0.0000000 0.1053468 0.4482029 0.4458690 0.1579187 -0.1657885 -0.0881121 -0.0480346 0.4183254 0.5654997 0.1035074 0.2606622 0.4465546 0.3602414 0.5370668 0.5251065 -0.1116938 0.0959613 0.3048474 0.5464087 0.3294716 -0.2298474 0.2926846 0.0810385 0.1841826 0.2127950 -0.0940800 -0.0357021 0.2065045 0.3325753 0.7318983 0.1220104 0.1033623 -0.0118608 0.4110502 0.1771778 0.0980032 0.1397554 0.5682084 0.2744531 0.0150622 0.0942676 0.1514979 0.3465172 0.4078168 0.2672303 0.6475583 0.1821782 -0.0207447 0.4079740 0.2806730 0.1790460 0.1242938 0.2363253 0.0323526 0.2781786 0.2757264 0.3630921 0.2878108 0.0166773 0.0602788 0.2900340 0.3580924 0.2829058 0.4652007 0.5378615 0.5108134 -0.0486652 -0.1093436 -0.2043905 -0.1699172 -0.2335920 0.0314767 -0.0321880 0.1201929 -0.1398203 0.3152307 0.0358007 -0.0951701 -0.2372945 0.2148644 0.0131686 0.2523799 -0.1720792 0.0840563 0.0705884 0.1342812 -0.2373968 -0.4555471 0.1074628 0.3079020 -0.0150992 -0.3547319 -0.4366957 0.2522059 -0.3490809 0.3623520 -0.0034008 -0.5085279 -0.6668182 -0.5724194 -0.6556388 -0.6996808 -0.6522918 -0.7400568 -0.6030825 -0.6560465 -0.6990673 0.0759522 -0.6040570 -0.5163176 -0.6482349 -0.0496516 -0.0449324 -0.2168678 -0.1260877 0.0101913 -0.3218326 0.2118238 0.0963018 -0.4395321 0.0068323 0.1010282 -0.1994254 0.3576187 -0.0910573 -0.0521565 -0.4840904 -0.1809092 -0.1875245 0.0335170 0.1042450 0.5126185 0.0671173 -0.0642905 -0.0530920 0.1171301 -0.1754824 0.3410754 -0.0749019 0.1871165 -0.1539060 -0.0312660 0.1230782 0.0215865 0.1868232 -0.1681912 0.1729039 -0.0531392 0.0088801 0.1571095 -0.0228956 -0.1375868 0.0416370 -0.2598883 0.1341533 -0.0260175 0.0877771 -0.1084575 0.1927766 -0.0565672 -0.0829885 -0.4165887 -0.1122063 -0.5186487 -0.6425206 -0.2345379 -0.2202982 -0.1070091 -0.1167771 0.1238514 -0.0724446 0.0290296 -0.2098677 0.1537996 0.2889484 -0.5453972 0.3391118 0.5956148 -0.6006886 -0.6784063 -0.6333948 -0.7384228 0.0230895 0.3606782 -0.7255108 -0.3459037 -0.3210807 -0.2411000 -0.7993017 -0.0369417 0.1213265 -0.7985635 -0.1314685 -0.5687322 -0.2234062 -0.5322521 -0.3256007 -0.1046964 -0.3225140 -0.1781476 -0.0773655 -0.0131306 0.2077733
0.0505576 0.1538217 0.1471486 0.3652046 -0.3130963 0.4544710 0.3847481 0.6257081 -0.0415435 0.7241793 0.8767164 0.1898423 0.3822389 0.4275684 0.1053468 0.0000000 0.5938431 -0.4411081 0.6842342 -0.1217338 -0.0412391 0.3664435 0.7569088 -0.3160343 0.5780889 0.5777303 -0.0426504 -0.3108895 0.3277632 0.0314584 0.2605198 0.6729499 -0.2629624 -0.1655068 0.7732951 0.0006801 0.5861694 0.5065184 0.7329236 0.6755718 0.4026992 0.0390171 0.7830759 0.0611229 0.0550557 0.5997845 0.5792413 0.4724725 0.2520362 0.4642444 0.6793106 0.7485645 -0.1897169 0.7055057 0.5394726 0.5495087 0.4913874 0.6654850 -0.2654466 0.4550387 0.1219957 0.6830747 0.2916754 0.4761745 -0.2248199 0.4371686 0.3544918 0.7222739 0.3778260 0.7463887 0.5876389 0.2036572 0.6317525 -0.5354706 0.5075980 0.5388220 0.2033699 0.5223460 0.4377533 -0.1233651 0.3386551 0.0494971 -0.0137696 -0.0221969 -0.0134671 0.1026180 -0.2172969 -0.0540528 0.1759721 0.0134182 0.2157910 -0.0648621 -0.2117041 -0.0212739 0.2637138 -0.0880062 0.0087343 -0.0982677 0.2163758 0.1110858 -0.1335103 -0.3189738 -0.0113385 -0.0951922 -0.0057451 -0.0014839 -0.2558214 0.0653644 -0.2560650 0.0638237 -0.1265242 -0.3158686 0.1606886 0.0506033 -0.0135274 -0.0206281 0.0411327 0.0699119 0.0115530 -0.0148363 -0.0046659 -0.0058277 0.0394209 -0.0101088 -0.1360091 -0.2880809 0.2794427 0.0125229 -0.1580253 0.4917272 0.4095102 0.0257766 0.6698557 -0.0053962 0.2564958 -0.0788880 0.4416987 -0.0230426 0.4036828 -0.1944082 0.4105085 -0.4587765 0.4058874 -0.1946049 0.2084124 -0.1922461 0.1818185 0.0553423 0.5076195 -0.5095196 -0.4083728 -0.1198125 -0.2359418 0.3348119 0.4137720 -0.1662032 -0.6272635 0.1407395 -0.1347404 -0.3979397 0.3552723 -0.4589048 -0.2038797 -0.6049889 0.1420702 -0.0282344 0.1858107 0.3684596 -0.5136844 -0.5035868 0.1023255 0.0526580 -0.2394582 -0.2456220 -0.1816156 -0.0669048 -0.3338033 0.1621505 -0.3189694 -0.2246241 -0.4493913 -0.7389501 -0.6014906 -0.7511799 -0.6192771 -0.4500122 -0.5932733 -0.7114146 -0.3210979 0.3416458 -0.1467301 0.0193695 0.0616669 -0.5311001 -0.3062191 -0.4931812 -0.0833836 0.3392740 0.0565056 -0.2229074 -0.1325002 -0.4772678 -0.4700804 -0.3909476 -0.0608975 -0.3372412 -0.1435658 -0.0128671 0.2086346 -0.5406371 -0.5146299 -0.0561232 -0.1942683 -0.0707774 0.3187053 -0.3356921 0.1658509 -0.1009793
-0.4946258 -0.0834899 -0.1799415 0.5329405 -0.3486820 0.7546625 -0.1502256 0.4895688 0.3415705 0.8246457 0.7909704 -0.1257294 0.0194236 0.6425919 0.4482029 0.5938431 0.0000000 -0.2914142 0.4534890 -0.1432022 -0.4058035 -0.0357733 0.6917085 -0.1465713 0.4184026 0.4583229 -0.0080738 -0.2337867 0.3575283 0.2972335 -0.0892202 0.3710030 -0.2121051 -0.0100249 0.7636093 -0.3634683 0.4262884 0.3261703 0.8103081 0.8040899 0.0048834 -0.0471177 0.7702372 0.2038615 0.3425297 0.4215759 0.4362237 0.2229774 0.3213568 0.3339869 0.4937962 0.8092758 0.0235045 0.7513188 0.2594648 0.3860947 0.3070762 0.7235068 0.0963642 0.4258625 0.2832684 0.6285583 0.1579810 0.4948729 -0.1819673 0.1913627 0.2591903 0.6502539 0.2039934 0.7321018 0.4649058 0.2052741 0.5908174 -0.4256409 0.2825965 0.5145165 0.3402446 0.4671792 0.5010294 0.0806513 0.4658212 -0.2036023 -0.2323846 -0.3567211 -0.3589372 -0.2789230 -0.6190796 -0.1262944 -0.3044340 -0.3897494 -0.1399585 -0.4967539 -0.3642957 -0.3325137 -0.3409879 -0.5285767 -0.1986559 -0.2725360 -0.3628636 0.1774464 -0.3460935 -0.3601551 -0.2135139 -0.2191532 -0.2023985 -0.4526958 -0.2841201 -0.1810932 -0.2659578 0.0549838 -0.2883880 -0.3011735 0.0166059 -0.1671462 -0.0602093 -0.2787587 -0.3459164 -0.1370472 -0.3310768 -0.3022719 -0.3414137 -0.3979234 -0.2539633 -0.4522842 -0.4665867 -0.5463523 -0.1556277 -0.1269831 -0.3056514 0.1245411 0.0546372 -0.3826253 0.3452676 0.0888249 -0.1219541 -0.2398212 0.2369511 -0.2927644 0.3812040 -0.2191112 -0.0455359 -0.7087944 -0.0205924 -0.1808766 -0.0290844 -0.2726962 0.2936352 0.1248176 0.0287834 -0.4382229 -0.2643213 -0.1610827 -0.0586043 -0.0697177 0.4340908 -0.3197477 -0.4703335 0.1732625 -0.3328712 -0.1458477 0.1357265 -0.3063865 -0.2961287 -0.4745584 -0.0096979 -0.1478621 -0.2371686 -0.1135494 -0.5988889 -0.4244202 -0.2954952 -0.2856973 -0.5625367 -0.2697426 -0.6179464 -0.4856375 -0.6061657 0.0102312 -0.6059147 -0.5764931 -0.4735985 -0.6877831 -0.4878564 -0.5823212 -0.2548867 -0.5029582 -0.4595635 -0.5113932 -0.1593882 0.3732478 -0.4040058 0.1706793 0.2898070 -0.6405522 -0.5305278 -0.6353457 -0.4435283 0.2080221 0.2258344 -0.5794957 -0.5690109 -0.0663042 -0.4038244 -0.5116077 -0.5210796 -0.3059332 -0.5559555 -0.2516204 -0.0787325 -0.1424092 -0.5047546 0.0060582 -0.5367646 -0.4436934 0.2137205 -0.3335811 0.4602583 0.2279500
