0.0000000 0.3067161 0.5294377 -0.2031659 0.6329014 0.2308588 0.2463508 0.1208216 -0.3380795 -0.3149284 0.0048959 -0.3414063 0.1712631 -0.4520652 -0.0267044 -0.1419138 -0.4307601 -0.5388161 -0.3292632 0.1195795 0.1077475 -0.2366368 0.4302575 -0.3203043 -0.2995197 -0.1096023 -0.1957834 -0.2895854 0.3862286 -0.2800137 0.1611724 0.1292616 -0.1875234 0.1531561 -0.0899516 0.5374919 -0.0827275 0.2743990 0.2185218 0.0201744 0.4399145 0.3236810 0.0417257 0.4868614 0.2731342 0.0504852 0.0002888 0.4653115 -0.2864905 0.4746007 -0.1667503 0.1088076 -0.1286910 0.4731873 0.5024336 0.4369320 -0.0234192 0.1317221 0.7816527 -0.1548387 0.6424170 0.3578065 0.6583634 -0.1189425 0.0683243 0.1520636 0.0377926 -0.0153773 0.2046108 -0.0337244 -0.0296394 -0.3441099 -0.0606329 -0.0805405 -0.0043907 -0.0787899 -0.3349370 0.0331371 -0.0105333 -0.0975996 0.0280661 -0.1107542 0.3872186 0.4647090 0.1463863 0.3306374 0.2363466 0.0731573 0.4466115 0.1067748 0.4776571 0.2616613 0.2694220 0.0475313 0.3013085 0.1629630 0.0981043 -0.0255182 0.3776689 -0.1478608 0.1889119 0.2720867 0.0843196 -0.2290929 0.1917015 0.0276732 0.1112408 0.2012817 0.7853694 0.0830548 0.4443984 -0.0408439 0.2526655 0.3218790 0.1113058 0.3545903 0.2874435 0.2024031 0.2374290 0.0023657 0.2112859 0.4397800 0.6683222 -0.3485040 -0.2249682 0.0975071 0.4036630 0.6620584 -0.1899590 0.1909887 0.2270386 0.4680421 0.3109814 -0.0776811 0.4202875 0.4305905 0.2001339 -0.4096986 -0.0632568 -0.0615882 0.6077452 0.2139158 0.2054610 -0.0240926 -0.0403656 -0.2031349 -0.2605928 -0.1219450 0.0232766 0.4051093 0.6060895 0.3533127 -0.2360696 0.1597836 -0.1296923 0.4360271 0.5779140 0.0569057 0.4312846 0.7160670 0.0449040 0.0854037 0.2466637 0.5806973 -0.1379772 0.5956692 0.4765163 0.2814081 0.3232162 0.4142082 0.3941103 0.2822400 0.3087913 0.2372787 0.0160206 -0.4076461 -0.4415484 -0.5077406 0.1259232 -0.4571270 -0.2027932 0.6236910 0.7403667 0.8119997 0.7605105 0.2739486 0.7035975 0.6397929 -0.1809105 -0.1605280 -0.1120001 -0.2301040 -0.5703266 -0.3221059 -0.0430908 -0.4475699 -0.0889256 -0.2170891 -0.2154725 0.1900531 0.1858987 -0.1268849 -0.2216644 -0.5270761 0.3188901 0.1615097 0.2290640 -0.1709359 0.1903271 -0.1214299 -0.2415578 -0.5859750 0.6429281 0.2921064 -0.2809999 0.3962727 -0.0297317 -0.2498855
0.3067161 0.0000000 0.7621880 0.6953423 0.6221951 0.8190511 0.3539812 0.8075032 0.3480901 0.2956338 0.6169426 0.3469208 0.6559461 -0.2416173 0.2275045 0.4239518 -0.2612300 -0.2619241 0.5434200 -0.0141671 0.1572613 -0.0416851 0.1950709 0.1611240 0.1967599 0.2119911 -0.4873883 -0.1835982 0.5044438 -0.4464943 0.1468447 -0.1005319 0.1576800 0.4975294 -0.2040376 0.2433059 -0.0498292 0.3925438 -0.2041164 -0.2464238 0.0361787 0.2671472 -0.3019093 -0.0436533 0.3767152 0.3998993 0.0443632 0.2124722 0.2399987 0.3586484 -0.2113010 -0.2473680 0.6469934 0.0576454 0.1676101 0.3563027 0.0995516 0.1798988 -0.1207171 -0.1930873 0.2628483 0.2812435 0.3965768 0.2237299 0.3693380 0.0605422 0.2770370 0.3155699 0.0921200 0.1381495 0.0283064 0.3363166 0.4184723 0.2248086 0.1335730 0.3709451 0.3440800 0.2986864 0.3620566 0.2079405 0.4243202 -0.0774016 0.3050364 0.1913321 0.0482397 0.2804512 -0.1039209 -0.0578291 0.1650266 -0.0273837 -0.1226375 -0.1978233 0.0285105 0.0484038 -0.0715096 -0.2484568 -0.2572522 0.1100517 -0.0624823 0.3710815 0.1133884 0.1713926 0.4759294 0.1210793 -0.2929637 -0.2155519 0.1880895 0.3224451 0.1323411 0.2204174 0.1581077 0.1302394 0.3395469 0.2115596 0.4175035 0.3641768 0.2073315 0.2525153 0.2203240 0.2659961 0.0600569 0.0067967 0.2320938 0.1861897 -0.2129124 0.2811190 -0.0152425 0.0993649 0.1430299 0.1381907 -0.1098464 -0.2132324 -0.2107137 0.3780106 -0.0934979 0.1059587 0.1481314 0.1297460 0.0667786 0.5964207 0.1763150 0.4524420 0.1230864 0.2714459 0.0385875 0.3333866 -0.0156505 0.0652745 -0.2023929 0.5258421 0.3818035 0.3343293 0.1590359 -0.0376364 -0.1527560 0.2335333 0.1277132 -0.0550662 0.1067304 0.1752685 -0.2673332 0.4422524 -0.0044596 -0.0118100 -0.1359415 0.2058784 -0.0762609 -0.0151307 0.0532133 0.1344301 0.0314590 -0.1350069 0.2230962 0.2690587 0.2394879 -0.1656113 0.0137884 0.1081726 0.1128093 0.1626244 0.3052420 0.2180478 0.2292121 0.1984255 -0.1347757 0.1945210 -0.1850898 -0.1082817 0.3170638 0.4633795 0.1779349 0.3437265 -0.0266046 0.3489524 0.3639804 0.0338119 0.3854913 -0.1672694 0.2226124 0.2696793 -0.1269367 -0.3747812 0.1475601 -0.0500985 -0.3015432 0.2436992 0.0450181 -0.3663325 -0.1867611 -0.4588734 0.1352354 0.1699944 0.0535937 0.0148581 0.4862138 0.1491922 0.1349570 -0.3700861
0.5294377 0.7621880 0.0000000 0.5417325 0.9238914 0.6449013 0.0435097 0.7926776 0.1094509 0.0827542 0.5189639 0.0361538 0.8081757 -0.3985559 0.2014184 0.3695569 -0.3221424 -0.4474729 0.4766951 0.4006087 0.1079061 0.3496429 0.5397230 -0.0993913 0.3593121 0.4027385 -0.2180046 -0.3203607 0.5430911 -0.4726791 0.3812237 0.3371771 -0.1745663 0.5268538 0.1862295 0.3778835 0.2950163 0.5320205 0.0059303 -0.3053412 0.1924563 0.5096276 0.0910142 -0.0340741 0.6974403 0.6383303 0.3087046 0.3352878 0.1140807 0.5971014 0.0538384 0.0417616 0.5894779 0.2151926 0.3118275 0.6194641 0.3814397 0.4448596 0.0868874 0.0585863 0.6270021 0.5572729 0.6959519 0.4098045 0.4560663 0.4031424 0.4608986 0.4915434 0.4282094 0.3872928 0.3463700 0.2777580 0.6123964 0.2918734 0.4276153 0.5222468 0.1731262 0.5675942 0.5167005 0.3906496 0.5853530 -0.5102482 -0.0478146 -0.0934628 -0.3613816 0.0124985 -0.2605254 -0.3950782 -0.0565022 -0.3894749 -0.0596426 -0.1973597 -0.0431291 -0.3957381 -0.2210707 -0.2603015 -0.0837384 -0.3305160 -0.1809010 -0.0930341 -0.2902530 -0.1418568 0.1285916 -0.4440919 -0.2101264 -0.4918945 -0.1429513 0.0417798 0.2720348 -0.1847412 0.0019273 -0.1466852 0.1320713 0.0529331 0.0903307 0.1742346 0.1169187 0.1835626 0.1100021 -0.1002315 -0.0160093 -0.0080259 0.2082072 -0.0261747 -0.3405818 -0.1283034 0.0536937 0.1640177 -0.3223112 0.1738442 -0.0854225 -0.2135763 -0.0284588 0.2572785 0.0128861 -0.0349675 0.0081959 -0.2809862 -0.2017764 0.4868634 0.1529197 0.1475314 0.2443960 0.1038637 -0.1696410 -0.0585282 -0.3484560 -0.2787241 -0.3894499 0.3221885 0.6590764 0.3224712 0.0082016 -0.2005740 -0.3802678 0.2889497 0.1916152 -0.0052080 0.0900012 0.4587540 -0.1955143 0.3151724 0.1814321 0.1582617 -0.2123762 0.4316699 0.1723940 0.0696944 0.1916174 0.2807508 0.2337621 -0.0576353 -0.1195910 0.1493131 -0.2490044 -0.4797831 -0.2291220 -0.2483766 0.0934766 -0.0206118 -0.2428788 0.0949878 0.3104905 0.2118295 0.0908748 0.4336138 0.1032339 0.2199115 0.1503990 0.1298593 -0.2237191 0.3343505 -0.1119728 -0.0688734 -0.0409169 -0.0990211 0.2748333 -0.1676332 0.3415415 -0.0157715 0.2285794 -0.0445052 0.4023770 0.1435234 -0.2345979 0.2515893 0.0328812 -0.1621900 0.2892495 -0.1844392 0.3393675 0.1325421 0.2120150 -0.3003712 0.1925336 0.3629106 0.3860455 -0.3511940
-0.2031659 0.6953423 0.5417325 0.0000000 0.2979247 0.7121925 0.2250863 0.7815826 0.6150709 0.5654475 0.7887562 0.4216831 0.5557156 0.0025382 0.3872367 0.6208814 0.0510179 0.0409934 0.7377508 0.0375846 0.1943891 0.1871369 0.2847994 0.3416476 0.4529210 0.4124139 -0.1403254 0.0327699 0.4039802 -0.1700192 -0.0238787 -0.0201251 0.2980461 0.5605197 0.0054740 -0.0152328 0.1653216 0.2658663 -0.1615906 -0.1956102 -0.2152476 0.0538171 -0.0439102 -0.1553758 0.3075134 0.3716489 0.2223143 -0.0288195 0.4283005 0.0891449 0.0497484 -0.1283410 0.7219852 -0.1055348 -0.0987049 0.1107519 0.2035950 0.1928848 -0.5638500 0.0362768 0.0896069 0.2253598 0.0503637 0.3139118 0.3768885 0.0077144 0.3839521 0.3270179 -0.0533853 0.1819447 0.1280012 0.4661693 0.5073051 0.2630097 0.1413687 0.4452932 0.4584545 0.2788077 0.3806086 0.4093282 0.5134201 -0.3561490 -0.1841294 -0.2456667 -0.3087413 -0.0138704 -0.5631182 -0.4216078 -0.2052310 -0.3265226 -0.5029548 -0.5140874 -0.0342209 -0.3075853 -0.4199341 -0.3787559 -0.4568137 -0.1624945 -0.4659586 0.1400360 -0.2509304 -0.1460593 0.3767348 -0.1303792 -0.5838599 -0.5321254 0.0219553 0.1118254 -0.2830522 -0.0396203 -0.2800281 0.1973810 0.1706527 -0.1789873 0.0510129 -0.0949787 -0.2126572 -0.0919813 -0.2168524 0.0122718 -0.3406274 -0.4089004 -0.1950828 0.1321387 -0.2939537 0.1799631 -0.4338543 -0.2882197 0.1014879 -0.2460326 -0.4507956 -0.5552537 -0.4808309 0.2039039 -0.2661116 -0.1869174 -0.1310669 0.2939709 -0.0418164 0.5292441 -0.1403141 0.3553254 -0.0228396 0.4094401 -0.0064578 0.4471533 0.0066793 -0.0472166 -0.2702993 0.2936106 0.2837123 0.2818716 0.3281074 -0.1062934 -0.3909069 0.1309881 -0.1673201 0.0225812 -0.1574538 0.0056000 -0.2963150 0.4492277 0.0634014 -0.2278932 -0.0589177 0.0857969 -0.1766440 0.0012227 -0.0696990 -0.0003044 0.0017460 -0.2076845 -0.0866080 0.1950360 0.0198553 0.1817312 0.3108279 0.3506038 0.1015044 0.2802062 0.1207801 -0.3951524 -0.3539871 -0.4292834 -0.5457485 0.2651243 -0.4952040 -0.2703853 0.3463522 0.4370386 0.1836978 0.5235823 0.3434217 0.4865631 0.3328334 0.5068548 0.5898586 0.2201505 0.5463401 0.2385137 0.0628358 0.0435354 0.4932856 0.2960981 -0.3723642 0.4293285 0.1390628 -0.1472985 -0.0325799 -0.0379794 0.4955441 0.4776795 -0.1725370 -0.1616693 0.6581566 0.1335049 0.4042769 0.0465704
0.6329014 0.6221951 0.9238914 0.2979247 0.0000000 0.5142439 0.0588445 0.6053614 -0.0293388 -0.0648633 0.2403535 -0.0062753 0.7742727 -0.4123273 0.2875941 0.0706143 -0.3381937 -0.4708420 0.2337126 0.4211525 0.1993022 0.3522377 0.4790412 -0.1402499 0.1641911 0.1872680 -0.0865745 -0.3236627 0.5486443 -0.3861170 0.3243251 0.2763417 -0.1767925 0.4791762 0.1924670 0.5109222 0.2302620 0.3806686 0.1290996 -0.2057086 0.1462305 0.6168098 0.1239445 0.0324249 0.7182015 0.4508159 0.2193632 0.2328808 0.0146726 0.5406975 -0.0006120 0.1097007 0.4968678 0.3079195 0.2406088 0.5384653 0.2878117 0.4435623 0.2091862 -0.0159008 0.6786020 0.5094858 0.6632854 0.4109742 0.5077955 0.3594480 0.3486339 0.4318978 0.4126410 0.3961766 0.2792551 0.2567947 0.5104642 0.3173152 0.3954990 0.4492110 0.1134845 0.5372645 0.4797613 0.3386486 0.5741673 -0.5214749 -0.0070584 -0.0273298 -0.3088655 0.0072659 -0.0758070 -0.3175451 0.0079353 -0.3470063 0.1808167 0.0013559 0.0824054 -0.3756972 -0.0286613 -0.0763591 0.1124034 -0.3134128 0.0121704 -0.1333379 -0.2298069 -0.1438983 -0.0688638 -0.4505775 -0.0549402 -0.2713113 -0.2037518 -0.0107793 0.3729917 -0.1177825 0.0973761 -0.1560686 -0.0058358 0.0129675 0.1066460 0.1870380 0.1634161 0.2417007 0.1855177 -0.1259772 0.0682837 0.0917828 0.2445719 -0.0089510 -0.3082382 -0.1652147 0.1825470 0.2193210 -0.3792922 0.2451398 0.0463910 -0.1491963 0.1334499 0.2578541 0.0062674 -0.0658402 0.0359018 -0.3467497 -0.2241200 0.3963722 0.1576104 -0.0000331 0.4182645 -0.0145953 -0.1497593 -0.3033607 -0.4106922 -0.3596534 -0.2768324 0.1827018 0.6248304 0.2187029 0.0021170 -0.2576615 -0.2655711 0.1310417 0.3330322 -0.0773888 0.2580210 0.4982722 -0.1789469 0.2786706 0.0209647 0.3395988 -0.2088201 0.3613729 0.2533941 0.1946443 0.4052985 0.4617200 0.3066497 0.1710129 0.0261972 0.2845461 -0.2187353 -0.5089830 -0.3080832 -0.3423652 0.2107035 -0.0153400 -0.2418860 0.2513055 0.4251183 0.3116358 0.2133627 0.4434624 0.1946126 0.2293430 0.0714583 0.0600781 -0.2762184 0.2740042 -0.2165050 -0.1765125 -0.1006762 -0.1811258 0.1943219 -0.2572499 0.2811850 -0.0697893 0.3632709 0.0408174 0.3503966 0.1233431 -0.2960255 0.1435918 -0.0076197 -0.1842411 0.4305665 -0.0496368 0.3236345 0.1190074 0.2063933 -0.2978671 0.1087533 0.2801172 0.4197212 -0.2723624
0.2308588 0.8190511 0.6449013 0.7121925 0.5142439 0.0000000 0.3811245 0.7368727 0.2934111 0.1709009 0.5505304 0.1945001 0.5855442 -0.4017151 0.2666841 0.4682494 -0.4079963 -0.3833517 0.5253274 -0.0672660 0.1545878 -0.1203865 0.2405983 0.0247704 0.1921371 0.1135648 -0.5251745 -0.3432126 0.6227331 -0.5984319 0.0098841 -0.1700301 -0.0309281 0.4755896 -0.3664836 0.1317030 -0.2411342 0.1312573 -0.3448875 -0.4397929 -0.2497401 0.1185879 -0.3975607 0.0046423 0.3272760 0.2770374 -0.1777306 -0.0558152 -0.0476074 0.2067816 -0.3894621 -0.4936743 0.5649019 0.0945765 -0.0347534 0.1989957 -0.1106335 0.1098395 -0.0924194 -0.4112886 0.3348864 0.2747307 0.1453453 0.0477299 0.2532988 -0.0412259 0.2094547 0.2916465 0.0783625 0.0545656 0.0526609 0.1725844 0.3915807 0.0582269 0.1958537 0.3212507 0.1392786 0.2283513 0.2396693 0.1393158 0.2735396 -0.1651015 0.1975216 0.1296436 -0.0294883 0.2833221 -0.1084212 -0.1260931 0.1264475 -0.0956698 -0.1714682 -0.2023851 0.0286222 0.0466075 -0.0609550 -0.1709679 -0.4332676 -0.1411119 -0.0263589 0.1301053 0.1106215 0.0002222 0.4377434 -0.0871299 -0.5132757 -0.1263946 0.2127133 0.4167881 0.1711912 0.1138743 0.1986502 0.0919885 0.4527472 0.3101034 0.3327628 0.4141275 0.3015034 0.1577301 0.1315049 0.1841299 -0.0111255 0.0005360 0.2529331 0.0834723 -0.2876913 0.3695747 -0.0854723 0.1099408 0.1176004 -0.0013954 -0.2052282 -0.2264219 -0.1917794 0.1205580 -0.2829910 0.0227556 -0.0739986 0.1458727 -0.1683005 0.4708922 0.1834602 0.4158269 0.0191773 0.1537187 -0.0830957 0.1358542 -0.2326509 -0.1951256 -0.1371478 0.4631406 0.5249117 0.2384229 0.2859103 0.0080309 -0.2415755 0.1626164 0.2186748 -0.0887887 0.1577597 0.3192894 -0.3667175 0.5505848 -0.0524245 0.1620671 -0.1528118 0.2825654 0.0485254 0.3049293 0.2947087 0.3519559 0.2303560 0.1639929 0.1211089 0.2393077 0.1321430 -0.1207211 -0.0094933 0.1128827 0.0480665 -0.1449065 0.2405093 0.0045772 0.0214700 0.0690951 -0.0891310 0.2244771 -0.0627203 -0.0234361 0.0858423 0.2247378 0.1537465 0.2408648 0.0972463 0.2661446 0.4546444 0.2732599 0.4364835 0.1612011 0.1368358 0.3581394 -0.0455110 -0.1193181 0.0979314 -0.0769172 -0.1747688 0.2373104 0.1752337 -0.0502021 -0.1174773 -0.1504457 0.1541161 0.0465340 0.2588377 0.1517176 0.4836225 0.1997550 0.2635192 -0.2003511
0.2463508 0.3539812 0.0435097 0.2250863 0.0588445 0.3811245 0.0000000 0.1317772 0.2857814 0.2594623 0.2513684 0.3832365 -0.0481583 0.0699057 0.2499949 0.0754124 0.0704709 0.0585453 -0.0786542 -0.5289851 0.3719277 -0.4408829 -0.1403783 0.1203074 -0.2950921 -0.2071914 -0.1613791 0.1029030 0.2724664 0.0670215 -0.3762661 -0.3681816 0.4089372 0.2404199 -0.4129399 0.2684387 -0.2907354 0.0047190 -0.0830010 0.0738746 0.0107080 0.0862707 -0.2474241 0.3170588 0.0540436 -0.3227062 -0.0747779 0.0712232 0.1777732 -0.0857979 -0.1806348 -0.0846805 0.2166367 0.1199144 0.0079295 -0.1210398 -0.2172029 -0.0855131 0.0118968 -0.2128016 -0.0061775 -0.0222599 0.0182827 -0.0713019 0.2790471 -0.1673609 -0.0041361 -0.1329338 -0.2961264 -0.1495120 -0.1951477 0.0753694 -0.0752672 0.1945776 -0.2073777 0.0503616 0.2435642 -0.1331698 0.1041384 0.0948088 0.1209420 0.0060974 0.2053801 0.2177973 0.1618503 0.2843583 0.0552753 0.0296765 0.2879820 0.1437332 0.1444676 -0.0508817 0.1186334 0.1494695 0.1681346 0.2611250 -0.0046963 0.3166720 0.1114660 0.4603067 0.1626564 0.1800095 0.1829069 0.2594877 0.1898753 0.2093757 0.2410399 0.3105880 0.3724638 0.1996420 0.3664737 0.0929393 0.2692518 0.2057017 0.1207540 0.2568805 -0.0493485 0.1268497 0.1782085 0.3400515 0.0246970 0.1277797 0.2269484 0.0489322 0.1458548 0.5418477 0.0085213 0.2948308 0.4446407 0.0260812 0.0289501 0.1442052 0.0116303 0.3288531 0.0075471 0.3546485 0.2848097 0.3180863 0.0988345 0.3087802 0.1910001 0.4541984 0.1237105 0.3821429 0.2999373 0.2699788 0.1689467 0.0917088 0.1200764 0.3034169 0.0447416 0.2234926 0.1473420 0.3136905 -0.2425986 0.2100468 0.0914898 -0.0061911 0.1087000 0.1666488 -0.1945273 0.1301580 0.0914936 0.0932252 -0.1818034 0.0799158 0.0835126 0.1624280 0.0988256 0.1436460 -0.0006831 0.1976287 0.4831214 0.1937633 0.3560829 0.1392709 0.1750508 0.1978138 0.4490001 0.2051443 0.4246310 0.2872544 0.1880792 0.2265411 -0.0422324 0.1497649 -0.0871512 0.0599685 0.2292063 0.3500497 0.4100335 0.0902863 -0.0353203 0.4581660 0.4307754 0.0404335 0.1385524 -0.2185604 0.0052360 0.4381221 -0.1427371 -0.2141446 -0.4138654 -0.4441540 0.0649320 0.1724969 -0.0007089 -0.4754615 -0.2930199 -0.0672089 -0.2845944 -0.1200599 0.1866946 0.5675141 0.1957264 -0.0096532 0.0736221 0.2991745
0.1208216 0.8075032 0.7926776 0.7815826 0.6053614 0.7368727 0.1317772 0.0000000 0.2583587 0.2231495 0.8088175 0.1475106 0.8554356 -0.3135261 0.2302659 0.6707727 -0.1847156 -0.3443391 0.8342106 0.2575981 -0.0090198 0.2920019 0.4627940 -0.0205123 0.5706010 0.5211903 -0.1980564 -0.2596890 0.6480741 -0.3777884 0.3662213 0.2311653 0.0036918 0.6646039 0.0296071 0.2599124 0.2343582 0.6241105 -0.0293619 -0.1783342 0.1211810 0.4498428 0.0199006 -0.0336257 0.6113121 0.6950282 0.3381373 0.2827830 0.4529834 0.5635440 0.0990029 -0.0554249 0.7920395 0.2664915 0.2590417 0.5568784 0.4518110 0.5495747 -0.2714368 0.1448727 0.2933701 0.5681989 0.4442543 0.5434909 0.4549755 0.4349922 0.6171950 0.6278326 0.4090835 0.4912633 0.5013726 0.4638019 0.7522614 0.3330156 0.5274964 0.6414202 0.2850593 0.6915685 0.6039264 0.3525865 0.5752819 -0.4030782 -0.0348986 -0.1106426 -0.3108676 -0.0569526 -0.2558024 -0.3817281 -0.2111145 -0.4264353 -0.2849285 -0.3336353 -0.3042635 -0.3295237 -0.4824592 -0.3784005 -0.3296587 -0.2581502 -0.5059846 0.1676284 -0.3282056 -0.1980090 0.1870044 -0.1317342 -0.4561454 -0.5762657 -0.0239010 0.1642561 -0.1418653 -0.0586075 -0.2782422 0.0116158 0.0843732 -0.0982864 0.0655172 0.0200031 -0.1179113 0.0197592 -0.0523525 -0.1448018 -0.3067638 -0.3266119 -0.1514784 -0.0418074 -0.4572190 -0.1048925 -0.2689136 -0.2258915 -0.2885296 0.0095953 -0.4300678 -0.5349144 -0.1932402 0.1674232 -0.3623806 -0.2971024 -0.2405916 -0.1895905 -0.2719009 0.6162144 -0.2145617 0.0893368 0.1321763 0.0753559 -0.2517508 0.1451993 -0.3354469 -0.3199992 -0.5222751 0.1269139 0.3601556 0.2012896 -0.0472735 -0.3423879 -0.4686357 0.0942023 -0.0895783 -0.2194423 -0.1929265 0.1182237 -0.3557029 0.2049163 -0.0312891 -0.1297016 -0.3373163 0.0500879 -0.3156794 -0.1542364 -0.0036436 0.0572331 -0.1260290 -0.2703454 -0.1825651 0.1145860 -0.1148531 -0.3465264 -0.1810508 -0.0790710 -0.0676864 0.1528845 0.0831803 -0.0245762 -0.0362946 -0.0808270 -0.2952778 0.2447474 -0.1683923 -0.0424574 0.1461301 0.1762683 -0.1286162 0.2563895 0.0131761 0.0234955 -0.0024659 0.0151252 0.1842692 -0.1220495 0.3944467 -0.0434965 0.0145127 -0.2505125 0.2889971 0.1487906 -0.3373758 0.3869553 -0.0922507 -0.1811638 -0.0245835 -0.2999516 0.3120137 0.2995157 -0.1204523 -0.3648775 0.3752019 0.1990290 0.4278008 -0.2891539
-0.3380795 0.3480901 0.1094509 0.6150709 -0.0293388 0.2934111 0.2857814 0.2583587 0.0000000 0.9462639 0.5094407 0.4920958 -0.0030510 0.6967174 0.4763389 0.1923564 0.6441913 0.6880728 0.3139248 -0.5373477 0.1420894 0.0278134 -0.0988586 0.7144254 0.2926896 0.2236062 0.1439360 0.5526691 -0.0990988 0.2703952 -0.4610208 -0.1423121 0.6050962 0.0637144 0.0947114 -0.2490564 0.1122995 0.0057888 -0.1241806 -0.0148314 -0.4103733 -0.1518478 0.0571519 -0.1543638 -0.0430451 0.0256332 0.1784610 -0.2967970 0.3166201 -0.3669536 0.1559632 0.1157901 0.3486006 -0.3331694 -0.4439897 -0.2537178 0.0692901 -0.0588430 -0.7124644 0.0722807 -0.3415455 -0.0135634 -0.3126768 0.0727806 0.1368546 -0.2226688 0.1612846 0.0984773 -0.3019720 -0.0335765 -0.0663702 0.2265603 0.2614279 0.1053675 -0.0996048 0.2861748 0.3909906 -0.0224993 0.2441333 0.2821145 0.3204931 -0.2302764 -0.3120833 -0.4447464 -0.3988941 -0.2977502 -0.6048699 -0.4760973 -0.4001731 -0.3261795 -0.2998347 -0.2962964 0.1953924 -0.2953669 -0.0862612 -0.0071337 -0.0583586 -0.1132225 -0.2184192 0.1336381 -0.2715792 -0.1916902 0.2778664 0.0267182 -0.1090970 -0.0655462 -0.3153055 -0.0816948 -0.2955165 -0.1482302 0.0377783 -0.0534492 -0.1221807 -0.2497639 -0.0070191 -0.2847885 -0.2012807 0.0026310 -0.1950171 0.0531332 -0.2028269 -0.3345960 -0.2496172 0.3924375 0.0924600 0.1353049 -0.4380066 -0.1285158 0.3047405 -0.2506049 -0.2735962 -0.2509762 -0.3750788 0.3759503 -0.1480964 0.0068156 0.0875756 0.5554489 0.0431562 0.5342974 -0.0827021 0.3283120 0.1731885 0.3915940 0.1997353 0.4652378 0.1811955 0.0649437 0.1432793 0.2264908 -0.0777259 0.1037146 0.3695422 0.3205859 -0.1870459 -0.0941893 -0.2475026 -0.0413051 0.0595478 -0.2744690 -0.0552553 0.2955299 -0.0633763 -0.2629746 0.0467437 -0.1928213 0.0057480 0.2912229 0.0523467 0.0248096 0.1231636 0.0246717 0.1084724 0.2088706 -0.0307491 0.2256950 0.3813466 0.6584125 0.1114291 0.5602151 0.2944715 -0.4370082 -0.4627630 -0.4893550 -0.7375353 -0.0338845 -0.7964493 -0.4887658 0.3412110 0.4091062 0.0274613 0.3808583 0.3515250 0.6948195 0.2433594 0.5411388 0.3989319 0.1737806 0.5258075 -0.0370603 0.0053541 0.0377433 0.1902064 0.2724132 -0.5675501 0.0779112 -0.1902654 -0.3913008 -0.0681184 -0.0810831 0.1982863 0.5985828 -0.3719953 -0.0131310 0.4592293 -0.1401639 0.2533704 0.2404249
-0.3149284 0.2956338 0.0827542 0.5654475 -0.0648633 0.1709009 0.2594623 0.2231495 0.9462639 0.0000000 0.5703529 0.3185468 -0.0258934 0.7244680 0.2755675 0.2340722 0.7695659 0.6441178 0.2960753 -0.4782397 0.0242657 0.1330021 0.0148472 0.6271295 0.3455160 0.3076103 0.2319449 0.5239463 -0.2030229 0.3249441 -0.3937686 -0.0176748 0.5503369 -0.0089518 0.1930840 -0.2608995 0.1816215 0.1121811 -0.0035098 -0.0098745 -0.2482377 -0.1930167 0.1789477 -0.1512823 -0.1425368 0.0608032 0.2731724 -0.1767691 0.3370115 -0.3104803 0.2352866 0.2313072 0.2385371 -0.3083199 -0.3356061 -0.1862600 0.1447680 -0.0731281 -0.6892232 0.1697845 -0.3788460 0.0129082 -0.2421876 0.0439202 0.0196347 -0.1519704 0.1739207 0.0236406 -0.2296533 -0.0418578 -0.0387788 0.1671442 0.1944926 0.0002988 -0.0594876 0.1867670 0.2796764 -0.0504958 0.1324099 0.1456953 0.2095016 -0.1972626 -0.2785550 -0.4169075 -0.3695271 -0.2879459 -0.5926637 -0.4540584 -0.3887943 -0.3023191 -0.2387052 -0.2422239 0.2048711 -0.2917787 -0.1290561 -0.0055783 -0.0141053 -0.0848339 -0.2713321 0.1185948 -0.3254829 -0.1324898 0.2145093 0.0120718 -0.0757703 -0.1424767 -0.2484659 -0.0069588 -0.3044635 -0.1483415 -0.0329350 0.0033074 -0.2105473 -0.3273444 -0.1947940 -0.3824266 -0.3097630 -0.1707208 -0.3154084 -0.0173969 -0.2645001 -0.2603796 -0.2489481 0.1827453 0.0722250 0.0005062 -0.3532769 -0.1766521 0.2348258 -0.2586274 -0.2663990 -0.2884792 -0.2964906 0.3001986 -0.1154696 0.0048771 0.1609782 0.5520546 0.1660520 0.4016712 -0.0994690 0.3125782 0.0252267 0.3505660 0.2615278 0.4487172 0.2611095 0.0983353 -0.0254905 0.1867949 -0.1537427 0.1262484 0.3544180 0.2469670 -0.2096560 -0.0990819 -0.4056587 0.0405093 -0.1311250 -0.2982188 0.0436015 0.2072775 0.0415244 -0.3657326 0.1051355 -0.1663568 -0.0245097 0.1328369 -0.0842882 -0.0646846 0.0841401 -0.0939070 0.1578725 0.2593174 -0.0177844 0.2189391 0.2756008 0.5435730 0.0527219 0.5527145 0.2443392 -0.4648129 -0.5107426 -0.5002523 -0.7001073 -0.1674887 -0.7439576 -0.4608479 0.2602180 0.3195720 0.0131685 0.2539269 0.2292091 0.6420058 0.1376010 0.5205323 0.3549369 0.1673275 0.3914762 -0.0916870 0.0390326 0.0476479 0.2434295 0.2936854 -0.4899527 0.0378280 -0.1636323 -0.2975713 -0.0555894 -0.1196120 0.2378670 0.5302911 -0.4260092 -0.0252993 0.3235018 -0.0962313 0.3026599 0.2795054
0.0048959 0.6169426 0.5189639 0.7887562 0.2403535 0.5505304 0.2513684 0.8088175 0.5094407 0.5703529 0.0000000 0.0310494 0.4722340 0.0310320 0.0715045 0.7620118 0.2107286 -0.0487109 0.7168161 -0.0459061 -0.0978516 0.1476167 0.4816612 0.0959567 0.5710374 0.5847225 -0.0731582 -0.0095231 0.3617764 -0.1435356 0.1461834 0.2232070 0.1754302 0.4204017 0.0289633 0.0818599 0.2072626 0.6367301 0.0131142 -0.0945139 0.1896467 0.1360004 0.1360080 0.0770332 0.2623304 0.5425602 0.4013809 0.3291492 0.4691521 0.3541154 0.2009625 0.0800752 0.5246877 0.1773410 0.2445265 0.4086651 0.3834700 0.3264367 -0.3851342 0.2387814 0.0435551 0.4819181 0.2883287 0.2721593 0.1615811 0.2768164 0.5441035 0.3633956 0.2355179 0.2401606 0.3950900 0.2013765 0.5291814 0.0845554 0.3349485 0.4211746 0.1426825 0.4213927 0.3595656 0.2036474 0.3521770 -0.3127471 -0.1047017 -0.1722359 -0.3211184 -0.1160034 -0.4395688 -0.4675635 -0.2735006 -0.3790581 -0.3503766 -0.3927811 -0.1932993 -0.3227716 -0.5427603 -0.3403247 -0.3757098 -0.2100684 -0.6052028 0.1640312 -0.3955185 -0.1301773 0.2476724 -0.0581415 -0.4008347 -0.6111961 -0.0031838 0.2496673 -0.2120760 -0.1012490 -0.2942917 0.0822086 0.0241734 -0.2131413 -0.1997208 -0.2305270 -0.3385259 -0.2477810 -0.3261177 -0.1875944 -0.4871122 -0.3445706 -0.1816866 -0.2651254 -0.4025485 -0.0613238 -0.3854915 -0.2146824 -0.1705934 -0.2368766 -0.5768303 -0.4475672 -0.2380549 0.0459859 -0.2138651 -0.1306659 -0.1628409 0.0128840 -0.1231333 0.4723921 -0.1512133 0.2890026 -0.1160405 0.2540732 -0.1206288 0.4137118 -0.1339343 -0.1676568 -0.5103993 0.2360782 0.2359685 0.3205088 -0.0319868 -0.0605245 -0.5337379 0.2305802 -0.3390021 -0.0918099 -0.3608832 0.0464805 -0.1043346 0.1267805 0.2229424 -0.3224484 -0.1924310 0.0958204 -0.2779491 -0.1777882 -0.2407721 -0.1246236 -0.1213698 -0.3926536 -0.0796473 0.1292086 -0.0735434 -0.1352524 -0.0874272 0.0850141 -0.1034040 0.1730568 0.1389386 -0.2296528 -0.2817945 -0.2393184 -0.4226900 0.0602658 -0.2780228 -0.0497057 0.1055497 0.1416386 -0.0517314 0.1086849 0.0289232 0.2070844 0.0257620 0.1839416 0.2079769 0.0682196 0.3412027 0.0015638 -0.0300129 -0.2360968 0.1690836 0.0523768 -0.1874993 0.4658797 -0.0386568 -0.1869837 -0.1707830 -0.3093500 0.1950564 0.1891641 -0.1556302 -0.1326324 0.2395398 0.2451113 0.3777759 -0.0618233
-0.3414063 0.3469208 0.0361538 0.4216831 -0.0062753 0.1945001 0.3832365 0.1475106 0.4920958 0.3185468 0.0310494 0.0000000 0.0723519 0.3356694 0.5390613 -0.0181405 0.0789251 0.4877528 0.2016833 -0.2112335 0.5195977 -0.1445911 -0.5033076 0.5344343 -0.0916640 -0.0403195 -0.1790566 0.3771779 0.0324710 0.1816553 -0.2912524 -0.3759519 0.5731547 0.2985570 -0.0554074 -0.0329940 0.0652254 -0.1562477 -0.3086484 0.1276845 -0.3304911 0.0910741 -0.2774521 -0.3156616 0.2032479 -0.1147745 0.0368401 -0.1910020 0.4366055 -0.2886782 0.0456860 -0.0776861 0.5651043 -0.3737392 -0.2955395 -0.2983838 -0.0514346 -0.0696637 -0.4380366 0.0083545 -0.1775329 -0.2606073 -0.1971972 0.2908635 0.5542177 -0.2402077 0.0242756 0.1212199 -0.4816103 0.0731950 -0.2511601 0.6338806 0.1657188 0.6693002 -0.3112283 0.3728655 0.9073681 -0.0352621 0.4251946 0.6216385 0.5180050 -0.0463532 -0.1782111 -0.2285313 -0.0609185 -0.0110998 -0.3067854 -0.0894364 -0.0597857 -0.0007087 -0.3810594 -0.4369363 -0.0731161 -0.0484464 -0.0355389 -0.1128078 -0.0125192 0.3162861 -0.0668977 0.5059510 0.0652205 -0.0854072 0.2571678 0.2972954 0.0625993 0.0562069 -0.1706850 -0.3459452 -0.2359228 0.0362099 0.0336474 -0.0645816 0.1283862 0.0073173 0.5016624 0.1495522 -0.0135585 0.4244253 0.3241759 0.4496438 0.1256800 -0.3075848 -0.2231467 0.8165079 0.3031084 0.5174024 -0.3040868 -0.1135063 0.5806800 0.1084841 0.0674766 -0.1432458 -0.3954640 0.7441615 0.0155883 0.0512727 0.2401234 0.4305249 0.1764056 0.6168823 -0.1170932 0.2428700 0.3052371 0.5557385 0.1992049 0.4883695 0.3520492 0.3521718 0.3711770 0.2056263 -0.1379765 -0.0061826 0.1951558 0.1614842 0.1050187 0.0482439 -0.0406132 -0.0605564 0.1436207 -0.3473757 -0.2713687 0.1993160 -0.1473253 -0.2765781 -0.0975861 -0.2566046 -0.1746361 -0.0678850 -0.1485573 -0.2383524 -0.2964113 -0.1440830 0.0172655 -0.1421547 0.1865454 0.3595363 0.7752481 0.6857777 0.4782478 0.6452025 0.3142831 0.0080995 0.0744757 -0.1607966 -0.4627125 0.3667816 -0.6180548 -0.3619003 0.8024156 0.8528032 0.4286034 0.7726364 0.5943625 0.7086771 0.4965359 0.1886847 0.3856911 -0.2757994 0.5835112 0.3244586 -0.2789131 -0.1395109 0.0862163 0.1553863 -0.3642870 0.1628073 -0.1828812 -0.6294418 -0.2176009 -0.0365945 0.0337944 0.5707692 -0.1828079 0.0706708 0.6144996 -0.3308846 -0.1737183 0.0673660
0.1712631 0.6559461 0.8081757 0.5557156 0.7742727 0.5855442 -0.0481583 0.8554356 -0.0030510 -0.0258934 0.4722340 0.0723519 0.0000000 -0.4214891 0.2283174 0.4030956 -0.2654927 -0.4692757 0.7036675 0.5150638 0.0536493 0.5151308 0.4851909 -0.1706449 0.4838913 0.4172331 -0.0444722 -0.3920009 0.6299868 -0.3558440 0.4381004 0.2956938 -0.1855592 0.6437030 0.1806796 0.3659093 0.2911981 0.4964340 0.0683763 -0.1435051 0.0433533 0.6009579 0.0864366 -0.1509412 0.7176547 0.6356537 0.3151392 0.1696036 0.3315151 0.5755758 0.0723526 0.0264122 0.7885034 0.3349531 0.1946978 0.5380284 0.4546067 0.6151031 -0.1325697 0.0994492 0.4599038 0.5534171 0.4555717 0.6696374 0.5556358 0.4826150 0.5310683 0.6496080 0.5132028 0.6184220 0.4780366 0.5822306 0.7019189 0.4460001 0.6206637 0.6117045 0.2806610 0.7205134 0.6091320 0.3677595 0.6129733 -0.4518702 -0.0354822 -0.1169135 -0.3042026 -0.0480841 -0.0923760 -0.2764894 -0.1670478 -0.4033622 -0.1066957 -0.1735066 -0.2695430 -0.3425470 -0.3666696 -0.2863690 -0.1470099 -0.3133861 -0.3130753 0.0662218 -0.3136035 -0.2948392 -0.0863662 -0.2602201 -0.3956552 -0.4677199 -0.1050538 0.0129173 -0.1288335 -0.0925349 -0.2841628 -0.0654504 -0.1157522 -0.1423548 0.0550633 0.0218270 -0.0143659 0.0458501 0.0179201 -0.2265637 -0.1775224 -0.1815648 -0.1713456 -0.0297371 -0.4504776 -0.2456044 -0.0694663 -0.2735753 -0.3874730 0.1512300 -0.1988082 -0.5983971 -0.0420354 0.1870471 -0.3779405 -0.4602594 -0.1907383 -0.2692615 -0.2063958 0.4850572 -0.2748616 -0.1566734 0.1833338 -0.0702339 -0.1950877 -0.2012943 -0.3545988 -0.4055470 -0.4928104 -0.0803350 0.3212145 0.0638558 0.0091589 -0.5860268 -0.3117383 -0.1154323 -0.0652464 -0.2453922 -0.1662517 0.1120357 -0.3496310 0.1506131 -0.1582763 -0.0412626 -0.3034554 -0.0053693 -0.2393202 -0.1645864 0.1366607 0.1618071 -0.1049693 -0.1580941 -0.1926932 0.1648666 -0.1779358 -0.4482996 -0.2695941 -0.2292131 -0.0032117 0.1706619 -0.0198089 0.0738655 0.0890153 -0.0287615 -0.1258685 0.3017083 -0.0419473 -0.0060026 0.0844880 0.0745803 -0.2785353 0.2879594 -0.0206717 -0.1734708 -0.1547484 -0.0377424 0.1882309 -0.2002592 0.3412293 -0.1277072 0.1686335 -0.0019823 0.4670303 0.3221421 -0.4267001 0.1665000 -0.0930282 -0.0749501 0.2157446 -0.0744392 0.4548874 0.3991636 -0.1584741 -0.5497117 0.3037922 0.1279709 0.5043050 -0.2661325
-0.4520652 -0.2416173 -0.3985559 0.0025382 -0.4123273 -0.4017151 0.0699057 -0.3135261 0.6967174 0.7244680 0.0310320 0.3356694 -0.4214891 0.0000000 0.2591753 -0.2901457 0.8880632 0.9411726 -0.1215407 -0.5666117 -0.1236985 -0.0227083 -0.3516163 0.6923002 0.0687095 0.0940708 0.4320715 0.8052447 -0.6035674 0.7311370 -0.5445811 -0.0962699 0.6276938 -0.3186146 0.3030070 -0.4481782 0.2214981 -0.2062572 0.1586758 0.2964714 -0.3305342 -0.3171124 0.2163958 -0.2021512 -0.3750480 -0.2456690 0.2401251 -0.3741276 0.2361420 -0.6174268 0.3409865 0.4167523 -0.0938091 -0.4233647 -0.5251309 -0.5134739 0.0627011 -0.2285381 -0.5663081 0.2560137 -0.6696948 -0.2688948 -0.5323223 -0.0475387 -0.1508606 -0.2200300 -0.0708672 -0.1395932 -0.4009560 -0.0867707 -0.1593944 0.0531821 -0.0820162 0.0509665 -0.2485204 -0.0022094 0.2568557 -0.2706670 -0.0090881 0.0468659 -0.0084329 -0.0497107 -0.3976332 -0.5008999 -0.3214141 -0.5187202 -0.4237467 -0.3073571 -0.4559803 -0.2111675 -0.1383105 -0.1086103 0.1426761 -0.2509778 0.0389194 0.1693862 0.3482874 0.0882050 -0.1093272 0.0220214 -0.2759367 -0.1801405 0.0170880 0.1683734 0.3555701 0.1207091 -0.4275556 -0.3016130 -0.3457501 -0.1688847 0.0109387 -0.2482453 -0.3713878 -0.2925946 -0.1876050 -0.4850300 -0.2997216 -0.0548478 -0.1635120 -0.0483293 -0.1223255 -0.2015274 -0.3351809 0.3717670 0.2347716 -0.0884241 -0.1877028 -0.0866468 0.2584031 0.0028292 0.0588294 0.0031420 0.0009429 0.3025827 0.0400445 0.0972430 0.3297727 0.4029192 0.3132869 0.1539696 -0.1062114 -0.0687952 0.1572849 0.1530370 0.2396060 0.3492378 0.4083061 0.2470521 0.3870041 -0.1676068 -0.5871010 -0.2215195 0.0422109 0.4074977 0.0572605 -0.3077741 -0.4209110 -0.1336233 -0.0335721 -0.5916236 0.1538463 -0.2922173 -0.0748233 -0.3902063 -0.0394092 -0.4523253 -0.0072521 0.0435690 -0.1810690 -0.3112102 -0.1785182 -0.1148284 0.0190692 -0.0556621 -0.0927716 0.3115189 0.3741564 0.6338960 -0.0169702 0.6051704 0.2286007 -0.2601121 -0.3821197 -0.3737149 -0.5761102 -0.3308524 -0.7007996 -0.5018562 0.1888391 0.1829589 -0.1736958 0.0991855 0.2427717 0.4139166 -0.1405065 0.2095382 0.0141059 -0.0880955 0.2482050 -0.2922890 -0.0024081 -0.0014161 -0.0480282 0.2845854 -0.4516818 -0.2244631 -0.4705177 -0.4185456 0.0079745 -0.1084910 -0.1236656 0.5279830 -0.5230899 0.0112846 -0.0407620 -0.5097513 -0.1087326 0.2525551
-0.0267044 0.2275045 0.2014184 0.3872367 0.2875941 0.2666841 0.2499949 0.2302659 0.4763389 0.2755675 0.0715045 0.5390613 0.2283174 0.2591753 0.0000000 -0.2610534 0.1131752 0.3906195 0.0469333 -0.1765837 0.4288458 -0.0627251 -0.0889678 0.6672875 -0.1346039 -0.2099251 0.3190247 0.5184970 0.3811713 0.3919421 -0.3335867 -0.3571484 0.6646354 0.4363334 -0.0353397 0.2306427 0.0234673 -0.2379269 0.1765066 0.3667528 -0.5053545 0.2771291 0.0336457 0.1881157 0.3552067 -0.2219684 0.0174682 -0.4313129 0.3192114 -0.2550324 -0.0028193 0.1170561 0.4655114 0.0114571 -0.4580190 -0.3169178 -0.0109866 0.1870556 -0.3582734 -0.0662598 0.0512996 -0.0485293 -0.2087780 0.3211687 0.5789352 -0.1850475 0.0631009 0.1654070 -0.3534483 0.1192163 -0.0939783 0.3245068 0.2493281 0.4093972 -0.1612561 0.3054533 0.3788677 0.1315481 0.4070926 0.4106933 0.6030505 -0.4056482 -0.2519643 -0.2001737 -0.3152205 -0.2813442 -0.2595811 -0.3470784 -0.2117836 -0.3493602 -0.0765067 -0.1790095 0.3142543 -0.3908763 0.0690204 0.0331672 -0.0216868 -0.0912688 -0.0588657 -0.0401222 -0.1611507 -0.2167601 0.0113228 -0.0598171 -0.0976330 -0.0144543 -0.3199155 -0.2174602 -0.0538470 0.1182294 -0.0652348 0.0881706 -0.1176599 -0.2808861 0.1920004 -0.1942488 -0.1636154 0.2974622 0.0602443 -0.0451895 -0.1256647 -0.3618879 -0.2089166 0.4647733 -0.1537883 0.1458243 -0.2883189 0.0046634 0.0402872 -0.0897252 -0.1270555 -0.1521210 -0.1779090 0.2120847 -0.1819562 -0.1238729 -0.1310833 0.0980932 -0.2080119 0.3756809 -0.0902096 -0.0313277 0.6782418 0.1910503 0.0111203 0.0497112 -0.1130145 -0.1428048 0.3944067 -0.1180169 0.0886605 0.0677483 0.1526672 0.0433196 -0.1458651 -0.2059866 0.4017552 -0.2299107 0.5985191 0.0578385 -0.2924687 0.2243393 -0.3713993 0.3728441 -0.1928682 -0.1998250 0.1073803 0.5210216 0.5384024 0.4084445 0.1736432 0.4269081 0.1305231 0.3675293 0.0513830 0.2428921 0.2931809 0.3802240 0.3576591 0.4058134 0.1713697 0.0463601 -0.0408760 -0.1855306 -0.3730179 0.3827982 -0.4381677 -0.3148943 0.2046831 0.2928379 -0.0590616 0.4071928 0.1644269 0.2425692 0.1088955 0.1828664 0.2828740 -0.0551276 0.6428172 -0.0179227 0.3758804 0.1727781 0.1542561 0.1444202 -0.6040435 0.2447064 -0.0952139 -0.5098710 0.2756094 0.2273343 0.2441049 0.5541587 -0.2604909 -0.1620061 0.5082612 -0.2296316 0.2785305 0.2558763
-0.1419138 0.4239518 0.3695569 0.6208814 0.0706143 0.4682494 0.0754124 0.6707727 0.1923564 0.2340722 0.7620118 -0.0181405 0.4030956 -0.2901457 -0.2610534 0.0000000 -0.0681792 -0.2998387 0.8013353 0.2044053 0.0129448 0.2869231 0.3924784 -0.3107843 0.6582917 0.6100252 -0.2434265 -0.3692900 0.4127890 -0.4474385 0.4230001 0.3558201 -0.2806602 0.3358920 -0.0194572 0.1004785 0.1524876 0.6709331 -0.3571272 -0.2667532 0.2935775 0.2171826 0.0390031 -0.0846669 0.3506950 0.6709193 0.2709440 0.4976958 0.3676962 0.5534211 0.1637379 -0.1565273 0.4598780 0.1917696 0.4724064 0.5842224 0.3907611 0.3914370 -0.1922045 0.2654802 0.2247953 0.4592783 0.3627762 0.3346163 0.2058025 0.4201946 0.5492140 0.4370467 0.4071053 0.2984370 0.4872281 0.2894421 0.5004938 0.1436336 0.4551185 0.4642808 0.1561701 0.4564132 0.3873697 0.3052888 0.2605355 -0.1123973 -0.0406774 -0.1035698 -0.1752910 0.1123408 -0.2802665 -0.2262726 -0.1768907 -0.2261465 -0.4557106 -0.4334874 -0.5189245 -0.0865811 -0.6080082 -0.4158901 -0.6213955 -0.3053531 -0.5591220 0.2766945 -0.2703206 -0.2353699 0.1132411 -0.1043391 -0.5675109 -0.5347893 0.0659618 0.0960902 -0.3109244 -0.2961703 -0.3563085 0.0311643 0.0816197 -0.0806318 -0.1168178 0.0087623 -0.1493164 -0.1835204 -0.2110188 -0.0480256 -0.3093885 -0.3125828 -0.2863822 -0.2464066 -0.0949144 -0.0092215 -0.4729531 -0.3992551 -0.0626801 -0.3368287 -0.5349060 -0.4763424 -0.4729696 0.0358542 -0.2725694 -0.3402132 -0.3935594 0.0451376 -0.3065396 0.4168625 -0.3549318 0.2920589 -0.4208227 0.2366427 -0.0981850 0.1921149 -0.1926688 -0.2240881 -0.6703221 0.2357795 0.2985418 0.2864691 0.0896537 -0.3245731 -0.3924712 0.3057420 -0.3985019 0.1269540 -0.5833672 0.0460869 -0.1616035 0.2517018 0.2367903 -0.4175839 0.0122920 0.1129510 -0.4171289 -0.3146474 -0.3455649 -0.2081309 -0.1339120 -0.4235054 -0.2894912 -0.1649625 -0.1353716 -0.2978532 -0.1048497 -0.0838290 -0.1287783 0.0127808 -0.0125557 -0.3486651 -0.2226851 -0.2574976 -0.2440886 0.2054168 -0.0378935 0.2156482 0.2163768 0.1171419 0.1487215 0.1388181 0.2272802 0.1585855 0.1592060 0.2231986 0.1121907 0.2064999 0.2302304 0.0888522 -0.3926029 -0.0743339 0.2097911 -0.0037451 0.2063469 0.3588809 0.1765832 0.1860838 -0.3990220 -0.0744804 0.2412328 0.0106705 0.0576427 -0.1973696 0.3140355 0.4884435 0.3479194 -0.0254795
-0.4307601 -0.2612300 -0.3221424 0.0510179 -0.3381937 -0.4079963 0.0704709 -0.1847156 0.6441913 0.7695659 0.2107286 0.0789251 -0.2654927 0.8880632 0.1131752 -0.0681792 0.0000000 0.7583852 0.0187994 -0.4206458 -0.1622971 0.2530700 -0.0693281 0.4706008 0.2816535 0.2546938 0.6452621 0.6315247 -0.4655438 0.7019354 -0.3743635 0.1398240 0.4761282 -0.2214728 0.4047263 -0.2882380 0.3215315 0.0487143 0.2917116 0.3060308 -0.1238518 -0.1629913 0.4533568 -0.0785486 -0.2649352 -0.0966133 0.4066001 -0.1892154 0.3669124 -0.3789860 0.4700494 0.5628124 -0.0474838 -0.1717703 -0.3251090 -0.2801951 0.2722807 0.0138190 -0.5853991 0.4152622 -0.5664530 -0.0298970 -0.3676523 0.1150320 -0.1169898 0.0108865 0.1315609 -0.0329304 -0.1447222 0.0744788 0.0725376 0.0987563 0.0360928 -0.0058129 0.0040116 0.0580886 0.1046213 -0.0725083 0.0591028 0.0063287 0.0210845 -0.1692451 -0.3934905 -0.4972556 -0.3891623 -0.5137635 -0.4140179 -0.3726254 -0.5190569 -0.3237054 -0.0477882 -0.0358540 0.0812665 -0.3433435 -0.1238593 0.1795574 0.2980600 -0.0775844 -0.2618599 0.0097785 -0.4491894 -0.2424466 -0.1867652 0.0287209 0.2258855 -0.0384196 -0.3869850 -0.2326121 -0.4052653 -0.2517663 -0.1760529 -0.1467936 -0.5575852 -0.4902890 -0.4609241 -0.6381286 -0.4769774 -0.2955053 -0.3868524 -0.2425489 -0.2933915 -0.2248456 -0.4659585 0.0295436 0.1559783 -0.3275943 -0.2539111 -0.2936687 0.0468494 -0.1840586 -0.1248039 -0.2322548 -0.0411677 0.1405722 -0.1360499 -0.1445486 0.1397716 0.3503921 0.1832191 0.0963945 -0.3156685 -0.1198607 0.0372551 0.0700481 0.2703393 0.1773328 0.2797837 0.0203636 0.0184428 -0.2983135 -0.5440751 -0.1487903 0.1136991 0.1224722 -0.1508669 -0.3733912 -0.5804077 -0.0619157 -0.2868117 -0.5133546 0.1473724 -0.2785687 -0.0566989 -0.4176746 0.0218479 -0.4576779 -0.1129285 -0.0409982 -0.1639466 -0.2158322 -0.1196912 -0.1203876 0.0344370 0.0984942 -0.1741953 0.1415680 0.0849940 0.3473429 -0.0749242 0.5942960 0.1407944 -0.3881626 -0.5326528 -0.4995464 -0.6023812 -0.3695345 -0.6123686 -0.3927978 0.0223623 -0.0121808 -0.2525226 -0.0587477 0.0726242 0.2716388 -0.2957493 0.2691585 -0.0669822 -0.0045636 0.2116660 -0.4155062 0.1050534 0.1440906 0.0813340 0.3026119 -0.4152120 -0.2089864 -0.3802025 -0.2190965 0.0607801 0.0167407 0.0734551 0.4972031 -0.6231971 -0.1764465 -0.0638684 -0.2994412 0.2488976 0.4353481
