0.0000000 0.6541835 0.3309484 0.0207207 0.5406304 0.0992061 0.1519988 -0.0605190 0.0098323 -0.1526401 -0.1908876 0.2162041 0.1194650 -0.1020086 0.1717625 -0.1366484 -0.1933316 -0.1033414 -0.0905245 -0.1946728 0.1021838 -0.1968237 0.0023860 0.1968503 -0.0154456 0.0357491 -0.1048398 0.0144421 0.1931618 -0.0135183 -0.2492301 -0.0327459 0.0673968 0.0826324 0.0925004 0.1515533 0.0040133 -0.1885742 -0.0183218 -0.1014686 -0.1958857 0.2361823 -0.0445972 0.0069768 0.0219969 -0.1073382 0.0314555 -0.1319161 -0.0045413 -0.2434704 0.0934804 0.0749988 -0.0546759 -0.1203984 -0.0899189 -0.1326701 -0.0019478 -0.0293644 0.4103886 0.1731326 0.1508734 0.0065164 0.2630712 -0.1170090 -0.0910011 0.0051796 0.1703878 -0.1103212 -0.0885710 -0.0029151 0.0261668 -0.0255332 0.1086613 0.0572718 0.0060289 0.0532187 0.0320280 0.0737406 -0.0196296 -0.0891873 0.0467236 0.1680891 0.3060758 0.2955392 0.1585232 0.2084642 -0.1282531 0.3180106 -0.0697287 0.1570576 -0.4679975 -0.1945529 0.0692750 0.1796590 -0.3899000 -0.1794665 -0.1946212 -0.1150328 -0.0851377 0.1144935 0.1535185 -0.0611316 0.1617402 0.0109677 -0.1433513 -0.0538243 0.1692995 0.0753360 0.1309214 0.0780038 -0.2404074 0.2780231 -0.2401096 -0.3035543 -0.1795238 -0.1532038 -0.2996003 -0.0531129 -0.1959255 -0.0687692 -0.1784065 -0.2929383 -0.0267838 -0.2111130 0.2183826 -0.2600835 -0.1872740 -0.0672574 -0.1208559 -0.2759362 0.0102030 -0.1696493 -0.1105909 -0.2851400 -0.4417048 0.1404040 -0.3028535 -0.1183478 -0.2738985 0.1309766 -0.3663925 0.0145281 -0.3441286 -0.1480012 -0.1086994 0.0609967 -0.0618495 -0.2231494 -0.1261911 -0.1072548 0.0540644 -0.0097573 0.0595681 -0.5019893 0.0927853 -0.1852563 -0.1391688 -0.2341175 -0.0593499 0.0848688 -0.0441783 0.1188634 -0.3670016 -0.1415204 -0.0232138 -0.0446409 -0.4745629 -0.2061481 -0.0400325 0.2236082 -0.2125733 -0.2127830 0.4002103 0.2032932 0.2076585 -0.0428422 -0.2143507 -0.3255293 -0.0004326 -0.0263690 -0.1551616 0.2835880 0.2567369 0.3350008 0.3217593 0.1325188 0.4496477 0.3564895 0.0416687 -0.1574857 0.0894377 -0.2164199 -0.4070224 0.1624379 0.0233640 0.0591381 0.3157772 -0.4357778 -0.0753703 -0.1415200 0.0374399 -0.2804054 0.0275841 0.0758116 0.2493199 -0.1220467 -0.4160861 -0.0192317 0.2416556 -0.1268281 -0.1050366 0.0236343 0.1997429 0.4873574 -0.1043038 -0.2773519 -0.1666139 -0.3150811
0.6541835 0.0000000 0.2070680 0.3135540 0.3628813 0.6470768 0.6478915 0.1852928 0.4185558 0.2372614 0.2281520 0.5259976 0.0084991 0.0391160 0.5635026 0.0208492 0.1124698 -0.1921591 -0.2175696 -0.4817391 0.2733765 -0.5580067 -0.1641933 0.3320547 -0.1575073 -0.2146794 -0.2328931 0.0744808 0.5239116 0.0144100 -0.5807113 -0.3567653 0.0221808 0.3147641 -0.2300383 0.5248522 -0.3058039 -0.5620121 -0.2111255 -0.2937924 -0.4897308 0.6497683 -0.2989047 -0.2300322 0.3447287 -0.5186710 -0.3712563 -0.5052588 -0.2307296 -0.5618845 -0.2167648 -0.1873543 0.0049222 -0.1371529 -0.5081248 -0.5237289 -0.2908635 -0.1427848 0.7815978 0.0368934 0.5577850 0.0577939 -0.1865154 -0.1022062 -0.0270780 -0.0270711 0.2711767 0.1483716 -0.4391618 0.1775264 0.0533123 0.0437639 0.3522235 0.0840868 0.2209065 0.2730250 0.0935646 0.1699091 0.1750082 -0.0919712 -0.2228168 0.2072476 0.5296689 0.4168618 0.3492428 0.5349592 0.4371472 0.4685127 0.1273900 0.3773466 -0.3446146 0.0171914 0.1416199 0.5008638 -0.1502014 -0.0711261 -0.0175034 -0.0924681 0.1737362 0.3408470 0.5784717 0.1756300 0.4272201 0.4003314 0.0146471 0.2434816 0.3900175 0.3002979 0.4790552 0.4117743 0.1249008 0.4911696 -0.0706393 0.0365888 0.3409472 0.2008592 0.1366897 0.3572554 0.1642115 0.2635651 0.2321682 0.1581551 0.1414384 0.1531639 0.6419322 -0.0235770 0.0551366 0.1101090 0.1797984 0.0248727 0.4284284 -0.2849103 -0.2905820 -0.2485291 -0.3408133 0.3370681 -0.1057257 0.1483937 0.0088614 0.3214347 -0.3734602 0.2472708 -0.4538917 -0.1447769 0.2301416 0.2178175 0.1309388 -0.0808565 -0.0719546 0.3067221 0.2713474 0.1503702 0.2480640 -0.3891172 -0.0523917 -0.2872501 -0.0952650 0.1051663 -0.0712623 0.3517176 -0.3202847 0.2908178 -0.1774385 -0.2111079 -0.1357140 0.1055961 -0.4992815 -0.2570562 -0.2378590 0.2489485 -0.3527959 -0.3576370 0.4397570 0.0643763 0.7401850 0.2766549 -0.2957017 -0.3866423 0.0380606 0.1398472 -0.0887707 0.6561748 0.7416571 0.7690597 0.7762194 0.0209304 0.1518879 0.1531142 0.0634219 -0.2411801 0.2322117 -0.3251153 -0.5725991 0.2786105 0.1719370 0.0722430 0.0055304 -0.4382201 -0.3923953 -0.0944388 -0.0855899 -0.2449698 -0.0698823 -0.1526617 0.2931808 -0.2297453 -0.1429860 -0.2477166 0.2360986 -0.1509780 -0.1157342 -0.1271362 -0.0283402 0.3338127 -0.0195410 -0.5679938 -0.4391370 -0.5203233
0.3309484 0.2070680 0.0000000 0.4015396 0.3014749 -0.0591925 -0.1311377 0.4987407 -0.1269276 0.1448217 0.2259623 0.1864243 0.3877646 -0.0810671 -0.2524065 -0.0434630 -0.0093765 -0.2725667 0.0007580 -0.0388734 0.2324992 -0.2596209 -0.1135071 -0.2006075 -0.1642993 -0.2259992 -0.2932263 -0.1933937 -0.1156023 -0.1387885 -0.3201014 -0.3984339 -0.1401907 0.1000263 -0.2848663 0.2031463 -0.4351912 -0.2808906 -0.2546601 -0.2989462 -0.3046273 -0.0247472 -0.3132095 -0.2410749 -0.0213478 -0.3952979 -0.5149789 -0.1935266 -0.2197388 -0.4174706 -0.5005910 -0.4209831 -0.0120394 -0.2554415 -0.2637936 -0.5003439 -0.6032628 -0.2079899 -0.0425014 -0.5511836 -0.0085407 -0.3279096 -0.2042695 -0.0431367 0.2230854 -0.5149307 -0.3746760 -0.0665079 -0.5095861 -0.1236574 -0.5531880 0.1010858 -0.3665596 0.1575277 -0.2632941 -0.0623536 0.1156513 -0.2522948 -0.0590218 0.1897388 -0.0484155 0.0688352 0.1330453 -0.0626667 0.0317229 0.2318159 0.1434629 0.1098611 0.1653724 0.1192781 -0.1247889 0.2106061 -0.1211094 0.1010309 -0.2186241 -0.0901828 -0.0648777 -0.1837154 -0.1026527 0.4443872 0.2434654 0.0291203 0.1306395 0.3675004 -0.1759802 -0.0388709 0.1764754 0.1725914 0.0173615 0.1844239 -0.0406743 0.1360148 0.0560049 0.1024531 0.0092420 0.1063191 -0.0432791 0.0208674 0.1033323 -0.1004860 -0.1377308 -0.1534887 0.4083805 0.2398935 0.0027300 0.0765791 0.1355008 0.4797924 0.0935172 0.4580967 0.2001229 0.3424118 0.1108982 0.1938974 0.0562700 0.5718933 0.3503432 0.1173693 0.1540054 0.3654554 0.3170523 0.2451155 0.1462270 0.4154433 0.4767361 0.4364736 0.1625069 0.0954554 0.0401746 0.0816993 0.2596220 0.4931871 0.1314407 0.1988420 0.0956350 0.1543918 0.2015494 0.2800585 0.0532099 0.5184409 0.1502805 0.0930365 0.4001009 0.2989746 -0.1256546 0.0989508 0.4196839 0.0773403 -0.0915831 -0.0516820 0.0424730 -0.1660628 0.0873871 -0.0835086 -0.1755581 0.2252245 0.2331796 0.0932222 0.4310615 0.4049327 0.1722860 0.4077117 0.0949388 0.1761238 0.0455436 0.2170025 0.0762161 0.2218859 0.1032981 0.2332900 0.0149187 0.1168320 0.3424166 0.0203612 0.0451463 0.1458532 0.2373286 0.2589037 0.1555354 0.1770139 -0.2141736 -0.3884304 0.0408154 0.0428481 0.3103167 0.0461902 -0.0387518 -0.0273028 -0.2260947 -0.2940758 -0.2509769 0.3330278 0.1636591 0.3888815 0.2084046 -0.1168214 -0.2855163 -0.1857268
0.0207207 0.3135540 0.4015396 0.0000000 -0.3164168 0.6656964 0.0013642 0.6651592 0.6523301 0.7650755 0.6664122 0.4931595 -0.1435039 0.4703688 0.4207335 0.0789179 0.4664477 0.2684444 -0.3460373 -0.3991109 0.4416635 -0.3398678 0.1971836 0.4345872 -0.3223372 -0.1153109 0.0781624 0.3378416 0.3115399 0.2982416 -0.2670545 -0.4191599 0.2981419 0.4536497 -0.0405777 0.5448004 -0.3141466 -0.3378804 0.1089774 0.0550018 -0.1382921 0.3695132 0.0087146 0.0477167 0.1971067 -0.4123676 -0.3582238 -0.2809739 0.1181983 -0.4099275 -0.2138930 -0.0472663 0.3928803 0.1051447 -0.4821698 -0.4882285 -0.4861697 0.0884940 0.1143272 -0.2100667 0.3483469 0.1677310 -0.3137580 0.4528582 0.4147151 -0.6156385 0.0025502 0.3023155 -0.5171925 0.3706949 -0.3617586 0.5679847 0.0666854 0.4178453 -0.0842828 0.4451435 0.3724558 0.0717213 0.4057035 0.2854242 -0.0879193 -0.0128588 0.1916139 0.0698110 0.1723595 0.4852375 0.2414154 0.0067825 0.1204270 0.2049191 0.0025852 0.4178636 0.1020741 0.1048009 -0.0052320 0.2017749 0.2655094 0.1288874 0.1408003 0.5079353 0.4458425 0.4102362 0.4734329 0.3764709 0.1655998 0.4543723 0.4522199 0.4362740 0.3969752 0.4067518 0.3076061 0.4479114 -0.0898840 0.2961241 0.2139388 0.2441188 0.1213550 0.2236645 0.3078351 0.2415222 0.2080936 0.1852591 0.3452789 0.4570444 0.4099007 0.0566339 0.3635018 0.4318270 0.1539930 0.6068446 0.4990421 0.1456646 0.2345211 -0.2845655 0.1534860 0.4628943 0.3415020 0.1370505 0.1624100 0.5725614 0.3530123 0.4371793 -0.0320627 0.2268719 0.4740350 0.3379081 0.2011825 0.2065024 0.2038386 0.4234187 0.5405024 0.2156180 0.1413074 0.4385446 0.1823545 0.0117085 0.1795648 0.3553838 0.1530611 0.5743914 0.0471282 0.3453827 0.2125442 -0.0116555 -0.0411652 0.3005083 0.1898441 0.1197010 -0.1907801 0.0974273 0.0412169 -0.1482717 0.1467894 0.0761183 0.0687217 0.1471248 -0.1380645 -0.3133898 0.1238575 0.1714075 -0.0459593 0.6041958 0.4503432 0.5642879 0.2515570 0.1328058 -0.3822867 -0.1663366 0.2077857 0.3532496 0.2707689 0.3337690 0.0536894 0.2727743 0.0801086 0.2208971 0.1818154 -0.0287814 -0.2282534 0.0853418 -0.1898456 -0.4012984 -0.0025783 -0.2439672 0.0968660 0.2101076 0.0489959 -0.4377826 -0.1396419 -0.3766664 -0.2060363 0.2784447 -0.0975392 -0.0710172 0.3605090 -0.4554213 -0.3991687 -0.4866367
0.5406304 0.3628813 0.3014749 -0.3164168 0.0000000 -0.0914185 0.2621727 -0.0246121 -0.2072881 -0.3248908 -0.2688078 -0.0834458 0.3194433 -0.2651962 -0.1435893 0.1317862 -0.1513978 -0.3634890 0.1733327 0.0927354 -0.0878755 -0.1089609 -0.1605632 -0.3406113 0.0203578 -0.0479610 -0.1829132 -0.3404480 -0.1020112 -0.1881619 -0.1915548 0.0056794 -0.3935592 -0.2491185 -0.0962267 -0.0480116 -0.0771696 -0.0824035 -0.1922015 -0.2149412 -0.2551519 0.0562087 -0.1640831 -0.2884150 0.0353969 -0.0329266 -0.0235326 -0.1129707 -0.3228247 -0.0006117 -0.0299652 -0.1302549 -0.3322856 -0.0643978 0.0784367 -0.0240172 -0.0388681 -0.1966168 0.2903281 -0.0570522 0.0226784 -0.1231301 0.3695205 -0.3795080 -0.1221772 0.1641638 -0.0153408 0.0855582 0.0373562 -0.1405668 0.0145164 -0.3228218 0.0579016 -0.1274054 0.0271163 -0.1664903 -0.2148830 -0.0515216 -0.1450663 -0.1603439 -0.1411844 -0.2679149 -0.1661081 -0.2507667 -0.2425277 -0.1785390 -0.0071129 -0.1462873 -0.2045123 -0.1410781 -0.3208645 -0.4111117 -0.0934115 -0.1231935 -0.2048421 -0.5066264 -0.3328201 -0.1509600 -0.1044744 -0.1485395 -0.1572473 -0.2769462 -0.2894471 -0.1278826 -0.3304831 -0.2533507 -0.2201376 -0.2497689 -0.0431376 -0.0074906 -0.2139070 -0.0032995 0.3051115 -0.0538061 0.0581075 0.2258989 0.1712556 0.2203062 0.0717245 0.0902047 0.1290876 0.1111306 -0.0374918 -0.2013784 -0.0311867 -0.1155499 -0.0239459 -0.1032221 -0.2346255 -0.1886820 -0.1377797 -0.1836251 -0.2560926 -0.1820665 -0.2299339 0.0253439 -0.3002544 -0.1262143 -0.2360453 -0.1185052 -0.3543620 -0.1013748 -0.0791491 -0.1981576 -0.1782582 0.2141619 -0.0981027 -0.1961954 -0.2161058 -0.1461485 -0.0859774 -0.0072888 0.0413995 -0.3675347 -0.1014494 -0.3140656 -0.2361199 -0.1088724 -0.3161347 -0.1427709 -0.0312025 -0.0957642 -0.0722366 -0.1660604 -0.0636875 0.0307070 -0.2000227 -0.2828002 -0.1498010 -0.0358728 -0.1562498 -0.1824163 0.3304414 -0.0473157 0.2138863 -0.0276479 -0.0669852 -0.1893780 -0.0075242 -0.0068599 -0.3164482 0.0267160 0.0716321 0.0650475 0.1985176 0.0774256 0.4158080 0.4509536 -0.1887132 -0.3154850 0.1215766 -0.3804085 -0.0337399 0.0072510 0.1754131 -0.0243355 0.0587797 -0.2293359 0.0263766 -0.0957716 0.1856024 0.0869279 -0.1533039 0.0755087 0.1294218 -0.4446121 -0.1022525 0.2338503 0.3375878 0.2453590 -0.0585339 -0.2180943 0.0027928 0.2447820 -0.4274974 0.0378245 0.2624564 0.2927625
0.0992061 0.6470768 -0.0591925 0.6656964 -0.0914185 0.0000000 0.6406798 0.4440430 0.8235282 0.6744423 0.5453500 0.6796215 -0.1816192 0.4018582 0.7940368 0.1357718 0.4674638 0.1335046 -0.2972600 -0.4137101 0.5021419 -0.4919124 0.0487280 0.5814635 -0.2796478 -0.1537533 0.0518830 0.3508267 0.6952480 0.2957827 -0.3600993 -0.3422313 0.2650193 0.4784478 -0.1205577 0.6935971 -0.2576829 -0.4541756 0.0386820 -0.0422300 -0.2906284 0.7437280 -0.0502636 -0.0484646 0.4408652 -0.4262603 -0.2845742 -0.4442887 0.0168374 -0.3711072 -0.1221139 -0.0343695 0.2478316 0.0975209 -0.5353766 -0.4187047 -0.2598512 0.0465137 0.5985526 0.0366716 0.6249250 0.2115585 -0.3564466 0.2281836 0.0941134 -0.1863091 0.2252326 0.3813126 -0.3348426 0.4112974 -0.0054820 0.2473618 0.4264106 0.1536881 0.2026295 0.5145430 0.1780954 0.2494902 0.4254694 -0.0188566 -0.2033302 -0.0547033 0.3399132 0.1906561 0.2005772 0.4745914 0.5588952 0.1678593 0.0668632 0.2370272 -0.0037928 0.2178703 0.1911460 0.2989817 0.1269962 0.0989663 0.2104910 0.1110860 0.2859981 0.3554495 0.5226572 0.3909708 0.4580040 0.4325294 0.2371790 0.5223139 0.3640404 0.4035635 0.5221029 0.4393240 0.3569022 0.4369353 -0.1241321 0.2745460 0.3461160 0.2574337 0.3114106 0.4048039 0.3021406 0.3473085 0.3885966 0.3685659 0.0522713 0.4184778 0.5486046 -0.0057612 0.1922712 0.1782081 0.0961749 0.2519203 0.4619922 -0.3510148 -0.1636543 -0.4062680 -0.2359004 0.2529597 0.1229028 0.1355548 0.0673128 0.3321155 -0.2021791 0.3186318 -0.3898216 -0.0292058 0.3252393 0.2952529 0.1188853 0.0598478 -0.1413808 0.4146393 0.3038446 -0.0434836 0.1733195 -0.0145319 -0.1294125 -0.3842254 -0.2740957 0.2524177 -0.1840987 0.2486433 -0.3054659 0.3092190 -0.0970196 -0.4449063 -0.0864451 0.0692085 -0.3307319 -0.2961313 -0.4615618 0.0637004 -0.3427160 -0.3835671 0.1833724 0.0602608 0.6114234 0.3613003 -0.2195011 -0.3948636 -0.0162435 0.0067947 -0.1981849 0.5876885 0.7517916 0.8009539 0.6822489 -0.0637546 -0.3277344 -0.2472390 0.0594348 -0.0401584 0.2264950 -0.0389679 -0.2683304 0.2015684 0.0644230 -0.0215651 -0.2047841 -0.2935786 -0.5507455 -0.1451132 -0.1458275 -0.1445293 -0.0169602 -0.3656517 -0.0047982 -0.1258058 0.0340116 -0.4882348 0.0916541 -0.2177082 -0.0124869 -0.0413795 -0.4015863 -0.2737120 0.0575365 -0.5212334 -0.3425661 -0.4030260
0.1519988 0.6478915 -0.1311377 0.0013642 0.2621727 0.6406798 0.0000000 0.1190795 0.3801992 0.1125557 0.1042731 0.6153661 0.1180101 -0.1011473 0.5975738 0.1367937 0.0526444 -0.2537680 0.0158828 -0.0194910 0.4414600 -0.2507522 -0.1733261 0.1573570 -0.0269328 -0.1202411 -0.1836182 -0.0380594 0.6246116 -0.0468223 -0.1938288 -0.1279974 -0.1057313 0.1103798 -0.2602152 0.5879537 -0.1366256 -0.2601158 -0.2413074 -0.3060827 -0.2419965 0.6560476 -0.1951266 -0.2896672 0.2713346 -0.2730366 -0.2348177 -0.2741100 -0.2491524 -0.1251357 -0.2197893 -0.2270684 -0.1985760 -0.1961671 -0.2032223 -0.1954160 -0.0789133 -0.1601418 0.7912996 -0.0266858 0.4875993 -0.1665681 -0.2556207 -0.2644575 -0.3608543 0.2266779 0.0623404 0.0133690 -0.0935492 0.0058266 0.1102938 -0.3069840 0.2041413 -0.2881222 0.1630344 0.1151508 -0.2542818 0.0794838 0.0550420 -0.3715131 -0.2517067 -0.2046556 0.3384655 0.1685165 0.0939227 0.1035765 0.5490225 0.3585542 0.0352211 0.1827425 -0.0604700 -0.0865279 0.1038152 0.4505182 0.0907331 -0.0971013 -0.0053511 -0.0723221 0.2261516 -0.0267691 0.3959787 -0.0176753 0.0477336 0.2667924 0.0516247 0.1903312 0.0120554 0.0592825 0.3614925 0.1194873 0.2100251 0.1934950 -0.0055416 0.0484303 0.3383068 0.2348567 0.3721961 0.4153409 0.2281109 0.3058044 0.3624061 0.3178708 0.0449335 0.2105529 0.4061245 0.0200237 0.0248153 0.0950288 0.1037771 -0.0913401 0.3045710 -0.4304252 -0.3495793 -0.0539020 -0.4011484 0.2223487 -0.0045980 0.2215232 0.0651047 0.2226110 -0.4019729 0.2515038 -0.4280016 -0.1936834 0.2416935 0.2925799 0.1423536 -0.0160278 -0.2625675 0.3418347 0.0862726 0.0408903 0.3338727 -0.3088657 -0.2452920 -0.5102190 -0.3823316 0.2689670 -0.3124915 0.0366396 -0.3452274 0.3112016 -0.2044012 -0.3244483 0.0309003 0.0117133 -0.4095637 -0.3482795 -0.3056026 0.1236660 -0.3626426 -0.2782634 0.0327391 -0.0075791 0.7800312 0.5308987 0.0329555 -0.1169607 0.0445925 0.1174668 -0.2102648 0.4094559 0.7012671 0.6277520 0.7683491 -0.2545928 -0.0642049 -0.2172042 -0.1854973 -0.3406152 0.1686386 -0.3925152 -0.2079943 0.1250948 0.1845997 -0.0821227 -0.2511022 -0.1273546 -0.5130904 -0.1484383 0.0133837 0.1481659 0.0580397 -0.1241370 0.1264394 -0.5038549 -0.0426594 -0.1584167 0.2108893 -0.0465160 0.2774376 -0.1830450 -0.2708221 -0.1362541 -0.3123503 -0.3233839 -0.1847693 -0.0278380
-0.0605190 0.1852928 0.4987407 0.6651592 -0.0246121 0.4440430 0.1190795 0.0000000 0.4338181 0.6208503 0.7345653 0.6233611 0.5144359 0.2928700 0.2852325 0.3148783 0.4872346 -0.0676538 0.2509469 -0.0066251 0.6726400 -0.1760317 0.0648132 0.2459375 0.0149986 -0.0546110 -0.1196644 0.0973197 0.3992478 0.0812190 -0.0679320 -0.3998491 0.2065912 0.5569236 -0.2303570 0.6684802 -0.3805820 -0.2727818 -0.1569397 -0.2253505 -0.3489031 0.5056332 -0.1805636 -0.2237625 0.4939619 -0.3449016 -0.4434207 -0.3864241 -0.0121989 -0.4306721 -0.3480160 -0.2304919 0.4641445 -0.0070810 -0.4163110 -0.4165804 -0.4361369 -0.0398995 0.2390822 -0.2424954 0.5282545 0.1773869 -0.3060428 0.3799088 0.5923820 -0.4014357 0.0808069 0.4043914 -0.4006460 0.3165532 -0.1125870 0.5314063 0.2235707 0.5111026 0.1393432 0.4949167 0.4102371 0.1692900 0.5339080 0.4332220 0.0635488 0.0021348 0.2944472 0.0874355 0.2625742 0.4105977 0.4208154 0.0515069 0.1810628 0.2219307 0.0013330 0.3684569 -0.2006599 0.2313313 -0.0334593 0.0024739 0.1364903 -0.2567440 0.2838607 0.5690186 0.4327889 0.1852863 0.2557499 0.4515144 0.0171526 0.2351362 0.2972070 0.3983748 0.0325085 0.3911031 0.2884836 0.0346551 -0.0320970 0.3024660 -0.0566715 0.0195147 -0.0213010 -0.0905103 -0.0362801 -0.0779359 -0.0975317 0.1110192 0.3430699 0.2703213 0.0857849 0.1456658 0.3822209 0.4326592 0.0452442 0.3644731 0.0461369 -0.0968242 0.1678484 0.0455153 -0.0245128 0.5106276 0.2592727 0.2222804 0.2019889 0.3852493 0.1422483 0.2996419 0.1160199 0.2030658 0.3762813 0.4022334 0.1753946 0.2390266 -0.0373852 0.2455854 0.3081500 0.3529229 0.0465071 0.1770572 0.1383104 -0.0299021 -0.0104381 0.1767540 0.0466646 0.4288224 0.0378584 0.1306789 0.3313469 -0.1866925 -0.2662749 0.1318793 0.2251426 -0.1560396 -0.4270986 -0.2105254 -0.1926364 -0.3442230 -0.0221769 -0.1625948 -0.0470925 0.4032891 0.3347330 0.0373347 0.4859901 0.4052545 0.2289189 0.6439545 0.4861245 0.5798480 0.3866488 0.3675283 -0.0653384 0.1061545 0.3817587 0.4445728 -0.0587095 0.3808334 0.3993770 -0.0897003 0.0560268 0.0179294 -0.0925232 0.2477223 0.0661256 0.1202929 -0.5421046 -0.5005074 -0.2080764 -0.4936135 0.0263593 0.2031619 0.1624859 -0.4550444 -0.5548677 -0.4578961 -0.2963988 0.0886375 -0.1711124 0.1105439 0.4332584 -0.4392455 -0.5364862 -0.3435415
0.0098323 0.4185558 -0.1269276 0.6523301 -0.2072881 0.8235282 0.3801992 0.4338181 0.0000000 0.8703817 0.6319917 0.5643024 -0.3346559 0.7961461 0.8978378 0.2360251 0.7030491 0.6090962 -0.1589866 -0.5037092 0.4877108 -0.3120830 0.4159218 0.7315781 -0.1099193 0.2145686 0.4429114 0.7185405 0.6476145 0.6604175 -0.1759247 -0.0562222 0.4789992 0.5667131 0.3085598 0.5541118 0.0606476 -0.1982600 0.3962123 0.3737114 -0.0076541 0.5945584 0.2952681 0.3476902 0.4666048 -0.1554598 0.0379772 -0.2243148 0.3715077 -0.1778333 0.2450462 0.3588065 0.5212688 0.5118727 -0.3250661 -0.1807900 -0.0178035 0.4961066 0.3561750 0.3549606 0.4676357 0.5782756 -0.0357857 0.5706215 0.2459075 -0.2919365 0.4260915 0.6392085 -0.2100269 0.7419894 0.0353870 0.5096960 0.5567949 0.2866796 0.0979682 0.7712027 0.3242641 0.3086183 0.6041084 0.1812811 -0.1649240 -0.1047429 0.2269900 0.1081584 0.1713597 0.2956624 0.2136466 -0.0001014 -0.0778297 0.0859629 -0.0223173 0.1592846 0.1123541 0.0485211 -0.0822142 0.0719512 0.1809342 0.0899583 0.0939899 0.1854931 0.2540097 0.3618669 0.3979967 0.1831512 0.1806600 0.3301263 0.2517735 0.3245909 0.3899563 0.3161115 0.1101746 0.2806461 -0.3120448 0.1265921 0.2411698 0.0867306 0.1606093 0.2679887 0.0574639 0.3133508 0.2331574 0.2621057 -0.1702911 -0.0179317 0.4805714 0.2319445 0.1790671 0.0626563 0.2700084 0.0580778 0.3175757 -0.3756778 -0.0361317 -0.6193484 -0.1535620 0.1139035 0.0302886 0.2761981 0.2316126 0.2406403 0.0065544 0.3458218 -0.2201806 -0.1829627 0.2283357 -0.0443338 0.2524372 0.2389435 0.0500380 0.3778702 0.2854349 -0.2008751 0.2088505 0.1421416 0.1609939 -0.3855011 -0.1674359 0.1842467 0.0163670 0.2777215 -0.0451103 0.2735720 -0.2743338 -0.3890669 -0.0322628 -0.0205721 -0.3154517 -0.0964404 -0.3094212 0.0821054 -0.1166032 -0.2441925 0.0487187 0.0248219 0.3063646 0.0831124 -0.3818162 -0.4020748 -0.2258266 -0.2427849 -0.2668388 0.3067620 0.5407165 0.6006767 0.4334654 -0.0768628 -0.2830646 -0.2312096 0.1249334 -0.0013714 0.2063510 0.0234339 -0.2872581 0.1430151 0.1859422 0.1153899 -0.0904923 -0.3937040 -0.4981173 0.1279586 -0.2628961 -0.3267277 -0.2943907 -0.5532255 -0.1083066 0.0789793 0.1110560 -0.6103933 -0.0503162 -0.3465732 -0.1948702 -0.2068524 -0.2231786 -0.3538923 0.1584242 -0.5618835 -0.2746243 -0.4531730
-0.1526401 0.2372614 0.1448217 0.7650755 -0.3248908 0.6744423 0.1125557 0.6208503 0.8703817 0.0000000 0.8167032 0.5132756 -0.1814438 0.8502813 0.6597735 0.3199449 0.8338181 0.5161726 -0.0346413 -0.4687046 0.4976618 -0.3583817 0.4012288 0.6102479 -0.0690824 0.1545583 0.3885554 0.6665553 0.4987669 0.6400974 -0.2231720 -0.2145875 0.4439419 0.6472447 0.1894202 0.4993973 -0.1115277 -0.2725453 0.3551609 0.3138969 -0.0955984 0.4626809 0.2050586 0.3223007 0.5236353 -0.2812537 -0.1668987 -0.3015756 0.3370754 -0.3763841 0.0375396 0.1758107 0.6263007 0.5003925 -0.4745084 -0.3917221 -0.2706185 0.4741363 0.1240129 0.1126072 0.4126023 0.4974223 -0.2191735 0.6603633 0.5031155 -0.5496539 0.2626660 0.6968162 -0.4613583 0.7623233 -0.1735868 0.6633655 0.4385948 0.4966050 0.0005903 0.7755445 0.5169064 0.1705358 0.5713769 0.3791315 -0.2362101 0.0921504 0.3157222 0.1893725 0.3237818 0.4601770 0.3218935 0.0700801 0.1948019 0.2583392 0.1994403 0.4204574 0.1211592 0.1135361 0.0610948 0.2568813 0.2878895 0.1261149 0.1592866 0.4957607 0.3736760 0.4979649 0.5221558 0.4428038 0.2764326 0.4085718 0.4278114 0.4990922 0.3670179 0.4727503 0.1673016 0.3117272 -0.2424893 0.2548173 0.2823580 0.1218909 0.1229758 0.2193199 0.0855447 0.2526978 0.1271725 0.1751724 -0.0678740 0.1101638 0.3892976 0.3928165 0.2218520 0.2544526 0.3853158 0.2408023 0.3186007 -0.1127192 0.0245623 -0.4558107 -0.0059529 0.2725437 0.2215925 0.3693618 0.3858156 0.2839124 0.2642256 0.4044969 0.0699500 0.0804376 0.4566837 0.0189329 0.3065470 0.3116088 0.1692367 0.3558972 0.2825116 0.0317084 0.1591464 0.3560663 0.1869613 -0.1146692 0.0740446 0.2675836 0.2190114 0.4574125 0.0061425 0.1924326 0.0898527 -0.1793793 -0.1506484 -0.0152743 0.0042235 0.0422673 -0.2659274 -0.0069241 -0.0394924 -0.1993009 -0.0419239 -0.0495401 0.0420251 0.0742263 -0.2361599 -0.1906975 0.0147165 -0.0677399 -0.0119893 0.3277036 0.3879449 0.4956418 0.2860093 0.1287822 -0.2401545 -0.0791812 0.3129445 0.2062517 0.1882435 0.1951916 -0.1038679 0.1255497 0.2252239 0.2023746 -0.0367357 -0.2225665 -0.4040595 0.3079482 -0.4192648 -0.4852725 -0.2248136 -0.5319031 -0.0106073 0.2394075 0.2321902 -0.5714161 -0.2889204 -0.4235560 -0.3113955 -0.1148711 -0.1660353 -0.2118173 0.3894251 -0.4109284 -0.3546668 -0.4884011
-0.1908876 0.2281520 0.2259623 0.6664122 -0.2688078 0.5453500 0.1042731 0.7345653 0.6319917 0.8167032 0.0000000 0.4734815 0.0524983 0.5761823 0.5292640 0.5562404 0.8457843 0.1696159 0.1371878 -0.4642594 0.4868687 -0.3511153 0.3867777 0.4266994 0.1321846 0.1920294 0.2237158 0.4294079 0.3921826 0.4123011 -0.2836944 -0.2165242 0.3758939 0.5824906 0.0010120 0.5797591 -0.1193812 -0.2957775 0.1318795 0.0237119 -0.2977275 0.4392740 0.0282473 0.0578853 0.4722415 -0.2847741 -0.3699080 -0.3730795 0.1344718 -0.4865328 -0.3095043 -0.0865656 0.5443720 0.1611479 -0.5780159 -0.4479455 -0.2592714 0.1090491 0.1817401 -0.1925129 0.5070299 0.2449467 -0.3959875 0.4528757 0.5610442 -0.4135803 0.0523232 0.4768790 -0.5097918 0.5084513 -0.0903585 0.5988197 0.3659254 0.5288826 0.1765331 0.6738371 0.6177232 0.3623433 0.6212966 0.4484926 -0.1260086 0.1654568 0.3236672 0.1960716 0.2852559 0.4668382 0.4117545 0.0969436 0.1787753 0.1658161 0.0123864 0.3578695 -0.0763668 0.2603650 -0.0712449 0.1491473 0.2819786 -0.0764851 0.0550933 0.5620099 0.3613409 0.3560227 0.4591647 0.4295595 0.2225037 0.2775669 0.3102565 0.5261732 0.2470481 0.4178173 0.0977080 0.1234447 -0.0436650 0.2896538 0.1520690 0.0267333 -0.0588218 -0.0136451 -0.0951504 0.0470763 -0.0842143 -0.0150070 0.3432187 0.2565647 0.1362544 0.3981423 0.2389183 0.5827869 0.3001646 0.3216303 0.1392683 0.1246496 0.0795915 -0.0472636 0.1811650 0.5593249 0.3591688 0.3598530 0.4600822 0.3045582 0.2842908 0.3484951 0.0671546 0.2597476 0.4912743 0.1211628 0.4119497 0.5100226 0.1270107 0.4066569 0.4071786 0.3915372 0.1808662 0.2536825 0.3849797 0.0995779 0.1335099 0.2563722 0.1923975 0.5608715 0.1084011 0.1115630 0.2103148 -0.1473762 -0.1960247 0.0756097 0.1364277 -0.0133656 -0.2970536 -0.1255278 -0.0976891 -0.2748618 0.0627845 -0.2392999 0.0125653 0.2195085 -0.0079219 -0.0828895 0.2458516 0.1660187 0.2833498 0.5316191 0.4951248 0.5644992 0.3894945 0.3260261 -0.0226916 -0.0088700 0.4749700 0.3458642 0.0160382 0.2892676 -0.0301942 -0.0823598 0.1596562 -0.0052568 -0.1722198 -0.1290580 -0.3017204 0.3196456 -0.6657490 -0.6392717 -0.2877662 -0.5389048 -0.2023560 0.1518635 0.0793216 -0.6266463 -0.5617273 -0.5972481 -0.3953615 -0.0686673 -0.3228259 -0.0243821 0.3882866 -0.4811336 -0.6191797 -0.5386671
0.2162041 0.5259976 0.1864243 0.4931595 -0.0834458 0.6796215 0.6153661 0.6233611 0.5643024 0.5132756 0.4734815 0.0000000 0.3635912 0.2091387 0.6659380 0.1699056 0.3347266 -0.0928514 0.2037038 0.0103596 0.9386677 -0.0961936 0.1361165 0.5579446 0.1526943 0.0375790 0.0331719 0.2949473 0.8768992 0.2394955 0.0199311 -0.2046189 0.4064856 0.6549595 -0.0818501 0.9382677 -0.1407594 -0.1704356 0.0168981 -0.1180813 -0.1790872 0.8091315 0.0299551 0.0038376 0.5054639 -0.2460989 -0.2467867 -0.2819026 0.1991117 -0.2976657 -0.1819763 -0.0588293 0.4319863 -0.0393456 -0.3985304 -0.3211750 -0.2663079 0.1032162 0.6564096 -0.0074034 0.6830062 0.0278406 -0.4315451 0.3616522 0.2206832 -0.2244782 0.1005573 0.1592408 -0.3243791 0.3711446 -0.0183111 0.3951029 0.2528029 0.3521152 0.1122629 0.5460451 0.3326427 0.2155373 0.4740278 0.1920191 0.0303004 0.0606639 0.5351638 0.3897818 0.3366529 0.3824256 0.4579412 0.4241876 0.2066158 0.3908699 -0.0577006 0.1335149 -0.0783851 0.4299519 -0.0388224 0.0347226 -0.0507329 -0.2412552 0.2592836 0.3123802 0.5323510 0.0525127 0.2587499 0.4848242 0.0106092 0.2220105 0.2561119 0.3153269 0.1942225 0.2050297 0.1840470 0.1857700 -0.3666706 -0.0828600 -0.0046827 -0.0630135 -0.0727271 0.0572449 -0.0017817 0.0232599 -0.0631790 -0.0519030 0.0892429 0.3090033 0.2839823 0.0072226 -0.0167055 0.2220368 0.0588239 0.0508393 0.1876842 -0.3062979 -0.1294462 -0.0889930 -0.3792841 0.3796895 0.1291453 0.2160162 0.0847396 0.5091577 -0.1462661 0.3535896 -0.3135152 0.1415145 0.3647423 0.1727208 0.1434628 0.0625268 -0.2078076 0.2933562 0.2278228 0.2312300 0.1614036 -0.1546297 -0.0053794 -0.1863364 -0.2339292 0.1479705 -0.1211166 0.3273972 -0.2215214 0.3012342 -0.1440471 -0.3230508 -0.1178042 0.0474430 -0.2870627 -0.3020439 -0.4166094 -0.0068124 -0.3700726 -0.4212202 -0.1898359 -0.1261253 0.3587006 0.5627065 0.2263029 -0.1021033 0.4377250 0.3932033 0.0434556 0.7114772 0.7211566 0.8280045 0.6880209 0.2430165 0.0862090 0.0015222 0.3885282 0.3205786 0.0770621 0.2671483 0.0872725 0.0600797 0.0811787 -0.0367433 0.0023649 -0.0067699 -0.3164075 -0.0214814 -0.3303254 -0.2656272 0.1706647 -0.1937171 0.2122518 -0.0112488 -0.2329954 -0.3554646 -0.2264976 -0.3525854 0.0260066 0.1977486 -0.1687243 0.1068697 0.2878698 -0.3941466 -0.5141229 -0.3466821
0.1194650 0.0084991 0.3877646 -0.1435039 0.3194433 -0.1816192 0.1180101 0.5144359 -0.3346559 -0.1814438 0.0524983 0.3635912 0.0000000 -0.3206604 -0.2117645 0.2157919 -0.0716740 -0.5918142 0.6956202 0.6353510 0.4701117 0.3135073 -0.1711552 -0.1992545 0.4443926 0.0108877 -0.3205716 -0.3580861 0.2097308 -0.3182569 0.3398505 -0.0525516 -0.0557495 0.1933836 -0.2994673 0.3379784 -0.1560781 0.1101627 -0.3468576 -0.4247322 -0.1571832 0.2509859 -0.2381547 -0.3457582 0.2817016 0.0184686 -0.1939904 -0.0115385 -0.1439904 -0.1199933 -0.2751614 -0.2929732 0.0823335 -0.2608806 0.0649556 -0.0175160 -0.1169438 -0.1996885 0.2474315 -0.1771387 0.2916707 -0.1815481 -0.1272433 -0.0454387 0.2355499 0.1307215 -0.0278080 -0.0633769 0.0499130 -0.1213115 0.1551959 0.0000043 0.0190165 0.2178808 0.1970459 0.0216698 0.0616349 0.0682193 0.1429631 0.1658077 0.3085902 0.1324862 0.3645663 0.2510371 0.2922332 0.1824468 0.3445762 0.2814352 0.3363343 0.3246567 0.1347769 0.1893263 -0.1587058 0.3112297 0.0985965 0.0063926 -0.0301350 -0.2882396 0.2924319 0.2761102 0.2686134 -0.0614014 -0.0109511 0.3567144 -0.0051395 -0.0136626 0.1433962 0.2332520 -0.2021923 0.2223769 0.1869221 -0.1345016 0.1607400 0.1263230 -0.2502071 -0.1031599 -0.1077676 -0.2345656 -0.1566979 -0.2897445 -0.2746823 -0.0550413 0.1882304 0.1273767 -0.2231483 0.0528996 0.1337978 0.1905036 -0.0861187 -0.0374638 -0.2700122 -0.0809664 0.0986275 0.4505587 -0.1963948 0.3108290 0.1299555 0.1348279 0.0289916 0.2038835 -0.1278752 0.0717847 0.2721937 0.2525563 0.1384307 0.3129941 0.0376718 0.0203308 -0.2292941 -0.0425906 -0.0077802 0.4866310 0.0200734 -0.2293974 -0.0443745 0.0517846 -0.0617772 -0.0380090 -0.0282527 0.1179764 0.0520994 0.0341620 0.3389107 0.0068133 -0.1247439 0.0517821 0.2131128 -0.2849180 -0.1973910 -0.1291174 -0.2194645 -0.2214157 -0.2949846 -0.2509184 -0.1268195 0.4403372 0.6650528 0.3635013 0.6370521 0.4814390 0.3136427 0.3204541 0.1377104 0.2009351 0.2278837 0.4408521 0.4321110 0.4092759 0.3162261 0.3378256 -0.2149546 0.2208949 0.5554923 -0.2288151 -0.0090750 -0.0885739 -0.0346450 0.4763324 0.4127941 0.0818508 -0.2490667 -0.0559191 0.2034750 0.0418178 0.1863808 0.0654658 0.0296204 0.1466567 -0.3609858 -0.0859873 0.1503204 0.2327866 0.0134395 0.4083761 0.2446872 0.1669896 -0.2030801 0.1717490
-0.1020086 0.0391160 -0.0810671 0.4703688 -0.2651962 0.4018582 -0.1011473 0.2928700 0.7961461 0.8502813 0.5761823 0.2091387 -0.3206604 0.0000000 0.6171499 0.3317260 0.8254853 0.7950766 0.0808987 -0.4323863 0.2558395 -0.0976734 0.6220404 0.6366552 0.1379161 0.4657985 0.6981526 0.8562053 0.3589064 0.8413384 0.0050837 0.2118476 0.5534428 0.5360938 0.5672673 0.1616172 0.2836499 0.0594924 0.6481399 0.6568932 0.2389345 0.2260002 0.5027448 0.6573463 0.4268443 0.1141295 0.2807615 0.0487977 0.5924377 -0.0523990 0.4708584 0.5668493 0.6613818 0.8166874 -0.1064482 0.0171125 0.1661310 0.8053347 -0.0752268 0.4914720 0.1678363 0.7311787 0.1790788 0.7439606 0.4026534 -0.3276766 0.4513898 0.7739654 -0.0743850 0.8890038 0.0467852 0.6050282 0.5648854 0.3918034 0.0490738 0.8120064 0.4430176 0.2893882 0.5949749 0.3506723 -0.0799682 0.0951166 0.1635175 0.1155297 0.2304936 0.2246160 -0.0014353 -0.0753215 0.0244618 0.0662948 0.2055840 0.2739168 0.1679108 -0.1550380 -0.0501016 0.2307893 0.2600910 0.2200506 -0.0481058 0.1982198 0.0219978 0.4751940 0.4167970 0.1295103 0.2961700 0.2206288 0.2814666 0.3762563 0.2391436 0.3526201 -0.0972589 0.1856368 -0.3147017 0.1166954 0.1620018 -0.0479036 0.0249039 0.1275704 -0.1205912 0.1959762 0.0355248 0.0959753 -0.3856095 -0.2598208 0.2525078 0.4492121 0.0830081 -0.0058548 0.3972496 -0.0658378 0.1104468 -0.1782271 0.0545605 -0.6013446 -0.0222592 -0.0399909 0.0486050 0.3354141 0.3531194 0.0359494 0.2148239 0.2581284 0.1740995 -0.0738960 0.1786217 -0.3113458 0.2977904 0.3306743 0.1760310 0.1871021 0.1244929 -0.2154139 0.1353117 0.2686760 0.2890928 -0.2166436 0.0114779 0.0729242 0.2328263 0.2458943 0.2000550 0.1009259 -0.1599942 -0.2010033 -0.0227419 -0.2025025 -0.1043562 0.0457688 -0.1265390 0.0375324 0.0802575 -0.0924527 -0.1602010 -0.0375044 -0.1592404 -0.2002083 -0.4079351 -0.2218798 -0.3093427 -0.4589439 -0.1836533 -0.1110662 0.0773859 0.1844182 0.0058518 0.0356319 -0.1348006 -0.0587805 0.2178027 0.0686624 0.1094158 0.0974134 -0.1972719 0.0142728 0.1943373 0.1929878 -0.0088366 -0.3584481 -0.2798217 0.3923839 -0.3008580 -0.3683115 -0.2991067 -0.5033803 -0.1159509 0.3558953 0.2678222 -0.4618487 -0.1671951 -0.2941561 -0.2576915 -0.2070847 -0.0245568 -0.3213593 0.3022307 -0.2039114 -0.0474474 -0.3098506
0.1717625 0.5635026 -0.2524065 0.4207335 -0.1435893 0.7940368 0.5975738 0.2852325 0.8978378 0.6597735 0.5292640 0.6659380 -0.2117645 0.6171499 0.0000000 0.2802925 0.5975071 0.4403788 -0.0315457 -0.4145182 0.5618034 -0.2065504 0.4379438 0.7722147 0.1041593 0.3332530 0.4296932 0.6896134 0.8027912 0.6103004 -0.0965098 0.1088800 0.5308024 0.5528536 0.3273573 0.6457903 0.2256132 -0.1116700 0.3625938 0.2983349 0.0132961 0.6945336 0.3138462 0.3366890 0.4471046 -0.0383133 0.1131644 -0.1463603 0.3731944 -0.1261971 0.2395145 0.3752818 0.4436588 0.3731789 -0.2529945 -0.0641548 0.1717798 0.4304955 0.5728443 0.4224799 0.5508887 0.4610767 -0.0580901 0.4369362 0.0750273 -0.0543333 0.4296244 0.4406855 -0.0692772 0.6446229 0.2054507 0.3502448 0.5925007 0.1810018 0.2016852 0.7441846 0.2654953 0.4368212 0.6021060 0.0760584 -0.0521052 -0.0232828 0.3863215 0.2863725 0.2224488 0.2734995 0.2479657 0.2038430 -0.0916370 0.1191552 -0.1165697 0.0548903 0.1010645 0.2117557 -0.1754295 0.0473736 0.1385794 -0.0015211 0.0341356 0.0724618 0.2707348 0.2669093 0.3929262 0.1597599 0.1925285 0.2491458 0.1880820 0.3424716 0.3880026 0.2450827 0.0224493 0.2356540 -0.3582175 -0.0119299 0.1452442 -0.0444097 0.0382223 0.1719872 -0.0842113 0.2141609 0.1142218 0.1295836 -0.1447361 -0.0456852 0.4387539 0.1947156 0.0369860 0.0665167 0.2573808 -0.1461390 0.2324704 -0.4311842 -0.1079353 -0.4758780 -0.2944967 0.1569244 -0.0014853 0.2918740 0.2110767 0.2543036 -0.1803325 0.3121256 -0.3738199 -0.1835533 0.1793679 -0.1136453 0.2925419 0.2446486 -0.0770759 0.3827983 0.2748329 -0.0907183 0.2906746 -0.1348706 0.1912322 -0.4025860 -0.2633300 0.1158975 -0.0439523 0.2549604 -0.0763170 0.3214929 -0.4457138 -0.4180251 0.0264456 -0.0507048 -0.4969021 -0.2255026 -0.2820977 0.1555009 -0.2346639 -0.3133745 0.0059384 -0.0339958 0.4658593 0.2304244 -0.2847433 -0.3476761 -0.1643725 -0.1938445 -0.1935753 0.3685558 0.6503676 0.6882284 0.5923376 -0.0505214 -0.0630135 -0.2120147 0.1675375 -0.0430779 0.1205886 -0.0516916 -0.3915014 0.0639840 0.1494387 -0.0138366 -0.1369523 -0.4225329 -0.5242850 0.0849219 -0.2729465 -0.2704702 -0.1781431 -0.4388139 -0.1343569 -0.0385179 -0.0844285 -0.5519862 -0.0166523 -0.3737710 -0.0316116 -0.1680172 -0.2590126 -0.2365066 0.0956185 -0.5545603 -0.3641309 -0.4513319
-0.1366484 0.0208492 -0.0434630 0.0789179 0.1317862 0.1357718 0.1367937 0.3148783 0.2360251 0.3199449 0.5562404 0.1699056 0.2157919 0.3317260 0.2802925 0.0000000 0.6573671 0.0454356 0.5630437 -0.0024738 0.2391394 0.2185046 0.5869420 -0.0258710 0.6136089 0.6577303 0.3557185 0.1917032 0.0736040 0.3356587 0.1725189 0.3865478 0.0359827 0.0350951 0.2745686 0.1971972 0.3795916 0.2500852 0.2828208 0.1558951 0.1579615 0.0643281 0.3216139 0.1565856 0.0909781 0.2751541 0.1164328 0.1426465 0.1034473 0.0787269 -0.0415906 0.0781546 0.1273801 0.2800157 0.0406977 0.1164141 0.2383242 0.2081967 0.0666365 -0.0923067 0.0945828 0.0228170 0.1538722 0.1122953 0.2648399 0.0115006 -0.1165340 0.2977482 -0.0010229 0.2671291 0.0434497 0.1444349 0.1984182 0.2095156 0.1654379 0.3495874 0.2237447 0.2354472 0.2873583 0.1178759 -0.2718056 -0.0564145 0.1417441 0.1650951 0.1668868 -0.0771027 0.0922055 0.1307917 0.1017910 0.0656531 0.1641634 0.1483058 0.2089057 0.2190722 0.0389423 0.1649110 0.3823015 0.2290163 -0.0920035 0.1295283 0.0384883 0.0873936 -0.0233024 -0.0026902 0.3052561 0.0889799 0.0323369 0.1941973 0.2436733 0.1698083 -0.1810838 0.1233825 0.1986742 0.0330518 0.1993280 0.1462747 0.0474280 0.1490718 -0.0572615 0.2644282 0.0652080 0.0231415 0.2768203 0.0048852 -0.0326008 0.3252774 0.0585600 0.5088705 0.1527411 -0.2001988 -0.1442434 0.2334370 -0.0708065 -0.0222477 0.0372724 0.3930291 -0.0372470 0.2649051 0.2185028 0.1933579 0.1570243 0.2970471 0.3123284 -0.0753128 0.2183614 0.0477079 0.3231210 0.3859658 0.1709033 0.2582004 0.1315651 0.3192795 0.2572153 0.0913310 0.3817892 -0.1250938 0.0793369 0.1321908 0.2602954 0.1484438 0.2549331 0.1285892 0.1429373 -0.0688648 0.0115357 0.1194370 0.0905091 0.0036194 0.0634692 0.0389670 0.0216729 0.0648673 0.0273056 0.0535292 -0.0539709 0.0957375 0.1021460 0.0963786 0.0239960 -0.0553803 -0.0564764 0.0566808 0.1329596 0.1696671 0.1499258 0.2315947 0.2424338 0.0861646 0.1563818 0.0686987 0.2877915 -0.0036478 -0.0072569 0.0995397 0.4668709 0.1522858 0.1179999 -0.0990455 -0.3501285 0.2960996 -0.1545048 -0.2978485 -0.1396390 -0.1660636 0.0643018 -0.2518331 0.0698055 -0.0252013 -0.2018661 -0.2575737 0.0650126 -0.2294333 0.0070424 0.0352551 -0.1309665 0.0515607 0.0239987 0.1581920
-0.1933316 0.1124698 -0.0093765 0.4664477 -0.1513978 0.4674638 0.0526444 0.4872346 0.7030491 0.8338181 0.8457843 0.3347266 -0.0716740 0.8254853 0.5975071 0.6573671 0.0000000 0.4067018 0.2719974 -0.4070194 0.3993516 -0.1595332 0.6172065 0.5037714 0.3242335 0.4550674 0.5832440 0.6623396 0.4096435 0.7102498 -0.0861617 0.1245889 0.4583649 0.5587787 0.3247437 0.3976167 0.1882762 -0.0424166 0.4605651 0.3759561 0.0082147 0.3798588 0.3439289 0.3934122 0.5464883 -0.0015459 -0.0060384 -0.1183506 0.3727752 -0.2372016 0.0729165 0.2537635 0.6187629 0.5576229 -0.3415815 -0.1785743 0.0247733 0.4852237 0.1070922 0.1328781 0.4196934 0.4744871 -0.1082360 0.5959402 0.5071426 -0.3191159 0.2240837 0.7156560 -0.2577051 0.7764264 0.0343496 0.5995600 0.5651973 0.5021915 0.1515154 0.8163990 0.5883031 0.4184884 0.6739468 0.4073265 -0.1176488 0.0990586 0.2155355 0.1364359 0.2212252 0.3089730 0.2678185 -0.0249486 0.1096833 0.1035952 0.1731663 0.2608568 0.0240399 0.0069288 -0.0178047 0.1710543 0.2696615 0.0984049 -0.0246797 0.3261954 0.1281664 0.4162351 0.4046419 0.2924410 0.3154954 0.2438625 0.2441189 0.4724245 0.2561641 0.4175116 -0.0645798 0.1426348 -0.0740812 0.2294746 0.2204965 0.0558565 0.0167002 0.1162067 -0.1051796 0.1614819 -0.0068653 0.0268558 -0.0360601 0.0167310 0.1069329 0.5050324 0.1128167 0.3297812 0.3356431 0.0862773 0.0536971 0.0410523 0.0080734 -0.3326854 0.1307014 0.2741149 0.2249135 0.3832989 0.4372565 0.1401674 0.2433695 0.2980428 0.1997236 0.1432183 0.3433912 -0.1483561 0.4124702 0.4800129 0.1274182 0.3064069 0.2778346 0.1600952 0.1985661 0.2191011 0.3909250 -0.0695144 0.0690502 0.1729597 0.1782420 0.3970439 0.1975703 0.0834638 0.0217157 -0.2125042 -0.0723531 -0.0540268 0.0032893 -0.0401704 -0.2213964 -0.0554583 -0.0101468 -0.2069831 -0.1265725 -0.2790896 -0.1003115 -0.0282653 -0.2255938 -0.1569306 -0.0244922 -0.1792214 0.0082100 0.1658459 0.2931436 0.3860336 0.2361684 0.2861813 0.0762007 0.0567938 0.4120830 0.2108041 0.1061968 0.1802723 -0.1015836 -0.0970489 0.2491417 0.0295343 -0.1288767 -0.3375766 -0.3444503 0.4293779 -0.4718570 -0.4143394 -0.2185769 -0.4644956 -0.2182686 0.1956962 0.1533133 -0.4871254 -0.3136711 -0.3393470 -0.2521981 -0.1703612 -0.2682258 -0.2000812 0.2774613 -0.2036390 -0.2284534 -0.2736266
