0.0000000 0.6592944 0.6493612 0.7309819 0.3422231 0.6196278 0.5999240 0.2942059 0.5454889 0.3670095 0.0841141 0.5065791 0.1224130 0.1560085 0.4987117 -0.0053038 -0.0524173 0.6576184 -0.0762072 0.2655968 0.5800592 -0.1059248 0.0412505 0.1385855 -0.2077460 -0.1472831 -0.0512434 0.0789399 0.1896926 -0.3446720 0.0654795 -0.4484218 -0.0360116 0.0222908 -0.0513233 0.2390271 -0.2864079 -0.1708407 -0.1357407 -0.2968439 0.0372708 -0.0120614 -0.0506961 -0.0466649 -0.0655202 -0.2592444 -0.2508420 -0.1108636 0.0638559 -0.1990661 -0.2148556 -0.0978924 0.0205762 -0.1557406 -0.1997000 -0.2297133 -0.3359490 -0.0810116 -0.0143021 -0.2294858 -0.0627793 -0.0340717 -0.1404876 -0.0318308 0.0021339 -0.2590481 -0.2764459 0.0151677 -0.2533082 -0.0715822 -0.3018525 -0.0297081 -0.2265877 0.0260212 -0.2611325 0.0145571 0.2898960 -0.2972796 -0.0977066 0.1764065 -0.2849920 -0.0178289 -0.0466875 -0.0759428 0.1784444 0.1836613 -0.2956991 0.0357992 0.0931282 0.3000012 -0.2483687 -0.5322284 -0.1979145 -0.0488225 -0.2703900 -0.5941416 -0.5548959 -0.0070702 0.0533381 0.0126544 -0.2613573 0.2201464 -0.0443936 -0.1789877 -0.3610715 -0.5214377 -0.1908814 -0.3961390 0.0548864 -0.2040729 -0.2352758 0.1461307 -0.2075830 -0.1096541 0.1226922 0.0386625 -0.0213340 -0.1026580 0.0416582 -0.3178953 -0.3068529 -0.2060306 -0.2452115 0.1253373 -0.0727431 0.3225184 -0.3874828 -0.4613385 0.3211105 -0.0016978 0.3237668 -0.3472234 -0.0341981 -0.1121489 -0.0596432 -0.2235690 0.2820872 0.3861649 0.2405209 0.5518526 -0.3702252 0.5164085 -0.4950528 0.2839464 0.2936777 -0.4182295 0.1467603 0.0504032 -0.5118535 0.4136614 0.4152919 0.0705316 0.1867404 -0.4887756 -0.4002397 -0.2028653 -0.5089930 0.0538430 -0.5552475 -0.1390603 -0.5074748 0.1560512 -0.2654155 -0.4471635 -0.3687576 -0.3135180 -0.4917794 -0.5901072 -0.6129077 -0.4127652 -0.5136106 -0.6033228 0.7142380 0.6742189 0.3700784 0.6735359 0.5885208 0.2566665 0.4975884 0.1909266 0.0562216 0.1036541 -0.0332786 -0.0328569 0.0012462 0.0422430 0.0815300 0.0683573 0.2726935 0.2657751 -0.1380190 0.3113095 0.1817455 0.1978817 0.1366618 0.4365344 0.5459791 0.2815038 0.0037289 0.4153831 -0.0338862 -0.3135330 0.0802051 0.3770441 0.6193041 0.1585919 0.6394232 0.4005864 0.1339095 -0.0386620 0.0478324 0.0114741 0.5659418 0.1646355 -0.2134702 0.3560509 0.3548071 0.0809320
0.6592944 0.0000000 0.4930986 0.4637330 0.3099116 0.6207072 0.8314423 0.0413237 0.2979278 0.1355685 -0.1635143 0.7783027 -0.0208846 -0.0338933 0.5936880 -0.3016234 -0.2837834 0.2991960 -0.2915393 0.1316441 0.7239483 -0.1246141 -0.3069521 0.2935063 -0.3366620 -0.3492028 -0.3373227 0.0429306 0.4766816 -0.4647645 0.0160865 -0.4748974 0.1171656 0.2519226 -0.3071347 0.2921995 -0.3572818 -0.3056090 -0.4189385 -0.4760144 -0.1934437 0.0341210 -0.3275136 -0.1741683 0.0261120 -0.4043723 -0.4104663 -0.2867789 0.1579385 -0.4004651 -0.3564946 -0.3410625 0.0703414 -0.3367231 -0.3264059 -0.3975905 -0.3878185 -0.0287117 0.1040510 -0.2906650 -0.0417738 -0.1816921 -0.3035810 0.0771091 0.0809203 -0.3459907 -0.2985751 -0.2444757 -0.3710320 -0.1704290 -0.3892191 -0.0506743 -0.3190800 0.0805753 -0.3814408 -0.1721232 0.1834227 -0.3612158 -0.3722239 -0.0090959 -0.4884140 -0.0547011 0.0694784 -0.0219153 0.0263130 0.2061237 -0.1685295 0.0102894 0.0055016 -0.0242636 -0.0704861 -0.2841820 0.0324995 -0.1231238 -0.1476612 -0.2987336 -0.1584708 0.1371880 -0.2306300 0.0444627 -0.3794112 0.3219156 0.1717629 -0.1846248 -0.0815298 -0.3358282 -0.1510122 0.1210494 0.3072631 -0.1896548 -0.0583263 -0.1465717 -0.0323604 -0.1557425 -0.0435395 -0.1743781 -0.2142851 -0.2892689 -0.1640622 -0.3876511 -0.3421627 -0.2504628 0.1430988 0.1046845 -0.1911244 0.3103238 0.0814934 -0.0849643 0.2100721 0.2449596 0.2378079 -0.0463513 0.2359927 -0.0647210 0.1659332 0.0901063 0.1894783 0.3827386 0.2304386 0.5261059 -0.0018634 0.5295736 -0.3278762 0.3761097 0.2878348 -0.0345359 0.3559319 0.3245609 -0.2332041 0.4567601 0.4262384 0.1909868 0.3835097 -0.1691054 0.1358482 -0.0610509 -0.2810212 0.2846457 -0.3046943 0.0000472 0.0217572 0.2800951 -0.0353412 -0.2853564 0.0870868 -0.0743223 -0.3384220 -0.3454012 -0.3751010 -0.2249968 -0.2375101 -0.3092539 0.6289093 0.5739790 0.6774940 0.7088636 0.6001928 0.4159314 0.5050361 0.2000486 0.3465648 0.1573791 0.0546630 0.0224605 0.0814335 0.1581695 0.0923689 -0.0148748 0.2166262 0.3479327 -0.0510695 0.2925830 0.1585618 0.4150763 0.3527293 0.4809081 0.3774938 0.3567614 -0.1670386 0.3197741 0.0695854 -0.0782572 0.1010376 0.1974751 0.5716982 0.1058256 0.5181057 0.3642724 0.1776471 0.1125771 0.1721125 0.0922173 0.3751782 0.0716109 -0.3778795 0.1358476 0.3159832 0.1610499
0.6493612 0.4930986 0.0000000 0.7253640 0.8558743 0.2552142 0.2431507 0.5786787 0.5886491 0.4196161 0.2694386 0.6687053 0.4214494 0.3590780 0.4608630 0.0874459 0.1309310 0.6108181 0.0145836 0.6086792 0.4605422 -0.0287224 0.0547820 0.5241027 -0.1234839 -0.0940418 0.1015671 0.5224769 0.0608922 0.0773953 0.3984370 -0.2709394 0.4749523 0.4843030 -0.0481902 0.0070096 -0.1443481 -0.0945592 0.0759261 0.0036590 0.1311327 -0.3036699 0.0258992 0.4408953 0.0829913 -0.1576322 -0.1785004 0.0241310 0.5190089 -0.1640147 -0.1708025 -0.0237802 0.5594549 0.0916677 -0.0298409 -0.1315543 -0.2274984 0.3687150 -0.1843253 -0.2116039 -0.0173173 -0.1450619 0.0377255 0.4058429 0.4028672 -0.1580812 -0.3022516 -0.0042343 -0.1665252 0.1950105 -0.3056100 0.4961532 -0.3027240 0.4309206 -0.2669834 0.1871891 0.5860042 -0.4534875 -0.0071003 0.6450284 -0.0538390 -0.3482937 -0.0974403 -0.1058717 -0.1073055 -0.0374508 -0.0620462 -0.3234482 -0.2166119 -0.1913653 -0.0957119 -0.3057427 0.0685659 -0.4621727 -0.2522062 -0.4044536 -0.3508302 0.1518321 -0.1921669 -0.4296241 -0.5656413 0.2022108 0.1864953 -0.4442322 -0.2868276 -0.4895793 -0.0299506 -0.1308241 -0.0371005 -0.0414246 -0.3088875 0.1104739 -0.1819371 -0.0443897 0.2431768 0.1514331 0.0663411 0.0997784 0.1619374 -0.1661115 -0.2280070 -0.1244979 -0.2509883 0.0383938 0.0374727 0.2568036 -0.2529271 -0.5405837 0.2919587 0.2567946 0.2969699 -0.4247244 0.0951748 0.0439916 -0.2224943 -0.3510367 0.2087218 0.1410004 0.1120056 0.2637220 -0.4211645 0.2437075 -0.3573513 0.0415209 0.0374388 -0.5145548 -0.0864405 -0.1533361 -0.3962394 0.0920986 0.0616088 -0.2277297 -0.1200135 -0.5201002 -0.3570396 -0.3083911 -0.4112659 -0.2608482 -0.3837769 -0.3425049 -0.4636931 -0.2050495 -0.4075495 -0.4419899 -0.4560793 -0.3839495 -0.4991641 -0.4276521 -0.4204093 -0.5437309 -0.4370174 -0.4581374 0.1753455 0.2038271 -0.0186948 0.4717034 0.5656508 0.0916101 0.1345989 -0.3406561 -0.4627350 -0.3212715 -0.3235714 -0.3504274 0.0099004 0.3320231 0.3823832 0.3934933 0.6557465 0.5980637 -0.2152940 0.5713208 0.3002656 -0.0640177 -0.0890073 0.3295031 0.3910577 0.4110104 0.5773924 0.3764155 0.0783705 -0.2513796 -0.0978358 0.5292253 0.7477968 0.4092412 0.3813361 0.7020808 0.0430442 0.2565769 -0.1189440 0.1717557 0.8676573 0.5304237 -0.0737759 0.3610059 0.0000314 -0.1969263
0.7309819 0.4637330 0.7253640 0.0000000 0.6148854 0.4590348 0.3353406 0.7319591 0.7506291 0.6726444 0.5636877 0.5226469 0.4350373 0.5999538 0.5070664 0.2860998 0.4049400 0.7745195 0.1712491 0.4664356 0.5275579 -0.0023010 0.3362725 0.4140775 -0.0118100 0.0118934 0.3865459 0.4875858 0.1762740 0.1328664 0.3446522 -0.3161322 0.2950683 0.3234828 0.1231714 0.2320061 -0.1758236 -0.0313707 0.2366841 0.0821010 0.1184920 -0.1238058 0.2129003 0.4224281 0.0961161 -0.0487507 -0.0712900 -0.0100733 0.4435746 -0.0966050 -0.0497646 0.1343795 0.4035703 0.1132389 -0.0322333 -0.0837660 -0.2413773 0.2778646 -0.1192274 -0.1765055 -0.0918907 0.0229217 -0.1047322 0.2433537 0.2348253 -0.1986972 -0.2420561 0.0681606 -0.1145289 0.1631900 -0.2245469 0.1974482 -0.2250306 0.1181470 -0.1737722 0.1062154 0.3552114 -0.2156182 -0.0208508 0.2246050 -0.0110183 -0.0578111 -0.1465133 -0.1352067 -0.0667545 -0.2353043 -0.1564382 -0.1899848 -0.3700998 0.0092369 -0.3629995 -0.5381273 -0.2664976 -0.2053922 -0.4851409 -0.5740824 -0.4870537 -0.1002830 -0.0924674 -0.1668225 -0.2476956 0.0742239 -0.0544369 -0.1073663 -0.4214309 -0.5122769 -0.1936893 -0.3327114 -0.2108315 -0.1036743 -0.3399488 0.1519618 -0.1328626 -0.0935422 0.1952797 0.0839356 0.0221599 0.1238198 0.1131846 -0.1123188 -0.1993649 -0.1162022 -0.3849395 0.2635229 0.0750782 0.4227829 -0.3153601 -0.5393386 0.3530044 -0.0155545 0.1847100 -0.5506144 -0.0088798 -0.2537131 -0.2649273 -0.3770368 0.0988440 0.2025241 0.0983107 0.5149508 -0.4900011 0.4277144 -0.4246797 -0.0038746 0.0654902 -0.5903528 -0.0830022 -0.1787687 -0.4370927 0.3144871 0.2447732 -0.2062261 -0.0495224 -0.5372915 -0.5201912 -0.3772862 -0.3795051 -0.2147231 -0.3858127 -0.3456929 -0.6005553 -0.0534824 -0.4859890 -0.3956973 -0.5161777 -0.4550078 -0.5625427 -0.4416327 -0.4113413 -0.4313657 -0.5009540 -0.4933659 0.3732833 0.3521055 0.0907681 0.4304591 0.5039285 -0.0632530 0.4273143 0.0059123 -0.2651837 0.0254106 -0.1199448 -0.0724255 -0.1412701 0.1060251 0.0571267 0.0469533 0.2958898 0.3245360 -0.0236568 0.2314629 0.0674155 0.2076325 0.1711859 0.5675776 0.5767508 0.3020171 0.2314409 0.5594849 0.0737095 -0.3258337 -0.0276128 0.2520445 0.6414313 0.2740891 0.5607476 0.5304152 0.0917521 0.0121950 -0.1408185 0.1542125 0.6706971 0.3775266 -0.3840914 0.1635457 -0.0746205 -0.3855164
0.3422231 0.3099116 0.8558743 0.6148854 0.0000000 0.1879557 0.1972080 0.7124504 0.5821867 0.4714098 0.4171915 0.5276772 0.6659767 0.5256977 0.4734307 0.2352516 0.3199163 0.5403554 0.2139964 0.7128015 0.2056722 0.2180456 0.1642243 0.6386626 0.1052960 0.0882571 0.2971269 0.6754766 0.1231385 0.2989249 0.5799470 -0.0005275 0.6114980 0.6434113 0.0832999 -0.0046471 0.0626747 0.1285568 0.2396360 0.1487163 0.3055124 -0.1879978 0.1621358 0.5891801 0.1615769 0.0624346 0.0161457 0.2069092 0.6213463 0.0261371 -0.0100793 0.0895914 0.6380646 0.2850349 0.2484691 0.0795402 -0.0251044 0.5335830 -0.0031133 -0.0964031 0.1541354 -0.0470086 0.3406095 0.5239398 0.5851880 0.0740316 -0.1218263 0.1035896 0.1031951 0.3610062 -0.0591787 0.5411198 -0.1238219 0.5624043 -0.0122388 0.2909055 0.5211651 -0.2630086 0.1234207 0.6284898 0.1952452 -0.2888901 -0.1039916 0.0041992 -0.1097326 -0.1293302 -0.2312300 -0.2070419 -0.3119508 -0.3225018 -0.2772819 -0.3731627 -0.0553860 -0.2698317 -0.4321235 -0.4449366 -0.4224062 0.0288058 -0.4297373 -0.2822764 -0.6155497 0.0265798 0.1464325 -0.3477735 -0.4962872 -0.6231601 0.0613369 -0.1033872 -0.2965965 0.0627926 -0.5648583 -0.0584411 -0.1051186 0.0376020 0.3000590 0.2139937 0.1222332 0.1169276 0.1892845 -0.0275850 -0.0944298 -0.0040614 -0.5017888 -0.0901859 0.1900159 0.3316642 -0.1761910 -0.6173847 0.3746566 0.1323474 0.2251592 -0.5467455 -0.0251344 -0.0331079 -0.4655899 -0.5709397 0.0731619 0.0722842 0.0474808 0.0229831 -0.5566129 0.0738778 -0.4974877 -0.3265505 -0.0940229 -0.6586936 -0.2512465 -0.2696503 -0.4819111 -0.2109576 -0.2982063 -0.5544681 -0.3767179 -0.6291900 -0.3880105 -0.5925879 -0.5082675 -0.5328050 -0.4417680 -0.6475563 -0.5144753 -0.5411703 -0.6649302 -0.6031273 -0.5764975 -0.6052910 -0.6420815 -0.4631208 -0.4500308 -0.7292552 -0.5409759 -0.4932507 0.0423780 0.1030963 -0.0288877 0.2917147 0.2966202 0.0836202 -0.1190292 -0.4984739 -0.5036160 -0.2959856 -0.1798375 -0.2173562 0.1474363 0.5289561 0.4867694 0.5366782 0.5600158 0.3958835 -0.1900925 0.3833078 0.1944117 -0.2585102 -0.0839320 0.2752193 0.2966394 0.3050092 0.7335667 0.4051081 0.1024353 -0.1290075 -0.0805882 0.4474359 0.6293070 0.5218917 0.3156379 0.4604213 -0.0602852 0.2912072 -0.0893422 0.0133368 0.8096396 0.4015556 -0.2165700 0.5011307 0.0044245 -0.2369651
0.6196278 0.6207072 0.2552142 0.4590348 0.1879557 0.0000000 0.8609578 0.1284679 0.6990516 0.5236339 0.1617029 0.3397770 0.1193518 0.3544750 0.8033799 -0.0232009 0.0916732 0.6088709 0.0255957 0.2016877 0.1964731 0.0448051 0.0274998 0.3147261 -0.0957698 -0.0790818 0.0921049 0.1767106 0.4017899 -0.0849620 0.0961781 -0.3276124 0.0345096 0.2036736 -0.0051606 0.1297286 -0.1355359 -0.0500441 -0.1120331 -0.3066910 0.0732090 0.0567804 -0.0257864 0.0527166 -0.2059532 -0.0868471 -0.0338856 -0.0362625 0.2086309 -0.0338093 -0.0323505 -0.0792614 -0.0315441 -0.0715726 -0.0440672 -0.0581183 -0.0791491 0.0641332 0.1003441 -0.0760293 -0.1839300 0.0016899 -0.0429767 -0.0100180 -0.0434203 -0.0220809 -0.0302906 -0.0769728 -0.0008406 -0.1558394 -0.0181000 -0.3324639 -0.1324724 -0.1344932 -0.1329205 -0.2119894 -0.1421519 -0.2013464 -0.2380990 -0.2430745 -0.2820860 0.4646704 0.3434203 0.3660324 0.4179902 0.1841717 -0.5855525 0.5134919 0.1547735 0.4141267 -0.5005941 -0.5519158 -0.3678172 0.4125058 -0.4372732 -0.6484138 -0.5617579 -0.2419235 -0.1117747 0.2191157 -0.1708583 0.0419445 0.0082875 0.1923390 -0.4994102 -0.5746677 -0.1245337 -0.0323952 -0.1876840 -0.0897888 -0.3247216 -0.0227345 -0.1239675 -0.1068011 0.0458814 -0.0415483 -0.0729499 -0.1839661 -0.0102973 -0.4335071 -0.3393040 -0.1757970 -0.1483582 -0.0451379 -0.4210104 0.2182419 -0.3357662 -0.1749231 0.0883110 -0.2054481 -0.0247491 -0.4038355 -0.2621449 -0.0675555 -0.2249120 -0.1641822 -0.1037633 0.0483765 -0.0791569 0.2203055 -0.1885984 0.1600788 -0.6190897 0.0872898 0.1176277 -0.1473792 -0.0889210 -0.0558376 -0.3293874 0.0665047 0.1527519 0.0258440 -0.1430741 -0.1832066 -0.2163785 -0.2067114 -0.2990282 0.0737800 -0.3698094 -0.2795148 -0.2849029 -0.1319454 -0.1941202 -0.3425695 -0.2103479 -0.2737808 -0.2433608 -0.2390718 -0.3162148 -0.2700938 -0.2331557 -0.2808513 0.7437451 0.5720887 0.4614890 0.4398378 0.2230015 0.3629086 0.1321074 0.0211252 0.1712154 0.1734407 0.1475248 0.1611203 -0.1164245 -0.0392002 -0.2401115 -0.1785820 -0.1297024 -0.1157462 -0.1723459 -0.0585116 -0.0104482 0.0302855 0.1120741 0.1971292 0.3236450 0.0145165 -0.2526014 0.2913782 0.0224139 -0.1766900 0.2031129 0.0333433 0.5408891 0.0681528 0.4733221 -0.0890301 0.2928082 -0.1203558 0.2094784 -0.4379111 0.2158378 -0.2140009 -0.6999657 0.2962623 0.4000871 0.0120203
0.5999240 0.8314423 0.2431507 0.3353406 0.1972080 0.8609578 0.0000000 -0.0519521 0.4044243 0.2145363 -0.1558497 0.5128924 0.0206898 0.0532541 0.7340468 -0.2648027 -0.2162780 0.3950314 -0.1798720 0.1009840 0.4567720 -0.0002832 -0.2542433 0.2341428 -0.2399169 -0.2576170 -0.2434050 -0.0103615 0.5773198 -0.4201632 0.0188658 -0.3971909 -0.0297011 0.1865090 -0.2270195 0.3362672 -0.2630594 -0.1604298 -0.3930009 -0.5485469 -0.0460125 0.2471785 -0.2740916 -0.2210570 -0.0751322 -0.2666176 -0.2450776 -0.1545507 0.0760526 -0.1975810 -0.2464508 -0.3270579 -0.1072265 -0.3056725 -0.1410056 -0.2253040 -0.2340624 -0.0771444 0.3309475 -0.2401764 0.0304231 -0.1401309 -0.0501267 -0.0082922 0.0340298 -0.1491296 -0.1700045 -0.1918743 -0.1389256 -0.1913434 -0.1692044 -0.2675135 -0.1967690 0.0078373 -0.1883463 -0.1858895 0.0006447 -0.2015406 -0.2800339 -0.1662528 -0.3408677 0.2893085 0.2908543 0.2990657 0.3985896 0.3241803 -0.5682384 0.4682006 0.1856034 0.2830800 -0.4165969 -0.5170820 -0.1956284 0.3835108 -0.3934505 -0.5753298 -0.4441673 -0.0464845 -0.2852319 0.4230749 -0.2723413 0.1893878 0.0968662 0.0862946 -0.4145712 -0.5795385 -0.1284234 0.0490259 -0.0047751 -0.1347301 -0.3458430 -0.2137916 -0.0806695 -0.1511958 -0.0344407 -0.1506447 -0.1957748 -0.3517765 -0.1481487 -0.4176265 -0.3387309 -0.2283779 -0.0792058 -0.0121759 -0.2216871 0.3548059 -0.0861690 -0.0888078 0.2932641 0.0269590 0.2266519 -0.2132345 0.0085891 -0.0320473 -0.0759832 -0.0479309 0.1566134 0.3800981 0.2186005 0.3706290 -0.1344570 0.4234309 -0.6194098 0.1966585 0.3701486 -0.1210848 0.2316616 0.2597770 -0.3772614 0.2415037 0.2214719 0.0974537 0.1553956 -0.2199590 0.0129873 -0.2213272 -0.4024600 0.2106639 -0.4491131 -0.2481874 -0.1138505 0.0302477 -0.1747337 -0.4340668 -0.0491434 -0.2382896 -0.3728795 -0.3728747 -0.4576607 -0.3380769 -0.3126883 -0.3869109 0.8291979 0.7576171 0.8007129 0.6472224 0.3620139 0.5248112 0.3357442 0.1962322 0.4702210 0.3453538 0.3215495 0.3007581 0.1586428 0.1594157 0.0030134 -0.0114868 0.0071804 0.0289732 -0.0702706 0.0735183 0.1099809 0.2509766 0.3616928 0.3760503 0.3446841 0.2169335 -0.2185129 0.3261379 0.0346946 -0.0782566 0.2661918 0.1203214 0.4368422 0.1422955 0.6099280 -0.0225635 0.2140437 -0.0399100 0.3249058 -0.2616866 0.2072578 -0.1783101 -0.5924772 0.3289423 0.5326445 0.2451998
0.2942059 0.0413237 0.5786787 0.7319591 0.7124504 0.1284679 -0.0519521 0.0000000 0.6103967 0.7427775 0.8501773 0.2029041 0.8103447 0.7654060 0.1966509 0.7170856 0.7505460 0.5094520 0.6162447 0.6498523 0.0763403 0.4352394 0.7307244 0.3025604 0.4945969 0.5413323 0.7199885 0.5257235 0.0280490 0.5093071 0.6545234 0.3039259 0.3238905 0.3342578 0.5792069 0.0470791 0.3735337 0.4366051 0.6603388 0.5715902 0.4766616 -0.0700946 0.6463202 0.6123817 0.3709061 0.4354202 0.3749849 0.4174386 0.4651693 0.3333020 0.4264075 0.6127050 0.5288417 0.6395063 0.4480454 0.3838265 0.2453584 0.5818164 -0.0841326 0.3291202 0.1748121 0.4968240 0.3593968 0.4371279 0.4842355 0.2972029 0.2950499 0.5248391 0.3735777 0.5961257 0.3047375 0.4251070 0.2926067 0.3597248 0.3253441 0.4761206 0.3859440 0.1663627 0.3863680 0.3759447 0.4173032 -0.1644506 -0.3871603 -0.2955203 -0.3026157 -0.4464595 -0.2107104 -0.3275493 -0.5310962 -0.2972991 -0.3833409 -0.4593512 -0.3974833 -0.2338682 -0.4314392 -0.4143325 -0.5062759 -0.2345708 -0.1275366 -0.2739424 -0.2062238 -0.2029463 -0.1632315 -0.1885293 -0.5159647 -0.4461721 0.0265831 -0.3710502 -0.4684213 0.0955038 -0.4181295 0.1214013 0.0742127 0.2242439 0.3970445 0.3668259 0.3172678 0.3245410 0.3427842 0.1907690 0.1416125 0.2153456 -0.5434936 0.0944995 0.2397817 0.4181942 -0.2025179 -0.6994749 0.3138435 -0.1636358 -0.0087870 -0.6308463 -0.2908128 -0.4015854 -0.5151717 -0.6715212 -0.1741858 -0.1213837 -0.1402387 0.1203604 -0.5759065 0.0150058 -0.3743845 -0.3268479 -0.2725284 -0.6215332 -0.4397604 -0.4993415 -0.4598736 -0.1822822 -0.1821587 -0.5800441 -0.4418592 -0.6070622 -0.6256532 -0.5137420 -0.3944977 -0.6191658 -0.4053616 -0.5036524 -0.6736955 -0.4405212 -0.6384170 -0.4517062 -0.6743292 -0.5846988 -0.5491482 -0.4360798 -0.3688020 -0.5401712 -0.5063600 -0.4202446 -0.0657294 -0.0887571 -0.2790164 0.0006104 0.1060319 -0.1155973 0.0313760 -0.2335688 -0.4907398 -0.1727947 -0.1406048 -0.1433046 0.0086782 0.3268306 0.2643089 0.3137719 0.3190004 0.1721896 -0.0167514 0.0539159 -0.1055374 -0.1745832 -0.0158085 0.3402258 0.4129300 0.0322984 0.5327744 0.5493835 -0.0562150 -0.3098597 -0.3297720 -0.0293433 0.4533624 0.4624063 0.2904535 0.2762945 -0.1808630 0.0501626 -0.3460136 -0.0268228 0.6445678 0.2986782 -0.2419612 0.2304466 -0.2382781 -0.5189955
0.5454889 0.2979278 0.5886491 0.7506291 0.5821867 0.6990516 0.4044243 0.6103967 0.0000000 0.8787872 0.6434253 0.3797492 0.4733103 0.8329913 0.6862401 0.3400599 0.5746876 0.9011560 0.2848294 0.5677614 0.1077833 0.1051946 0.3859002 0.5359286 0.0890265 0.1534795 0.5647306 0.6297813 0.2164302 0.4602383 0.4303959 -0.1712915 0.3611691 0.4739939 0.2462601 0.0264651 0.0547093 0.1029609 0.3724601 0.1793365 0.2567420 -0.1304284 0.3180152 0.6749191 0.0096770 0.1247201 0.1821234 0.1617407 0.6322184 0.1187399 0.1775271 0.2305292 0.4874719 0.3501767 0.1665408 0.1369683 0.0818189 0.5590529 -0.0683398 0.0546366 -0.1171884 0.0975984 0.1249603 0.3670801 0.2861218 0.1017973 0.0224554 0.1778008 0.1334036 0.2478930 0.0425994 0.1422552 -0.0552373 0.1622737 -0.0514431 0.1472979 0.2031120 -0.1799510 0.0825664 0.1819173 0.0963888 0.1323934 0.0263942 0.1236013 0.1257766 -0.2897072 -0.4167947 0.0940742 -0.2961712 0.1179204 -0.5402755 -0.5538863 -0.3522692 0.0790136 -0.5359809 -0.6277393 -0.5905527 -0.2517305 -0.0946866 -0.1133136 -0.2988508 -0.1494582 -0.0531559 0.0072182 -0.5709258 -0.5596754 -0.1053711 -0.1890220 -0.5025313 0.0331690 -0.4526615 0.1243024 -0.2169374 -0.0287939 0.2358490 0.1408900 0.1024820 0.1447620 0.1772092 -0.1975339 -0.2022849 -0.0649907 -0.4700776 -0.0412683 -0.2032842 0.1767573 -0.4784662 -0.5690677 0.1057555 -0.2070808 -0.0318332 -0.7926539 -0.3817585 -0.1739023 -0.5604797 -0.5573240 -0.2293776 -0.1385202 -0.2367573 0.0671299 -0.5048709 -0.0386287 -0.5399845 -0.2634480 -0.2130658 -0.5159869 -0.4126408 -0.4436563 -0.3699597 -0.1586610 -0.0983087 -0.3374063 -0.4739583 -0.4101054 -0.5460489 -0.3875749 -0.2813304 -0.3896223 -0.2713064 -0.4885541 -0.5993900 -0.4357510 -0.4759337 -0.3744237 -0.5654094 -0.5074485 -0.3638303 -0.2085131 -0.2053384 -0.4313919 -0.3229405 -0.2679189 0.3162565 0.2315707 -0.0429349 0.1669393 0.1604482 -0.0807692 -0.0119048 -0.2678838 -0.3842034 -0.0615362 -0.0604911 -0.0193539 -0.1776615 0.1565109 -0.0553671 0.0488761 0.1836819 0.0873867 -0.2755449 0.0760088 -0.0202318 -0.1938553 -0.1398127 0.1835273 0.2682035 0.0365936 0.2400195 0.3154724 0.1263147 -0.3251584 -0.0926215 0.1123091 0.5831415 0.2777140 0.3216449 0.2836667 0.2251292 -0.0880277 -0.2001242 -0.3273664 0.5500344 0.1912591 -0.4759431 0.3671368 0.0638120 -0.2869902
0.3670095 0.1355685 0.4196161 0.6726444 0.4714098 0.5236339 0.2145363 0.7427775 0.8787872 0.0000000 0.8886722 0.1879560 0.6432162 0.9284519 0.3768508 0.6695138 0.8539136 0.6880257 0.6037821 0.5801613 0.0508722 0.3987562 0.7332085 0.2219578 0.4446935 0.5369690 0.7995027 0.4199511 0.3010477 0.6436823 0.5997873 0.2147086 0.1276913 0.3322019 0.6309736 0.1879860 0.4267242 0.4458738 0.7004536 0.5457251 0.5004458 0.1025661 0.6831507 0.6844126 0.3591820 0.4894505 0.5222142 0.4592634 0.5417396 0.4485863 0.5560315 0.6148335 0.5031481 0.6619565 0.4572621 0.4682249 0.4086151 0.7222336 0.0855998 0.4286892 0.1477226 0.4487541 0.3116537 0.4977999 0.4280083 0.3996066 0.3728877 0.4818183 0.4290385 0.5675728 0.3799473 0.2703460 0.2864593 0.2760314 0.2943214 0.4238724 0.2938312 0.2081152 0.3553885 0.1723544 0.3611790 0.0368063 -0.1882089 -0.1534376 -0.0544176 -0.3970099 -0.3918037 -0.0871403 -0.4337539 -0.0728897 -0.5122870 -0.5020719 -0.3736758 -0.0162085 -0.4599524 -0.4991748 -0.5453974 -0.2437876 -0.0366687 -0.1144994 -0.1271622 -0.1784741 -0.1356140 -0.0972689 -0.5509489 -0.4177131 0.0099301 -0.2191513 -0.6357237 0.1822920 -0.4091868 0.2167443 0.0031695 0.2333016 0.4233625 0.3512992 0.3549205 0.3525708 0.3883879 0.0771750 0.0861406 0.2052988 -0.4086229 0.0867531 -0.0283451 0.2552326 -0.3402951 -0.5782557 0.1462398 -0.1972133 -0.0404296 -0.7730688 -0.5074674 -0.3599347 -0.5428608 -0.5887977 -0.3189947 -0.1776188 -0.2552687 0.0986979 -0.4159890 -0.0612803 -0.4018103 -0.1997733 -0.2651979 -0.4129293 -0.4171916 -0.4783317 -0.2697460 -0.1903284 -0.0614990 -0.2906907 -0.4509991 -0.3081800 -0.5603283 -0.2488102 -0.1617845 -0.4025847 -0.1955725 -0.3615680 -0.6022582 -0.3700377 -0.3554919 -0.2472827 -0.5300850 -0.3897447 -0.2344915 -0.1129365 -0.0929888 -0.3012272 -0.2276546 -0.1367304 0.1361003 0.0488589 -0.1541782 -0.0916906 -0.0471569 -0.1755492 0.0796501 -0.0665356 -0.3134015 0.0995757 0.1128159 0.1552121 -0.0043365 0.2602952 0.0641089 0.1559495 0.1982515 0.0292581 -0.0906315 -0.0969288 -0.2101156 -0.1489422 -0.0414807 0.2180822 0.3218100 -0.1305637 0.2754826 0.4165212 0.2003359 -0.4231219 -0.3297738 -0.2288207 0.4614417 0.4143915 0.2702300 0.2198013 0.2522437 -0.2131927 -0.4185801 -0.3597141 0.5341739 0.1632057 -0.3860868 0.3336440 -0.1397431 -0.4350023
0.0841141 -0.1635143 0.2694386 0.5636877 0.4171915 0.1617029 -0.1558497 0.8501773 0.6434253 0.8886722 0.0000000 -0.0595137 0.6932208 0.8975817 0.0959585 0.8307406 0.9610293 0.4277076 0.7304818 0.5013286 -0.1304679 0.4788415 0.8816107 0.1384616 0.6194544 0.6931523 0.9200616 0.4241282 0.0710623 0.7818899 0.6033305 0.4530859 0.1522449 0.2457230 0.7571791 0.0717939 0.5534027 0.5552293 0.8676978 0.7772765 0.5295218 0.0223951 0.8244549 0.7147692 0.4127800 0.6352530 0.6241781 0.5218263 0.4600348 0.5316485 0.6683627 0.7826167 0.4937050 0.7961737 0.5375538 0.5679529 0.4824412 0.6976597 -0.0294986 0.5350474 0.1581009 0.5838050 0.3425101 0.4561714 0.4134825 0.4589139 0.4815519 0.5802198 0.5159977 0.6401562 0.4962316 0.3304551 0.4160278 0.2420796 0.4463704 0.4671012 0.2366095 0.3594567 0.4433619 0.1661121 0.5159313 -0.0842135 -0.3719254 -0.3169799 -0.2962759 -0.5188596 -0.1748622 -0.2698876 -0.5012013 -0.2458130 -0.3530485 -0.3204031 -0.4153660 -0.1444103 -0.3179854 -0.2673941 -0.3690172 -0.3279857 0.0527277 -0.2545712 0.0120242 -0.2938180 -0.2585354 -0.1096111 -0.4156778 -0.2025632 0.0047911 -0.3051312 -0.6103456 0.1501862 -0.2783226 0.1800165 0.0827668 0.2688149 0.3851282 0.3658027 0.3825783 0.4152096 0.3854077 0.2309609 0.2085714 0.2796520 -0.4007850 0.0779094 0.0871911 0.1915160 -0.2500290 -0.5289195 0.0668947 -0.2800555 -0.1859587 -0.6268653 -0.4985850 -0.4182561 -0.4759381 -0.5700042 -0.4077090 -0.3102089 -0.3196608 -0.0324411 -0.3533511 -0.1934762 -0.1769057 -0.3246885 -0.4148950 -0.4041824 -0.4803340 -0.5430302 -0.1438122 -0.2797356 -0.1806079 -0.4055781 -0.4841142 -0.2633146 -0.5219291 -0.2583429 -0.0598389 -0.5062901 -0.0731192 -0.3119772 -0.5339585 -0.3883616 -0.3641345 -0.1355848 -0.4952245 -0.3454169 -0.1792735 -0.0410663 0.0212044 -0.2113575 -0.1712025 -0.0393645 -0.1992079 -0.2644838 -0.4290500 -0.3198824 -0.1826085 -0.3284205 -0.0156595 -0.1067762 -0.4421606 -0.0231592 -0.0110163 0.0396473 -0.0490773 0.1930933 0.0730581 0.1452514 0.1259482 -0.0395970 -0.0218125 -0.1922068 -0.2956092 -0.2231252 -0.1103065 0.1266591 0.2324289 -0.2106543 0.3420911 0.3524219 0.1730764 -0.2860556 -0.3602847 -0.3147013 0.2823008 0.3692443 0.0659514 0.1382916 0.1166798 -0.0981178 -0.4406572 -0.2297080 0.4149198 0.1769223 -0.2333287 0.1808036 -0.3225108 -0.5495624
0.5065791 0.7783027 0.6687053 0.5226469 0.5276772 0.3397770 0.5128924 0.2029041 0.3797492 0.1879560 -0.0595137 0.0000000 0.1212231 0.1200973 0.4400465 -0.3316736 -0.1387950 0.4179484 -0.3395178 0.3339518 0.7104219 -0.1565438 -0.2903220 0.4227814 -0.3742358 -0.3840516 -0.1850285 0.2605422 0.3356131 -0.2659593 0.2247260 -0.4582733 0.2769107 0.3409251 -0.3074909 0.1974245 -0.3001852 -0.2692896 -0.3289385 -0.3372016 -0.0948165 -0.0911403 -0.3194508 0.0787519 0.1347047 -0.3850494 -0.4058495 -0.1908602 0.3313672 -0.3590652 -0.3652783 -0.3506147 0.3164899 -0.2151802 -0.2051954 -0.3427817 -0.3182318 0.1970155 -0.0287649 -0.2652789 -0.0100826 -0.2433134 -0.1936673 0.2525558 0.2542993 -0.3190330 -0.3331654 -0.1400831 -0.3370670 0.0365219 -0.4693209 0.2003783 -0.2999688 0.2563997 -0.3992454 0.0648466 0.4647383 -0.3690313 -0.1108694 0.3259700 -0.2231920 -0.1911896 0.0176639 0.0081210 0.0244806 -0.0546740 -0.0540550 -0.1282862 -0.2914475 -0.0878767 -0.1596348 -0.3023908 0.1635368 -0.2375065 -0.2762410 -0.2945301 -0.1395261 0.2791263 -0.3337308 -0.0470986 -0.3759991 0.2004019 0.2356588 -0.1145457 -0.0958588 -0.3351172 -0.0173502 0.1615749 0.0726090 0.0467140 -0.1817504 -0.0567032 -0.1568801 -0.1056629 0.1618990 -0.0824024 -0.0874612 0.0485248 -0.0329592 -0.1276020 -0.1932726 -0.1561537 0.0141191 0.1605582 0.0414839 0.2297291 0.0190253 -0.2035569 0.2286807 0.3823372 0.2668684 -0.2191423 0.2437533 -0.0219308 -0.0687716 -0.1060430 0.1644991 0.2892239 0.0937186 0.4002756 -0.2228726 0.4308358 -0.2168692 0.1066343 0.0929336 -0.2485255 0.1003179 0.0306393 -0.2690114 0.3503551 0.2714260 -0.0422184 0.1882632 -0.2811365 -0.0691102 -0.0952762 -0.1782174 0.0096693 -0.1857929 -0.1015140 -0.0918918 0.1219251 -0.1863898 -0.2295081 -0.1111194 -0.1729804 -0.3706970 -0.2788599 -0.2523634 -0.2675327 -0.2369886 -0.2758882 0.3114269 0.3752072 0.4398980 0.6228760 0.6183336 0.1766129 0.3989136 -0.0346061 0.0527980 0.0133129 -0.0780101 -0.1125140 0.0174898 0.3658934 0.2183769 0.0980560 0.5080276 0.6241907 -0.0652759 0.5185721 0.3107958 0.3296372 0.1820533 0.4357057 0.2115459 0.4709720 0.1831667 0.2381913 -0.0557009 -0.2677499 -0.1621281 0.3350990 0.4489210 0.3037140 0.3304779 0.5393176 -0.0969492 0.0195179 -0.2161189 0.1684935 0.5534297 0.4500067 -0.1806648 0.0324401 -0.0400659 -0.0537464
0.1224130 -0.0208846 0.4214494 0.4350373 0.6659767 0.1193518 0.0206898 0.8103447 0.4733103 0.6432162 0.6932208 0.1212231 0.0000000 0.6846831 0.0204811 0.7757954 0.7180144 0.4221013 0.8276028 0.8559876 0.0142170 0.7989322 0.7118129 0.1225853 0.7692112 0.7210203 0.6962685 0.3419116 0.3490043 0.5256780 0.9150872 0.5810682 0.1613158 0.3700414 0.7145207 0.2915984 0.6624387 0.7713394 0.7174656 0.6180112 0.7777431 0.3014441 0.7499524 0.5102421 0.5021621 0.7272302 0.6789037 0.7721740 0.4090607 0.6703766 0.6577534 0.6744328 0.4859096 0.6757336 0.8088534 0.7236657 0.6008055 0.6559730 0.3439694 0.5118111 0.5307912 0.4891032 0.7610788 0.5911821 0.7360721 0.6895276 0.5141125 0.5380595 0.7364036 0.7671205 0.6253484 0.4665135 0.4774809 0.6087667 0.6486174 0.6539132 0.3987569 0.4117650 0.5464008 0.3200889 0.5485754 -0.0000065 -0.1674129 -0.1810559 -0.0407839 -0.1612864 -0.3223317 -0.2442240 -0.4954556 -0.3082593 -0.4911390 -0.5396925 -0.1363742 -0.1504648 -0.5810192 -0.4424761 -0.6199950 0.0415370 -0.4901330 -0.0165614 -0.2209420 0.0517373 0.2017230 -0.2200902 -0.6732856 -0.5637742 0.5117318 -0.0672918 -0.6252619 0.5434823 -0.6799433 0.3437883 0.3700055 0.6169170 0.7343288 0.7284718 0.6746474 0.5769439 0.6928318 0.5246473 0.5091346 0.5895270 -0.5829326 0.2705468 0.4780813 0.4460531 -0.0196238 -0.7199917 0.4216641 -0.0547458 0.1386977 -0.6443760 -0.3885764 -0.5407731 -0.6183823 -0.7514398 -0.2007010 -0.0323295 -0.1095858 0.0435855 -0.6147730 -0.0282892 -0.5126760 -0.3085175 -0.2061442 -0.4844436 -0.4317253 -0.4767070 -0.5650197 -0.3319507 -0.2842532 -0.4878175 -0.5026743 -0.6182597 -0.6430260 -0.4392130 -0.4886580 -0.6247822 -0.5369548 -0.5585430 -0.7164983 -0.5283125 -0.5662985 -0.5453974 -0.7091562 -0.5752423 -0.5305525 -0.4945064 -0.4707242 -0.6443632 -0.5584102 -0.4883320 0.0239072 0.0134462 -0.0605672 -0.2363176 -0.2926991 -0.0996984 -0.0995340 -0.1138002 -0.2190029 0.0784430 0.2572537 0.2062381 0.4137416 0.6842522 0.5204643 0.6145713 0.2663936 -0.0904854 0.2588801 -0.2445461 -0.4007145 -0.1839257 0.1294422 0.2930632 0.4481706 -0.3095224 0.5360025 0.5632472 -0.0924881 -0.5331535 -0.5498966 -0.2379834 0.4294930 0.5476923 0.2654929 0.0793581 -0.2183218 -0.3007617 -0.4885121 -0.2555754 0.6722881 -0.0566481 -0.3034147 0.4352759 -0.1761475 -0.4111087
0.1560085 -0.0338933 0.3590780 0.5999538 0.5256977 0.3544750 0.0532541 0.7654060 0.8329913 0.9284519 0.8975817 0.1200973 0.6846831 0.0000000 0.3397214 0.6799294 0.8872975 0.6834377 0.6167057 0.6499938 -0.0582346 0.4114584 0.7036188 0.3865999 0.4763483 0.5235027 0.8578789 0.6340117 0.2281357 0.7887899 0.6601014 0.2628432 0.3351763 0.4892089 0.5757630 0.1171033 0.4236346 0.4410297 0.7371120 0.5943923 0.4669503 0.0236975 0.6646614 0.8473978 0.3143641 0.5138303 0.5454797 0.4471002 0.6919834 0.4360346 0.5425738 0.5766593 0.6339716 0.6877022 0.4855691 0.4803840 0.4233771 0.8055063 0.0344774 0.3781578 0.1238853 0.3790644 0.3630637 0.5769836 0.5114807 0.4223720 0.3580147 0.4348941 0.4658146 0.5905503 0.4072911 0.3368251 0.2873171 0.3264675 0.3330361 0.4307049 0.2484184 0.2112345 0.3766333 0.1919404 0.4570514 0.0389344 -0.2206421 -0.1375403 -0.0881030 -0.5045818 -0.2929207 -0.1463080 -0.5474483 -0.1483049 -0.5429979 -0.4766804 -0.4074653 -0.0213024 -0.5218766 -0.4429068 -0.4904862 -0.2985324 -0.0761225 -0.1037273 -0.0858925 -0.2640511 -0.0936154 -0.0542908 -0.5578976 -0.3657693 0.0321558 -0.2099829 -0.7116531 0.1844405 -0.4285565 0.1264656 -0.0620388 0.1591542 0.3405497 0.2820430 0.2672800 0.3508174 0.3072908 0.1161520 0.0698447 0.1482012 -0.5346205 0.0308874 0.0024203 0.1628400 -0.3547751 -0.6193203 0.0694439 -0.3393796 -0.1931308 -0.8228105 -0.5489589 -0.4426969 -0.6822082 -0.6852881 -0.4714767 -0.3218143 -0.3988360 -0.1043527 -0.5267313 -0.2433497 -0.3747435 -0.4431044 -0.4440343 -0.5040874 -0.5827782 -0.6293462 -0.2872630 -0.3876499 -0.3222159 -0.4894810 -0.6279209 -0.3887713 -0.5867178 -0.3741506 -0.1583808 -0.6088375 -0.1530161 -0.4973756 -0.6167294 -0.5546074 -0.4896986 -0.2689559 -0.6147998 -0.5123503 -0.3069702 -0.1049204 -0.0420842 -0.3719732 -0.2859892 -0.1372844 -0.0587041 -0.1006019 -0.2707540 -0.2468948 -0.1616112 -0.3026635 -0.0652301 -0.1763758 -0.3877511 0.0140916 0.0564205 0.1084846 -0.0220577 0.3244140 0.1009712 0.1851362 0.1531966 -0.0584333 -0.1028367 -0.1790167 -0.2997036 -0.2159109 -0.1072215 0.1588272 0.1988475 -0.2043328 0.3674616 0.3025087 0.1067858 -0.3503309 -0.3560592 -0.2341405 0.3708310 0.3826540 0.1254679 0.2061892 0.0840085 -0.1560494 -0.4324722 -0.3208696 0.4852476 0.1368265 -0.3478238 0.2910740 -0.1359299 -0.3944799
0.4987117 0.5936880 0.4608630 0.5070664 0.4734307 0.8033799 0.7340468 0.1966509 0.6862401 0.3768508 0.0959585 0.4400465 0.0204811 0.3397214 0.0000000 -0.2353425 -0.0378302 0.5968854 -0.2467661 0.1469966 0.1439367 -0.2622500 -0.2284907 0.7370873 -0.3857447 -0.3724704 -0.0251862 0.5647478 0.1296611 -0.0356577 -0.0410444 -0.5342711 0.4816841 0.4706685 -0.3476863 -0.1690389 -0.4321528 -0.3874368 -0.2717359 -0.4332473 -0.2201953 -0.3260107 -0.3039411 0.2647599 -0.3824580 -0.4031646 -0.3643932 -0.3542293 0.4359477 -0.3943990 -0.3820003 -0.3562053 0.1780252 -0.1906484 -0.3138599 -0.3896669 -0.4113826 0.0847123 -0.1742349 -0.4206594 -0.4009772 -0.2785105 -0.2142329 0.0138205 -0.0492136 -0.3464782 -0.3588873 -0.2907065 -0.3056835 -0.3174855 -0.3525897 -0.1834062 -0.4254667 -0.1074981 -0.4330758 -0.3863165 -0.0934930 -0.5512440 -0.4201621 -0.0068571 -0.3235891 0.1912056 0.2546588 0.4250674 0.2101317 0.0252441 -0.4248988 0.4252344 0.1316959 0.2333570 -0.3510814 -0.3774985 -0.3895977 0.3006354 -0.3476039 -0.5355935 -0.3548857 -0.3712740 -0.0886176 0.0015216 -0.3961022 -0.1364676 -0.0954401 0.1400270 -0.3714381 -0.5221975 -0.4370872 -0.0892859 -0.0575956 -0.4256762 -0.2592276 -0.3914446 -0.4067620 -0.4994245 -0.3115464 -0.3979448 -0.4692490 -0.4842667 -0.3850418 -0.7087624 -0.6765460 -0.5427626 -0.2100983 -0.3518727 -0.5337477 0.1034789 -0.3739320 -0.1505422 0.0154792 -0.1830031 -0.0929451 -0.3611905 -0.0416567 0.1922768 -0.2279635 -0.1535202 -0.0459018 -0.0199582 -0.0585907 0.0075509 -0.2120141 0.0425310 -0.5385089 -0.1723441 0.0229168 -0.3473729 -0.1018225 -0.0301234 -0.2431268 -0.0569821 -0.1109100 -0.2436467 -0.2249379 -0.2439520 -0.0384384 -0.4473259 -0.3017540 -0.0753968 -0.2455335 -0.4644157 -0.1425092 -0.3305865 -0.4028084 -0.4019546 -0.1739764 -0.3962983 -0.3670145 -0.1919755 -0.2395902 -0.3814019 -0.2343049 -0.2415393 0.4820742 0.3888924 0.2791735 0.5695400 0.4535586 0.3191376 -0.0462161 -0.3619609 -0.1507244 -0.1888685 -0.2113382 -0.1846656 -0.3031333 -0.0961272 -0.2231632 -0.1760706 0.0243775 0.1190942 -0.4710999 0.2591721 0.2909025 -0.1433130 -0.0962923 0.1048549 0.0994087 0.3485766 0.0190741 0.1211706 0.1122982 0.2015785 0.4832801 0.4022675 0.5180331 0.0575633 0.3591731 0.0963349 0.2506994 0.3753611 0.4714002 -0.2202653 0.2271394 0.0944132 -0.5799021 0.2665560 0.4506279 0.0695591
-0.0053038 -0.3016234 0.0874459 0.2860998 0.2352516 -0.0232009 -0.2648027 0.7170856 0.3400599 0.6695138 0.8307406 -0.3316736 0.7757954 0.6799294 -0.2353425 0.0000000 0.8576098 0.2309630 0.9597472 0.5635169 -0.2002331 0.7232522 0.9579006 -0.1752076 0.8890976 0.9300103 0.8201238 0.1508891 0.1598842 0.6773176 0.6663708 0.7162885 -0.0439524 0.1279089 0.9222389 0.2032637 0.7658181 0.7837585 0.9413026 0.8726508 0.6605786 0.2795404 0.9721496 0.5118142 0.5261054 0.8518895 0.8421160 0.7275865 0.2708565 0.7406045 0.8736363 0.9477027 0.3770730 0.8317116 0.7210627 0.7878807 0.6963490 0.6118499 0.2087448 0.7175586 0.4273010 0.7311961 0.5738226 0.4669804 0.5061438 0.7193684 0.7025108 0.6771110 0.7399970 0.7542627 0.7808461 0.3773753 0.6370778 0.3751472 0.7219042 0.6164793 0.1802653 0.5750198 0.5502674 0.0906112 0.5320328 -0.0426812 -0.3944330 -0.4639649 -0.2895799 -0.3315414 -0.1328034 -0.3916636 -0.4546933 -0.3367506 -0.2570332 -0.2755056 -0.2547789 -0.2182788 -0.2384760 -0.1430821 -0.3933318 -0.1438596 -0.0322593 -0.1499495 0.0471462 -0.0898168 -0.0662899 -0.2689170 -0.3945506 -0.1443843 0.3233363 -0.2262900 -0.5103582 0.3605985 -0.2779236 0.4033860 0.4155381 0.5967205 0.5308633 0.6548697 0.6314297 0.4980280 0.6098706 0.4801695 0.5188763 0.5763692 -0.4109598 0.2182806 0.2898468 0.2668994 -0.0246028 -0.5961544 0.1542413 -0.2716397 -0.0836992 -0.5134070 -0.5246695 -0.6214630 -0.4351848 -0.5856313 -0.3669888 -0.2387356 -0.2210757 -0.0247750 -0.3512793 -0.2087514 -0.2008157 -0.1783360 -0.3275266 -0.2186191 -0.4046052 -0.4637564 -0.2557371 -0.3393310 -0.1951028 -0.3055462 -0.4311794 -0.3232995 -0.5361982 -0.1940484 -0.2195032 -0.5019085 -0.2605369 -0.2382318 -0.5760312 -0.3441888 -0.2731603 -0.2249883 -0.5065034 -0.3180020 -0.1873984 -0.2156608 -0.1674975 -0.2778443 -0.2760274 -0.1673617 -0.1610306 -0.2450894 -0.3732808 -0.5525644 -0.4716147 -0.2872636 -0.0758543 0.0747903 -0.2354314 0.0778048 0.1962891 0.1897311 0.2616363 0.3175502 0.2668925 0.3706351 0.0158831 -0.2976578 0.2291112 -0.4608744 -0.5835517 -0.1914390 0.0380237 0.1299968 0.3443850 -0.5224199 0.2630844 0.4096507 0.0148608 -0.4151221 -0.5642455 -0.5466200 0.2058811 0.2701542 0.0758971 0.0124386 -0.0271358 -0.3015398 -0.4893925 -0.2411809 0.3456271 -0.1795287 -0.1085989 0.2487888 -0.2071669 -0.3767387
-0.0524173 -0.2837834 0.1309310 0.4049400 0.3199163 0.0916732 -0.2162780 0.7505460 0.5746876 0.8539136 0.9610293 -0.1387950 0.7180144 0.8872975 -0.0378302 0.8576098 0.0000000 0.3754026 0.7964100 0.5084685 -0.2160957 0.5928429 0.9065748 0.0097669 0.7201587 0.7740546 0.9718863 0.3393172 0.1260394 0.8426180 0.6701024 0.5870225 0.0274520 0.1709445 0.8311358 0.1337924 0.6959402 0.6898277 0.9320287 0.8580716 0.6460710 0.1619353 0.8891110 0.6941048 0.4682528 0.7626207 0.7696535 0.6630306 0.3941118 0.6862003 0.7934415 0.8414982 0.4363187 0.8690118 0.6840095 0.7186640 0.6680834 0.7423230 0.1030932 0.6625264 0.2690482 0.6267785 0.4859547 0.4672023 0.4437857 0.6259576 0.6136440 0.6569961 0.6731424 0.7274049 0.6358451 0.3025662 0.5510955 0.2692751 0.5901805 0.5632724 0.2145363 0.5277977 0.5876696 0.1140701 0.6589896 -0.0518034 -0.3548132 -0.3044854 -0.2329261 -0.5230930 -0.1847644 -0.2577018 -0.5142063 -0.2314800 -0.3726525 -0.2879929 -0.3439805 -0.0760462 -0.3115579 -0.2075626 -0.3477529 -0.2942178 0.0059254 -0.1419943 0.0844124 -0.3177531 -0.2003627 -0.0362934 -0.4152448 -0.1443742 0.1390193 -0.2195425 -0.7110018 0.3095782 -0.3115243 0.2404344 0.1304436 0.3816096 0.4716934 0.4614641 0.4991164 0.5272420 0.4840770 0.3733436 0.3567976 0.4061518 -0.4072378 0.1147471 0.1698101 0.1140427 -0.2099533 -0.5010928 0.0344917 -0.2674641 -0.1762520 -0.6199049 -0.5529078 -0.4497599 -0.5047980 -0.5940854 -0.4553180 -0.3225311 -0.3510935 -0.1018939 -0.3253215 -0.2668195 -0.1217507 -0.3628318 -0.4493111 -0.3493138 -0.5022888 -0.5645034 -0.0985560 -0.3493665 -0.2158060 -0.3545236 -0.5177307 -0.1957998 -0.5120928 -0.1593850 0.0260975 -0.5003919 -0.0065061 -0.2568950 -0.5137505 -0.3968247 -0.2800279 -0.0547856 -0.4689982 -0.2746888 -0.0786964 0.0339021 0.0947385 -0.1512125 -0.0967640 0.0399521 -0.2667021 -0.3139032 -0.4097798 -0.4851530 -0.3905740 -0.4435178 -0.0681956 -0.0343088 -0.3453229 0.1052209 0.1392801 0.1910379 0.0412922 0.2852757 0.0928530 0.1867022 0.0674569 -0.1643502 0.0233055 -0.3344612 -0.4084360 -0.2627776 -0.1265607 0.0310623 0.1235684 -0.3575518 0.3248699 0.2610622 0.1808761 -0.3466649 -0.4705862 -0.4485296 0.1489830 0.4141447 -0.0364975 0.0227562 0.1031475 -0.2605889 -0.5566737 -0.2819139 0.3386137 0.0860160 -0.1451112 0.2118131 -0.3654129 -0.5403823
