0.0000000 0.5672029 -0.0142626 0.2613569 0.2079953 0.3817439 0.3737948 0.1963990 0.2537896 0.2187927 0.1940436 0.4709931 0.0542538 0.4660264 0.4999079 0.3613044 0.1846968 0.5888566 0.3801364 0.2741664 -0.0793291 0.4185663 0.3191578 0.0899415 0.4296513 0.3705053 -0.0001484 0.2550325 0.0035175 0.0166076 0.4391810 0.4920017 -0.1223589 0.0642035 0.2917529 -0.0766077 0.4442235 0.3820932 0.0987104 0.1220671 0.3732920 -0.0767585 0.1958851 0.1139464 0.0322666 0.4395441 0.2303578 0.4073848 0.1883645 0.2759110 0.4334361 0.1822347 0.1358909 0.2332130 0.3629603 0.2818638 0.3166073 0.1865016 0.1612235 0.4552151 0.0916291 0.3585125 0.1568662 0.1456666 0.0992606 0.2518608 0.3347250 0.2048640 -0.2347715 0.1931648 0.3194213 0.1371218 0.2946358 0.1160595 0.1486622 0.1925006 0.1856312 0.2835279 0.2942844 0.1921248 0.5058556 0.3711430 0.5006943 0.3969060 0.0721634 0.4502003 0.5583192 0.0740185 0.5082491 0.3279818 0.4318839 0.4954575 0.2890954 -0.1445553 0.4357117 0.4430689 0.3549377 0.1664986 0.0049450 0.0805144 0.0438458 0.1002903 0.1202848 -0.1075821 0.1583842 0.2420384 0.0619327 0.1436677 0.1791151 -0.1132868 0.1657116 -0.1332137 -0.3357026 -0.1120073 0.0511987 -0.1319042 -0.0157154 0.0129140 -0.0112369 -0.3202617 -0.3062845 0.0060173 0.2009549 -0.2885919 -0.0438443 -0.2012448 0.0174063 0.2449779 0.0097933 -0.0098762 -0.0202724 0.1129942 -0.1792305 -0.2786531 0.0271429 -0.1463319 -0.1179295 0.1903911 -0.1094100 0.0462424 -0.2698939 0.1229911 0.2846343 -0.1307452 0.0107182 -0.2083881 -0.0571003 -0.1192226 -0.3426142 0.1409172 0.1778412 -0.1478797 0.0133958 -0.1914598 -0.0901006 -0.0081088 0.1763949 -0.2668004 0.4727017 0.2796557 -0.1302347 0.2268865 0.2288383 0.2365811 -0.2971831 -0.0289264 0.2773971 0.0216239 0.1964714 0.1510467 -0.0438142 -0.0156024 0.5936492 0.3538341 0.5915120 0.5543935 0.5436246 0.4140851 -0.0197046 -0.0540746 -0.1786331 -0.1808951 -0.0738685 -0.0173742 -0.2407278 0.0529331 0.2358145 0.1741784 0.2703672 0.2478776 -0.2181337 0.1696953 0.3344178 0.2734749 -0.1659074 0.1162742 0.2077531 0.1833515 0.4432127 -0.0987865 0.2727797 0.2885092 -0.0460983 -0.0642342 -0.0296261 0.2692055 -0.0002378 -0.1232410 0.1641903 0.5203148 -0.3776391 -0.3207755 -0.1689867 0.2689260 0.0750873 0.0509599 0.4329234 0.4034295
0.5672029 0.0000000 0.1685673 0.3493006 0.2243704 0.5000012 0.7076742 0.1036654 0.3448470 0.2806720 0.2493276 0.5671341 -0.2521753 0.4244340 0.5007549 0.1187947 0.3087886 0.4370638 0.0579633 -0.2574725 0.2923408 -0.0053218 0.0397945 0.0650697 0.1214005 0.0772811 0.3644978 0.1728822 0.2928109 0.2881571 -0.0552142 0.1304457 -0.0262207 0.2001920 0.0254899 0.1956430 0.1369221 -0.1830148 0.1865539 -0.0514063 -0.1870932 0.2622530 0.1647184 0.0632558 0.2816600 0.0337374 0.0666445 -0.2107420 0.0323039 -0.2534169 0.1654396 0.1187040 0.2697551 0.2558360 -0.2026470 -0.1032909 0.1117265 0.0543353 -0.0402180 0.1212538 0.0611832 0.2336732 -0.1660733 0.1470541 0.1308407 0.0521395 0.1938059 0.1411488 -0.3073113 0.1593489 0.1207794 0.1637589 0.2020016 0.0573719 -0.0225180 0.0688860 0.1148790 -0.0122862 0.0728065 -0.0448877 0.0104287 0.2370097 0.2019207 0.2203911 0.1853544 0.0591863 0.2463809 0.0841836 0.0889818 0.0884719 0.1037001 0.1715402 -0.0067192 0.2043622 -0.0760158 0.1394466 0.2455274 -0.0731048 0.1001263 0.4123624 0.4150989 -0.0213616 0.0038738 0.3648149 0.2399545 0.0924985 0.0727841 -0.0238401 0.0742014 -0.0336524 0.1073402 -0.0708434 0.2475204 0.0484935 -0.0344567 -0.0457444 -0.3250075 -0.1908910 -0.2230908 -0.3998946 -0.3871241 -0.1024105 0.0932991 0.0733198 -0.1179130 -0.1423274 -0.0032970 0.0549221 -0.1985416 0.0329815 0.0390385 0.0710158 -0.0060866 -0.1501216 0.0202095 -0.1711117 0.0788426 -0.0100502 0.2419232 -0.1600204 -0.1748547 -0.0312801 0.2747851 -0.1997147 0.0721301 0.0315760 0.3208677 0.2531318 0.1204653 0.0590366 -0.0481897 -0.1170206 0.2458147 0.1644923 0.0836333 -0.1710133 0.2516709 0.0550374 0.2508234 -0.0226771 0.1984688 0.2536876 0.1271171 0.0805351 0.2320223 0.0165257 0.4064179 0.3039612 0.1977469 0.0987945 0.2504033 0.1462253 0.2525243 0.3350630 0.8330264 0.5489891 0.3750493 0.1811432 0.3400997 0.2915890 0.0795660 0.0564718 0.0151244 -0.0244935 -0.2563597 -0.0497301 -0.1161546 -0.2456301 0.3688235 0.3209534 -0.2966452 0.1955311 0.3176622 -0.0538309 -0.1328662 -0.0220405 0.0859555 0.1404797 -0.0500462 -0.1750264 -0.0012446 0.3176551 0.1999218 0.0184203 -0.0989171 0.1433994 -0.2504554 -0.2454718 -0.0576838 0.4117355 -0.0124044 -0.1589584 -0.1722808 -0.0828143 -0.1915699 -0.1892729 0.4842370 0.4908685
-0.0142626 0.1685673 0.0000000 0.2156853 0.5759660 0.2665332 0.3266905 0.5486854 0.4633645 0.3881049 0.2396014 0.1201273 0.4231980 0.5151084 0.2574485 0.1210737 0.4823571 0.0898871 0.2773113 0.3951399 0.0599687 0.2439684 0.1971436 -0.0236868 0.3706692 0.2260941 0.2735808 0.3068365 -0.2388200 0.3575987 0.3553847 0.3817252 -0.0596607 -0.0748337 0.2924983 0.2407045 0.3621799 0.1794951 0.4254917 0.3502999 0.1482312 -0.0720320 0.3934087 0.2930643 0.2004337 0.2279213 0.3001790 0.1822800 0.0290644 0.2998448 0.1533314 0.5803540 0.1494967 0.4007165 0.3139483 0.3070133 0.3427410 0.1821942 0.2609582 0.1915298 0.4593062 0.2781738 0.0239755 0.1972243 0.1960064 0.4666914 0.2110506 0.3033711 0.1339893 0.2489483 0.3131330 0.2845159 0.1912609 0.3870134 0.2773040 0.1861686 0.1387946 0.1422457 0.0600445 0.1239597 -0.2480868 -0.0507127 -0.1403021 0.0368152 -0.3842746 -0.0454681 0.2205508 -0.1752216 0.1190017 0.0793120 0.2529883 0.0153966 -0.2494205 -0.2031140 0.1410208 -0.2299248 -0.1825095 -0.2388350 0.2767443 0.0718405 -0.1740370 0.2314903 -0.0637851 -0.0280822 0.1905272 0.1485801 -0.1822976 -0.2071592 -0.0136944 -0.4876996 0.3149659 -0.4059347 -0.0083419 -0.2430354 -0.5735457 -0.4067385 -0.5708999 -0.5953633 -0.4621671 -0.3265021 -0.2493421 -0.3213006 0.0691747 -0.3440193 -0.2942799 -0.0208582 0.0894285 0.1724068 -0.2656046 -0.1143292 -0.4169790 0.0124192 -0.0848676 -0.2231796 -0.0608305 0.1197777 -0.2931226 -0.5020380 -0.5244178 -0.1763799 0.1680499 -0.0300542 -0.3048893 -0.1638502 -0.1207910 0.0514687 -0.2386393 0.0268936 -0.4202936 0.0797329 -0.1414243 0.0138225 -0.1847875 -0.0653301 -0.1709352 -0.0145049 -0.3264929 0.0153364 -0.4228833 -0.2431390 -0.2893302 -0.1980124 0.1647384 -0.3295222 -0.3296078 0.0907746 0.1688146 -0.4127395 -0.3115944 -0.2483228 -0.3624879 -0.3714519 -0.4466273 0.0356929 0.0797916 -0.1511479 -0.0641586 0.0152869 0.0697063 0.2583592 0.0951140 0.0652574 -0.1146229 0.1504644 0.1100968 0.5532440 0.3354198 0.1918296 0.1956530 0.1598829 -0.3342226 0.2654156 0.1903284 -0.5447940 -0.3062844 -0.4161570 -0.3218763 0.1095340 -0.2924136 -0.1801361 0.2494619 0.2408324 0.4745529 0.2063885 0.5197937 -0.1449212 0.0930073 0.0595726 0.2272004 0.0335975 0.4077138 0.1237801 0.1782543 0.0113876 0.3010531 -0.0450662 0.3449308 0.3266863
0.2613569 0.3493006 0.2156853 0.0000000 -0.0040259 0.7646384 0.3934130 0.5696947 0.5771320 0.7164711 0.7185251 0.1864584 -0.0207594 0.7015551 0.3497609 0.4024962 0.6966115 0.6825725 0.4009620 0.0386812 -0.0863943 0.2585231 0.4419543 0.4367712 0.2486655 0.3986054 0.1368473 0.4564336 0.4370651 0.4938627 0.2147042 0.1822892 0.2167485 0.5808198 0.3751821 0.4890464 0.4604038 0.0855098 0.5575034 0.6421792 -0.1207679 0.1725314 0.6189452 0.2192561 0.4463220 0.3853093 0.4945003 0.0420579 0.1641146 0.1086887 0.5262392 0.7330808 0.5721480 0.7426572 0.0951628 0.2085182 0.4212395 0.3636451 -0.1040677 0.4536434 0.3530444 0.6858919 -0.3373053 0.5955183 0.5928904 0.1276024 0.4763717 0.7035124 -0.4323704 0.6451364 0.2530475 0.5338751 0.5171969 0.5265908 -0.0194480 0.5112562 0.3134904 0.1207709 0.4115154 0.0326175 0.0959316 0.5795320 0.5211032 0.2314144 -0.0901366 0.5271045 0.3742218 -0.0399819 0.4209574 0.1926940 0.3669910 0.2024506 0.1401079 -0.2843585 0.4463239 0.2073224 0.1991833 0.3069288 0.4915499 0.1270879 0.1040077 0.2824889 0.3612033 0.0632431 0.3361565 0.4519123 0.2226365 0.3037091 0.1654996 -0.1006343 0.4479885 -0.3442402 0.0509584 0.2251100 0.1188669 0.2216028 0.1379317 0.0471082 0.2361520 -0.3403464 0.0465342 0.0477099 0.2645107 0.1092736 0.2139230 -0.3326942 0.4072055 0.2213640 -0.0454546 0.4949755 0.4079600 0.1189779 0.4476069 -0.3341998 -0.2650168 0.1156703 0.1405604 -0.0209337 0.0464765 -0.1505574 0.1754501 0.0620733 -0.0429758 -0.3958862 -0.0088824 0.3073454 0.2505117 0.3641618 -0.2491030 0.3407727 0.0843208 -0.2364121 0.4227846 0.2280996 0.3287075 -0.1927221 0.0027145 0.0649298 0.0624772 -0.0602224 0.2684261 0.4288976 0.2011488 -0.1160160 0.1675451 -0.0819984 0.1997748 -0.0035201 0.0299667 -0.0963950 0.0228199 -0.0762687 -0.1520581 0.0741071 0.2903235 0.1938125 -0.2374187 -0.4211378 0.0816335 0.2395179 -0.4565098 0.1837546 -0.1053375 0.0639918 -0.5946743 0.3341725 -0.2298893 -0.0903648 0.1537847 0.4177373 -0.6331161 -0.0128145 0.0659147 -0.4343782 -0.5552796 -0.4499066 -0.5011324 0.1742128 -0.1807613 -0.4594807 0.1083768 0.0967117 0.4172210 0.1859018 -0.0992791 -0.1964529 -0.2422967 0.0261310 -0.1386167 -0.2761504 0.1239945 -0.0480864 -0.1612533 -0.1911577 -0.1351254 -0.0808037 0.1877567 0.3334526
0.2079953 0.2243704 0.5759660 -0.0040259 0.0000000 0.0562203 0.1468386 0.4444998 0.1967125 0.2368931 0.2574609 0.2851657 0.5068648 0.3361088 0.1239575 0.3505728 0.2948528 -0.0611672 0.3570697 0.3728815 0.3894538 0.3007952 0.1898966 -0.3027331 0.4555153 0.3320422 0.2524748 -0.0543374 -0.1452579 0.2742222 0.4561765 0.5740171 -0.3236603 -0.1710143 0.3230584 0.3818857 0.4302430 0.3195797 0.3099614 -0.0428106 0.2107381 0.3521762 0.2537253 0.1074863 0.4761418 0.4130134 0.4131073 0.2855942 0.1987754 0.2561639 0.3101893 0.2001438 0.2820373 0.2484275 0.4343390 0.4882648 0.5002690 0.3705218 0.7268965 0.4293149 0.7110099 0.2846303 0.3012355 0.3175286 0.3059404 0.5004500 0.5297899 0.2594137 0.3406092 0.3894781 0.5222346 0.3156190 0.4073726 0.4597857 0.5477416 0.4210626 0.4922724 0.5057378 0.4328481 0.5664316 0.1738385 0.0814583 0.0682742 0.3807556 0.2377199 -0.0878780 0.0585689 0.1800038 0.0352437 0.5099440 -0.0190840 0.1567583 -0.1058790 0.2101044 -0.0560931 -0.0143490 0.2661467 -0.0809053 0.5154325 0.4466781 0.3953902 0.0575683 -0.1122883 0.3490434 0.2600267 0.1696912 -0.1942564 -0.2379276 -0.2281748 -0.1891778 0.1156286 -0.3530753 0.0399321 0.0539694 -0.0875260 -0.0925915 -0.1968016 -0.2701930 -0.2141278 -0.2972906 -0.3587167 -0.3201776 -0.1687154 -0.0395229 -0.2182206 -0.2210288 0.0911784 -0.2642085 -0.2134632 -0.3020211 -0.2722373 -0.0949940 -0.1838587 -0.3708016 0.0770598 -0.5652674 -0.2571698 -0.0270259 -0.1382563 0.0520696 -0.5174124 0.1844217 0.0925102 -0.3979145 -0.1596735 -0.4459271 0.0091846 -0.2873537 -0.1196514 -0.0164861 -0.1560443 -0.4877396 -0.0817561 -0.5586758 -0.2910448 -0.3591664 0.0916828 -0.5348825 0.0709604 -0.0891264 -0.3413453 0.0690090 -0.2912199 0.0857178 -0.2303348 -0.3965175 -0.0877919 0.0224538 0.0936745 0.1053085 0.0083565 0.0555223 0.0529465 0.1543996 0.2056301 0.1216901 0.3806903 0.2758785 0.4111459 0.3547970 0.2792037 0.1869951 0.2906657 0.4617545 0.1888127 0.6694405 0.7140847 0.5604981 0.5454988 0.4091482 -0.2853152 0.6963477 0.5502751 -0.2430561 -0.2413641 -0.0637229 -0.0339405 0.3553009 0.0982466 -0.1994400 -0.2801684 -0.0735067 0.2423810 0.0044751 0.1797277 0.0135878 0.0041558 -0.3370029 -0.3790012 0.1131556 0.0366059 0.1387542 -0.0645951 0.1421370 0.4245891 -0.4783206 0.0324875 0.1097564
0.3817439 0.5000012 0.2665332 0.7646384 0.0562203 0.0000000 0.8160796 0.5682853 0.8889596 0.8592611 0.7577523 0.5280324 0.0543291 0.7421621 0.6949577 0.5301664 0.7883729 0.4624689 0.3815435 -0.0417437 -0.0305865 0.2411470 0.6292210 0.5163723 0.3877752 0.5201080 0.2396565 0.5183347 0.5684772 0.5355983 0.1273185 0.3395921 0.4028449 0.7578402 0.6015601 0.5825733 0.5310703 0.1379757 0.5558563 0.5104688 0.0317593 0.2886897 0.8237779 0.3425576 0.5927606 0.4549696 0.5352929 0.0672355 0.4652172 0.1175708 0.6550980 0.7936789 0.7769890 0.7971101 0.0484614 0.1969007 0.4281177 0.5380877 -0.1568514 0.5611953 0.3491464 0.8034505 -0.3842718 0.7595197 0.7562571 0.2895982 0.5537165 0.7651123 -0.3310247 0.7177372 0.3734974 0.7322619 0.6023861 0.6796377 0.0910896 0.6104277 0.4862616 0.2318870 0.5346331 0.0966989 0.2385202 0.5113069 0.4346560 0.1384074 -0.0248872 0.3334990 0.3356155 0.1618811 0.4201117 0.2531750 0.2083294 0.1559250 0.0486589 -0.0865400 0.1630424 0.0424897 0.1978627 0.1982995 0.1148379 0.2246341 0.1344014 0.0752575 0.2513932 0.3021580 -0.0036501 0.1137309 0.0959913 0.2960355 0.0836838 -0.1411390 0.1456729 -0.4176557 0.1883776 0.2260143 -0.0026184 0.1771965 -0.0146241 -0.0524055 0.1048848 -0.6704541 -0.3289621 -0.1068357 0.0875793 0.1160220 -0.1349403 -0.6291255 0.4176668 0.1055548 -0.3793556 0.4174993 0.2825920 -0.0054556 0.4156273 -0.4276680 -0.2904917 0.0053057 0.0305056 -0.1662607 0.0307379 -0.5206654 0.0561629 -0.3165819 -0.1868979 -0.6481327 -0.1373331 0.2847386 0.2178434 0.2003272 -0.1637653 -0.1016370 -0.2363544 -0.3833960 0.2561713 0.2782180 0.1243415 -0.4149558 -0.1483166 0.0862242 -0.0288279 -0.2629468 0.2016162 0.1523815 0.1805301 -0.1964572 0.1305341 -0.1253636 0.3669642 0.1592299 0.0591983 -0.2295775 0.1313880 -0.0180513 0.1034203 0.3846286 0.6262315 0.4915800 0.0169095 -0.0724038 0.3872871 0.4785840 -0.2939331 0.3990104 -0.3170076 0.1321875 -0.5993179 0.3242868 -0.2655194 -0.1763866 0.3526646 0.6052226 -0.7832557 0.0847290 0.2195797 -0.3915484 -0.7516080 -0.4732787 -0.5191659 0.2351561 -0.1703324 -0.7300356 0.1468422 0.2719006 0.6127286 0.3098904 0.0641937 -0.0035382 -0.6099979 0.0220660 -0.0076362 0.0893695 0.1979052 -0.3308075 -0.0039014 -0.1249889 -0.1384482 -0.0782869 0.2740091 0.4156458
0.3737948 0.7076742 0.3266905 0.3934130 0.1468386 0.8160796 0.0000000 0.2895460 0.7227947 0.5928474 0.5124112 0.6530756 -0.0447782 0.5049461 0.6763080 0.2984523 0.5607722 0.1698862 0.1526190 -0.2202724 0.0860741 0.1290101 0.3540088 0.3134373 0.2831644 0.2916147 0.2878235 0.3700507 0.4243355 0.3467783 -0.0355552 0.2741771 0.2780725 0.5283962 0.3964813 0.3924284 0.2898375 -0.0561225 0.3218306 0.1387979 -0.1005417 0.1884819 0.5936636 0.1456853 0.4568467 0.2070512 0.2858551 -0.1442905 0.3070772 -0.1122421 0.4136140 0.4983243 0.5848032 0.5015184 -0.1202113 -0.0021811 0.2174498 0.2602407 -0.2047893 0.3240411 0.1641386 0.5303079 -0.2702855 0.4916562 0.4907662 0.2467120 0.3298668 0.4058727 -0.2119734 0.4232143 0.2413941 0.5207384 0.3488738 0.4406250 0.0506258 0.3077893 0.3454327 0.1153855 0.2784260 0.0264883 0.1514125 0.2863484 0.1576830 -0.0640165 0.0162099 -0.0267904 0.2506002 0.2454280 0.1245211 0.0619747 0.0226471 0.1193185 -0.1019972 0.1588873 -0.1620448 -0.0256896 0.1878889 -0.0724723 -0.0874500 0.4004952 0.2432987 -0.1180780 0.0046658 0.4559997 0.0059228 -0.0810174 -0.0126345 0.1014629 0.0534670 -0.1227104 0.0185051 -0.3106030 0.3926890 0.2141076 -0.0778935 0.1225232 -0.2537126 -0.1588850 -0.0827417 -0.7059888 -0.5148670 -0.1357186 0.0894469 0.1309449 -0.2712255 -0.5721538 0.2323410 0.1212880 -0.4724787 0.2284924 0.1218725 0.0257915 0.2066160 -0.2646311 -0.0823987 -0.0547866 0.0480385 -0.2156524 0.1123275 -0.5766708 -0.0128781 -0.3941363 -0.0080420 -0.5513736 -0.1145069 0.2767217 0.2456520 0.2865448 0.1309118 -0.2386157 -0.2635025 -0.2804117 0.1936908 0.3852389 0.1123439 -0.3513023 -0.0828257 0.2430304 0.0160613 -0.2435836 0.3017464 0.1016721 0.2099700 -0.2046422 0.2719914 0.0077177 0.5283167 0.2604300 0.0314333 -0.2341737 0.1846830 -0.0116946 0.2266787 0.5115937 0.8403961 0.6001597 0.2395409 0.1922873 0.4706695 0.4566169 0.0084236 0.2966763 -0.2611931 0.0795201 -0.4291684 0.1047537 -0.2538704 -0.2596650 0.4510626 0.4932489 -0.6699566 0.2011319 0.3312152 -0.3069212 -0.6006107 -0.3794992 -0.2992988 0.2063433 -0.1040797 -0.6588162 0.2234710 0.4236106 0.6348163 0.4089331 0.1282569 0.1699383 -0.5919373 0.0128951 0.1477203 0.3971562 0.3571220 -0.2921316 0.0745642 -0.0498103 -0.1729765 -0.0627690 0.3883050 0.4595681
0.1963990 0.1036654 0.5486854 0.5696947 0.4444998 0.5682853 0.2895460 0.0000000 0.6885117 0.7429858 0.8285332 0.0445369 0.7500616 0.7892938 0.3074950 0.7481163 0.8049618 0.3990675 0.7305171 0.6111927 -0.1205518 0.6042757 0.7501226 0.0204761 0.7201133 0.7468831 0.1076594 0.2284508 -0.0528727 0.3609793 0.6992098 0.7004755 -0.0733625 0.2002653 0.7259539 0.6392318 0.7912183 0.6281022 0.4261805 0.4055680 0.4860092 0.3479426 0.6814353 0.2167693 0.5652887 0.7422993 0.7970573 0.5886709 0.3580106 0.5899070 0.7500342 0.7765661 0.5112038 0.6473595 0.6571784 0.7040269 0.8067852 0.5632984 0.5380179 0.7466717 0.8211986 0.7690515 0.2149072 0.6258946 0.5435898 0.6911865 0.7236192 0.7852962 0.2400257 0.7685994 0.6968612 0.6757396 0.7277502 0.7463849 0.5560608 0.7603040 0.6305150 0.6328335 0.6244280 0.5372824 0.3024892 0.4553403 0.4845078 0.3848881 0.0659210 0.4327750 0.2363954 0.2462153 0.4984035 0.5601159 0.1930053 0.1739553 0.0457087 0.0595307 0.1910242 -0.2116787 0.0430999 0.1789274 0.3630234 0.3713233 0.1627255 0.2206638 0.2546802 0.2625145 0.0380108 0.0481393 0.0252315 0.0539033 0.0731160 -0.3324812 0.1500985 -0.3865910 -0.1542795 -0.0810040 -0.2215070 -0.2209977 -0.2492659 -0.3117033 -0.2500679 -0.4197348 -0.3103398 -0.2292902 0.1511321 -0.0919184 -0.2720072 -0.4070123 0.3115038 0.0254569 -0.2013234 0.0867548 -0.0477901 0.1343270 0.0805525 -0.6431445 -0.1090996 -0.0908331 -0.2495949 -0.0524352 -0.2064266 -0.0430402 -0.0024139 0.0732626 -0.2131403 -0.5314101 -0.3479907 -0.0365355 -0.0300608 0.0604224 -0.4346542 0.1550682 0.0065559 -0.3632761 0.0211567 -0.1598102 -0.0899578 -0.2204031 -0.1311040 -0.3532340 0.0467261 0.0135946 -0.1510827 0.1245433 0.0728306 0.0965975 -0.2124641 -0.1353541 0.2028530 -0.0055123 0.1645024 0.1229475 -0.0863794 -0.0543561 -0.1588908 0.3315610 0.1528464 -0.0132632 -0.0303403 -0.0243613 0.2219486 0.5013719 0.0085817 0.4891615 0.2111024 0.5497455 -0.0142475 0.6666729 0.2619756 0.3017760 0.3289577 0.4564793 -0.4384656 0.3360901 0.2600955 -0.3003161 -0.4688826 -0.2440132 -0.4627148 0.3517861 0.0906457 -0.4553074 0.1175794 0.0413888 0.3552488 0.0906512 0.3548133 0.0126265 -0.0976144 0.0820340 -0.1013608 0.0019702 0.0119376 0.0560227 0.2555212 0.2044216 0.3961527 0.0340646 0.2887992 0.5106053
0.2537896 0.3448470 0.4633645 0.5771320 0.1967125 0.8889596 0.7227947 0.6885117 0.0000000 0.9218628 0.7420574 0.4196994 0.3009628 0.8132688 0.6668501 0.6086680 0.8868105 0.3497297 0.4247087 0.1590942 -0.0096013 0.2393439 0.7715269 0.3478240 0.5040835 0.6480066 0.4044952 0.4525888 0.3794259 0.6662438 0.2222253 0.4537008 0.3468037 0.6423487 0.7591341 0.6790783 0.6274716 0.2892839 0.5895795 0.4074553 0.2626469 0.3399734 0.9042427 0.4399414 0.6263149 0.5243771 0.5967672 0.2326248 0.6269680 0.2612959 0.6607517 0.8705880 0.8030430 0.7833986 0.1817630 0.3364885 0.5274045 0.7015733 -0.0059785 0.5993743 0.4803369 0.7927743 -0.2204841 0.8111069 0.7320800 0.4734668 0.5992090 0.7922946 -0.1031163 0.7499127 0.5012471 0.7891170 0.6383879 0.7262470 0.2591607 0.6687469 0.5308763 0.3601623 0.5567855 0.1701166 0.1416621 0.4117113 0.3693002 0.2375869 0.0611277 0.2268669 0.1617364 0.2339248 0.4030623 0.4417544 0.1122142 0.0212776 -0.0235989 0.0286147 0.0731249 -0.1762282 0.0988748 0.1441599 0.1067030 0.2458304 0.1142432 0.0355432 0.2121392 0.3216097 -0.1976072 -0.0247309 -0.0655465 0.1335444 -0.0692062 -0.2787257 -0.0010694 -0.4990973 0.0883519 0.0790870 -0.1718906 -0.0088963 -0.1431540 -0.2111723 -0.0799287 -0.7182060 -0.4724297 -0.2666547 0.0345219 -0.0192542 -0.4215286 -0.6025919 0.3499119 -0.0152087 -0.5821063 0.2101285 0.0001068 -0.0458659 0.2912579 -0.6023193 -0.3452222 -0.0506331 -0.1988851 -0.3571250 -0.1530493 -0.5419571 0.0013694 -0.3846534 -0.3313424 -0.6702265 -0.3339959 0.1051887 0.0791884 -0.0004643 -0.2653910 -0.1728634 -0.3221853 -0.3972582 0.0561259 0.0827331 -0.1426327 -0.4003095 -0.2202299 -0.1015868 -0.1542248 -0.3405984 -0.0807588 -0.0594482 0.1449582 -0.1996187 -0.0363014 -0.1512944 0.3795440 0.1578247 0.1016993 -0.1630560 0.1624157 0.0719082 0.0446647 0.4055163 0.4739998 0.2843182 -0.0057424 0.0559065 0.4758332 0.6205324 -0.0356391 0.5664015 -0.2817422 0.3156400 -0.3636466 0.3799667 -0.1743479 -0.1703470 0.3346935 0.5922994 -0.6792661 0.1360328 0.1920749 -0.3845676 -0.6903993 -0.4439588 -0.4862757 0.2014947 -0.2809671 -0.6977802 0.0773827 0.2159554 0.5947809 0.1806386 0.2803309 -0.0774143 -0.6050768 -0.0195250 -0.0345791 0.0677815 0.1740968 -0.3897536 0.1398044 -0.1344586 -0.0098467 -0.0614025 0.2225078 0.3678659
0.2187927 0.2806720 0.3881049 0.7164711 0.2368931 0.8592611 0.5928474 0.7429858 0.9218628 0.0000000 0.8638929 0.3498606 0.3457145 0.8781089 0.5457142 0.6799652 0.9549903 0.4117540 0.5383411 0.1635429 -0.0469474 0.3644630 0.8264210 0.2610313 0.5213621 0.7291122 0.4497474 0.3972263 0.3984190 0.7194896 0.3198456 0.4862258 0.2251723 0.6518510 0.8242342 0.6971678 0.6906146 0.3469053 0.6748676 0.4154101 0.2285490 0.3817695 0.9422327 0.4295714 0.7095193 0.6236459 0.7161276 0.2912305 0.6614738 0.3178445 0.7425067 0.8973372 0.8815050 0.8733675 0.2879325 0.4539833 0.6443693 0.7868930 0.0508480 0.6958519 0.5784122 0.8748290 -0.1118133 0.9108620 0.8033524 0.5087951 0.7172457 0.8784956 -0.0514510 0.8733051 0.5929595 0.8689457 0.7422679 0.7853566 0.3374647 0.7650863 0.6318645 0.4657717 0.6539254 0.2886291 0.1452867 0.4944009 0.4360318 0.3542572 0.1380420 0.2443810 0.2715263 0.2555099 0.4664208 0.4788863 0.1452438 0.1216603 -0.0808349 0.0149411 0.1961043 0.0367612 0.2187583 0.1651895 0.3253165 0.3138460 0.1918657 -0.0217968 0.1084003 0.3088346 0.0212081 0.1896261 -0.1571577 0.0033891 -0.1121613 -0.3579867 0.0912523 -0.5890194 -0.0143580 0.0835258 -0.0325932 0.0937977 -0.0128198 -0.1277325 0.0285588 -0.6586859 -0.3889175 -0.2087112 0.1014825 -0.0538502 -0.2933205 -0.5764931 0.4386326 -0.0192538 -0.5401224 0.2832225 0.1582452 -0.0004925 0.3728540 -0.6037159 -0.2313248 -0.1118496 -0.1192369 -0.2705706 -0.0940948 -0.4019971 -0.0044125 -0.1860807 -0.1215993 -0.6684872 -0.2911712 0.0497733 0.2572973 0.1018949 -0.1355201 0.0355969 -0.1693061 -0.5015361 0.3111761 0.0603904 -0.0025655 -0.4032630 -0.0296710 -0.1412330 0.0306443 -0.2324948 0.0146520 0.1951173 0.0595807 -0.0887372 0.1197240 -0.2063712 0.3429538 0.2474510 0.2142205 -0.0768497 0.2991742 0.2076508 -0.0325512 0.2643835 0.3565791 0.2041634 -0.0916084 -0.0602573 0.3850729 0.5519595 -0.0444583 0.5255452 -0.0566830 0.3979029 -0.3571197 0.4172528 -0.1266612 -0.1138549 0.3811394 0.6671546 -0.6737111 0.2170514 0.2343030 -0.4771166 -0.6924827 -0.5543520 -0.4812462 0.2415915 -0.2537273 -0.6812454 -0.0283882 0.1213197 0.5487590 0.0808061 0.2157919 -0.1344135 -0.5220002 -0.0800240 -0.2029200 -0.1337293 0.1225313 -0.3555985 0.0636626 -0.1522406 0.0708057 -0.1348472 0.0767625 0.2527072
0.1940436 0.2493276 0.2396014 0.7185251 0.2574609 0.7577523 0.5124112 0.8285332 0.7420574 0.8638929 0.0000000 0.2338214 0.4973487 0.7519599 0.3468553 0.7918232 0.8629176 0.3855839 0.6346762 0.2740622 -0.0425538 0.5333836 0.7971620 0.1728409 0.5842777 0.7634298 0.1575275 0.2307702 0.3117037 0.4433220 0.4791616 0.5663866 0.0919511 0.5345072 0.7744180 0.7687874 0.7215385 0.4227480 0.4846198 0.3028379 0.2341982 0.4307054 0.8137482 0.1354132 0.7185210 0.6862046 0.8221266 0.3503451 0.5095836 0.3029698 0.8382411 0.7579303 0.7857719 0.7614577 0.4176340 0.5457964 0.7463398 0.6295031 0.2574910 0.7825033 0.6985567 0.8997360 0.1027165 0.8385675 0.7364959 0.5585489 0.8080188 0.8472288 0.1087406 0.9151915 0.6648879 0.8500480 0.8183892 0.8178304 0.4491846 0.8405614 0.7813458 0.6066384 0.7473815 0.5253243 0.3521340 0.5974479 0.5537609 0.2845437 0.2787940 0.3285894 0.1834734 0.4442716 0.3902368 0.5356205 0.0104777 0.1741305 -0.0136689 0.2606502 0.0284324 -0.0627883 0.2566871 0.2111535 0.3532555 0.5805682 0.4304998 -0.0119825 0.1896082 0.5091993 0.1083413 0.0599800 0.0110865 0.0933822 0.0121540 -0.1910994 0.0931714 -0.4471662 0.0953163 0.2241913 0.1063280 0.1861557 0.0213335 -0.0329475 0.0471226 -0.5395319 -0.3237892 -0.1264281 0.1872384 0.1960537 -0.1437817 -0.6448270 0.4391578 -0.0168229 -0.3212763 0.3174306 0.3034175 0.1175343 0.3269226 -0.5970873 -0.1438527 -0.2077921 -0.0128189 0.0764743 0.1326577 -0.1711309 -0.0707895 0.0140380 0.0113342 -0.7307918 -0.3239130 0.0849497 0.3678422 0.2964489 -0.0092311 0.1507437 0.0137124 -0.5581001 0.4176268 0.0845645 0.1315958 -0.3919269 0.1182959 -0.1897247 0.2878671 0.0006532 0.1928527 0.4318683 0.0201298 0.1635652 0.2454936 -0.1898750 0.3457387 0.3880581 0.3790211 0.1511547 0.3080811 0.2337395 0.0337825 0.4297159 0.4037855 0.2667356 0.0091288 -0.0412213 0.4328419 0.5626983 -0.0258650 0.5882724 0.1905719 0.5479567 -0.2904098 0.4708208 -0.0432194 0.0722010 0.5182953 0.6809445 -0.6162320 0.3976222 0.3619084 -0.3667362 -0.6195042 -0.3675576 -0.4897955 0.4526852 0.0833535 -0.6923150 -0.0021934 0.0556913 0.5047578 0.1955270 0.1117693 -0.0079996 -0.4078528 -0.0145872 -0.2850308 -0.0476752 0.1057180 -0.0371459 0.1577487 0.1331927 0.2113425 -0.1012391 0.0997383 0.3883033
0.4709931 0.5671341 0.1201273 0.1864584 0.2851657 0.5280324 0.6530756 0.0445369 0.4196994 0.3498606 0.2338214 0.0000000 -0.2182859 0.3457913 0.6911019 0.2498266 0.2931528 0.2661272 0.1058131 -0.0641632 0.5738369 0.0970952 0.2871678 0.3923965 0.1450213 0.1556309 0.1194512 0.2712033 0.6021873 0.3319483 0.0185675 0.1297730 0.2576440 0.5543090 0.2967157 0.1924571 0.1431485 -0.1490637 0.5897747 0.2925512 -0.1283400 0.2169915 0.4782649 0.3383108 0.3978913 0.0849106 0.1451867 -0.1238907 0.3815343 -0.2953866 0.2284070 0.2515055 0.5234924 0.4738056 -0.1104631 -0.1061747 0.1039884 0.3659132 -0.1425335 0.2280972 0.0481604 0.3188862 -0.3596854 0.4438450 0.4858096 -0.0007341 0.2839055 0.2166428 -0.3383526 0.3005159 0.1773015 0.4853159 0.2028235 0.3679483 0.0444539 0.1642535 0.3667792 -0.0360489 0.2161641 0.0584329 -0.0637926 0.3410295 0.2080212 0.1950484 0.0443532 0.1298454 0.2909017 0.0584925 0.2727952 0.1691174 0.3352076 0.4326590 0.0364610 0.0134610 0.0318645 0.3045953 0.5375213 0.0412761 0.0754570 0.1934354 0.3388108 0.0548532 -0.0170740 0.2357231 0.3264331 0.2731904 0.0204931 0.1259338 0.1355716 0.0048528 0.3431865 -0.3062251 0.3072554 0.1854988 -0.0411113 0.1627087 -0.0391696 -0.0800141 -0.0039919 -0.4545621 -0.3534572 -0.0756719 0.1119172 0.0940118 -0.0985038 -0.2893404 0.1991851 0.2273117 -0.1364819 0.0765368 0.1416237 0.0992904 0.0880111 -0.0155017 -0.1238165 -0.0659436 0.0438937 0.2143462 0.1298947 -0.0431175 -0.0693080 0.0658118 0.1115807 -0.2455643 0.0281265 0.1754898 0.3795331 -0.0200264 0.0602715 0.0659931 0.0272164 -0.1197524 0.3748769 0.2139438 -0.0225052 -0.0959348 0.3382852 0.1016758 0.1252605 0.0849428 -0.0254344 0.3153104 0.2307473 0.2358949 0.1191792 0.1729468 0.4479222 0.2792919 0.2812467 0.1473647 0.2888210 0.1894882 0.4028267 0.2194231 0.7298839 0.8538352 0.7231690 0.3069870 0.4639721 0.0345628 -0.2945622 -0.1269985 -0.3487455 -0.2268776 -0.4832250 0.1478649 0.0169027 -0.0397969 0.6253226 0.6632536 -0.3075917 0.4641221 0.7129459 -0.0345070 -0.1837195 -0.0325434 0.1958740 0.5093393 -0.1204084 -0.2384757 -0.0298670 0.2904963 0.4693052 0.1622075 -0.3812592 -0.2887647 -0.3672565 -0.5961399 -0.1506359 0.2566944 0.0909393 -0.0401833 -0.5315762 0.1213235 0.1421762 -0.6108605 0.0389370 0.0788137
0.0542538 -0.2521753 0.4231980 -0.0207594 0.5068648 0.0543291 -0.0447782 0.7500616 0.3009628 0.3457145 0.4973487 -0.2182859 0.0000000 0.3968051 -0.0278906 0.6225780 0.3866200 -0.0396696 0.6629083 0.7483616 -0.2191087 0.6780541 0.5659209 -0.3035240 0.7156429 0.6722837 -0.0163225 -0.0504542 -0.4598306 -0.0024773 0.8001715 0.7961757 -0.2612946 -0.2141010 0.6335203 0.3641807 0.6898757 0.7853343 0.0570248 -0.0294431 0.7443085 0.1025460 0.3231324 0.0971765 0.2305173 0.7041580 0.6793760 0.7965765 0.3669574 0.7140567 0.5969182 0.3645207 0.1531319 0.2725105 0.8486767 0.7865802 0.7014635 0.4191813 0.7203558 0.6471728 0.7187832 0.4892190 0.6925778 0.3120241 0.1731540 0.8207243 0.5807481 0.4470564 0.6795260 0.5003509 0.7265529 0.4291529 0.5676151 0.5213712 0.7400370 0.6077682 0.6058063 0.7876005 0.5581717 0.7749736 0.4008511 0.0210321 0.1240739 0.2299101 0.0930548 0.0431835 0.0531414 0.3296212 0.2748228 0.5158619 -0.1188936 0.0258833 -0.2173230 0.2704065 -0.0259122 -0.2983046 -0.1737939 -0.1488088 0.0623058 0.3429177 0.0598450 -0.1146622 -0.1417369 0.2232329 -0.1406938 -0.2594524 -0.2868748 -0.2824455 -0.1200083 -0.4500408 -0.1984431 -0.3015433 -0.3808853 -0.3044265 -0.2498458 -0.3602854 -0.2930754 -0.3084916 -0.3566795 -0.1618702 -0.2943233 -0.3374024 -0.0819845 -0.2576029 -0.3469056 -0.2203731 0.0696606 -0.1859793 -0.1461530 -0.2030935 -0.2884210 -0.0702613 -0.1881280 -0.4452137 0.0967744 -0.2685554 -0.3352471 0.0013008 -0.2794614 0.1023110 -0.1726318 0.1704351 -0.1352996 -0.3597266 -0.3040121 -0.3491738 -0.1147562 -0.0887376 -0.2518885 0.0166109 -0.0202551 -0.3460053 -0.1456435 -0.4223453 -0.3299530 -0.1906560 -0.1461880 -0.4454711 0.1251237 0.0449821 -0.3647467 -0.0863387 -0.2030738 0.1781664 -0.3787099 -0.1896421 -0.0339785 -0.0000172 0.1703510 0.1583553 -0.0963316 0.0196860 -0.1080450 0.3154229 -0.1059603 -0.2134656 0.0353757 0.2942290 0.1155025 0.3440113 0.3241927 0.4356544 0.3910199 0.7041194 0.4577605 0.5596995 0.5539237 0.5021121 0.3353343 0.2630014 -0.0797931 0.4781802 0.2517697 -0.1674075 -0.2059213 -0.0851489 -0.2430706 0.3198307 0.3861863 -0.1993904 0.0479439 -0.1054230 0.0437130 -0.0630281 0.5962344 0.2328211 0.1692075 0.2138403 0.0128040 0.1418917 -0.0875148 0.1143760 0.5656414 0.4909003 0.6666398 0.2047335 0.1596921 0.2907469
0.4660264 0.4244340 0.5151084 0.7015551 0.3361088 0.7421621 0.5049461 0.7892938 0.8132688 0.8781089 0.7519599 0.3457913 0.3968051 0.0000000 0.5438682 0.6505498 0.8982389 0.6845212 0.6078296 0.3661028 -0.0527764 0.4470496 0.7690951 0.1454264 0.5694432 0.7135879 0.4016383 0.4066525 0.1500998 0.6083462 0.5128118 0.5499951 0.0402578 0.3998715 0.7329019 0.5370242 0.7430562 0.4165206 0.5981298 0.4248305 0.3345374 0.2680847 0.7929435 0.4435296 0.5414825 0.6208479 0.6582979 0.4373969 0.5217908 0.4170012 0.6862235 0.8471797 0.6571284 0.8002856 0.4495337 0.4934427 0.6649423 0.6703970 0.2132526 0.6721610 0.5689625 0.8005613 0.0178599 0.6994691 0.5762986 0.5585276 0.6611691 0.7901379 -0.0897731 0.7350297 0.6095665 0.6816779 0.6856812 0.6278468 0.3478090 0.6326360 0.4990362 0.4503755 0.5286910 0.2884189 0.1234334 0.4352207 0.5216375 0.5280907 0.0609027 0.4255937 0.4480240 0.1991838 0.5499335 0.5508769 0.3657690 0.2690233 -0.0088454 -0.0897691 0.3827247 0.1346816 0.2242505 0.1340874 0.4072264 0.2450178 0.1088746 0.1690280 0.1428304 0.0809810 0.1881273 0.2858282 -0.0909629 -0.0600910 -0.0056140 -0.4363173 0.2436547 -0.4895866 -0.2530211 -0.1836393 -0.1989067 -0.2137594 -0.2230518 -0.2710235 -0.1825686 -0.5070609 -0.3558434 -0.2927694 0.2156777 -0.3121906 -0.2291149 -0.2939801 0.1902172 0.1545350 -0.3258297 0.0996283 0.0055131 0.0945029 0.1605476 -0.5456698 -0.1394815 -0.0418745 -0.1647955 -0.1910682 -0.2044683 -0.1591129 0.0013918 0.0442716 -0.0383300 -0.4112913 -0.1403334 -0.0611146 0.1530872 0.0779327 -0.3611190 0.2397733 -0.0023478 -0.2674270 0.2393206 -0.0714140 -0.0881756 -0.1515479 0.0527753 -0.1729601 0.1544662 -0.0578074 -0.1600881 0.2212101 0.1904823 0.0327374 -0.1118416 -0.0285386 0.4017666 0.1159961 0.2431502 0.0706912 0.1580706 0.1440107 -0.0373135 0.2262712 0.3847835 0.1981134 0.0465458 0.0466655 0.1858965 0.4124882 -0.0425806 0.3203785 0.0115386 0.3262754 -0.1769655 0.3934014 0.0749071 0.0173892 0.3560957 0.5233697 -0.4665680 0.2246132 0.2422897 -0.3755269 -0.4698771 -0.4472350 -0.3242448 0.2298841 -0.1146640 -0.4039694 0.1411953 0.2692986 0.3564900 -0.1076891 0.2768574 -0.0849580 -0.1727502 -0.1438113 -0.0405399 0.0537020 -0.0381599 -0.2979954 0.0298825 0.0006525 0.2047904 -0.0534581 0.3769849 0.4833236
0.4999079 0.5007549 0.2574485 0.3497609 0.1239575 0.6949577 0.6763080 0.3074950 0.6668501 0.5457142 0.3468553 0.6911019 -0.0278906 0.5438682 0.0000000 0.2176357 0.4538675 0.4189164 0.1673056 0.1396282 0.0976899 0.1265748 0.3759567 0.5025167 0.3046546 0.2120652 0.3094479 0.6418383 0.4628505 0.5551234 0.2036824 0.2940148 0.3948047 0.5792117 0.3861940 0.2065901 0.2759284 0.0765121 0.5442000 0.4555887 0.1240366 0.2215195 0.5427910 0.4829953 0.3897154 0.2441763 0.2379809 0.0532685 0.4304431 -0.0850945 0.3683131 0.5112575 0.5018710 0.5126746 0.0379679 0.0075366 0.1807655 0.3871437 -0.0873673 0.2624753 0.1879014 0.4308938 -0.3311641 0.4269479 0.4204217 0.1387006 0.2522809 0.2851224 -0.3861626 0.2841260 0.2049555 0.5240979 0.2240547 0.4143153 -0.0389861 0.2338774 0.2634955 0.0499505 0.1910065 0.0076173 0.0731367 0.3691432 0.3312290 0.4292327 -0.0966748 0.1383310 0.2878104 0.0863264 0.3471049 0.1463014 0.3299278 0.0900010 -0.0546129 -0.0904472 0.3103037 0.0467452 0.0960769 -0.0903868 -0.0211362 -0.0889369 -0.0014984 -0.1345583 0.0124066 0.1982393 -0.0701160 0.1109033 -0.2356182 -0.0038029 -0.1387077 -0.3710390 0.0753704 -0.6131070 -0.0403825 -0.1464443 -0.4018679 -0.2260451 -0.3575507 -0.4782017 -0.3046808 -0.7692600 -0.6765785 -0.3529144 0.1355318 -0.2347591 -0.5395715 -0.3256763 0.0279080 0.1220294 -0.2623970 -0.1800494 -0.2817278 -0.0349775 -0.2353915 -0.3978476 -0.3791787 -0.0156375 -0.4087864 -0.0426675 -0.2199245 -0.2570618 -0.0211178 -0.1276895 -0.2541372 -0.3050332 -0.2643345 0.0543878 0.0520588 -0.1544409 -0.2804958 0.0134210 -0.0819877 -0.1096083 0.1010939 0.0888107 -0.3377819 -0.1843480 -0.1520012 -0.0545919 -0.1947654 -0.0744401 -0.2205706 0.0536721 0.2382564 -0.0506493 -0.1400379 0.0477297 0.4980699 0.0633488 0.0467254 -0.0067342 0.0850692 -0.0621250 0.3929122 0.5386546 0.6476775 0.5271560 0.3658305 0.3730535 0.2865623 0.2759511 -0.1595832 0.1133998 -0.3409261 -0.0126228 -0.4015630 0.1782546 -0.0403364 -0.0660933 0.3483539 0.4983287 -0.5018770 0.2033940 0.4264173 -0.0455264 -0.3245454 -0.0146192 -0.0103455 0.3757588 -0.0893693 -0.2848625 0.0719984 0.0521644 0.2222981 -0.0443470 0.0160816 -0.2390000 -0.3976745 -0.1112941 0.0661208 0.0431680 -0.2047002 -0.2958267 -0.2003294 0.0309398 0.0313398 -0.1276672 0.3538287 0.4057189
0.3613044 0.1187947 0.1210737 0.4024962 0.3505728 0.5301664 0.2984523 0.7481163 0.6086680 0.6799652 0.7918232 0.2498266 0.6225780 0.6505498 0.2176357 0.0000000 0.6480419 0.3518178 0.8632492 0.4166966 0.1170050 0.7003276 0.8598211 0.0910092 0.8256967 0.9563335 0.1483413 0.1287671 0.1993494 0.2960388 0.6073257 0.7700168 0.0700214 0.3868313 0.8886608 0.6890389 0.8931237 0.7457514 0.3888496 0.1950457 0.6305091 0.3637767 0.7014815 0.2997127 0.4847786 0.8860764 0.8948346 0.6972832 0.6703385 0.5820760 0.9184482 0.5206863 0.5979705 0.6339596 0.6449711 0.7830653 0.8981620 0.7787175 0.4546826 0.9483033 0.5587075 0.8281684 0.3378114 0.7298590 0.5382989 0.7333521 0.9085579 0.8222012 0.3525714 0.8591967 0.8474432 0.6907007 0.8746116 0.6474179 0.7603196 0.8425016 0.8013285 0.8057129 0.8435285 0.6229819 0.5082639 0.4962448 0.4567007 0.2963168 0.3170472 0.3685529 0.0711344 0.3519836 0.5082136 0.6665171 0.0703842 0.3248133 0.1498003 0.2832916 0.0164730 0.0299854 0.3735397 0.3028285 0.1804144 0.5459120 0.4004343 0.0554752 0.1859951 0.3605971 0.0253005 -0.0376849 0.0658009 0.1392655 0.1282800 -0.1215576 0.0619924 -0.2085446 -0.0302112 0.1530142 0.1831524 0.1732295 0.1555325 0.1366271 0.1172767 -0.3149674 -0.2137631 -0.0579814 0.0359615 0.1258333 -0.1493637 -0.5469664 0.4338078 -0.0991722 -0.3055029 0.2004310 0.2074248 0.0880380 0.2576116 -0.5551582 -0.0571302 -0.2576886 -0.1066334 0.1171056 0.1043447 -0.0419098 -0.1722555 0.0512804 0.1274742 -0.5693893 -0.3018701 -0.1556807 0.2119608 0.0197698 -0.1332032 0.0737891 0.0495746 -0.4749470 0.2085163 -0.1815119 -0.0455691 -0.2902407 0.1968350 -0.4177134 0.4001201 0.1220636 -0.0955545 0.2385706 -0.0082056 0.3317689 -0.0722674 -0.1477631 0.1818353 0.2839225 0.3775902 0.2024106 0.1985106 0.2441886 0.1224817 0.2853692 0.3011604 0.2499391 0.2307120 0.1186545 0.4686562 0.3946044 -0.0379934 0.5003900 0.2156489 0.6179228 -0.1127949 0.4157304 0.1757077 0.1494822 0.5101633 0.6883755 -0.3098713 0.4305609 0.3919852 -0.0556571 -0.4124074 -0.1220529 -0.1607249 0.3734223 0.1974049 -0.4847519 -0.1128830 -0.0318577 0.3029160 0.0455568 0.0299175 0.1344415 -0.2516436 -0.1914437 -0.2481541 0.2153978 -0.0565049 -0.0740025 0.1485224 0.2489406 0.3762266 -0.1248721 0.0526467 0.1573963
0.1846968 0.3087886 0.4823571 0.6966115 0.2948528 0.7883729 0.5607722 0.8049618 0.8868105 0.9549903 0.8629176 0.2931528 0.3866200 0.8982389 0.4538675 0.6480419 0.0000000 0.4170643 0.4925748 0.2269622 -0.0480468 0.3323520 0.8141057 0.0850631 0.4813950 0.6825766 0.3854302 0.2468328 0.2409833 0.6414670 0.3305238 0.4354791 0.0316635 0.4843096 0.7600723 0.6825235 0.6325272 0.3042683 0.6037694 0.3509801 0.1702491 0.4205380 0.9008250 0.2509136 0.7445994 0.5447515 0.6475344 0.2475118 0.4968366 0.3046031 0.6504342 0.9049806 0.8265089 0.7771039 0.2887138 0.4332323 0.6317757 0.6745325 0.1231021 0.6255305 0.6479330 0.7944301 -0.0820910 0.8450701 0.7585799 0.4798466 0.6533617 0.8234297 -0.0268316 0.8200746 0.5394751 0.8007373 0.6710411 0.7488359 0.3096822 0.6907383 0.5574511 0.4152544 0.5451886 0.2464376 0.0730058 0.5490008 0.5209234 0.3782410 0.2085375 0.3433897 0.2947367 0.3028015 0.4554754 0.5277019 0.1867245 0.1948556 0.0365542 0.0441015 0.1468379 -0.0279746 0.2746438 0.2609985 0.4291378 0.4111878 0.2582472 0.1479145 0.2329647 0.2961068 0.0837797 0.2186323 -0.0233080 0.0428002 -0.0065556 -0.2656443 0.1674824 -0.4738064 0.0294992 0.0956676 -0.0571518 0.0198357 -0.0862959 -0.1631922 -0.0581162 -0.6146426 -0.3871090 -0.1397795 0.2529323 -0.0335013 -0.2880707 -0.5319632 0.4088020 0.0959691 -0.5020136 0.2686348 0.1503604 0.1899031 0.3353728 -0.6421266 -0.1312944 -0.0519767 -0.0863731 -0.2560338 -0.0926191 -0.3087602 0.0302934 -0.1520049 -0.0849395 -0.6189390 -0.3356398 0.0997821 0.1886366 0.1408256 -0.1732763 0.0939297 -0.0781162 -0.4309303 0.2373502 0.0899196 0.0769966 -0.2618502 0.0363590 -0.1542263 0.0839824 -0.1204354 0.0686995 0.2434282 0.1823256 -0.0115228 0.1567187 -0.1198132 0.4369570 0.2533051 0.2772866 0.0514011 0.2700133 0.2088701 -0.0629811 0.2489020 0.3174103 0.1456151 -0.0638113 -0.1033449 0.3336202 0.5578821 0.0478113 0.4963138 0.0356032 0.3670537 -0.2822941 0.4138737 -0.1240548 -0.0898289 0.3235011 0.5477481 -0.5941298 0.2003691 0.2127828 -0.4153280 -0.6084934 -0.5043945 -0.4708090 0.2145592 -0.2518034 -0.6491108 0.0885226 0.2515342 0.5917440 0.1331623 0.2257180 -0.1368839 -0.4440626 -0.1166322 -0.2003095 -0.0786521 0.1793145 -0.2652110 0.0361251 -0.1443896 0.0676690 -0.1344937 0.1206608 0.3615785
