0.0000000 0.2217045 0.0613425 -0.1833185 0.2790541 -0.2032166 0.3199225 -0.2043309 0.1251892 -0.5797654 -0.5526267 0.2069367 -0.0635005 0.1257033 0.2061076 -0.4924936 -0.5630739 0.3226570 -0.4062702 0.0813711 -0.0407938 -0.1354094 -0.5355757 0.3068748 -0.2775495 -0.5543495 -0.0042694 0.5045240 -0.0164915 0.6369652 -0.3325567 -0.5006219 0.1164395 -0.1068606 -0.4879894 -0.1478043 -0.4753536 -0.3568680 -0.4054183 0.0572271 -0.4240270 -0.1491687 -0.5304353 -0.0007155 -0.0619456 -0.3914158 -0.5385621 -0.1326240 -0.3977272 0.0288186 -0.5476613 -0.4793719 -0.2511574 -0.5293082 0.2301477 -0.0775604 -0.5612656 -0.4606832 -0.0283671 -0.5221934 -0.1930731 -0.4035654 0.3516828 -0.3629617 -0.1630749 -0.4948495 -0.4635927 -0.1553365 0.0507190 -0.3411835 -0.4235407 -0.2598752 -0.1911975 0.0118259 -0.0859893 -0.2133718 -0.1387372 -0.2568005 -0.2651749 -0.1266063 -0.0904179 -0.0293402 0.3880873 0.3955290 0.2675969 -0.0263561 0.1492709 0.0806654 -0.0120179 0.1488685 -0.0274210 -0.0261797 0.0588737 0.2161756 -0.0590929 -0.0382233 0.2165107 -0.0550023 0.1816366 0.0661528 0.1486028 -0.2033626 -0.0122282 0.2463744 -0.2126417 -0.1162625 -0.2317053 0.1904176 -0.2093578 0.0880203 -0.0676534 -0.0701064 -0.0684616 -0.0078489 -0.0618488 -0.1130291 -0.0670851 -0.2414832 -0.2413787 -0.2950817 -0.2623042 -0.1107528 -0.2642435 -0.3187217 -0.2747140 -0.3058628 -0.1687627 -0.3137007 -0.3267262 -0.1697170 -0.3295830 -0.0928437 -0.2916910 -0.0660968 -0.2755082 -0.4212886 -0.3413111 -0.5233299 -0.5055988 -0.3483113 -0.3185190 -0.4463581 -0.0066735 -0.2292119 -0.4344256 -0.4135001 -0.5433091 -0.5183731 0.3542076 -0.3233908 -0.2059815 -0.3066604 -0.4162481 0.0539634 -0.4001391 -0.2510139 0.3755958 -0.3721071 0.3856638 -0.1172304 -0.2594152 -0.1383637 -0.3287285 0.2000781 -0.2319826 -0.2173702 0.1119004 0.5490912 0.3450177 0.0644250 -0.0746246 0.2374653 0.6523309 0.5650773 0.5316804 0.4148629 0.2440543 0.3990602 0.0229839 0.0372938 0.2641122 -0.3099270 -0.1996902 -0.2416542 0.1023175 0.2038660 0.2934176 0.4348961 0.2736241 0.3458289 -0.3236644 0.2633614 0.2346544 -0.0165113 -0.1256985 -0.1319899 -0.1779189 0.0065663 0.2767335 -0.3752818 -0.1717065 -0.4472191 -0.4061272 -0.4877520 0.2368326 0.1230014 -0.2154366 -0.1544824 -0.0887689 -0.0224592 -0.3421760 -0.2861242 0.3095760 0.3643281 0.0172229 0.1366848 0.3421929 -0.0307867
0.2217045 0.0000000 0.6557879 0.7022926 0.5848497 0.7637140 0.4673487 0.6434064 0.3793034 0.5096135 0.4166784 0.7807753 0.6528578 0.1797929 0.0773239 0.1824156 0.1655898 0.1610095 0.1428441 0.2886224 0.8606484 0.2279439 0.3036805 0.4617623 -0.0613104 -0.1348371 0.2302802 0.2872125 0.8245377 0.1482577 -0.0383367 -0.3508091 0.5746479 0.6847097 0.0931836 0.7949565 -0.1553289 -0.0353989 0.1171313 0.3318214 -0.0259113 0.7386669 0.0637291 0.5027616 0.7143119 -0.0820426 -0.1662813 -0.0947396 0.5242365 0.0623546 -0.3071031 0.0889912 0.5909957 0.0481176 0.0800889 0.1419075 -0.2059015 0.3520891 0.0554251 -0.1840333 0.7121018 0.1416040 0.3766283 0.5534143 0.6772678 -0.2631875 0.0343973 0.4684169 -0.0009842 0.3039178 -0.0654823 0.6936796 0.2661424 0.6949288 0.0527496 0.3489279 0.6398991 -0.1105349 0.3042673 0.2747348 0.2671395 0.4434568 0.1479883 0.1485112 0.1009556 -0.3753866 0.5887312 -0.2972370 -0.0568898 -0.0339877 0.1615974 0.1268273 0.1723932 -0.2567017 -0.0722712 0.1929251 0.2787906 0.0458792 0.2311980 0.3550205 -0.1717835 -0.1070238 -0.2357271 -0.0703006 0.0828177 0.2578626 -0.2858334 -0.2613156 -0.0096144 -0.2976231 0.2233477 -0.1687722 -0.1381335 -0.0854909 -0.0894796 -0.1776935 -0.2369226 -0.3205101 -0.3871425 -0.4535800 -0.4701759 -0.3275844 0.0967456 -0.4199919 -0.3946636 0.2112859 -0.4655320 -0.3316254 -0.3017147 -0.1723857 -0.3881330 -0.0329240 -0.3717545 0.2123574 -0.2021029 -0.4245209 -0.3078988 -0.3572985 -0.4091913 0.0957473 -0.3784304 -0.2642845 0.2035068 -0.2505541 -0.3753758 -0.4030500 -0.4002597 -0.3446834 0.1115638 -0.2464053 -0.1068410 -0.1800721 -0.3629157 -0.1671604 -0.4142494 -0.0596184 0.4342423 -0.3271931 0.4487627 -0.1172043 -0.3495289 -0.1298335 -0.1508172 0.3858138 -0.2668175 -0.2537816 0.0333157 0.3345815 0.3178180 0.1037710 -0.2671630 0.1748682 0.3386653 -0.1724261 0.4403287 0.1474480 0.0856370 -0.1332097 0.4759051 0.4189422 0.2310980 0.3281669 0.4838516 0.3772040 0.3734598 0.5925028 0.1868302 0.1486384 0.5709408 0.3778645 -0.2876184 0.2988832 -0.2221836 -0.0758628 0.2004630 -0.0664737 0.0023402 0.2763432 0.0992332 0.0410310 0.2788383 0.0185500 -0.1325995 -0.2117591 0.0581359 0.1768174 -0.1522828 0.3285615 0.4289060 0.1454234 -0.2055922 0.2990915 -0.0215035 0.2075463 0.5827978 0.2875681 0.2140116 0.3381914
0.0613425 0.6557879 0.0000000 0.6300788 0.7619211 0.6243411 0.1018314 0.6977844 0.1531855 0.5490129 0.5171113 0.4015655 0.8805815 -0.2139078 0.0303323 0.2381721 0.1422515 -0.2531467 0.3451833 0.5819902 0.4838885 0.6235812 0.3885510 0.2880591 0.2795743 0.1565199 -0.0114399 -0.1451885 0.7399677 -0.1186886 0.3483326 0.0369470 0.5278872 0.7437166 0.1748794 0.5629049 0.0399672 0.3614308 0.4405352 0.5410731 0.1860232 0.4861924 0.2619447 0.3497268 0.6885716 0.1546687 0.0423821 0.2532138 0.6436323 0.1227222 -0.0198001 0.3454752 0.7973935 0.3108979 0.3498530 0.6043924 0.0900286 0.5361812 -0.1423280 0.1116453 0.7810594 0.4025742 0.7006721 0.7408058 0.8817870 0.0793844 0.3216910 0.6235630 0.4843329 0.5321166 0.2414713 0.7354808 0.5896352 0.7287603 0.5338638 0.6303034 0.8177073 0.3627089 0.6708973 0.6406601 0.5517063 0.3140381 -0.0315137 0.0725984 -0.0380174 -0.4483388 0.5342987 -0.2126067 -0.2007148 -0.3361856 0.5082391 -0.2025560 -0.1081583 -0.3322288 0.0975723 0.1706074 -0.0481188 -0.1438886 -0.0468349 0.2679791 -0.3476677 -0.3387270 -0.2201279 -0.0940124 0.0617045 -0.1353329 -0.2329464 -0.0124246 -0.3881532 -0.1636358 -0.0540335 -0.5111848 0.0053846 0.1074070 0.1137582 0.0082263 -0.0401019 -0.0984447 -0.1896383 -0.3416806 -0.1682713 -0.1352620 -0.0318674 -0.1818429 -0.2863120 -0.1768378 -0.1018957 -0.2880339 -0.3290464 0.1287523 -0.1630472 0.2553931 -0.1235922 0.1644535 0.1447088 -0.3848249 -0.1443892 -0.1931365 -0.2514684 -0.0740778 -0.2853548 -0.2029395 0.3113666 -0.3789176 -0.2222560 -0.3462613 -0.1622207 -0.0692311 0.1426360 -0.1922146 -0.1719522 -0.0663214 -0.0911732 -0.1333245 -0.2008583 0.0055617 0.3204642 -0.0915867 0.3943429 -0.2171654 -0.0728759 0.0977547 -0.0627698 -0.0284953 -0.1248140 0.0105456 -0.0802753 0.0504904 0.0185158 -0.0174742 -0.1314153 -0.0236155 0.1669617 -0.4474086 -0.0276698 -0.1997791 -0.3180393 -0.4741385 -0.0429646 0.0838181 0.0451268 0.1901484 0.4736571 0.5876326 0.3787767 0.6250219 0.2579001 0.5252012 0.6214046 0.1546692 -0.4763761 0.2486820 -0.3113398 -0.3184796 -0.1766933 -0.2825601 -0.2287469 0.1224026 0.1240645 -0.2009401 0.2233943 0.0412380 -0.1542541 -0.2261765 0.1754557 0.4930964 0.0169351 0.5186251 0.4987734 -0.0356590 -0.1629320 0.2528087 0.0401837 0.3101173 0.6818381 0.3563824 -0.2421773 0.0989341
-0.1833185 0.7022926 0.6300788 0.0000000 0.3457416 0.8104795 0.3806110 0.8825264 0.3939137 0.6943589 0.7044529 0.6168285 0.6143409 0.0877884 0.1479843 0.5225828 0.3655698 0.0708244 0.4920775 0.2687875 0.6968365 0.2213987 0.5614844 0.4310269 0.2774404 0.2283445 0.3026474 0.1641636 0.8150947 0.0264385 0.0702253 -0.0434307 0.5489625 0.7232909 0.4027873 0.6527388 0.1372499 0.0050749 0.4375680 0.4077884 -0.0567953 0.6440371 0.3737352 0.4756020 0.7266987 0.0764803 0.1868622 -0.1291513 0.6149526 -0.2380445 0.0851410 0.3481143 0.7658603 0.2756976 -0.1866189 0.0784225 0.1885636 0.5860464 -0.1610377 0.1727817 0.6899387 0.4613316 0.0934638 0.7024762 0.7514294 0.0897091 0.3008694 0.6507374 -0.2135334 0.6043137 0.1781256 0.8685129 0.4568175 0.5984332 0.1117655 0.4713547 0.7587159 0.0373390 0.3372916 0.3348469 0.1454140 0.1848394 -0.1622875 -0.3323558 -0.2746702 -0.1812102 0.6355157 -0.5605562 0.0326124 -0.2157368 0.6289733 0.1098533 0.2428499 -0.5709882 0.4451831 0.3502196 0.0921429 0.0922919 0.2638784 0.1052843 -0.3205872 0.1972097 0.0207122 -0.4081797 0.2363316 0.2839693 0.0248393 -0.0671519 0.1150180 -0.1029200 0.3739552 -0.1624611 0.0719149 0.1292415 0.1221047 0.0563065 -0.0144928 -0.1052030 -0.1462271 -0.2892915 -0.2352520 -0.0806078 0.1184275 -0.2383557 -0.2795054 0.2504004 -0.0744687 -0.0429171 -0.1235355 0.1620337 -0.0754854 0.1536450 -0.0234941 0.0944082 0.1359962 -0.0677749 0.0265031 0.1070697 0.0105082 0.2614257 -0.0871777 0.0841491 0.1233449 -0.1897843 -0.0266375 -0.1300205 0.0656551 0.1266844 -0.0956411 0.0619209 -0.0185231 0.1067281 0.0700284 -0.1924963 -0.0268038 0.0088229 -0.0007848 0.1255903 0.0237195 -0.0906841 0.1274903 0.0591753 -0.0397387 0.0322079 0.1200548 0.0079217 -0.0666594 -0.2056894 -0.2064539 -0.1375406 -0.3148694 -0.2886978 -0.1729008 -0.4081175 -0.0657529 -0.0078521 -0.1762659 -0.4880653 0.1219091 0.0622508 -0.1730336 0.1182145 0.4636622 0.3068118 0.0442642 0.2143624 -0.2658589 -0.1767074 0.4349755 0.2148287 -0.2010690 -0.0010146 -0.4449704 -0.3786355 0.0099990 -0.2462902 -0.0720178 0.0204510 -0.2566352 0.1351126 -0.0432647 0.0430134 0.1996521 -0.0637768 -0.1248718 -0.1103226 0.1512349 0.1671808 0.3856845 0.0753588 0.1544800 0.2970142 -0.3675705 -0.1257780 0.5533225 -0.0091686 0.0132663 0.1238289
0.2790541 0.5848497 0.7619211 0.3457416 0.0000000 0.2722910 0.0270103 0.3412333 0.0117294 0.2482823 0.1680843 0.2014014 0.6610727 -0.3454108 0.0304956 -0.0069338 -0.0868514 -0.2137849 0.0198897 0.6342820 0.2201664 0.3994969 0.1539690 0.0669692 -0.0745225 -0.0760087 -0.0092479 -0.0702956 0.3887736 -0.0455371 0.2821564 -0.1641573 0.2105942 0.3581839 -0.0975332 0.3857265 -0.1783973 0.2934005 0.0721017 0.2997973 0.2726941 0.3418214 0.0218677 0.0676493 0.2908106 0.0115420 -0.1975368 0.3972509 0.1859051 0.1803622 -0.2558805 0.0872537 0.3530771 -0.0760407 0.5732757 0.5517592 -0.1458396 0.0559740 0.0575228 -0.1325117 0.4261278 0.0415707 0.8254005 0.2570099 0.4475665 -0.0874289 -0.0062324 0.2744910 0.5303065 0.1093304 -0.0082512 0.3146000 0.1368838 0.4268453 0.3910085 0.2374373 0.3914492 0.2556431 0.3726016 0.1793228 0.3765530 0.2692946 0.1634181 0.0396318 -0.0772362 -0.2385391 0.2901265 -0.1136955 -0.2634534 -0.5110268 0.1947036 -0.1728291 0.2038039 -0.3495933 -0.1554467 0.1507502 0.1945041 0.3074251 -0.1920263 0.3550205 -0.4488722 -0.0836080 -0.0979418 0.2339640 0.1275748 -0.2885980 -0.0189313 0.0760586 -0.2016698 -0.1114475 -0.1905273 -0.1486107 0.0671246 0.1943966 0.1017804 0.0770212 0.0133335 -0.0942829 -0.1642607 -0.1776403 -0.1531521 -0.0916955 0.0530409 -0.3095447 -0.0766183 -0.0417290 -0.0142255 -0.2452850 -0.0048444 0.1211722 0.0464451 0.2340433 -0.0012925 0.1531959 -0.0391333 -0.2430786 -0.0016805 -0.1505961 -0.1181360 -0.1701880 -0.2293786 -0.2132923 0.2697911 -0.3413972 -0.0735779 -0.2172698 -0.1363526 -0.0949113 0.2659837 -0.3095055 -0.2459507 -0.1388251 -0.1096124 0.1142132 -0.1593719 -0.0477214 0.2976761 -0.2072533 0.4450025 -0.2217734 -0.2599590 0.0043980 0.0531338 0.2126475 -0.2001364 -0.0391132 0.1609038 0.4250872 0.3489896 0.1317669 0.0265931 0.2094108 0.3320071 -0.3972776 0.1691354 -0.4074377 -0.5072987 -0.4206441 -0.1322760 0.1731848 0.2092784 0.1548151 0.4066639 0.5136617 0.5827625 0.6452850 0.5332903 0.4690190 0.2771256 -0.1418845 -0.2816747 -0.0119311 -0.5337799 -0.1283218 0.0095931 -0.0754110 -0.2839280 -0.3082724 -0.0803893 -0.1449885 0.3409961 -0.2302305 -0.2290629 -0.2160750 0.3137332 0.4579113 0.0204691 0.4911730 0.6002851 -0.0654754 -0.1542577 -0.0984715 0.2370550 0.2922331 0.3565279 0.6379977 0.0914616 0.1886817
-0.2032166 0.7637140 0.6243411 0.8104795 0.2722910 0.0000000 0.5353216 0.8079400 0.4275120 0.7049591 0.6925366 0.7457419 0.7020979 0.1732677 0.0966353 0.3938552 0.4084300 0.1639609 0.3336999 0.3220266 0.7715934 0.4214558 0.5466344 0.5260346 0.0834748 0.0995703 0.1576955 0.2318572 0.8836779 -0.0030713 0.1902365 -0.0946665 0.6648074 0.8112149 0.2945259 0.6639416 0.0594885 0.0877835 0.4202947 0.3807781 0.0440363 0.5909199 0.3228770 0.6141572 0.8022680 0.0734529 0.1062066 -0.0550181 0.7377596 0.0243458 -0.0454594 0.3405340 0.7618983 0.3200257 -0.0933423 0.1808187 0.1039071 0.6415889 -0.1809527 0.0646650 0.8261764 0.4004328 0.1157642 0.7689832 0.7938440 0.0109612 0.2826128 0.5894645 -0.1094295 0.5303226 0.1543970 0.8803184 0.5229148 0.7365162 0.0723560 0.5214360 0.7695160 0.0447921 0.4968940 0.5061730 0.3265170 0.2761913 -0.0754088 -0.0276035 -0.2082664 -0.3395574 0.5522755 -0.3615383 -0.1452587 -0.0635852 0.2686548 -0.0490007 -0.1381920 -0.3940703 0.1010728 0.0389345 -0.0736170 -0.2207597 0.2273580 0.0607793 -0.2933766 -0.1442144 -0.1640107 -0.4521161 -0.0317986 0.2498008 -0.2567363 -0.2662399 -0.1660916 -0.3744440 0.1141668 -0.4080755 -0.1671940 -0.1725055 -0.1507357 -0.2073893 -0.2883458 -0.2130032 -0.2995042 -0.4675835 -0.3145648 -0.2483039 0.0213372 -0.1613301 -0.4460498 0.0880635 -0.3097347 -0.2966366 -0.4407941 -0.0198037 -0.3798585 -0.0446844 -0.3516291 0.1587070 0.0463910 -0.4032028 -0.3312461 -0.2015648 -0.3600730 0.1645035 -0.2873009 -0.1374679 0.1094936 -0.1704132 -0.3502214 -0.3408431 -0.2540586 -0.1861505 -0.0961752 -0.1030521 -0.0534609 -0.0340328 -0.2259701 -0.2573581 -0.3428860 0.1006406 0.1848291 -0.1342971 0.1602863 -0.1442013 -0.1177233 -0.0857453 -0.1008860 0.0368454 -0.1659588 -0.1350855 -0.1526716 -0.0355979 0.0389283 -0.1367942 -0.2371972 -0.0063725 0.0252432 -0.2787427 -0.0426510 0.0729059 0.0542529 -0.2674400 0.2917988 0.1682796 -0.0132753 0.2545165 0.3263265 0.2622099 0.1453080 0.4418238 0.0301423 0.0075176 0.5932163 0.3408386 -0.4028980 0.3215942 -0.1691306 -0.2513617 -0.0276345 -0.2250047 -0.0303094 0.3408576 0.1173183 0.0452009 0.1754120 0.3302694 0.0133839 -0.1515441 0.0306053 0.1904958 0.0093593 0.3802780 0.3951691 0.3148491 -0.0766236 0.4322053 -0.0716718 0.1039786 0.6604111 0.1460077 -0.0399211 0.3607607
0.3199225 0.4673487 0.1018314 0.3806110 0.0270103 0.5353216 0.0000000 0.2532458 0.3833959 -0.1135601 -0.0802962 0.6327705 0.1760658 0.3389602 0.2221373 -0.1839660 -0.1349716 0.5609166 -0.2972238 0.3342893 0.3198786 0.1685697 -0.1079028 0.7994778 -0.4348096 -0.4489202 0.0163262 0.7801348 0.4922561 0.5371612 0.1190781 -0.4652436 0.5411859 0.4072308 -0.2564160 0.0961114 -0.3756939 -0.3582138 -0.1546703 0.0518509 -0.2789382 0.0145623 -0.2777458 0.4305266 0.3042246 -0.3117157 -0.3032798 -0.0642436 0.1028325 0.0855316 -0.3828812 -0.3419013 0.2075457 -0.3262370 0.0158841 -0.1139540 -0.3380247 -0.0348612 -0.3795084 -0.4024013 0.1492055 -0.2136719 -0.0274678 0.0417317 0.1927333 -0.3551076 -0.3309997 -0.0252974 -0.3307219 -0.0827369 -0.2696444 0.2336478 -0.0452393 0.1225947 -0.2199549 -0.0916259 0.1438637 -0.1791115 -0.1255450 0.1066975 -0.0924819 -0.0956248 0.1569689 0.0764776 -0.3814154 -0.1049773 0.2112100 -0.1030183 -0.1579798 -0.0523077 0.1343782 -0.2296107 -0.1754650 -0.0957001 0.1341262 -0.2767294 -0.2531964 -0.2282046 0.3536933 -0.2637706 -0.2363208 -0.0138314 0.1653579 -0.4828886 -0.3339367 0.2329869 -0.2003721 0.0510303 -0.1210854 -0.2597705 -0.0597389 -0.2600929 -0.2452760 -0.2497097 -0.3109160 -0.2870553 -0.3431168 -0.2549922 -0.3017027 -0.4266017 -0.2862579 -0.1850899 -0.3755488 -0.2444037 -0.4117318 -0.1877914 -0.1219819 -0.3624782 -0.4148056 -0.0364389 -0.3321677 -0.2659575 -0.3033057 -0.2034916 -0.1256212 -0.3776978 -0.3708551 -0.2990547 -0.3845439 -0.0821333 -0.3402378 -0.3066476 -0.2294969 -0.1821257 -0.3988370 -0.3349538 -0.3706725 -0.3354301 -0.0392544 -0.2322476 -0.2550103 -0.1937026 -0.3517458 -0.2877039 -0.4582535 -0.1574873 -0.0590861 -0.2087770 -0.0729006 -0.3106754 -0.1989489 -0.2690221 -0.3394985 -0.1811843 -0.1977325 -0.2454555 -0.1891631 0.1027054 0.0522294 -0.3996684 -0.2782821 -0.0315600 0.2254003 0.2837754 0.0874018 0.4169383 0.3012560 -0.0422382 0.0012294 -0.1944000 -0.2097290 -0.1937028 -0.2166550 -0.1802487 -0.1239108 0.0377429 -0.0692389 -0.0002885 0.3265673 0.2979249 -0.4289370 0.1502073 -0.0084127 -0.4852977 -0.3757569 -0.4754368 -0.3021194 0.0764230 0.4049339 -0.2462922 -0.1540234 -0.0693280 0.0073548 -0.4316834 0.3405224 0.2347050 -0.0361075 0.0937136 0.2221121 0.4322084 0.0194693 -0.1375166 0.3499520 -0.0642998 0.1564608 0.1494631 0.3368422 0.4975669
-0.2043309 0.6434064 0.6977844 0.8825264 0.3412333 0.8079400 0.2532458 0.0000000 0.3008782 0.7434293 0.8413593 0.4927721 0.7886649 -0.0369268 0.0101742 0.7060756 0.3439074 -0.0626532 0.6680127 0.3417999 0.6428357 0.4215653 0.7579264 0.2909643 0.4576498 0.4287924 0.3160818 0.0445695 0.7322576 -0.2072060 0.1251040 0.0927560 0.5367767 0.6555324 0.5197998 0.5753920 0.2919701 0.2121059 0.5283038 0.4828155 -0.0206309 0.4928997 0.5071558 0.5648687 0.7794831 0.2983293 0.3130577 -0.1402359 0.7110978 -0.0098235 0.1761420 0.5181907 0.7740699 0.4245290 -0.1404679 0.2831409 0.3178524 0.8021139 -0.1613551 0.3051078 0.8229608 0.6682097 0.0658744 0.8537592 0.8137293 0.2170983 0.4692687 0.8701192 -0.0324305 0.8195970 0.2749705 0.9199302 0.7513573 0.7707948 0.1291085 0.7126373 0.8617202 0.0831144 0.5622132 0.5090362 0.2395382 0.2859144 -0.2082043 -0.2463969 -0.1301848 -0.2776875 0.6496886 -0.5917267 0.1101027 -0.0071499 0.6131237 0.0828392 0.0630169 -0.4061494 0.3629944 0.1561892 -0.0110604 -0.0147178 0.2297700 0.1299518 -0.1344409 0.0043879 -0.1771101 -0.3477377 0.1590805 0.0861003 -0.1622322 -0.2386696 -0.0219625 -0.1487396 0.2689874 -0.2625116 -0.0442798 -0.0462796 -0.0175042 -0.1156963 -0.1965539 -0.2258605 -0.2448212 -0.3811599 -0.3114712 -0.2535509 0.0720663 -0.1756307 -0.3338887 0.2610753 -0.1919453 -0.1239018 -0.2075812 0.0504639 -0.1999423 0.0593086 -0.1436397 0.2426648 0.0712669 -0.1699135 -0.0592617 0.0734028 -0.0788472 0.2931672 -0.2348561 0.1115812 0.1153644 -0.1532963 -0.0697661 -0.1361901 0.0340901 0.0924266 -0.2394711 0.0952438 0.1031251 0.1607939 0.0417251 -0.3070466 -0.0784831 0.1549764 0.0610573 0.1090412 0.1140457 0.0072371 0.0681353 0.1139829 0.0080943 0.0472457 -0.0045894 0.0614610 -0.0831122 -0.2468090 -0.1594437 -0.0569307 -0.3093265 -0.2343351 -0.0832996 -0.4313251 -0.0901866 -0.0639811 -0.1865194 -0.3972707 0.1883254 0.1371525 -0.0827993 0.1871425 0.4491984 0.3994682 0.1131080 0.3694249 -0.1374351 -0.0518185 0.4090142 0.1485677 -0.2715514 0.0302316 -0.4349809 -0.2868559 0.0662427 -0.1512933 -0.0085720 0.1069095 -0.2609966 0.2060586 -0.0195996 0.1336247 0.1187989 -0.0711971 -0.2221252 -0.0728408 0.1516191 0.2059598 0.2862090 0.0239947 0.0177141 0.3380806 -0.3825710 0.1123276 0.6733220 0.0465366 -0.0775653 0.1670125
0.1251892 0.3793034 0.1531855 0.3939137 0.0117294 0.4275120 0.3833959 0.3008782 0.0000000 0.2753335 0.1316348 0.7187659 0.0713147 0.5402950 0.8319574 0.0969696 0.0197128 0.7731915 -0.0156994 0.1836566 0.4516078 -0.1711181 0.2036447 0.6372056 -0.0633080 -0.1662690 0.2032430 0.6675856 0.5134180 0.3365620 -0.0688444 -0.4577876 0.5974729 0.4692421 -0.1351397 0.1931208 -0.2886995 -0.3598289 0.1785418 0.1846558 -0.5501767 0.4049621 -0.0178188 0.4984056 0.5370958 -0.3751706 -0.3104463 -0.3749288 0.3310582 0.1859454 -0.2798893 0.0955981 0.4053663 -0.0747101 -0.0114070 -0.2096737 -0.2707346 0.2561953 -0.1800414 -0.2531125 0.4897379 0.1207132 -0.1347604 0.2356510 0.3760149 -0.3266248 -0.1191260 0.2816011 -0.1655232 0.1302376 -0.3133199 0.4559096 0.1167286 0.4067155 -0.5289562 0.0397873 0.2831179 -0.6434239 -0.1986760 -0.1123426 -0.4774415 0.1608157 0.5036306 0.4131517 -0.0276474 0.2926087 0.5893409 0.0683641 0.1514881 0.1636773 0.0604740 0.4549578 -0.0480930 -0.0741348 0.1743671 -0.0252122 0.1531878 -0.0453943 0.1942557 -0.3047723 -0.0089418 0.0736153 0.0513913 -0.3327912 -0.3798145 0.0759153 -0.0731058 0.0648129 -0.1828628 -0.3358303 -0.0002797 -0.2495838 -0.0577230 -0.1042830 -0.1016638 -0.1006917 -0.1600409 -0.1911037 -0.1656578 -0.3262365 -0.1634828 0.0339630 -0.1462079 -0.0764764 -0.4273615 -0.1913130 -0.1297527 -0.3648065 -0.4894772 -0.1015328 -0.3030492 -0.4229787 -0.2216506 -0.3328106 -0.4306971 -0.3689543 -0.4099982 -0.5379180 -0.4481984 -0.4234977 -0.3742134 -0.5948450 -0.5389724 -0.3948513 -0.4918474 -0.1546178 -0.4671174 -0.3908346 -0.2066374 -0.5904566 -0.6096262 -0.5431488 -0.5662075 -0.1106245 -0.2881913 -0.3627844 -0.3504997 -0.5342628 -0.4353132 -0.5526828 -0.0293621 -0.6212838 -0.3907298 -0.1794658 -0.3853017 -0.6325838 -0.3279981 -0.0032108 0.1905037 -0.4053575 -0.2959024 0.0817500 -0.1678909 -0.0436995 0.1332072 0.4194432 0.1501263 0.1482413 -0.0019732 -0.0517788 -0.0982044 -0.1497747 0.1278355 0.0627474 -0.0270420 0.1767867 0.0824471 0.1825894 0.5522068 0.4201643 -0.1925584 -0.0269218 -0.0476841 -0.1752447 -0.1780485 -0.3052462 -0.3091727 0.2662517 0.0305225 -0.3645232 -0.0853779 -0.1157007 0.0275681 -0.2611519 0.3844343 0.0810024 -0.3976538 0.2496925 0.1967093 0.3552091 -0.0584210 -0.0481043 0.1546133 0.0566124 0.1468945 -0.0272116 0.3526736 0.3463945
-0.5797654 0.5096135 0.5490129 0.6943589 0.2482823 0.7049591 -0.1135601 0.7434293 0.2753335 0.0000000 0.9196450 0.4435535 0.5582843 0.1102211 -0.0370355 0.7374911 0.6953940 -0.1537381 0.7045518 0.0773431 0.6916403 0.2468402 0.8619335 -0.0054734 0.4972231 0.5826313 0.4141279 -0.2239955 0.6174412 -0.3261183 0.1545037 0.3502460 0.3315789 0.5916584 0.6640114 0.7222370 0.4854707 0.4417950 0.6555525 0.4210524 0.3373949 0.7213166 0.6888601 0.4133191 0.6588715 0.4238511 0.4735042 0.0500191 0.7939040 0.0407168 0.3762254 0.7194402 0.7257791 0.6568990 -0.1192585 0.2875416 0.4946525 0.8105332 0.1622162 0.4857384 0.7873574 0.7171998 0.0336008 0.8534177 0.7124936 0.4098399 0.6242762 0.7300278 0.0527870 0.7390400 0.5027108 0.8508920 0.6245132 0.6958116 0.2299256 0.6699777 0.7841534 0.1907831 0.6140280 0.4701840 0.3191975 0.3981365 -0.1372172 -0.1203498 0.0507482 -0.0793667 0.5557428 -0.3269494 0.1457482 -0.0280674 0.2663952 0.3307200 0.1955487 -0.3430402 0.1264504 0.4129382 0.2068384 0.1593858 0.0926427 0.3055280 -0.0747718 0.1638512 -0.0776301 -0.2163190 0.3798415 0.2913717 0.1238454 -0.1565764 0.1307233 -0.0832441 0.3430355 -0.0577190 0.2304532 0.1929541 0.2503551 0.1889861 0.0935976 0.1166256 0.0924935 -0.0376316 0.0138887 0.0600368 0.3451007 0.1559829 -0.0168785 0.3977953 -0.0471811 -0.0243385 -0.0317433 0.1610572 0.0374581 0.0829193 -0.0094357 0.3448206 0.0716988 0.0003019 0.0782771 0.1161822 0.0519199 0.3242604 -0.0156363 0.1613728 0.2115650 0.0300625 0.0781555 0.1138321 0.1388578 0.1519628 -0.1718831 0.1199956 0.1572244 0.1495183 0.1000243 -0.1207461 0.0938911 0.1871178 0.0447651 0.0595988 0.0278531 0.1105586 0.1263988 0.1111475 0.1633219 0.2088081 0.0819409 0.0085723 -0.0453946 -0.2497749 -0.0121212 0.1925395 -0.0646151 -0.0444334 -0.2911898 -0.5327754 -0.0194608 -0.1115955 -0.1069292 -0.3913200 0.3639424 0.3578892 -0.0062456 0.5157778 0.6463807 0.5552313 0.2768339 0.2926089 -0.0919021 -0.1610872 0.3787294 0.1706441 0.0432411 0.1294187 -0.2579818 0.0504967 0.2827356 0.0834582 0.1833994 0.2932304 -0.2526308 0.2872981 0.4528545 0.4095960 0.2426882 0.3112270 -0.2168628 -0.0439222 -0.0596727 0.3716552 0.4786745 -0.0089522 0.0988185 0.5588935 -0.3363345 -0.0101580 0.4829318 0.0789700 -0.0904914 0.2449755
-0.5526267 0.4166784 0.5171113 0.7044529 0.1680843 0.6925366 -0.0802962 0.8413593 0.1316348 0.9196450 0.0000000 0.3148427 0.6103243 -0.0284644 -0.1732936 0.8585005 0.6991732 -0.2483858 0.8239348 0.0481322 0.5711297 0.2988514 0.9220558 -0.1059804 0.6355380 0.7243666 0.3734439 -0.2757224 0.5164469 -0.4123509 0.0382254 0.4548519 0.2108900 0.4488277 0.7941672 0.6286496 0.6245393 0.4391127 0.7029520 0.3845205 0.2791560 0.5481865 0.8055240 0.3574044 0.5907138 0.5539034 0.6304511 -0.0664969 0.7058090 -0.0510603 0.5014007 0.7972326 0.6397920 0.7433657 -0.3100820 0.2937247 0.6394748 0.8880918 0.1724480 0.6212625 0.7305086 0.8265619 -0.1013917 0.8759006 0.6641757 0.5425085 0.7410801 0.8347447 0.0210374 0.8699504 0.5670476 0.8418721 0.7697075 0.7291916 0.2567415 0.7807973 0.8001576 0.2599818 0.7235574 0.5558303 0.3930422 0.4337717 -0.2346010 -0.3074747 -0.0279947 -0.1908773 0.5882702 -0.5614810 0.2693646 0.1071482 0.3911340 0.2517211 0.1422101 -0.2880917 0.2791646 0.3338320 0.1229715 0.0755915 0.1933304 0.2924353 0.0374329 0.0994676 -0.1988173 -0.1958058 0.4195236 0.2426261 0.0052273 -0.2787509 0.1949622 -0.0869116 0.3909456 -0.0599091 0.1011965 0.0731615 0.1174951 0.0458312 -0.0284047 -0.0319489 -0.0421192 -0.1757274 -0.1216904 -0.0875720 0.3306936 0.0501725 -0.1450341 0.4542574 -0.0730888 0.0731958 -0.0363791 0.1234751 -0.0622413 0.1487893 -0.0624819 0.4697580 0.1885578 0.0425236 0.0742048 0.2909051 0.0871604 0.5125341 -0.0205134 0.3637797 0.2773673 0.1682859 0.1298865 0.0715618 0.2296583 0.2149348 -0.3300245 0.3182126 0.3426329 0.3875024 0.2355847 -0.1810073 0.0964113 0.3851126 0.0723803 0.2315029 0.0973578 0.2872804 0.1828761 0.2776727 0.2880218 0.2206366 0.1491000 0.2236214 0.0715501 -0.3763110 -0.1297420 0.2532604 -0.1014534 -0.1947128 -0.2317589 -0.5071881 -0.1024314 -0.1704966 -0.2021047 -0.3490007 0.3395439 0.3698132 0.0545243 0.5000848 0.6062961 0.4641180 0.2678017 0.3082083 -0.1145417 -0.2618205 0.2409455 0.0521252 -0.0855549 0.0869691 -0.3124920 0.0247382 0.2820448 0.1461857 0.2568053 0.1813019 -0.3707211 0.4203018 0.2599938 0.4246042 0.3174479 0.3475942 -0.4098028 -0.1952302 0.2106401 0.1734181 0.2885773 -0.0713998 0.1732648 0.5616592 -0.4944040 0.1289856 0.5814682 -0.0468455 -0.2321979 0.1092949
0.2069367 0.7807753 0.4015655 0.6168285 0.2014014 0.7457419 0.6327705 0.4927721 0.7187659 0.4435535 0.3148427 0.0000000 0.2966222 0.5006440 0.3922705 0.0704096 0.2079815 0.4978636 0.0153684 0.1802392 0.8358910 0.0591710 0.2482493 0.6984592 -0.1076647 -0.1871202 0.3042985 0.6248187 0.8369949 0.4305301 -0.0875017 -0.3313253 0.7359683 0.7313296 0.0701055 0.6578338 -0.1417368 -0.1869744 0.2718899 0.4496202 -0.2444266 0.6825148 0.0894935 0.6789367 0.7493576 -0.1518388 -0.1989194 -0.1927752 0.5749218 0.0632538 -0.2727433 0.1501269 0.6062935 0.0839022 -0.0302452 -0.0538733 -0.1952139 0.3477063 0.0017931 -0.1885136 0.6120628 0.1752128 0.0640000 0.4786833 0.5924547 -0.2321301 -0.0104816 0.3871049 -0.2432080 0.2320694 -0.0461311 0.6774340 0.2312589 0.6123065 -0.1516192 0.2854501 0.5802402 -0.2435365 0.1545807 0.2843910 0.0517969 0.2330967 0.3880283 0.3712585 0.0822658 0.0025850 0.6752419 -0.1354280 0.1355059 0.1608178 0.0944287 0.3582137 0.1266340 -0.1143182 0.1738874 0.2454803 0.3120016 -0.0444738 0.4861461 0.1092778 0.0031752 0.0378444 0.0478105 -0.3286749 -0.0228172 0.4429528 -0.1092703 -0.0218220 -0.0007924 -0.2558905 0.3070052 -0.1409164 0.0002779 0.0002866 0.0027481 -0.0397326 -0.0935554 -0.1377375 -0.1664297 -0.3715944 -0.2528273 -0.0336311 -0.0328192 -0.1644359 -0.4086328 0.0584948 -0.2690289 -0.3897751 -0.4574549 -0.1160091 -0.3781713 -0.2660742 -0.4140639 0.0289755 -0.3033900 -0.4205303 -0.3994142 -0.4762330 -0.4976470 -0.0131751 -0.4028898 -0.3894469 -0.0851611 -0.1177224 -0.4598823 -0.2339417 -0.4544820 -0.4027254 -0.0789151 -0.3029252 -0.2424408 -0.2639087 -0.4243440 -0.1632418 -0.4237685 -0.0933356 0.1412404 -0.3726036 0.0451779 -0.2172030 -0.0831325 -0.2751191 -0.2450094 0.1654787 -0.1769592 -0.4186372 -0.1471479 0.0840408 0.2289642 -0.0680049 -0.2735474 0.0823221 0.2607171 0.1374304 0.4376619 0.5154898 0.3515006 0.0265751 0.3933927 0.2610652 0.0622339 0.2375492 0.3899105 0.2701004 0.1877299 0.3158642 0.0386258 0.1431239 0.7606744 0.6850732 -0.2593860 0.4278684 0.0740513 -0.1205987 -0.0009388 -0.2043487 -0.0256421 0.4538053 0.2648171 -0.1339205 0.2482624 0.0831020 0.1068953 -0.1324016 0.1619510 0.1444576 -0.3366961 0.2125335 0.4405066 0.3212134 0.0058823 0.3366001 0.1116390 0.0779246 0.4292326 0.0865218 0.2748518 0.4563424
-0.0635005 0.6528578 0.8805815 0.6143409 0.6610727 0.7020979 0.1760658 0.7886649 0.0713147 0.5582843 0.6103243 0.2966222 0.0000000 -0.2347526 -0.1573602 0.4276200 0.1892888 -0.2367902 0.4210581 0.5793485 0.4486093 0.7452674 0.5246523 0.2461024 0.2611703 0.2568261 0.0040158 -0.1356522 0.6495143 -0.2704339 0.4019508 0.0217985 0.4302979 0.6158856 0.2488744 0.4760279 0.1043096 0.3933331 0.3065030 0.2966473 0.2386117 0.3157972 0.2995773 0.3103090 0.6094195 0.2395899 0.1618923 0.1770364 0.5770341 0.2481802 0.0450307 0.3331646 0.6759839 0.3271090 0.2380579 0.5996413 0.1735985 0.6364953 -0.1714952 0.1818145 0.7796775 0.4620793 0.5201498 0.7613712 0.8112139 0.1370234 0.3932250 0.6995334 0.4660794 0.6310491 0.2284544 0.7090365 0.6758906 0.7528331 0.3961068 0.6656704 0.7555946 0.2898021 0.6906803 0.5869814 0.5050223 0.3944260 -0.1962384 -0.1250834 -0.1482998 -0.6125136 0.4271448 -0.3146402 -0.2552978 -0.2629396 0.3954932 -0.3063565 -0.2286901 -0.2658366 -0.0534085 -0.0946231 -0.2128159 -0.1891006 -0.0722305 0.2295943 -0.3726143 -0.3856584 -0.3962378 -0.0654683 -0.0283478 -0.1658959 -0.4179130 -0.2936582 -0.3660234 -0.3497356 -0.1456477 -0.5237165 -0.2516285 -0.1757308 -0.1834238 -0.2662775 -0.3392773 -0.3262778 -0.4179282 -0.4918448 -0.3848982 -0.4254886 -0.0434350 -0.2847479 -0.3914704 -0.0664313 -0.2638187 -0.2974054 -0.3367525 0.0347076 -0.2804494 0.1611295 -0.1780328 0.2426413 0.1109886 -0.4073103 -0.2031653 -0.1171039 -0.2504471 0.0357968 -0.3395276 -0.1187780 0.2790121 -0.3571457 -0.2394773 -0.4149449 -0.1673729 -0.1027473 0.0053884 -0.1459080 -0.0569069 -0.0041800 -0.1221623 -0.2762538 -0.2368319 0.0928086 0.3012295 -0.0937553 0.4047683 -0.1478884 -0.2842645 0.0591953 0.0004368 0.0358867 -0.2618736 0.0538814 -0.0397660 0.0724552 0.0876539 -0.0224863 -0.1430602 0.0469622 0.1059094 -0.5446628 -0.1177321 -0.2955538 -0.3344263 -0.4331301 0.0578513 0.1475733 0.0814250 0.2141202 0.3376434 0.4800416 0.3722474 0.6850114 0.2937544 0.3102927 0.3581380 -0.0850852 -0.5277183 0.0653197 -0.4485947 -0.2896334 -0.1238906 -0.1985292 -0.1980802 0.0588143 0.0400263 -0.0684621 0.1559112 0.1761089 -0.1774466 -0.2282831 0.0704413 0.4014446 0.1088665 0.5638591 0.3472626 0.0749518 -0.2276671 0.1733931 -0.0467340 0.3552400 0.6853674 0.4218222 -0.1895408 0.2245056
0.1257033 0.1797929 -0.2139078 0.0877884 -0.3454108 0.1732677 0.3389602 -0.0369268 0.5402950 0.1102211 -0.0284644 0.5006440 -0.2347526 0.0000000 0.2539458 0.1053557 0.3680550 0.7440359 0.1267926 -0.4459388 0.4083131 -0.3809614 0.0779811 0.3864575 0.1358859 0.0036416 0.6017443 0.5445413 0.1593946 0.6410952 -0.1974320 -0.0100106 0.1174593 0.1075674 0.1211436 0.1013315 0.0876176 -0.0490081 -0.0105589 -0.2257426 -0.0865150 0.1925104 0.0159318 0.0404337 0.1164794 -0.0463178 0.1188452 -0.0691133 0.0361350 0.3095449 0.1192292 -0.0569434 0.0515204 0.0476926 -0.0895786 -0.1355798 0.0399672 0.1182581 -0.0823349 0.0228744 0.0355416 0.0890358 -0.2989985 0.0413100 -0.0040960 -0.0377652 0.0669584 0.0229118 -0.1672187 0.0203872 0.0920628 0.0791588 0.0271015 0.0597799 -0.2090006 -0.0962401 0.0242717 -0.3351560 -0.2557622 -0.0489081 -0.3295006 0.1807789 0.3868554 0.3555675 0.0783051 0.2669241 0.3835899 0.0499702 0.0983580 0.3106494 -0.0142578 0.4333780 0.0136578 0.2313029 -0.1653050 0.1030836 0.1265641 -0.1649435 0.1043175 -0.2161221 0.1724009 0.1740682 0.3087961 -0.3177964 -0.1809884 0.4835048 -0.0069123 0.3006334 0.0688402 -0.0781573 0.1496860 -0.1056486 0.1130284 -0.0197435 0.0135752 -0.0187176 -0.0925414 -0.0541107 -0.0267791 -0.2236013 -0.0977077 0.0672014 -0.3370358 0.1316493 -0.2248212 -0.1715777 -0.0964605 -0.4931716 -0.5087381 -0.0907397 -0.2855823 -0.5461878 -0.3059569 -0.2892614 -0.4709546 -0.4100882 -0.4538746 -0.5108666 -0.4758956 -0.2674531 -0.3185905 -0.4788695 -0.3619883 -0.2205006 -0.5155299 -0.2599483 -0.5443539 -0.6003054 0.0637837 -0.3715201 -0.2791815 -0.4829440 -0.5688905 -0.4618478 -0.3961799 -0.5458361 -0.1591533 -0.5509316 -0.2922955 -0.2344256 -0.3073799 -0.5125096 -0.5827869 0.0991799 -0.3003192 -0.6199179 -0.4277630 0.1672829 0.3344254 -0.0712642 -0.3263287 0.3525989 -0.2314303 0.4221652 0.2765471 0.7525366 0.6643813 0.1714960 0.3626310 0.0940043 -0.2531451 -0.0724034 -0.1264490 -0.2459988 -0.2025350 -0.2455815 -0.2980183 -0.2287954 0.3108048 0.5643858 -0.1460765 0.1839366 0.4166095 -0.1612984 -0.2119118 -0.3730857 -0.2455933 0.5253511 0.2799658 -0.4188820 0.0550705 -0.0273537 -0.0400459 -0.1411429 0.2772780 -0.0134526 -0.6790398 0.0801881 0.0044146 -0.0532378 -0.2248167 -0.1040015 0.2274163 -0.2093241 -0.3287487 -0.1642397 0.4875425 0.3419611
0.2061076 0.0773239 0.0303323 0.1479843 0.0304956 0.0966353 0.2221373 0.0101742 0.8319574 -0.0370355 -0.1732936 0.3922705 -0.1573602 0.2539458 0.0000000 -0.1923388 -0.2970145 0.6993517 -0.2643868 0.2416717 0.0564845 -0.3476959 -0.1163981 0.4772631 -0.2461943 -0.3913054 -0.0769817 0.5406039 0.2193684 0.2781519 -0.0770531 -0.5520734 0.4418982 0.2419113 -0.4383932 -0.1430914 -0.5198904 -0.5064892 0.0819365 0.1763197 -0.6829936 0.1833108 -0.2632666 0.3319040 0.3025600 -0.5793296 -0.5427006 -0.3241744 0.0378250 0.0305589 -0.4650783 -0.1082636 0.1557042 -0.3751500 0.1101843 -0.2981978 -0.4635894 -0.1275440 -0.3094757 -0.4718798 0.2364108 -0.1878009 -0.0469267 -0.1205663 0.1083844 -0.4967182 -0.3906863 -0.0758838 -0.1717689 -0.2055662 -0.5474586 0.1464099 -0.1886520 0.0597954 -0.5651511 -0.2712080 -0.0385354 -0.6648716 -0.4395021 -0.3693989 -0.6219035 -0.1002510 0.4818731 0.4218447 -0.1172023 0.4528318 0.2882025 0.2119328 0.0091020 -0.0218296 0.0483489 0.2570516 -0.0980887 -0.2358459 0.1812649 -0.1294723 0.0550616 -0.0019775 -0.0408582 -0.5155991 -0.1146058 0.0713558 0.1515852 -0.3045387 -0.5029553 -0.2437686 0.0731408 0.2282819 -0.3115201 -0.1673223 -0.2400792 -0.2455596 0.0323002 -0.0234162 -0.0141683 -0.0012090 -0.0275710 -0.0572835 -0.0222123 -0.1150690 0.0570330 0.2049745 -0.1376873 -0.0102225 -0.2423846 -0.3406352 0.0398464 -0.1876314 -0.3130804 -0.0354978 -0.1205567 -0.2732452 -0.0466742 -0.4998177 -0.2713966 -0.2114573 -0.2573304 -0.4630805 -0.2888523 -0.6087470 -0.1417008 -0.5788426 -0.6124082 -0.4342621 -0.3535832 -0.0482373 -0.3361343 -0.2185606 -0.0316601 -0.5945441 -0.6952277 -0.5675414 -0.4629593 0.1913856 -0.1467920 -0.3962649 -0.4534684 -0.4265319 -0.4928800 -0.6360419 0.1507383 -0.6068377 -0.3905866 -0.3976750 -0.2939930 -0.5530698 -0.3095047 0.0758481 0.0867496 -0.5531965 -0.1373109 0.0506292 -0.2161462 -0.0135455 -0.0741361 0.1949406 -0.0257135 0.2042206 -0.3525072 -0.3354693 -0.1336594 -0.4412706 -0.1027905 -0.1445541 -0.2095841 0.0461465 0.1340001 0.3291134 0.4223913 0.2749981 -0.0632439 -0.1057565 -0.0345256 -0.1760997 -0.2046840 -0.3088677 -0.3836143 0.0181430 -0.0509908 -0.3840486 -0.2729052 -0.3423959 -0.1445091 -0.4119913 0.5220721 0.1028521 -0.2131976 0.1366606 0.1075267 0.3096628 -0.0909271 -0.2284674 0.2819274 0.0196682 -0.0135188 -0.0291191 0.2679229 0.0662978
-0.4924936 0.1824156 0.2381721 0.5225828 -0.0069338 0.3938552 -0.1839660 0.7060756 0.0969696 0.7374911 0.8585005 0.0704096 0.4276200 0.1053557 -0.1923388 0.0000000 0.6103986 -0.1174987 0.9034576 -0.1136448 0.3349198 0.1274641 0.9099654 -0.2103690 0.7392170 0.8179746 0.5552073 -0.1988386 0.1805229 -0.3183708 -0.0308147 0.4676361 -0.0274867 0.0981925 0.7948101 0.3067838 0.6776080 0.4024414 0.4950507 0.1230937 0.1959846 0.2616054 0.7251211 0.1527728 0.3072485 0.5604610 0.7133895 -0.1535148 0.3935848 0.0546752 0.6117729 0.6733410 0.3371017 0.6170407 -0.3666989 0.1918301 0.6929813 0.7911502 0.1626091 0.6793787 0.4724458 0.8278147 -0.2952522 0.6604141 0.3684600 0.5966260 0.7281389 0.7963725 0.0110625 0.8757633 0.5299516 0.5855406 0.7328536 0.5245918 0.1098983 0.6605954 0.5662810 0.0874605 0.4805270 0.3253795 0.0720297 0.3995126 -0.3017494 -0.4298190 0.0158658 -0.0447592 0.4867810 -0.5068615 0.3808283 0.1934126 0.3900362 0.3452073 0.2118900 -0.1175822 0.2579111 0.2615164 0.0749641 0.2023861 0.1536530 0.2097020 0.1701732 0.2814482 -0.1148455 -0.0887373 0.3930632 0.2305036 0.0936883 -0.1832509 0.2871090 0.0680267 0.3888256 0.0769128 0.1780585 0.1089841 0.1450820 0.0817378 -0.0136220 -0.0364865 0.0076294 -0.0832266 -0.0883506 -0.0563991 0.2932197 0.1342552 -0.0305394 0.4785121 0.0606581 0.1438455 0.0654399 0.2230162 0.0642668 0.0800169 0.1388427 0.4213118 0.1132806 0.1763725 0.2019582 0.3659667 0.2156254 0.4408914 0.0738473 0.3978378 0.1363405 0.1285297 0.2326462 0.1791358 0.2937721 0.2416245 -0.3162999 0.3460995 0.3900101 0.3599576 0.2497752 -0.2315304 0.2637019 0.2391213 -0.1206098 0.2435732 -0.0745178 0.3391608 0.1521480 0.2281632 0.2251739 0.2362853 0.1573735 0.2202643 0.0876845 -0.3707672 -0.1081668 0.2617610 -0.0518340 -0.1537739 -0.4455027 -0.4512872 -0.0832895 -0.0625326 -0.1282464 -0.2459429 0.3068205 0.3000347 -0.0431999 0.3094468 0.3950783 0.2667842 0.1328031 0.0864199 -0.2600365 -0.4576122 -0.0644864 -0.1203437 0.0482838 -0.2144639 -0.3411455 0.0461902 0.2685739 0.1529952 0.1924223 0.0615979 -0.5224577 0.3945112 0.1193928 0.3307834 0.3033236 0.3331122 -0.4441854 -0.4085363 0.1327785 0.1126675 0.1205518 -0.1371564 0.1419995 0.2886598 -0.5557994 0.0617690 0.3028244 -0.0577302 0.0209421 0.1417615
-0.5630739 0.1655898 0.1422515 0.3655698 -0.0868514 0.4084300 -0.1349716 0.3439074 0.0197128 0.6953940 0.6991732 0.2079815 0.1892888 0.3680550 -0.2970145 0.6103986 0.0000000 -0.0808980 0.6363980 -0.4034839 0.4388327 -0.0111127 0.6472330 -0.2551047 0.5895622 0.7322839 0.4960608 -0.2879011 0.2096773 -0.1269789 -0.1087037 0.6900884 -0.2290528 0.1381385 0.8400655 0.5266487 0.7892567 0.5469415 0.6180275 -0.0636707 0.5359897 0.4559129 0.8326246 -0.1575076 0.1953311 0.6562292 0.8238388 0.1526431 0.3564729 0.0528965 0.7624926 0.7210055 0.2974370 0.8160138 -0.3364660 0.2904448 0.7999381 0.6238584 0.3490102 0.7769901 0.2924346 0.6807700 -0.2556746 0.5556887 0.2973847 0.7182113 0.8118630 0.4295153 0.1141141 0.5272374 0.7723066 0.4303073 0.4564616 0.3831671 0.3852934 0.4937105 0.4025413 0.3820253 0.5407436 0.3969020 0.3904041 0.5109674 0.0455625 -0.2373653 -0.1408120 -0.0835905 0.4635659 -0.4693046 0.2306460 0.1314357 0.1435999 0.3592347 0.1829041 -0.0142612 0.0074228 0.4340868 0.2480443 -0.0020733 0.0860936 0.2230342 0.0562315 0.1653190 -0.0077322 -0.0827017 0.4589413 0.5161362 0.0583245 -0.0753000 0.4046110 -0.1869572 0.3652449 0.0594061 0.0984778 0.0752929 0.0814701 0.0583667 -0.0031566 -0.0220966 -0.0295250 -0.1866019 -0.1255022 -0.0348808 0.1655943 0.0353731 -0.1574010 0.2937512 -0.0318924 -0.0465257 -0.1111674 0.0381816 -0.1054714 -0.0245552 -0.1773563 0.3013560 0.0473938 -0.0041725 -0.0932856 0.2128774 0.0079747 0.4304154 -0.0314831 0.2550833 0.2315040 0.2990271 -0.0063174 -0.0354138 0.0695910 -0.0641295 -0.2714148 0.2157402 0.2588286 0.2682929 0.1116691 -0.2946472 -0.0637591 0.2082356 0.0316545 0.0226680 0.0079827 0.2898966 -0.0596961 0.0882788 0.2086615 0.3627391 0.0942096 0.0458175 -0.0089800 -0.2106806 0.1515673 0.4180852 -0.0867078 0.1184005 -0.3170143 -0.1932521 -0.0394804 -0.0346653 -0.0176249 -0.2647593 0.4211135 0.4923888 0.0426666 0.5929968 0.4839076 0.2553579 0.2610098 0.0840595 -0.1422221 -0.4788376 0.0468370 0.0877572 -0.1491674 0.1380221 -0.0256277 0.0554188 0.1286619 0.1049641 0.1601748 0.2395334 -0.1962326 0.1879841 0.3611143 0.4141538 0.3998778 0.5288474 -0.2472145 -0.1441561 0.0129992 0.1107476 0.1491621 -0.2603025 0.2125165 0.3893348 -0.2679729 -0.0348440 0.0918588 -0.1373023 -0.2273301 0.0405772
