0.0000000 0.7311938 0.5761210 0.3383861 0.5539917 0.5146218 0.3212880 0.6668616 0.4285752 0.2373322 0.0669240 0.4241550 0.3975132 0.7293934 0.4908203 -0.0226949 0.2919768 0.7090106 -0.0584646 0.0306340 0.3097892 0.2686850 -0.1599126 0.4037216 0.1378305 -0.1214839 0.4585250 0.6146334 0.2983169 0.7642203 0.3288704 0.2125021 0.1818484 0.2645353 -0.1427011 0.3257484 0.0117063 0.1161563 0.6171569 0.5973546 0.0262272 0.5094355 0.0874183 0.3523284 0.4172853 -0.0161020 -0.1203555 0.1421284 0.2282607 0.0050608 -0.1820906 0.1651970 0.1939936 0.1141192 0.1493534 0.1138878 -0.0810044 0.0696165 0.4762894 -0.2004296 0.5195833 -0.1391942 0.0627132 -0.1010001 0.1052130 0.1673402 -0.1474338 0.0215790 -0.0301188 -0.0385752 -0.1171495 -0.1793590 -0.0771939 0.1342232 0.0105960 0.0024902 -0.1084245 -0.2177708 0.0420179 0.1906242 0.1944528 -0.1150182 0.1143625 -0.0317517 0.0833784 0.0835839 0.1823537 -0.5066368 0.2277006 0.1361440 0.0963419 0.0987185 0.1095014 -0.2184233 -0.3324711 0.0377052 0.2718858 -0.2108765 -0.1444790 -0.0852104 -0.2183029 0.1008777 0.0651185 0.0869371 0.3350084 -0.0651650 0.3696663 -0.0986730 0.4149209 -0.0622920 0.4098120 0.1127296 0.0619818 -0.1806773 0.3273723 0.2076488 -0.0747981 0.2462811 0.0672955 0.5021884 0.2964213 0.0410519 0.3490838 -0.2071019 0.2847847 0.6013487 0.0332634 0.4123339 0.3013312 -0.3737017 -0.1606301 0.2271759 -0.2721158 -0.2063149 0.1651971 0.4741304 -0.2663397 0.1922703 -0.0450690 0.5356308 0.1237902 0.2175907 0.0052902 0.6119439 0.1651858 0.1903129 -0.0706679 -0.1042596 -0.1781069 -0.0439834 -0.0182551 0.6735864 0.1345953 0.2791029 -0.1012510 0.4749972 0.2540182 0.2648650 -0.2109399 0.4069774 -0.1137838 -0.0518642 0.3589381 0.3387190 -0.0674073 0.2530707 0.2131420 -0.2290777 0.2598969 0.1932704 -0.1452240 -0.1046005 0.2630316 0.3034339 0.4613430 0.2060723 0.5442747 0.0348285 0.2800306 0.2014307 -0.2130586 0.0124915 0.3903542 0.2389516 0.4425022 0.3145140 0.6555455 0.6565338 0.1984093 0.1332255 0.3497329 0.1090059 0.2039639 0.3587764 0.5355859 0.2663438 0.0937096 0.2039828 0.3545471 0.2618716 -0.1844402 -0.1721470 -0.1524225 0.0140057 0.3185831 0.2220612 0.3014281 -0.1636725 0.2502306 0.0484356 0.3770606 -0.0006171 0.3919965 0.2027571 0.1293545 -0.0139128 0.4972815 0.1277717
0.7311938 0.0000000 0.3335418 0.1671192 0.4313234 0.5671788 0.2342844 0.4996029 0.3724931 0.0677596 -0.0299067 0.2962775 0.3089932 0.4009636 0.4526385 0.0327661 0.1624154 0.6097425 0.0004484 -0.0154121 0.1609413 0.3027079 -0.1595090 0.3811362 0.1303022 -0.0938801 0.5096678 0.5097206 0.2269636 0.6392951 0.2795002 0.1253199 0.2183262 0.3604547 -0.2597341 0.1237596 0.0080251 0.0720705 0.5625779 0.6267662 0.0783066 0.3483039 -0.1301646 0.4565716 0.2846424 -0.0804846 -0.2319780 -0.0133016 0.2250201 -0.2869855 -0.2479665 0.0203909 0.2619705 0.1904190 0.1106254 -0.0570966 -0.0833833 0.2172296 0.2575191 -0.2564358 0.3586368 -0.1646593 -0.0399085 0.1655226 0.4227077 -0.0154701 -0.0813877 0.0576965 -0.1284911 0.1045489 -0.1038348 -0.0533090 -0.0013354 0.2764532 -0.1456711 0.1749646 0.0991345 -0.2868026 -0.0994169 0.1091978 -0.3372379 -0.0931858 0.1814749 0.3525022 0.0979011 0.0688589 -0.0436761 -0.6214810 0.2726443 -0.2194084 0.0969646 0.0117887 0.0333641 0.1699518 -0.2096064 0.1255842 0.2621462 0.0299361 -0.0639292 0.2825038 -0.4524930 0.0305884 0.1223359 0.0365769 0.0832056 -0.2038800 0.4634967 0.2240450 0.1372738 0.1139443 0.2006754 -0.2009653 0.1071009 -0.1505474 0.1551017 -0.0306113 -0.2463811 0.1243051 -0.0380598 0.2980912 0.1078958 0.0455902 0.1591769 -0.3059412 0.4528923 0.5832518 0.1408471 0.2809393 0.3973299 0.0199879 0.0715808 0.4480356 0.0754950 0.1418665 -0.0722228 0.4240183 0.1124870 0.3268867 0.0526673 0.3538272 0.4413744 0.3748649 0.5217249 0.4965728 0.3553942 0.3805577 0.2524274 0.2923663 0.3059819 0.2336490 0.0394050 0.3915203 0.4767890 0.5410611 0.3331769 0.0439906 0.4141573 0.5175866 0.2542068 0.0047361 0.3762248 0.0972496 -0.1503756 0.0741454 0.4573009 -0.1683275 -0.0371162 0.2506532 0.6446298 0.1436697 0.2549535 0.3542375 0.4870376 0.2175303 0.7968153 0.1670350 0.3002885 -0.0594810 -0.0410135 0.0454664 -0.0836627 -0.1161172 0.3841856 0.3476712 0.3213464 0.3854877 0.3923180 0.4838641 0.2145933 0.2723808 0.0891856 0.1268688 0.1394764 -0.0548469 0.3764050 -0.0317888 0.1035462 0.1666894 -0.0709491 0.3070231 -0.1057893 -0.3193412 -0.1769795 0.0718979 0.4662535 0.4081399 0.2679228 0.0024060 0.0378426 -0.1303147 0.5146551 -0.4019620 0.3390694 0.1897360 -0.1027418 0.0283441 0.4118349 0.1430515
0.5761210 0.3335418 0.0000000 0.3909807 0.8628091 0.2198775 0.1541442 0.8159722 0.1033122 0.1126450 0.1450639 0.2490490 0.8489446 0.5209224 0.1343745 0.0371252 0.1560272 0.2394561 -0.1788154 0.4730624 0.3232549 0.1590637 -0.0959520 0.0441872 -0.0115142 0.1123557 0.3011978 0.1985729 0.1537714 0.4331973 0.5668911 0.5851595 -0.0864809 -0.2355431 -0.1253219 0.5597508 0.1801936 0.1696494 0.4096140 0.1490671 0.4238489 0.7096495 -0.0355032 -0.1108182 0.4890283 -0.1127768 -0.2909227 0.5443447 -0.2212269 0.1995170 -0.3087926 -0.0760792 -0.1545799 -0.3210553 0.3186050 0.0842019 -0.1675330 -0.3007199 0.4809331 -0.3032477 0.5423150 -0.3945306 0.1934950 -0.4460559 -0.2311782 0.3504705 -0.3562245 -0.2829864 -0.2722950 -0.4147475 -0.2742701 -0.4092486 -0.3836221 -0.2181442 -0.1222507 -0.3455571 -0.1681766 -0.3778025 -0.1120055 0.0405313 0.3062034 -0.0440463 0.1006861 -0.1957393 0.1465546 0.1492046 0.3821773 0.0164617 0.0235955 0.4246687 0.3460469 0.3418713 0.2161757 -0.7111971 -0.3969633 -0.0149601 0.3212168 -0.0794345 -0.0941525 -0.5662775 0.0840997 0.2852563 0.0712864 -0.1619084 0.5527433 0.2389687 0.3018919 -0.3300760 0.4771914 -0.2282616 0.3381320 0.3803562 0.0553791 -0.1505837 0.3381573 0.3666647 0.1220975 0.3326774 0.3771708 0.6905302 0.6726101 0.3689481 0.4068524 -0.0800203 0.2437785 0.4440046 0.1143214 0.2959949 0.0876296 -0.3729213 -0.0019334 0.0283371 -0.3042519 -0.1760288 0.1032608 0.1880174 -0.0633906 0.1387910 0.0734981 0.5367559 0.0022664 0.0214529 -0.1581963 0.2593581 0.0623557 -0.0652323 -0.1639992 -0.2354868 -0.2850152 -0.3580010 -0.2257660 0.3860689 -0.1346838 -0.1574147 -0.1779455 0.1901697 -0.0013873 -0.0057942 -0.4633469 0.2193677 -0.1897226 -0.5310684 0.2401800 0.2209093 -0.3360827 0.2752321 0.1817582 -0.2805748 -0.2144816 -0.2136329 -0.2196325 -0.2845918 -0.1507012 0.2156644 0.0970836 0.2401271 0.3789529 -0.2612358 0.4987091 0.4781776 -0.2796279 0.0838504 0.4760795 0.0799111 0.4948448 -0.0445362 0.5555099 0.5768805 0.1889952 0.1333650 0.5554317 0.0841680 0.2362537 0.2081200 0.5328560 0.1037709 0.1548009 0.1470437 0.5171159 0.2960797 0.0751741 -0.0438630 -0.3323182 -0.1440698 0.5928573 0.5609579 0.2390020 0.0608947 0.6103154 0.4226499 -0.0679871 0.1460979 0.8198317 0.4513407 0.1048089 0.1939235 0.4564297 0.1666789
0.3383861 0.1671192 0.3909807 0.0000000 0.0593811 0.7154094 0.7245881 0.5803640 0.0358222 0.3024313 0.4761414 0.7517155 0.0993306 0.4844996 0.3025711 0.1655408 0.3151768 0.0585114 0.0323247 -0.3244157 0.7421883 -0.1364611 -0.0281728 0.4449224 0.0646338 0.3304150 0.0755130 0.3703369 0.6986124 0.4932517 0.1276617 0.0629300 0.2219151 0.3801067 0.2722701 0.6526427 0.0615951 0.0491857 0.4877584 0.5414367 0.1966453 0.4632781 0.2379456 0.2221640 0.3769048 0.1079731 0.1236518 0.3140722 0.5341302 0.6887424 0.1203382 0.3627434 0.4968612 0.0667159 0.3340150 0.5303407 -0.1428814 -0.2187233 -0.0245428 0.1097523 0.3890365 -0.0699948 0.6123936 -0.2152102 0.1413130 -0.0796493 -0.1032861 -0.2301257 0.2559095 -0.2194979 -0.2476360 0.3598381 -0.2181233 0.3257974 -0.0145774 -0.0850469 0.3997218 -0.2287707 0.0227976 0.4488526 0.2013937 0.5368755 0.6334888 0.0362022 -0.0972186 -0.1925535 0.1170955 0.2469047 -0.3686225 0.1302725 0.0380806 0.3156659 0.2562192 -0.3609411 -0.3923538 -0.1081762 0.3689782 -0.0769277 -0.6418841 -0.0834643 0.2478069 0.1440011 -0.1197193 0.3990101 0.5449194 0.2446859 -0.1203943 -0.3280159 0.1084709 -0.3847312 -0.1100045 0.1752397 -0.3333755 -0.5796329 -0.2299650 -0.3046893 -0.4979676 -0.2539596 -0.2836200 0.2951308 -0.1143415 -0.3197491 0.1519454 0.1086253 0.1148037 0.3177820 -0.6145795 -0.0372674 0.2297426 -0.4290389 -0.1331399 -0.1919512 -0.6310692 -0.1780255 -0.3951520 -0.0271692 -0.1463270 0.2448845 -0.0072196 -0.0112808 -0.3987030 0.2085633 -0.4561303 0.0886607 0.1755715 -0.0864171 -0.0336235 -0.1827539 -0.3411255 -0.5302091 -0.5769569 0.1391702 -0.0786587 -0.0320865 -0.2948245 -0.1006778 -0.1914145 -0.0425934 -0.0124477 -0.0722816 -0.3052159 -0.3073379 -0.0003901 -0.0964302 -0.3302278 -0.0877333 -0.2351331 0.0796405 0.0824735 -0.0670839 -0.5818809 0.0019388 -0.5880363 -0.0597563 0.2149503 0.3732555 0.4608074 0.0770188 0.5916130 0.3638261 -0.2098756 0.1003549 -0.0532943 -0.1984995 -0.0711380 0.1871321 0.0732992 0.3758482 0.5953854 0.5531044 0.5804414 0.5157418 0.6075946 0.3471039 0.4713916 0.4292774 0.4056844 0.5655973 0.4064916 0.3969435 0.4283319 0.3671519 0.1618486 0.3139953 0.1671873 -0.2165986 0.3646578 -0.3855845 0.5182275 0.4983283 -0.0601543 0.1284493 0.1054611 0.3028945 0.3445691 -0.5463155 0.3011643 0.5089124
0.5539917 0.4313234 0.8628091 0.0593811 0.0000000 -0.0089546 -0.0951074 0.7482124 0.2208088 0.0736136 -0.0136415 0.0597264 0.8884420 0.3886224 0.1616946 0.0123828 0.0826562 0.2961890 -0.1878451 0.6058366 0.0701079 0.2437889 -0.1550352 -0.0483502 -0.0121199 0.0648740 0.4826964 0.0806228 -0.0458716 0.3170603 0.7491210 0.6468247 -0.1857958 -0.1974649 -0.1825922 0.2526354 0.3195292 0.2097810 0.3663699 0.0656989 0.5029761 0.4875093 -0.1120426 -0.1507960 0.4049031 -0.0778277 -0.3216113 0.4787917 -0.3079327 -0.1512018 -0.3527454 -0.1476982 -0.1460607 -0.1652035 0.2705404 -0.1061435 0.0091489 -0.0502220 0.4668892 -0.2984896 0.5002632 -0.3329280 0.0969213 -0.2063707 -0.0752062 0.5453593 -0.2330761 -0.1924869 -0.3726394 -0.2345596 -0.1357119 -0.4126907 -0.3108096 -0.1180863 -0.0744296 -0.2369184 -0.1904034 -0.3542030 -0.1185025 -0.0094520 0.1623397 -0.2218728 -0.0332385 -0.1684442 0.0564876 0.0583812 0.1496207 -0.1799487 0.0936639 0.1490400 0.1794982 0.0189182 -0.0218635 -0.4733795 -0.4785408 -0.0699366 0.1554113 -0.0762395 -0.0608682 -0.3958535 -0.2485474 0.1462544 -0.0654323 -0.1991055 0.3484027 0.0043687 0.3003202 -0.3012803 0.3915286 -0.2581757 0.1885267 0.0872993 0.0741759 -0.1552111 0.3430117 0.3242805 0.0888340 0.4664188 0.4194249 0.7087130 0.7553010 0.5105385 0.2864506 -0.2627773 0.3461448 0.4970066 0.3014889 0.2678151 0.1926608 -0.2854319 0.0490828 0.2885505 -0.0176637 -0.1062114 0.1897141 0.3426549 0.0555275 0.2337721 0.1267228 0.5056722 0.2087181 0.1206004 0.2053144 0.4135118 0.1535728 -0.0624446 -0.0284306 -0.0587648 0.0758197 -0.1456914 -0.1253306 0.4155503 0.0225438 -0.1512810 -0.1744638 0.1453331 0.1068923 0.1763498 -0.2598437 0.0484116 -0.1301037 -0.4700393 0.0694471 0.0954500 -0.2308531 0.1677906 0.0382511 -0.2021726 -0.0744411 -0.3047557 0.0266931 -0.1565763 0.2015799 0.3258871 0.1253758 0.0460129 0.1958828 -0.4236383 0.1556760 0.2231343 -0.3244742 -0.0281501 0.5025789 0.1722557 0.6440158 0.1014650 0.6707877 0.6525764 0.1183374 0.0459541 0.3357988 0.0041673 0.0984968 0.0643075 0.4741990 -0.0364902 0.0606748 0.0376632 0.4073520 0.3344672 -0.0494423 -0.2467480 -0.5230918 -0.2248501 0.6989840 0.7532484 0.2976176 -0.0155469 0.4127088 0.2631998 -0.0000319 -0.0257564 0.8546575 0.3298745 -0.0486609 0.2577757 0.3074356 -0.0120083
0.5146218 0.5671788 0.2198775 0.7154094 -0.0089546 0.0000000 0.8171113 0.4337104 0.3973499 0.4461797 0.4310025 0.7948054 -0.0273588 0.4573021 0.5713224 0.2491239 0.5255212 0.3952251 0.2262745 -0.5783716 0.6592390 0.0063799 -0.0084243 0.5993334 0.1365287 0.0913191 0.3369662 0.5441754 0.7450762 0.6257389 -0.0890140 -0.1735498 0.3875466 0.6148243 0.1931654 0.3949097 -0.1064633 0.0941116 0.6732732 0.7934938 -0.0394681 0.3643039 0.3742745 0.5463884 0.4039366 0.0292855 0.1194180 0.0230409 0.6467735 0.2745520 0.1905931 0.5129099 0.5881435 0.3425079 0.2245971 0.3445867 -0.1002813 0.0609042 -0.0828960 0.1726317 0.4382988 0.1354175 0.3520201 0.1513762 0.5182202 -0.2907038 0.1186738 0.0281920 0.3297131 0.1086641 -0.1324888 0.4609957 0.1074350 0.5764163 0.0186329 0.2994296 0.5568294 -0.1165588 0.1825093 0.5749892 0.0310701 0.3794769 0.4783757 0.3775251 0.0860266 -0.1189583 -0.1063051 -0.0907428 -0.1162423 -0.0588469 -0.1644593 0.1732349 0.0587787 0.0504395 -0.3538160 -0.0443899 0.2981060 -0.2425143 -0.5239346 0.1589350 0.1188429 -0.1527632 -0.0294977 0.3981757 0.0937304 -0.0600833 0.0905972 0.0781162 -0.1878178 -0.0508041 -0.0263752 -0.0617268 -0.0739512 -0.3343427 -0.0512213 -0.1853505 -0.4249393 -0.1889622 -0.2713130 0.2510319 -0.2150167 -0.2303978 0.1692386 0.1803970 0.0768279 0.5518041 -0.2572960 0.1603992 0.2878865 0.0541423 0.0232838 0.2010950 -0.2108191 0.2176975 -0.3294499 0.2721013 0.0734442 0.2585580 0.0844918 0.2145609 0.1323916 0.2843852 -0.0690501 0.2640542 0.1888581 0.3266064 0.1238500 0.1143227 -0.2420047 -0.1569795 -0.2728189 0.2153476 0.3083548 0.4664648 0.1839037 -0.0995198 0.0719839 0.3030577 0.0988271 -0.0485694 0.1146945 0.0121426 -0.0989887 -0.0362333 0.1007673 -0.0784895 0.0211190 0.1643139 0.4455785 0.1067827 -0.1181413 0.1120065 -0.0738190 0.2197650 0.7228734 0.5342565 0.5891324 0.2732105 0.2792961 0.0231775 -0.2603608 -0.1782363 -0.0785085 -0.0993652 -0.1721973 0.4676533 0.0721843 0.4637974 0.6560669 0.6534927 0.4955756 0.6225958 0.6536628 0.3765429 0.5550066 0.4586238 0.5230422 0.6806365 0.2537949 0.5055268 0.2795588 -0.0525427 -0.0424344 0.3318840 0.0461066 -0.2154624 0.3958559 -0.1372910 0.3101461 0.2734614 0.2292958 0.0217872 -0.0175882 0.4769969 0.4452412 -0.4564080 0.3554341 0.3670599
0.3212880 0.2342844 0.1541442 0.7245881 -0.0951074 0.8171113 0.0000000 0.3113180 0.1060905 0.3493167 0.3338615 0.8578268 -0.1567847 0.3038177 0.4175177 0.2026628 0.4359707 0.1275330 0.2171809 -0.6064340 0.7557447 -0.3505517 -0.1800959 0.5612232 0.0989479 0.2603699 0.0880113 0.4495065 0.7294216 0.3853710 -0.0841938 -0.1314342 0.3395806 0.3805233 0.1494697 0.4210754 0.0296010 0.1129263 0.4194201 0.5488866 0.1622427 0.2234682 0.3178306 0.3089780 0.2395295 0.0412438 0.1645411 0.2599014 0.5177756 0.4183831 0.1983618 0.4145014 0.4710959 0.2214437 0.5028636 0.4385577 -0.0055118 -0.0912586 -0.2416174 0.2109146 0.3900141 0.0274933 0.6337696 -0.0277827 0.4159775 -0.1892616 0.1148925 -0.2943005 0.4102242 -0.1061610 -0.1769204 0.5865380 -0.0998531 0.4426471 0.0768367 0.0722582 0.6481916 -0.0869442 0.0796331 0.6108290 0.0636520 0.2770099 0.4075009 0.1539652 -0.0508322 -0.2573588 -0.0220797 0.1035039 -0.3513021 -0.1028299 -0.3206841 0.0548419 -0.0298757 -0.0940685 -0.4543878 -0.0555178 0.1806583 -0.2775075 -0.6319316 -0.0625445 0.1094309 -0.3375860 -0.1863862 0.3802571 0.0867457 0.0691385 -0.1172123 -0.0407064 -0.3578993 -0.0515308 -0.1775526 -0.1221247 -0.0567578 -0.3179068 -0.1867508 -0.1523357 -0.3807525 -0.1833952 -0.2428789 0.2986208 -0.1885701 -0.1679026 0.1662579 0.2807453 -0.1295350 0.5322562 -0.2934334 0.1015303 0.1379117 0.0519186 -0.1337513 0.1702835 -0.2523904 0.1170158 -0.4115840 0.0490833 -0.0522063 0.1614589 -0.1100390 0.1295324 0.0265778 0.1507552 -0.2967082 0.0579788 -0.0668088 0.0814615 -0.0000539 -0.0245611 -0.4569634 -0.2663967 -0.2975104 -0.0638902 0.2162481 0.3774050 0.1288065 -0.1505333 -0.3100505 0.0575207 -0.1122989 -0.1721453 0.0527602 0.1187388 -0.1657208 -0.2292925 0.0167337 -0.1592347 -0.0633492 0.1032698 0.2171680 0.0275815 -0.2270344 -0.0289229 -0.3178341 0.2116354 0.5272576 0.5702813 0.6650060 0.3669540 0.4311191 0.1458273 -0.1518352 -0.0147630 -0.2564369 -0.2329183 -0.3756458 0.2597682 -0.1188653 0.2814803 0.8003558 0.8243128 0.6743969 0.8272830 0.8325645 0.6094661 0.6955841 0.7317679 0.7892790 0.8110597 0.3769315 0.6477623 0.5439041 0.2857769 -0.0623821 0.6865967 0.0146919 -0.4743850 0.4210958 -0.3285432 0.4853086 0.6374975 0.0210233 0.3469593 -0.0111918 0.6003984 0.6166606 -0.7218794 0.2522333 0.4721273
0.6668616 0.4996029 0.8159722 0.5803640 0.7482124 0.4337104 0.3113180 0.0000000 0.2101390 0.3756480 0.3993670 0.4022495 0.7587491 0.5633242 0.1961561 0.2867229 0.3100843 0.1766132 0.1122835 0.2412628 0.4824885 0.2625681 0.0625000 0.0692824 0.2898903 0.3272596 0.4235917 0.1601829 0.3484449 0.4684262 0.6716766 0.5511519 -0.1882272 0.0658764 0.1082193 0.6361523 0.3528894 0.3014976 0.6335819 0.4246927 0.3915545 0.6777042 0.1541531 0.0054203 0.6542617 0.2311985 0.0014479 0.5094607 0.1383668 0.3623053 -0.0604246 0.2286066 0.2680582 0.1142556 0.3949325 0.3621166 0.0400341 0.0808571 0.4139336 -0.0518064 0.7204281 -0.1110265 0.4486189 -0.0780258 0.0858469 0.3310750 -0.0919941 -0.0597751 -0.0241827 -0.0785570 -0.1242684 -0.1285027 -0.1891405 0.1993806 0.0994367 0.0046048 0.1563185 -0.2356671 0.1530208 0.3883882 0.3496796 0.3098176 0.5229139 0.0908619 -0.0515155 -0.0367922 0.1437071 -0.0071636 -0.0635162 0.2807273 0.1537694 0.2536575 0.3285639 -0.4695936 -0.6163002 -0.1408606 0.3407597 0.0151384 -0.4385471 -0.1343101 -0.0830220 0.2359316 -0.0353176 0.2274004 0.5603262 0.0989785 0.2119534 -0.2938686 0.3974175 -0.2564658 -0.0005260 0.2680078 -0.1005036 -0.4620301 0.1497133 0.0451762 -0.2449521 0.1078630 0.1675079 0.6501415 0.4587923 0.1031195 0.3388313 0.0065893 0.4219768 0.5547425 -0.0915321 0.2801210 0.3933244 -0.3836519 0.1362226 0.1439701 -0.3688105 -0.0126267 -0.0185905 0.4750514 0.1129707 0.4159113 0.1597319 0.4841706 -0.0543565 0.2689575 -0.0443992 0.4863537 0.3240200 0.1577084 -0.0343308 -0.1974667 -0.0741782 -0.3132964 -0.2147492 0.5373752 -0.0189872 -0.0611522 -0.3402607 0.1190409 0.0121411 0.1031381 -0.1099126 0.0516741 -0.2952497 -0.4293220 0.1472095 0.0558361 -0.2907003 0.1268162 -0.1280219 -0.1296660 0.0226414 -0.1752607 -0.3057903 -0.0704979 -0.0957216 0.1976581 0.2599064 0.1577749 0.4371649 -0.1708393 0.5356483 0.4450181 -0.1865574 0.1207369 0.3663981 0.0957055 0.4844020 0.3255052 0.6380991 0.7251962 0.3887541 0.2753422 0.5088257 0.2699758 0.3896613 0.2182477 0.5871055 0.1764061 0.2275882 0.3590086 0.6329856 0.4687438 0.2077375 0.0705894 -0.1085611 0.0239869 0.5710608 0.4363660 0.4745710 -0.1661550 0.5336065 0.4290508 0.1095774 0.1582246 0.6336624 0.3153382 0.2143273 -0.0668584 0.2309626 0.1355877
0.4285752 0.3724931 0.1033122 0.0358222 0.2208088 0.3973499 0.1060905 0.2101390 0.0000000 0.6150986 0.0949870 0.3790909 0.0519042 0.5355102 0.8436787 0.0977693 0.7722317 0.7064417 0.2614531 -0.3323167 0.2011208 0.0970726 0.0498950 0.5120331 0.0631521 -0.0772135 0.8082297 0.3068799 0.3957387 0.5106452 0.0531199 0.0771608 0.1998812 0.6175365 0.3080613 -0.0235636 0.2436266 0.2514031 0.7784646 0.5027859 0.0793998 0.1054989 0.5454772 0.3079633 0.1377995 0.1108676 0.2079589 -0.0155293 0.4455145 -0.2286658 0.1690627 0.6203061 0.4358298 0.5195758 -0.0151548 0.0307637 0.3520496 0.3898722 -0.0824734 0.3081022 0.1664162 0.3465332 0.0001810 0.4141422 0.5639825 0.2625473 0.3537342 0.2849973 0.2456638 0.3539448 0.3464022 0.3590668 0.2876702 0.5142347 0.2984124 0.3500555 0.2279468 0.0890186 0.2456627 0.3085513 0.0752578 -0.0736513 0.0248400 0.2900397 0.2790841 0.2293789 -0.2826917 -0.1674066 0.2481603 0.1052658 -0.3730906 -0.1280564 -0.2178099 0.2012469 -0.4088254 -0.3285166 0.1256164 -0.1848859 -0.2259064 0.2028318 0.0431446 -0.0490709 0.1127866 0.2893590 -0.0997306 -0.5095960 0.3683121 0.1813563 0.0446438 -0.0066979 -0.0746882 0.0028625 -0.0042250 -0.2006201 0.0502569 0.0493451 -0.2919953 0.2443620 0.1140186 0.4007888 0.1111477 0.0076954 0.2187701 0.2168110 0.2625527 0.5365280 0.0967781 0.3343567 0.5936987 -0.0329615 0.3387074 0.5059548 0.2706723 0.2181385 0.1947398 0.6648663 0.2739204 0.5561339 0.6511877 0.2291088 0.3916743 0.6081272 0.1750569 0.4363763 0.5502586 0.3001011 0.5349411 0.5296529 0.0666322 0.1926690 -0.2171558 0.4960292 0.5882842 0.1960861 -0.1883787 -0.0576115 0.3852320 0.7668477 0.0709733 0.0726582 -0.0400628 -0.0809216 -0.0451897 0.0824091 -0.0496926 0.1614978 0.2554005 0.0531182 0.3361798 0.1796698 0.2345195 0.0622397 0.4578308 0.3821903 0.3130464 0.0507613 0.1321588 -0.2615708 -0.2508783 -0.5013938 -0.5532766 -0.4486289 0.0183944 -0.0445640 0.1463909 0.5944336 0.3250459 0.5553200 0.2596059 0.1185626 0.1915882 0.1545417 0.1971307 0.1401271 0.2615710 0.0634305 0.0911760 0.3364170 0.0721119 0.2800461 0.0080387 -0.3783182 -0.2326435 -0.0734394 0.1092964 0.2596090 0.4801085 -0.1588197 0.1306285 -0.1270207 0.4266982 -0.2058782 0.0450514 0.1705031 0.0816144 -0.1270913 0.1661116 -0.0966154
0.2373322 0.0677596 0.1126450 0.3024313 0.0736136 0.4461797 0.3493167 0.3756480 0.6150986 0.0000000 0.6588127 0.3469776 0.1731065 0.4614214 0.3997106 0.5362611 0.8638241 0.1828841 0.6136637 -0.2537823 0.2645818 0.2483058 0.4729854 0.0643320 0.5431900 0.3822542 0.6320998 -0.2080217 0.3571401 0.0571109 0.2000303 0.2941422 -0.2889950 0.3519019 0.7318484 0.1430833 0.4965029 0.6013087 0.6937337 0.2941812 0.1886546 0.0661600 0.9200643 -0.0678656 0.3407886 0.5655202 0.6729142 0.2966220 0.4392375 0.3311524 0.6610174 0.9280343 0.5740962 0.7378401 0.3577595 0.5579508 0.5837829 0.5832603 -0.1354904 0.7552249 0.3918497 0.7770215 0.4600324 0.5413088 0.4516421 0.3301773 0.7251282 0.5046227 0.6263861 0.6018625 0.5906915 0.3734292 0.5659354 0.6518844 0.7418289 0.6146472 0.5127392 0.5058784 0.7287812 0.7016527 0.5377084 0.3940356 0.4113434 0.5155869 0.2264365 0.1696327 -0.3261344 0.3193409 0.0555800 0.2859707 -0.5960555 -0.1278891 0.0588259 0.1891400 -0.4928736 -0.2940345 -0.1933984 -0.2132618 -0.5426583 0.3062169 0.2724020 0.0085656 0.1027381 0.6413712 -0.1236161 -0.0754185 0.1243911 0.1439281 -0.0134028 -0.0118856 -0.3939231 0.2515031 0.1399719 -0.3208920 -0.2633112 0.0673868 -0.3760079 -0.1701091 0.0709533 0.4249498 0.0158413 -0.1528111 0.0001392 0.6570598 0.1812665 0.5648208 -0.0681735 0.1252376 0.5942461 0.0185635 0.3247523 0.0779545 -0.1218849 0.4412804 -0.1305440 0.5742112 0.3341531 0.5074174 0.5465004 0.5008620 -0.0961160 0.4619123 -0.0205830 0.4803699 0.3164199 0.2338067 0.1459654 0.0475009 -0.2308832 0.0487550 -0.0061703 0.3840527 0.2101454 -0.0725447 -0.3086469 -0.1446120 -0.0433162 0.1850874 0.0527140 -0.0551074 -0.2240072 -0.1025855 -0.0203398 -0.1466945 -0.3022954 0.1074389 0.0799658 -0.1752732 -0.0191628 -0.0527224 -0.1541755 -0.1618128 0.0989145 0.1683217 0.0796637 -0.0728278 0.1065089 -0.1105700 0.0438103 -0.2101064 -0.3440091 -0.3273843 -0.1721202 -0.2446828 -0.0053365 0.7443016 0.3876026 0.6077548 0.3631149 0.1856092 0.3966097 0.3681963 0.3828272 0.2312694 0.4242081 0.2536542 0.3222615 0.5010089 0.5406129 0.5042459 0.4062872 0.0063401 0.1614552 0.1287958 0.0918020 0.0008197 0.7111611 0.0349067 0.4223638 0.3461786 0.3918191 0.3074352 0.0838589 0.2675458 0.4369972 -0.1478067 0.0079471 -0.2160495
0.0669240 -0.0299067 0.1450639 0.4761414 -0.0136415 0.4310025 0.3338615 0.3993670 0.0949870 0.6588127 0.0000000 0.1209348 0.2000821 0.1721586 -0.1040376 0.7468005 0.3692003 -0.1799399 0.5257407 -0.1641182 0.1332639 0.3955651 0.7209859 -0.2396412 0.4894304 0.5351674 0.1445437 -0.2972082 0.1523968 -0.0557401 0.2089596 0.0844594 -0.4197393 0.1012839 0.7176561 0.2171607 0.2229896 0.4214540 0.3265898 0.1228192 -0.0048714 0.1240436 0.6339417 -0.1908100 0.4568037 0.5004036 0.5889344 0.0991062 0.2255525 0.6416685 0.7075736 0.5965673 0.4275937 0.4037728 0.2406830 0.5971381 0.2792296 0.2969307 0.0920685 0.6678826 0.4846719 0.6219274 0.3938450 0.3796577 0.0551912 0.0485139 0.5412812 0.5439780 0.5169425 0.5522979 0.2718480 0.1057312 0.5840043 0.4557131 0.4387849 0.5682546 0.3561631 0.4699193 0.6932886 0.6211416 0.5749860 0.7358581 0.6163476 0.3108029 -0.0546160 -0.0432740 0.0740791 0.4431088 -0.1544572 0.2246196 -0.1980812 0.1652045 0.4302957 0.1231771 -0.1452534 -0.0328393 -0.1413291 -0.0053255 -0.4134277 0.3246550 0.3140606 0.0877350 -0.0546076 0.5248922 0.0573282 0.3675297 -0.2388795 -0.0631455 -0.0167516 -0.0483980 -0.2195376 0.2558290 -0.0348387 -0.2705661 -0.1713673 -0.0843077 -0.2544423 -0.3574533 -0.1985344 -0.0322843 -0.2054249 -0.2099853 -0.2044477 0.4166050 -0.0328053 0.1102899 -0.2854367 -0.1805572 0.0670177 -0.0634206 -0.0920853 -0.2228387 -0.3323051 0.3492064 -0.2135772 0.0705689 0.1090554 -0.0068125 -0.0030202 0.3512786 -0.3749743 0.0449161 -0.0662104 0.3166415 -0.1024489 0.0556238 -0.3538706 -0.4341912 -0.1410305 -0.1348665 0.0807534 0.1284383 -0.3324170 -0.0955680 -0.2632002 0.0413338 -0.1684060 -0.2735838 0.2520376 -0.0412373 -0.2763851 -0.1246270 0.2074303 -0.1607908 -0.3915374 0.1951504 -0.0741639 -0.1884831 -0.1668996 -0.1682392 -0.3369956 -0.0975165 -0.2670119 0.1609895 0.0895217 0.1428346 0.0886141 0.2601004 0.1847950 0.1834184 0.0368164 0.0222768 -0.0413887 0.0069915 0.0945208 0.5351699 0.3459874 0.4061123 0.2154639 0.0792240 0.0901637 0.2756054 0.2404723 0.1091385 0.1393184 0.1696271 0.1499640 0.2184801 0.5476765 0.2012548 0.2380916 -0.0456617 0.1846131 -0.0984901 -0.1320948 -0.1326244 0.2614541 0.0868065 0.1793572 0.3253208 -0.0258140 0.3860683 -0.0401946 0.0626778 0.4127450 -0.0893247 -0.0481573 0.1012391
0.4241550 0.2962775 0.2490490 0.7517155 0.0597264 0.7948054 0.8578268 0.4022495 0.3790909 0.3469776 0.1209348 0.0000000 -0.0879244 0.4519856 0.6897262 -0.0004895 0.5187308 0.3276189 0.0500019 -0.5508455 0.8948722 -0.3480379 -0.3484284 0.7670184 -0.0534150 0.1092774 0.2757842 0.5883456 0.9200321 0.5892107 -0.0080324 -0.0718123 0.5465148 0.6436239 0.1364559 0.4950541 0.0219676 -0.0288426 0.5986381 0.7490965 0.2038294 0.3398337 0.2988954 0.5366190 0.2668994 -0.0797018 0.0007214 0.2506320 0.7101568 0.2568149 -0.0170438 0.4551204 0.5571551 0.2694045 0.3020865 0.2691580 -0.1091679 -0.0744583 -0.2763561 0.0481870 0.3274552 -0.0947605 0.5509469 -0.0503778 0.5366327 -0.1392682 -0.0808243 -0.3565049 0.2130568 -0.2191737 -0.2831886 0.6665372 -0.2900115 0.5209563 -0.0466391 -0.0319325 0.6061749 -0.3585374 -0.0443357 0.5304684 0.0420293 0.1805256 0.3680229 0.1244454 0.0086055 -0.2969892 -0.1864290 0.0792732 -0.3348709 -0.0390500 -0.3004546 -0.0127697 -0.1803224 -0.2593682 -0.5994441 -0.2391872 0.3312111 -0.3775462 -0.6503552 -0.1685576 0.1441039 -0.3037850 -0.2492396 0.3739107 0.2334784 -0.1642011 -0.0524895 -0.2037558 -0.2447154 -0.3015910 -0.1715472 -0.1339505 -0.2537522 -0.4905314 -0.1281271 -0.2522887 -0.4917292 -0.0725241 -0.1982376 0.4615281 -0.0315360 -0.1171809 0.3865224 0.1656768 0.0139213 0.5873583 -0.3534442 0.2875519 0.3510799 -0.1167188 0.0617696 0.2550335 -0.2722771 -0.0827158 -0.2777737 0.2670588 -0.0341628 0.3998746 0.1337761 -0.0347634 0.0611954 0.3108531 -0.3532492 0.0620216 0.2191472 0.0658567 0.2509810 0.2290680 -0.3825256 -0.4183056 -0.6063321 0.1543271 0.3517834 0.2174777 -0.0367120 -0.1899929 -0.0824746 0.3448853 -0.1775977 -0.1471521 -0.0444368 -0.1560113 -0.1995699 -0.0910701 -0.0508607 -0.1567942 -0.0492801 0.1483880 0.3249393 0.0309931 -0.2099736 0.0047041 -0.1724816 0.2259318 0.4817286 0.5338711 0.6782849 0.0982699 0.4087893 -0.0402474 -0.4299942 -0.1341297 -0.2559940 -0.3655822 -0.3127911 0.3114477 -0.0726470 0.4409264 0.8570972 0.8220014 0.7407177 0.7772734 0.8667579 0.6114081 0.7247093 0.6768838 0.7144176 0.8730647 0.3254047 0.6428022 0.4358696 0.2624537 -0.1495690 0.5811873 0.1586403 -0.3102047 0.5095294 -0.4514029 0.5594978 0.4863965 0.0508605 0.1223467 0.0584426 0.6121088 0.5134979 -0.7241089 0.2644148 0.3447735
0.3975132 0.3089932 0.8489446 0.0993306 0.8884420 -0.0273588 -0.1567847 0.7587491 0.0519042 0.1731065 0.2000821 -0.0879244 0.0000000 0.3406151 -0.0858637 0.1753567 0.0357238 0.0867904 -0.1255745 0.7164585 -0.0220823 0.4300348 0.0784107 -0.3051799 0.1256378 0.1384799 0.4008931 -0.1683801 -0.1465391 0.1447553 0.7337583 0.6805076 -0.3868988 -0.3200915 -0.0799457 0.3050215 0.3064313 0.2701243 0.3080829 -0.0275447 0.4151773 0.5301441 -0.0362448 -0.2598297 0.4706225 0.0446798 -0.1940612 0.4520301 -0.3554974 0.0052556 -0.2154389 -0.1004854 -0.1508438 -0.1463271 0.2290715 -0.0004136 0.0113936 0.0240559 0.4578022 -0.2016170 0.4749058 -0.1711528 0.0555417 -0.1578825 -0.1908941 0.4846575 -0.1526026 0.0103445 -0.3333968 -0.1157181 -0.0534494 -0.5482241 -0.1370552 -0.1529493 -0.0025458 -0.1080191 -0.2139679 -0.2367997 0.0545568 -0.0066660 0.3087212 -0.0266344 0.0868259 -0.0788074 0.0774838 0.1263315 0.1465265 -0.0009904 0.0994207 0.2853129 0.2048837 0.1007064 0.1278975 -0.4529642 -0.3807556 -0.0768300 -0.0231216 -0.0543388 -0.0809102 -0.3056959 -0.1366014 0.2467550 0.0247257 -0.0894335 0.2763736 0.1362915 0.2741115 -0.2461721 0.4057608 -0.1988882 0.0826440 0.2737014 0.1334515 -0.1652144 0.2183239 0.2984549 0.0874652 0.2560888 0.4062910 0.5913568 0.6875034 0.4176902 0.2532840 -0.1397675 0.3409220 0.3595254 0.2634818 0.2238265 0.1388893 -0.2544654 0.1232480 0.0622071 -0.1231532 -0.0601489 0.1793213 0.2669315 0.0940001 0.1652902 0.1503616 0.5914716 0.0058818 0.0422112 0.1770734 0.3409665 0.0871840 -0.0655471 -0.1428048 -0.1798743 0.0420219 -0.1349982 -0.0035943 0.3806298 -0.1596050 -0.3122211 -0.1194138 0.1000294 0.1614588 -0.0378889 -0.1906683 0.0850553 -0.0851118 -0.4761974 0.1071142 0.1411165 -0.2188215 0.1919525 0.0617225 -0.2384785 -0.1349132 -0.3030368 -0.0405990 -0.1231558 0.0812389 0.1705819 0.0036722 -0.1096724 0.0447163 -0.3874196 0.2000464 0.3455217 -0.1606059 0.0385706 0.4829635 0.1423174 0.5493804 0.0754578 0.6633791 0.6084058 -0.0395052 -0.1124855 0.2763184 -0.1315660 -0.0157539 -0.0412032 0.3524304 -0.1692572 -0.0638406 -0.0637238 0.4347694 0.2059416 -0.0148683 -0.1875602 -0.3114153 -0.3196996 0.6881434 0.7442627 0.2582876 0.2107180 0.4335856 0.2337930 -0.0178226 0.0437432 0.8820371 0.2785992 -0.0367275 0.4666871 0.2111868 -0.1158695
0.7293934 0.4009636 0.5209224 0.4844996 0.3886224 0.4573021 0.3038177 0.5633242 0.5355102 0.4614214 0.1721586 0.4519856 0.3406151 0.0000000 0.6411268 -0.1016285 0.5799270 0.7438168 -0.0404930 -0.0052802 0.3345952 0.0830691 -0.0962210 0.5408596 0.0693706 -0.0123913 0.6149143 0.5384407 0.3859857 0.7401222 0.2216475 0.3707600 0.1672842 0.2713095 0.0574362 0.4150373 0.2279489 0.2539271 0.7332530 0.4167752 0.2324076 0.4788927 0.2975533 0.1056528 0.2084294 0.0686941 0.0915051 0.3704574 0.2512068 0.2262570 -0.0356452 0.3522438 0.2687531 0.0462033 0.2942429 0.2753297 0.1528733 -0.0255562 0.2482471 0.0204501 0.2930677 -0.0154926 0.1341708 -0.1493905 0.0919394 0.4259991 0.0318889 -0.0177171 0.1322036 -0.0782317 0.1676785 0.0275123 -0.0384524 0.1106943 0.1909468 -0.1055501 -0.1008228 -0.0622913 0.0101086 0.1061868 0.1759738 -0.1236762 0.0644389 -0.0797798 0.2431072 0.3142712 0.1210442 -0.1897723 0.1837428 0.3305837 -0.1131373 0.0933456 0.1512257 -0.2247959 -0.3894499 -0.1264874 0.1541165 -0.0561669 -0.2801448 -0.0783803 0.0714631 0.3637870 0.3039502 0.1637074 0.3322196 -0.0214316 0.4429695 -0.0199950 0.5584126 -0.0599772 0.2281422 0.3958193 0.1018778 -0.2556789 0.0002451 0.2163132 -0.2128582 0.2571960 0.1349795 0.5230146 0.3168646 -0.0488027 0.2021359 0.0622097 0.4505584 0.5397152 -0.1500280 0.2121534 0.4654894 -0.5579195 -0.0935953 0.0228416 -0.4150767 -0.2827283 0.0485123 0.3151704 -0.2699826 0.3263930 0.2495347 0.3717357 -0.1615599 0.3453447 -0.1352552 0.3268241 0.3561446 -0.0107458 0.0797283 -0.0404961 -0.3349456 -0.0907297 -0.2919891 0.4640093 0.1216771 0.0252223 -0.3060574 0.1766471 0.1732097 0.2146433 -0.2301808 0.3361887 -0.1828260 -0.2138624 0.2298518 0.2118451 -0.2526153 0.0741244 0.1660955 -0.2275458 0.0657013 0.1674931 -0.3474568 -0.1997518 -0.0154211 0.0381286 0.0682641 -0.1311789 0.1723518 -0.3514285 0.2942480 0.1990035 -0.3995820 -0.0922792 0.3249259 0.0769143 0.3352043 0.2772157 0.5139572 0.5581259 0.1223624 0.0329108 0.3536113 -0.0225505 0.1009985 0.1443426 0.3606968 0.0198777 -0.0477133 0.1586068 0.2072855 0.1593163 -0.0244412 -0.0147016 0.1060002 -0.0565270 0.3739697 0.2187639 0.3526442 -0.2153213 0.3949147 0.0862242 0.4914988 -0.1652769 0.3950342 0.0895541 -0.0571903 -0.0195720 0.6819743 0.2481389
0.4908203 0.4526385 0.1343745 0.3025711 0.1616946 0.5713224 0.4175177 0.1961561 0.8436787 0.3997106 -0.1040376 0.6897262 -0.0858637 0.6411268 0.0000000 -0.1418504 0.6815997 0.8008320 0.0249724 -0.4428247 0.4469693 -0.2071135 -0.3132180 0.8727273 -0.1455545 -0.1062603 0.7019702 0.6466511 0.6200611 0.7112190 -0.0150871 0.0159811 0.5515561 0.7054784 0.0868946 0.0933244 0.1525609 0.0696066 0.7447033 0.6295902 0.2238452 0.1401417 0.3255761 0.4718733 -0.0247208 -0.1350142 -0.0015998 0.1019256 0.5390286 -0.1985632 -0.0555451 0.4602841 0.4472541 0.3060400 0.1361798 -0.0077033 0.1516548 0.0840311 -0.2377726 0.0899668 0.0598765 0.0144921 0.1350760 0.1274309 0.6075217 0.1839554 0.1018219 -0.1255605 0.1526390 -0.0098790 0.0876173 0.5445769 -0.0607013 0.4614125 0.0501189 0.0308221 0.2983825 -0.2089137 -0.1239547 0.2191035 -0.2052437 -0.2263621 -0.0264429 0.1404117 0.2623016 0.1149600 -0.2455028 -0.2422023 0.1029829 -0.0743125 -0.3802170 -0.1761604 -0.3332155 0.0838132 -0.4596245 -0.2441255 0.2299010 -0.2208500 -0.3507244 0.0413606 -0.0310791 -0.1068841 0.0572408 0.1965840 0.0134013 -0.4375087 0.3485012 0.1200736 -0.0176875 -0.0885911 -0.0390105 -0.1335205 -0.0427029 -0.2824821 -0.0763743 -0.0489238 -0.4156945 0.2573998 0.0083251 0.4523851 0.0760264 -0.0092699 0.2514593 0.0581811 0.2605226 0.6265880 -0.0741768 0.2805207 0.5510524 -0.1377563 0.1274489 0.4886702 0.1096051 -0.0337405 -0.0431534 0.4226803 0.0444478 0.5276317 0.4631883 0.0273000 0.3322029 0.5799818 0.0619591 0.2275208 0.4976910 0.1039242 0.5646332 0.5816293 -0.0656333 0.0255340 -0.5096526 0.2743026 0.6580697 0.2978303 -0.0442028 -0.1855403 0.2699240 0.7551566 -0.0015880 -0.0513197 0.0973021 -0.0719405 -0.2432708 -0.0313286 0.0606722 -0.1327435 0.1145023 0.1911603 0.4651770 0.1682208 0.1044763 0.1120955 0.2645915 0.2657090 0.4281206 0.1707984 0.2557108 -0.2880078 -0.1140205 -0.3944774 -0.6136461 -0.4127472 -0.0465488 -0.1387736 -0.0444439 0.4213910 0.0973061 0.4702914 0.4805494 0.4320092 0.3779749 0.3444819 0.3980963 0.2346748 0.4269662 0.2138858 0.2889917 0.4966574 -0.0730341 0.3946930 0.1408911 -0.1623674 -0.2463952 0.2233458 0.2431585 0.0904637 0.4677599 -0.3736963 0.2827935 0.0185397 0.4084051 -0.3352191 0.0856975 0.3076717 0.0462512 -0.4005817 0.4273418 0.2296841
-0.0226949 0.0327661 0.0371252 0.1655408 0.0123828 0.2491239 0.2026628 0.2867229 0.0977693 0.5362611 0.7468005 -0.0004895 0.1753567 -0.1016285 -0.1418504 0.0000000 0.2620236 -0.2784339 0.7946074 -0.0947220 0.0543652 0.4937417 0.8242317 -0.3083610 0.7539287 0.7737436 0.0406768 -0.3909610 -0.0224554 -0.2773450 0.4127031 0.2283533 -0.3816893 0.0068009 0.7213341 -0.0721733 0.4529792 0.4867353 0.1396072 -0.0174690 0.2134959 -0.2087086 0.5844499 -0.1837040 0.1311887 0.4916134 0.6198165 0.1542467 0.0447626 0.3517244 0.7483602 0.5620736 0.2035466 0.4073597 0.2796618 0.3809556 0.3314616 0.3352942 -0.2537400 0.7152267 0.1955893 0.5760506 0.3526779 0.4742111 0.1600736 0.1221138 0.5162648 0.5609019 0.4323865 0.5558396 0.2544998 0.1198180 0.5465660 0.4800068 0.4102921 0.6294767 0.4704325 0.4309991 0.6176473 0.5725904 0.3565890 0.4580966 0.4134053 0.4554810 0.2525862 0.2020533 0.0979196 0.3604980 0.2556835 0.1859793 -0.1417304 0.0937458 0.4203277 0.1785448 -0.0067674 0.2841448 -0.0377337 0.1723893 -0.2113271 0.2883481 0.0115443 0.0829597 0.1519537 0.2558032 0.0445920 0.4136420 0.0754289 0.3264955 -0.0741989 0.2934762 -0.2487915 0.2707597 0.3002900 0.0362109 0.0042787 0.1268021 -0.0710681 -0.1188416 0.2071057 -0.0638424 -0.0164975 0.1285467 -0.0529665 0.5236297 0.0511973 0.0440320 0.1435936 -0.0194081 0.0462440 0.3018686 0.1768025 -0.0166521 0.0857185 0.4873684 -0.2725365 0.2294976 0.4100314 0.1289889 0.1376229 0.2831843 -0.1347274 0.0984207 0.2060240 0.2182585 -0.0418919 0.2292560 -0.1334180 -0.1156431 0.0157754 -0.1063702 0.0823340 -0.0525268 -0.0980711 -0.0725386 -0.0773711 -0.1613547 -0.2100143 -0.0012926 0.3111006 -0.3240458 0.0180147 -0.1129456 -0.0233327 -0.4341621 -0.1186431 0.0103848 -0.1972641 -0.1972355 -0.0870817 -0.3227555 -0.2006431 0.0232063 -0.0353069 0.2173278 0.2423046 0.1477910 -0.0135855 0.2369666 -0.0383357 -0.0749674 0.0989689 -0.1745313 -0.3461201 -0.1961517 -0.1750819 0.5469005 0.1144648 0.2841064 0.2819264 0.1724495 0.0566084 0.3339686 0.2266231 -0.0274934 0.0752903 0.0584692 0.2284709 0.1996995 0.3547393 0.2194116 0.3807429 0.0105874 0.1442167 0.1526686 0.0226887 -0.0033883 0.2042651 0.2535355 0.2304171 0.2101383 0.0958102 0.3873166 -0.0679163 0.0272517 0.2128548 -0.0417218 -0.3213509 -0.1253396
0.2919768 0.1624154 0.1560272 0.3151768 0.0826562 0.5255212 0.4359707 0.3100843 0.7722317 0.8638241 0.3692003 0.5187308 0.0357238 0.5799270 0.6815997 0.2620236 0.0000000 0.4067400 0.5428164 -0.4392742 0.4446714 -0.0557256 0.1815197 0.4038091 0.3439594 0.2541542 0.7036034 0.1042891 0.5514662 0.3026663 0.0376027 0.2837297 -0.0428839 0.4351448 0.5142566 0.2462489 0.4831351 0.5761892 0.8099533 0.3646771 0.2886536 0.1605210 0.8000593 -0.0005700 0.2532176 0.4300986 0.5372316 0.3940993 0.4754362 0.2558519 0.4594277 0.8352923 0.5526750 0.5617347 0.4495638 0.5151920 0.5733435 0.3765215 -0.1847039 0.5849239 0.3445763 0.5173386 0.4576820 0.3944537 0.5750429 0.3319931 0.5934691 0.1973614 0.6248049 0.3540475 0.5401214 0.5255681 0.3364923 0.5642681 0.6456542 0.4009825 0.5311795 0.3829588 0.4650864 0.6128599 0.2565677 0.1691268 0.2691992 0.4532124 0.3151687 0.2886981 -0.2462996 0.1733746 0.0812047 0.2905384 -0.4920936 0.0348286 0.0128599 0.0803505 -0.5245908 -0.2917964 0.1084199 -0.0995203 -0.4421304 0.1628490 0.2961047 0.0534143 0.2521284 0.4597924 -0.0007399 -0.2245076 0.3270039 0.2390938 0.0385610 0.0645744 -0.2305901 0.2609295 0.1300808 -0.2261954 -0.1489849 0.1402935 -0.3207312 0.0832548 0.1406429 0.5461704 0.1050795 -0.0870830 0.0752336 0.6622500 0.3072345 0.6577387 0.0026021 0.1695040 0.6855069 0.0471530 0.4303431 0.2439607 0.0030647 0.4432195 -0.1446369 0.5703369 0.3967266 0.6443460 0.6638356 0.3562493 0.1400504 0.5872063 -0.0581500 0.3269299 0.5067652 0.3646319 0.4145706 0.2833895 -0.3010261 0.0502616 -0.1786995 0.3081241 0.4946387 0.1263348 -0.2701581 -0.2648678 -0.0840634 0.4411096 -0.1068959 -0.0511589 -0.1444373 -0.0852864 -0.1049612 -0.1412482 -0.1848418 0.0401906 0.1286517 -0.0616713 0.0199578 0.0631919 -0.0585008 -0.1742801 0.0921658 0.2257367 0.1820806 0.0819400 0.2098991 -0.2143841 0.1094796 -0.2333026 -0.4961454 -0.3978119 -0.1206728 -0.2294423 -0.0119336 0.6218455 0.2365165 0.4953049 0.4677428 0.3365589 0.5005712 0.4268726 0.4515033 0.2293817 0.4606471 0.2526207 0.4118765 0.5847712 0.3602135 0.5563430 0.4235758 -0.0094343 0.0747757 0.2352561 0.1138770 0.0521756 0.6870938 -0.0846759 0.4527799 0.3538496 0.4967571 0.1412422 0.0729123 0.3673490 0.3381938 -0.3068665 0.2335076 -0.0512130
