0.0000000 0.6193818 0.1368944 0.0458356 -0.3852021 0.3938885 0.4439371 -0.1830969 0.2377761 0.0661455 -0.0166916 0.4347321 -0.2834908 0.1435552 0.4718270 0.0666687 0.0099156 -0.0738981 0.0803686 -0.0449270 0.4914350 -0.2268383 -0.1052763 0.4032870 0.0021696 -0.1122595 0.1687149 0.2121126 0.5436017 0.2285750 -0.0767586 -0.1742483 0.3666653 0.1700477 -0.1453669 0.4178107 -0.3954741 -0.2998961 0.1759396 0.2070429 -0.1328122 0.2150756 -0.0930940 0.2804936 0.0772021 -0.3615501 -0.3412725 -0.3249150 0.4323057 -0.3939330 -0.1987348 -0.0001862 -0.0226822 0.1126428 -0.2658181 -0.3081420 -0.4226807 0.4055881 -0.2049059 -0.2131398 -0.0700823 0.0969558 0.1709262 0.0325760 -0.1525836 -0.2154437 -0.2024291 0.0148852 -0.1215368 0.1117570 -0.3227972 0.0072979 -0.1175163 -0.1539279 -0.2404334 -0.1309206 -0.0483920 -0.2940479 -0.1875826 -0.4309281 -0.2586461 -0.0887132 0.0522814 0.0470089 0.0591677 -0.3679364 -0.2205709 0.1280929 -0.0587914 -0.0970932 -0.0673758 -0.1374842 0.3490242 0.1371549 -0.2510447 -0.0423993 0.0057753 0.1513860 -0.0960488 0.1253384 -0.0144067 -0.2347734 -0.2414570 0.1386598 -0.0550881 -0.2277637 0.0300565 0.0957913 0.0653829 0.2554335 -0.3006498 -0.0024717 0.2260888 0.2759142 0.5499840 0.2046851 0.4283282 0.7345016 0.4424815 0.5723509 0.4481990 0.4073555 0.3809186 0.2574963 0.4478403 0.2802363 0.4061894 -0.0909163 0.4379295 0.4845987 0.5651336 0.3975519 0.4924563 -0.0236510 0.2694295 0.1684766 0.4599884 0.6193263 0.5421580 0.2744814 0.3904778 0.5161049 0.1196133 0.1282200 0.5079107 0.2191055 0.4708193 0.3052243 0.2115087 0.4908500 0.1712254 0.2481944 0.4953173 0.4783201 0.2106859 0.3955165 -0.0181820 0.4158125 0.0770810 0.0219150 0.1745669 0.3590709 0.0604535 0.0388923 0.2035756 0.2977888 0.4322959 0.2888048 0.1850315 0.2766081 0.4627361 0.2521922 0.5550301 0.3637704 0.3880557 0.1327052 0.1338063 0.1118967 0.2831079 0.1741465 -0.0001165 0.0825889 0.1440010 0.0698106 -0.0377723 -0.1456943 -0.0655777 -0.1454867 -0.1882630 0.1392424 0.3320107 -0.4052575 -0.0844202 0.2713660 0.2934015 0.2585106 0.3587048 0.0376777 -0.2464643 0.2656580 -0.1872297 -0.5023996 -0.2737201 0.0022979 -0.0255644 -0.1955134 0.2376815 -0.1677941 -0.2214224 -0.6004836 -0.1825475 0.3778805 -0.0232710 -0.2225171 -0.0444250 -0.1876207 0.1368841 0.3339417
0.6193818 0.0000000 0.6465779 0.6440859 0.1966572 0.8081260 0.8762266 0.3505582 0.6055518 0.4854244 0.4433722 0.7522903 0.1888946 0.4777103 0.6590679 0.4944665 0.4745099 0.2844731 0.3584971 -0.1225019 0.7287257 0.0343046 0.3065807 0.4509986 0.2520402 0.1589608 0.3034808 0.2188226 0.7022640 0.1360286 0.1242816 0.0357687 0.2605895 0.3516322 0.0419460 0.6615075 -0.1086838 0.0182363 0.1272755 0.0350570 0.0012964 0.5322816 0.0787579 0.0494857 0.3016280 -0.1794401 -0.2236959 0.0503946 0.3469385 -0.1967305 -0.1052843 0.0353148 0.2164675 -0.0274379 -0.0103676 -0.2323832 -0.1824522 0.4542552 0.1717190 -0.0838152 0.3610684 0.2267902 -0.0309865 0.3492777 0.2550991 -0.0251499 0.0468026 0.4407894 -0.0421338 0.5069244 0.0212593 0.4100677 0.1828167 0.1890572 0.0706594 0.3023179 0.3177070 0.1563939 0.1751604 -0.0026857 0.1220878 0.1031501 0.1026359 0.1303007 0.1681845 -0.2872822 -0.1376333 0.1290008 -0.2478035 -0.0309885 -0.0365633 -0.0193654 0.3586743 0.1808280 -0.1856524 -0.0308687 0.0781662 0.2892379 -0.0738134 0.1060486 0.0778575 -0.0685362 -0.2311777 0.0988247 -0.0064549 -0.0786565 -0.1056461 0.0409013 0.0251801 0.2074337 -0.1002019 0.2931527 0.0046348 -0.0131450 0.1004155 -0.1863233 -0.0233241 0.2460567 -0.0236870 0.2474432 0.1780307 0.1869214 0.5871188 0.0915818 0.1188847 0.2577872 0.1705906 0.3844706 0.5340655 0.3820820 0.3097376 0.5723552 0.2276820 0.3327477 0.2200916 0.2891466 0.3153176 0.6001665 0.4853318 0.4261268 0.3115028 0.6361609 0.1616372 0.3814837 0.5410081 0.2689528 0.4678853 0.3814096 -0.0208780 0.5897756 0.4647791 0.5572859 0.5556225 0.1600482 0.0965608 0.4309338 0.1045256 0.4380577 0.1824322 0.3110003 0.0718305 0.4343647 0.4129609 0.2081971 0.0138503 0.5514062 0.4363360 0.0123264 0.2609528 0.3505204 0.2380833 0.0301111 0.5485776 0.4182598 0.7270524 0.4917770 0.5405512 0.5183870 0.6280708 0.5850167 0.1733210 0.3155541 0.4316243 0.2163411 0.1835046 0.2237683 0.0168216 0.0587977 0.1817484 0.4338435 0.1658202 0.0117013 0.1046083 0.3607384 0.3567152 0.3613912 0.3767671 0.2277669 0.0526010 0.2532346 -0.1024672 -0.5118288 -0.1316510 -0.1413502 0.0936567 0.0321685 0.3343508 -0.2761220 -0.0471415 -0.6854868 0.0778231 0.1305717 0.0326328 0.0339450 0.2306295 -0.3170760 0.5114887 0.5820399
0.1368944 0.6465779 0.0000000 0.5474623 0.7197468 0.4977561 0.4834524 0.6668079 0.6528359 0.5847313 0.5729984 0.6087501 0.7114851 0.4516295 0.6204599 0.6806509 0.4948775 0.1799530 0.7186508 0.0229889 0.5311102 0.5847984 0.6198790 0.3691351 0.6575149 0.5203188 0.2353045 0.2506780 0.4867901 0.1050254 0.6428386 0.5118605 0.1750196 0.3453393 0.4008273 0.3650331 0.4082659 0.4899206 0.1937351 0.1886486 0.5049443 0.4604951 0.3373303 0.1396604 0.4442584 0.3490079 0.2416725 0.5818395 0.3227755 -0.0574481 0.2767571 0.2730756 0.3764860 0.1813152 0.3968783 0.2669587 0.4327575 0.5014048 0.5297588 0.3774076 0.6289492 0.5229264 0.3064229 0.5826891 0.6001951 0.5643332 0.5228447 0.5857708 0.4543065 0.6814423 0.5495303 0.6356586 0.6356374 0.6231641 0.4869550 0.6461292 0.6597893 0.6179222 0.6388145 0.5202917 0.4402896 0.1949019 0.3492565 0.2098166 0.2255634 0.1664857 0.2738111 0.0885294 0.0384177 0.2195505 0.3478873 0.4111698 0.4513850 0.2007433 0.3766240 0.4041444 0.4707443 0.4188772 0.3372326 0.1409898 0.2684751 0.2036002 0.1705351 0.3032403 0.3590123 0.4338610 0.1849151 0.2433382 0.1364806 0.2114015 0.4263608 0.6155978 -0.0381649 -0.0305594 -0.1856944 -0.0937643 -0.0601745 0.0099254 0.0220856 -0.0112292 -0.0041318 0.1120461 0.4660293 0.2884008 -0.0431306 0.3242689 0.1835121 0.6880568 0.5725683 0.3846156 0.3099730 0.7843181 -0.0725208 0.4576046 0.4248302 0.5663783 0.2312173 0.3893258 0.3027965 0.3958593 0.4524241 0.4633364 0.3257132 0.4786903 0.4180079 0.5123901 0.3906608 0.4184182 0.0426251 0.4735551 0.5384913 0.5641393 0.4903198 0.2645811 0.0963936 0.5689886 0.5273151 0.4202518 0.5029147 0.6116019 0.3383907 0.5364046 0.6631858 0.6303894 0.2370235 0.6417343 0.5110017 0.2015806 0.5135975 0.5079176 0.3250354 0.2416306 0.4468140 0.2911463 0.3941830 0.4480564 0.6190095 0.5423071 0.5391788 0.5234547 0.2804529 0.2993114 0.4189890 0.1887878 0.4788468 0.5760519 0.3233395 0.4338496 0.5726856 0.6087833 0.0625248 0.5358899 0.2895898 0.3332434 0.3868678 0.3531478 0.3382511 0.2664591 0.4030349 0.2688189 0.2713266 -0.0289724 0.1995466 0.0738011 0.3490141 0.4120397 0.2372226 0.2039843 0.2713350 -0.2000604 0.3595390 -0.0142689 0.3001761 0.4105502 0.3995515 0.1641751 0.3938338 0.5305298
0.0458356 0.6440859 0.5474623 0.0000000 0.5493616 0.8862032 0.5827957 0.7980856 0.6911423 0.8108264 0.8369846 0.6193417 0.5343858 0.8010624 0.6727299 0.7013193 0.8035186 0.5954464 0.4953741 -0.0060921 0.6187565 0.3155027 0.5110258 0.6405999 0.4453892 0.4190509 0.4550011 0.5154936 0.6668922 0.2214468 0.2813517 0.3156361 0.5202029 0.6856210 0.3499794 0.4723866 0.3077913 0.4145974 0.2828632 0.2817476 0.2128137 0.5241789 0.4036435 0.3263703 0.5409135 0.1925478 0.1613395 0.2592210 0.5441707 0.2600059 0.2308050 0.3364704 0.6322066 0.2388400 0.2292775 0.1738896 0.2591204 0.4782219 0.0291988 0.2764529 0.5526300 0.4906534 -0.1654281 0.6711270 0.6411385 0.1367122 0.3654370 0.5281134 0.0473332 0.6861616 0.3256679 0.7195910 0.4493227 0.5150139 0.3749491 0.6549413 0.6247561 0.5542644 0.5169067 0.3047408 0.4151404 0.0407870 -0.1142890 -0.1103862 -0.1414493 -0.1742292 -0.0979367 -0.2319852 -0.4047307 -0.2349662 -0.1084105 -0.0628885 0.0206200 -0.1861084 -0.2033768 -0.1868171 -0.0490608 0.1236236 -0.2301351 -0.3215267 -0.1851097 -0.1318617 -0.1675616 -0.3017265 -0.0635824 -0.1495922 -0.3149138 -0.2655220 -0.1795239 -0.1825136 -0.1773974 0.0846561 -0.4227116 -0.3627524 -0.3417199 -0.4931985 -0.4961618 -0.3402543 -0.4698720 -0.3621375 -0.4462426 -0.3942990 0.1852412 -0.2853395 -0.1238257 -0.0255638 -0.2804968 0.3825646 0.1854530 -0.1644668 -0.2294583 0.2908698 -0.1912766 0.2292138 0.0192364 -0.0088982 -0.1156476 0.2596552 0.0182757 0.2918884 -0.1013026 0.3231425 0.1587533 0.2811014 0.1710020 -0.0555697 0.1490488 0.1275572 -0.0191505 0.2874967 0.4568607 0.4549779 0.2670149 -0.3150079 -0.2209118 0.0980359 0.2426780 0.1333224 0.2333966 0.4040755 -0.3262332 0.3057538 0.3034212 0.2927018 -0.1965288 0.3526217 0.1364856 -0.1113636 0.3369552 0.3258520 0.0066763 -0.0173000 0.0377584 0.0576492 0.3296734 0.2485640 0.4352456 0.4775261 0.5999412 0.3941271 -0.1318055 -0.0466545 0.0292627 -0.1857585 -0.0798910 0.4330738 -0.0328915 0.0188429 0.2221269 0.4892418 -0.1704968 0.3852869 0.2315759 0.1361268 0.0703991 0.1620649 0.1195310 0.3348421 0.3415430 0.0481750 0.0554272 -0.1742105 -0.0655359 -0.2034978 -0.2269593 -0.0118625 0.1822491 -0.1507095 0.0236326 -0.4039191 0.2325649 0.0620217 -0.1344976 0.0849153 0.4272343 -0.3454969 0.5045856 0.4775782
-0.3852021 0.1966572 0.7197468 0.5493616 0.0000000 0.3013974 0.1946565 0.7563463 0.2703268 0.3940227 0.4939882 0.3293504 0.8554854 0.3047430 0.1881021 0.5454955 0.4031756 0.2519734 0.6184273 0.0868856 0.3343195 0.6812155 0.6334042 0.1654398 0.6405025 0.6426868 0.1055830 0.1851361 0.2092400 -0.0789694 0.6994915 0.5737376 0.1480047 0.4717691 0.5806139 0.1317780 0.6768262 0.7059046 0.1017662 0.1646847 0.5056482 0.3995631 0.4490285 0.1279792 0.5906456 0.6026375 0.5208789 0.7301891 0.2281682 0.3199884 0.5123423 0.3453190 0.6485366 0.1397200 0.6586828 0.5237027 0.6525064 0.2107192 0.3251996 0.5797917 0.6933479 0.5419005 0.1257622 0.6804262 0.7977377 0.4561378 0.6751743 0.4121052 0.3317093 0.5524880 0.6785046 0.7479662 0.6941355 0.7811605 0.4998991 0.7038586 0.7087171 0.6235486 0.7116100 0.6785804 0.3738766 0.4006322 0.2836138 0.3429571 0.3055316 0.2203359 0.1444598 0.0447886 0.0492760 0.2986143 0.1888667 0.2825396 0.1250300 0.0936195 0.3695596 0.3186497 0.3731744 0.2026683 0.3046493 0.0318185 0.3058493 0.1231490 0.1725975 0.2000428 0.3850420 0.4729797 -0.0490640 0.1800735 -0.0444600 0.0888627 0.4804140 0.5056669 -0.1275947 -0.0167741 -0.2505060 -0.0786149 -0.1240472 -0.3614775 -0.1703517 -0.2929426 -0.1490475 -0.0215327 0.1729477 0.2106455 -0.3344595 0.1900055 0.0347216 0.4893761 0.2796809 0.0748642 -0.0394458 0.4584777 -0.2976028 0.4225624 0.1995928 0.2333977 -0.0249271 0.1272688 0.0306727 0.3029977 0.1525417 0.2871752 0.3573228 0.4122265 0.1253352 0.1678520 0.1717854 0.2505856 0.1675210 0.3313767 0.5552844 0.4763496 0.3139761 -0.0081555 -0.0597181 0.3750969 0.6131274 0.3267971 0.6105569 0.6571946 0.2724833 0.4608758 0.4918704 0.6526423 0.2160527 0.5496475 0.3792468 0.2300455 0.5657124 0.4600869 0.3057973 0.3248433 0.0445804 0.1058678 0.1010760 0.2903987 0.5538465 0.4807049 0.4257235 0.2999547 0.2337292 0.0924218 0.1147074 -0.0337302 0.2644403 0.6418729 0.1365977 0.2447730 0.4222672 0.3924066 -0.0983498 0.7170294 0.1565054 0.0958822 0.1836384 0.2299271 0.1902739 0.3403195 0.4655889 0.2123624 0.3497551 0.2973665 0.1584799 -0.1029108 0.0160126 0.2630918 0.2463875 0.2733275 0.3262513 0.0924887 0.3550184 -0.2794193 0.0572755 0.5927746 0.6004836 0.0971910 0.3714915 0.4290989
0.3938885 0.8081260 0.4977561 0.8862032 0.3013974 0.0000000 0.7647613 0.5644148 0.6509289 0.7004764 0.6933477 0.7282324 0.2682410 0.6619991 0.7303615 0.6115066 0.6718518 0.4193500 0.3686730 -0.1159968 0.7331281 0.0778128 0.3449447 0.7492205 0.2854708 0.2136804 0.3219737 0.4779798 0.7850048 0.1156954 0.1429958 0.1051980 0.6287052 0.6417227 0.1519896 0.6236706 0.0243177 0.1589303 0.2425197 0.2479760 -0.0005228 0.4990039 0.2069660 0.3500432 0.3998991 -0.0682664 -0.0800656 0.0280879 0.5825721 -0.0370040 0.0512722 0.2090372 0.4692386 0.1421891 -0.0093386 -0.0873765 -0.0067753 0.3996902 -0.0703684 0.0997165 0.3363839 0.3629509 -0.2603947 0.4607689 0.3804299 -0.0669056 0.1582563 0.3305653 -0.1399115 0.5076535 0.0903631 0.5501711 0.2369044 0.2879600 0.1049368 0.4067010 0.4519410 0.2979601 0.2542074 0.0414767 0.1630821 -0.0189043 -0.1163552 -0.0225541 -0.0223105 -0.4576388 -0.3526145 -0.0684733 -0.5071011 -0.2861412 -0.2531298 -0.1655160 0.1347526 -0.0347339 -0.3727527 -0.1795493 0.0120048 0.1600648 -0.3378847 -0.1529046 -0.1040166 -0.3001671 -0.3282275 -0.2051081 -0.0989746 -0.2848172 -0.3531884 -0.2502997 -0.2996745 -0.0074039 -0.3669126 0.0763662 -0.2193249 -0.1669841 -0.0460118 -0.3723707 -0.2818848 -0.0653284 -0.3471924 -0.1771714 -0.2292470 -0.2017864 0.2307605 -0.2961886 0.0432912 -0.0770257 -0.1857684 0.3312802 0.2437302 -0.0946117 -0.0262633 0.3341770 -0.0429530 0.0528954 0.0326040 -0.0266121 -0.0061275 0.4257980 0.2044053 0.2742301 -0.0648379 0.4335713 0.1145967 0.1683037 0.2723753 -0.1235923 0.2079487 0.1179120 0.0416690 0.3378550 0.3906899 0.3976516 0.3391739 -0.2223014 -0.2683326 0.1914606 0.1688650 0.1456015 0.1935325 0.3290632 -0.2884564 0.3083813 0.2484787 0.2433467 -0.2025396 0.3491229 0.2603574 -0.0222892 0.3596019 0.3157952 0.1160095 0.0084609 0.2726123 0.2597770 0.5250593 0.4028246 0.4310376 0.4119793 0.5973043 0.3896108 0.0322436 0.1015343 0.1113497 -0.0234743 -0.0923716 0.2268915 -0.1580316 -0.1159590 0.0685042 0.3619182 -0.1664671 0.0937938 0.1646607 0.1003795 0.0152866 0.1622709 0.1259819 0.2786339 0.1227540 0.0250937 -0.0144276 -0.4488667 -0.3149875 -0.3262890 -0.2102418 -0.1885940 0.1293507 -0.2084081 -0.1203695 -0.6533314 -0.0645655 0.0978924 -0.1829927 -0.0857242 0.2963822 -0.3888289 0.5212881 0.4682208
0.4439371 0.8762266 0.4834524 0.5827957 0.1946565 0.7647613 0.0000000 0.3249913 0.4178587 0.3343491 0.3796976 0.7763896 0.1405499 0.3084422 0.4404905 0.4658869 0.4096740 0.1197188 0.2471547 -0.1334843 0.7021275 -0.0390213 0.2904890 0.2956864 0.1266644 0.0805406 0.1337160 -0.0593085 0.5804686 -0.1378190 0.0855012 -0.0782738 0.1285101 0.3134708 -0.0429601 0.7139347 -0.2091778 -0.0461345 -0.0825900 -0.2290322 -0.1283037 0.5229811 -0.0559215 -0.1686872 0.2295711 -0.2579132 -0.3265046 -0.0006312 0.1824356 -0.2317237 -0.1967264 -0.1512065 0.1917764 -0.2709601 -0.0590901 -0.3599456 -0.2740491 0.1586266 0.1502885 -0.1896371 0.2601135 0.0443392 -0.2088828 0.1890135 0.1561887 -0.2048735 -0.0382298 0.2844541 -0.2128591 0.3099162 -0.0294277 0.3423069 0.0717381 0.1374279 -0.0797810 0.1480048 0.2352275 0.0079282 0.0362573 0.0245242 -0.0100167 0.2286691 0.1635818 0.2641915 0.3551321 -0.3688245 -0.3124352 0.4000368 -0.2171991 0.0997263 -0.1996387 -0.1704219 0.1749006 0.4133544 -0.2567070 -0.1487358 0.0110177 0.1623671 -0.0783623 0.3274230 0.2521498 -0.1685692 -0.3291135 0.2025793 -0.0660006 -0.1495407 -0.2231708 -0.0264508 -0.0775489 0.1962804 -0.0645436 0.2414353 0.1004573 0.0079408 0.0968031 -0.2169042 -0.0665656 0.1088294 -0.1524116 0.1594788 0.1780597 0.1940478 0.5082423 0.0251426 0.0560777 0.1525386 -0.0059577 0.3299846 0.4720776 0.2168616 0.1781315 0.3965423 0.1236457 0.1933790 0.0184325 0.0962263 0.1277523 0.4933579 0.3940250 0.2946556 0.0728310 0.5557247 0.1267686 0.2587345 0.3628585 -0.0125767 0.2690802 0.1671514 0.0443366 0.4792250 0.3498989 0.4719269 0.3588130 -0.0413748 -0.0762447 0.3775253 0.0696619 0.2313139 0.1935371 0.2814710 -0.0608742 0.2827358 0.3610897 0.1615121 -0.2113401 0.4789792 0.3245101 -0.0160938 0.2062344 0.2221940 0.1384532 -0.0649572 0.5868048 0.6182137 0.8790107 0.7078367 0.5787252 0.5442692 0.5895961 0.6077357 0.4498302 0.5333166 0.5389235 0.4261136 0.2133363 0.1255856 -0.1236752 -0.0127843 0.2025722 0.3294346 0.0525887 0.0093443 0.1525262 0.2533863 0.2337904 0.2822637 0.3191115 0.2907381 0.0649833 0.1969264 -0.0916455 -0.5089436 -0.2987322 -0.2817801 0.0221242 -0.0538391 0.3051650 -0.2856869 -0.1248764 -0.6135891 -0.1209668 -0.0391404 -0.0261372 0.0757679 0.1660191 -0.3496540 0.5545095 0.5624032
-0.1830969 0.3505582 0.6668079 0.7980856 0.7563463 0.5644148 0.3249913 0.0000000 0.6671071 0.8103835 0.9127733 0.5654441 0.8703202 0.7597424 0.6224200 0.8649402 0.8091901 0.3386592 0.7769653 0.2030390 0.5087333 0.7192571 0.7795045 0.5298781 0.7208957 0.6716111 0.4864159 0.4386306 0.5007284 0.2405574 0.6570609 0.6263453 0.4316545 0.6591623 0.5982566 0.3321685 0.5678671 0.7168768 0.3043304 0.3389697 0.6307387 0.4484596 0.5778132 0.3852347 0.5927102 0.5396206 0.4271072 0.5836787 0.5827476 0.3685141 0.4514295 0.4665941 0.7317667 0.3979219 0.4865411 0.5053504 0.6038944 0.5829882 0.1515913 0.5392032 0.6344928 0.6874546 0.2074395 0.8269824 0.8337431 0.4932546 0.6860746 0.6683755 0.4401294 0.8094693 0.6662212 0.8563462 0.7793195 0.8180305 0.6508106 0.8523605 0.8384598 0.7693235 0.8116910 0.6617197 0.5571491 0.1388450 0.1462395 -0.0752493 -0.0776856 0.1771206 0.2438885 -0.0792003 0.0177295 0.0691518 0.1565604 0.1387794 -0.0084687 0.0143549 0.1503101 -0.0148362 0.1213326 0.0998166 0.1623690 -0.1116816 0.0296953 -0.0300111 0.0238232 -0.0120088 0.1432230 0.1712409 -0.0965829 -0.1831009 0.0354286 -0.2856539 0.2575592 0.1925880 -0.4636941 -0.4007835 -0.4756639 -0.4260811 -0.4932017 -0.3886065 -0.3657875 -0.4360290 -0.5514906 -0.4557974 0.0966609 -0.0588284 -0.0373020 0.1221157 -0.3220076 0.4807339 0.3367085 -0.1470842 -0.1727402 0.3921835 -0.3694812 0.2469467 0.1171929 0.0828864 -0.2135029 0.1741157 -0.1137483 0.2365271 -0.0218163 0.2254229 0.3683409 0.3266386 0.0740625 0.0403445 0.0606730 0.0413199 0.2016651 0.2495060 0.4574262 0.4670507 0.1764893 -0.1598702 -0.2102037 0.2420930 0.6129203 0.0828860 0.5546032 0.6136010 -0.1517547 0.4346820 0.4055085 0.6312282 -0.0618905 0.4242944 0.1914971 0.1703756 0.5541847 0.5217487 0.1555576 0.2447414 0.0708731 0.0748447 0.1028085 0.1814236 0.4382926 0.4344315 0.5254456 0.3607552 0.0191261 0.0472716 0.0822054 -0.1195360 0.0782024 0.5826240 0.1049187 0.2298547 0.4959827 0.6294354 -0.1525652 0.7174340 0.3924002 0.1524607 0.1524031 0.1293154 0.1925141 0.3435664 0.6515659 0.1353222 0.2005551 0.0907802 0.0328567 -0.0453980 -0.1347793 0.2473321 0.1638953 0.0982009 0.0813476 -0.1014980 0.3243336 0.0047760 0.0412740 0.3240568 0.4134735 -0.0535923 0.3597320 0.5176552
0.2377761 0.6055518 0.6528359 0.6911423 0.2703268 0.6509289 0.4178587 0.6671071 0.0000000 0.9174998 0.8282474 0.5740599 0.4809502 0.8507855 0.8891373 0.8335518 0.8302542 0.3785441 0.7190248 0.1175880 0.3940422 0.4668514 0.6096852 0.6079278 0.6305434 0.4782330 0.6567233 0.5700222 0.5092872 0.5247047 0.4052400 0.5352748 0.3999200 0.2948869 0.3914352 0.3056062 0.3551928 0.4505714 0.5209456 0.4531386 0.4879035 0.2581411 0.5145061 0.4250367 0.2114332 0.3133749 0.2474627 0.3370154 0.4547173 0.1804523 0.2902459 0.4779719 0.2270047 0.5178615 0.1451771 0.3069991 0.3905323 0.6949719 0.2414484 0.3802075 0.4120492 0.6224507 0.1973823 0.4964713 0.3813846 0.5497122 0.4852287 0.7075255 0.4969650 0.7669728 0.4748500 0.4249312 0.5848700 0.3849900 0.6066394 0.6757784 0.5147920 0.7385074 0.6246475 0.3819146 0.6373031 -0.1801863 0.1046798 -0.2738808 -0.2536317 0.1261872 0.3226749 -0.2335511 -0.1201864 -0.1495946 0.3318849 0.3205356 0.3559532 -0.0825995 0.1228540 0.0938529 0.1974794 0.3372012 0.0613833 -0.2289517 -0.1045396 0.1094896 0.1135752 -0.1780230 0.1348252 0.0446073 0.1875806 -0.1026826 0.1711952 -0.1052654 0.0731637 0.2697539 -0.3405019 -0.4245930 -0.4796327 -0.4222700 -0.4603692 -0.1264513 -0.2410996 -0.2286657 -0.4328626 -0.3985905 0.2473684 -0.2680697 0.0767841 0.0504308 -0.1975818 0.5292784 0.3383852 -0.0259495 0.0479113 0.5097527 -0.1954082 0.1293260 0.2239369 0.4261582 -0.0795221 0.1971448 -0.0099040 0.3026757 0.1667563 0.2086428 0.2010701 0.2948333 0.1463976 0.3505426 0.0942974 0.0284074 -0.1231662 0.2557401 0.3456926 0.3876319 0.1570009 0.0253680 -0.0557727 0.3055444 0.2806969 0.0100526 0.1228644 0.3978429 -0.1439708 0.3420537 0.4617093 0.3792086 -0.0325864 0.3440869 0.1584578 -0.1185506 0.2484173 0.3960817 -0.0288438 -0.0489175 0.2568133 0.0770106 0.2187246 0.2126648 0.3256313 0.3293009 0.3833939 0.3008982 -0.2043023 -0.0461018 0.1137849 -0.1218730 0.1223308 0.4232306 0.3552225 0.4383935 0.3036395 0.4894120 -0.0696531 0.2567078 0.2165227 0.2762105 0.2215011 0.1639702 0.1085502 0.1122745 0.4426458 -0.0228816 0.0331698 -0.2601741 0.1034404 0.0491625 0.1818810 0.2851681 -0.0594932 0.0337461 -0.0120296 -0.3352449 0.3043635 0.2991141 0.3326984 0.0054963 0.0783288 0.0392519 0.3638339 0.4198111
0.0661455 0.4854244 0.5847313 0.8108264 0.3940227 0.7004764 0.3343491 0.8103835 0.9174998 0.0000000 0.9559957 0.5458606 0.6004337 0.9221885 0.8235591 0.8644201 0.9081869 0.4328139 0.7240686 0.1656556 0.4149534 0.5551869 0.6512396 0.6703349 0.6687705 0.5644063 0.6726390 0.6205530 0.5543200 0.5144299 0.4527198 0.5998236 0.5002992 0.4950025 0.4914928 0.3605717 0.4641832 0.5827934 0.5556095 0.5029731 0.5452202 0.3267361 0.5963514 0.4965924 0.3238498 0.4122861 0.3657938 0.4029498 0.5665919 0.2594587 0.4010486 0.5462748 0.4550617 0.5752110 0.2377381 0.3913970 0.5040082 0.6533635 0.0862686 0.4815429 0.4272042 0.6624866 0.1426019 0.6318908 0.5507158 0.5443230 0.5631987 0.6881717 0.4626217 0.7680835 0.5376439 0.5952368 0.6334963 0.5337459 0.6732851 0.7486152 0.6556283 0.7824008 0.6972108 0.5046891 0.6483508 -0.1574787 -0.0037093 -0.3224664 -0.3352588 0.0998251 0.2526057 -0.2764542 -0.1191791 -0.1938509 0.2230033 0.2011086 0.1452494 -0.1671064 0.0242382 -0.0675505 0.1062547 0.1569784 -0.0000546 -0.2957905 -0.1925014 -0.0597625 -0.0257391 -0.2691388 0.0776971 -0.0031457 -0.0530001 -0.3257467 0.0807455 -0.3357309 0.0139453 0.0280370 -0.5602136 -0.5756441 -0.5396807 -0.6188576 -0.6457138 -0.2980310 -0.4819640 -0.4282435 -0.6075698 -0.5810609 0.1298607 -0.3482829 0.0686731 -0.0867054 -0.3700012 0.5129641 0.2066466 -0.2478688 -0.1290301 0.4335148 -0.2915309 0.0018950 0.2471364 0.1852757 -0.1978840 0.1606302 -0.1059452 0.1993362 0.0569926 0.0969086 0.3110294 0.1510668 0.0525270 0.1012139 0.0104914 -0.0512778 0.0449850 0.1736955 0.3261054 0.3273501 0.0846740 -0.1217957 -0.1370403 0.1739324 0.4115682 -0.0432655 0.2582099 0.4095122 -0.2960308 0.3086691 0.3614692 0.4619304 -0.1212329 0.3059026 0.1380715 -0.0562131 0.3767218 0.3939894 -0.0195482 0.0272433 0.0599271 -0.0017329 0.1160472 0.1089804 0.2066580 0.2412824 0.3620074 0.2420983 -0.2283693 -0.0928967 0.0121524 -0.2004541 -0.0312801 0.4379489 0.1933669 0.3042659 0.2939954 0.4950951 -0.2589038 0.4486380 0.3539801 0.0860230 0.0082288 0.0112464 -0.0000988 0.2485211 0.5751491 -0.1060697 -0.0208119 -0.1175603 0.0438815 -0.0072366 0.0472897 0.2635339 -0.0837679 0.0299568 -0.1327626 -0.2295384 0.2668514 0.2816918 0.1664814 0.0108664 0.1834169 -0.0988972 0.2727053 0.3570027
-0.0166916 0.4433722 0.5729984 0.8369846 0.4939882 0.6933477 0.3796976 0.9127733 0.8282474 0.9559957 0.0000000 0.6153018 0.7121714 0.8719179 0.7712575 0.8876761 0.8940408 0.3339029 0.7303375 0.1895319 0.5091390 0.6152271 0.6851819 0.6620267 0.6499637 0.5616935 0.5985706 0.5220146 0.6001014 0.3621152 0.5188719 0.5655020 0.5141125 0.6079693 0.4780374 0.4231824 0.4401911 0.6168336 0.4189607 0.3896666 0.5800911 0.4249619 0.5486447 0.4603515 0.4596302 0.4353741 0.3444216 0.4378139 0.6242060 0.2795304 0.3654119 0.4610111 0.5926515 0.4734268 0.3151952 0.4175031 0.5137181 0.6258139 0.0713359 0.4456826 0.4966116 0.6247109 0.1364984 0.7065025 0.6530376 0.4836918 0.5644018 0.6538651 0.4402716 0.7766938 0.5427566 0.7187946 0.6540576 0.6593242 0.6643361 0.7737959 0.7759494 0.7424764 0.7157477 0.5561929 0.5996029 -0.0572243 0.0187171 -0.2795213 -0.2736899 0.0729697 0.1929964 -0.1623224 -0.0708910 -0.1074246 0.1205263 0.0737598 -0.0264894 -0.0592042 -0.0390129 -0.1574632 0.0157805 0.0415209 -0.0050570 -0.2108404 -0.1337948 -0.1361713 -0.1089264 -0.1554330 0.0094440 -0.0448759 -0.1321091 -0.3923463 0.0585767 -0.4067360 0.0426320 0.0058558 -0.5999261 -0.5834626 -0.5088082 -0.6124998 -0.6455155 -0.3082399 -0.4817438 -0.4226101 -0.6452813 -0.6081056 0.0734833 -0.2581994 0.1107906 0.0115026 -0.4510954 0.4285306 0.3060685 -0.2825750 -0.1798656 0.3667529 -0.3286037 0.0558938 0.1193409 0.0311345 -0.2431940 0.2196395 -0.1125886 0.2046630 -0.0775643 0.1714499 0.3279152 0.1853618 0.0725048 -0.0309797 -0.0015990 -0.0622189 0.1306638 0.1984523 0.3516406 0.3832922 0.0867888 -0.2311138 -0.2186075 0.1581636 0.4898739 -0.0455136 0.3824582 0.4765119 -0.3613917 0.3490311 0.3341173 0.5135532 -0.2121771 0.3118399 0.0901615 0.0296698 0.4624599 0.4490030 0.0221791 0.1010734 0.0867344 0.0606705 0.1346195 0.1746478 0.2920006 0.3251488 0.4597161 0.3300905 -0.1061881 0.0081371 0.0621660 -0.1402768 -0.0188959 0.4759146 0.1083347 0.2410063 0.4007781 0.5774656 -0.2035222 0.5421357 0.3915772 0.1262952 0.0644736 0.0693806 0.1083103 0.3360342 0.6502570 0.0279696 0.0303015 -0.0893977 -0.0564753 -0.0451882 -0.1071208 0.2094246 0.0584137 -0.0064905 -0.1221309 -0.2052149 0.2074933 0.2274429 0.0363454 0.0818583 0.2881143 -0.1688079 0.2590828 0.4020808
0.4347321 0.7522903 0.6087501 0.6193417 0.3293504 0.7282324 0.7763896 0.5654441 0.5740599 0.5458606 0.6153018 0.0000000 0.3895458 0.4732847 0.6559836 0.6560871 0.4940980 -0.0436394 0.5290087 -0.1709782 0.8840166 0.2448698 0.3336649 0.5440078 0.3820055 0.1814147 0.2467716 0.0409255 0.7417283 -0.1123438 0.3537278 0.1379107 0.3293071 0.5930238 0.0384922 0.6316544 -0.0805457 0.1505065 -0.0913009 -0.0893875 0.1853111 0.6090053 0.0058557 0.0881499 0.5511157 -0.0608436 -0.2127862 0.1052055 0.5272322 -0.2191638 -0.1337278 -0.0716034 0.5428482 -0.0956641 0.1323765 -0.0484351 -0.0726393 0.3945055 0.0487911 -0.0431900 0.5231287 0.3106293 0.1407995 0.5307586 0.5196808 0.0131819 0.1669868 0.4132144 0.0391249 0.5366923 0.1063374 0.6221009 0.3529400 0.5595792 0.1228028 0.4255839 0.6059593 0.2365451 0.3193455 0.1569534 0.1303020 -0.0216051 -0.0321096 -0.0625328 0.0500808 -0.3419165 -0.2364067 0.1308974 -0.1805230 -0.1102297 -0.1658704 -0.2559478 0.0096188 0.1542287 -0.1925321 -0.2688600 -0.0913972 -0.0171623 0.0963341 0.0660495 0.0077411 -0.3819711 -0.3526153 0.0414102 -0.1870785 -0.1360569 -0.1488658 -0.1951357 -0.0703773 0.0242368 0.0240435 0.2668332 -0.2169718 -0.1684584 0.0487596 -0.2326413 -0.0818591 0.2686336 0.0288465 0.1054740 -0.0806745 0.0146341 0.3935792 0.1255284 0.0455960 0.3497685 -0.0357437 0.2606699 0.6338778 0.1320810 0.0831510 0.5846524 -0.0312325 0.1204988 0.0167332 0.1914287 0.0035282 0.4831800 0.2310345 0.5534604 0.0672416 0.6423516 0.0943859 0.3941426 0.2706609 0.0865090 0.1471340 0.1119944 0.0318340 0.6307454 0.5580242 0.6027325 0.2697223 -0.0601166 -0.1005495 0.5048201 0.2309935 0.1615646 0.2626815 0.6117754 -0.1221474 0.4856483 0.4814313 0.4068581 -0.2670054 0.5334376 0.3080710 0.0258516 0.3231832 0.4311558 0.1548780 0.0125948 0.5877237 0.3811072 0.5191642 0.6137941 0.7244566 0.5146943 0.8017097 0.6525860 0.2432958 0.3156824 0.2838297 0.1106691 0.1043975 0.4868700 0.0553624 0.1691839 0.3543533 0.4959640 0.1626066 0.2520357 0.2741360 0.5399036 0.4563075 0.5295144 0.6116155 0.5944651 0.3691845 0.4496996 0.0431180 -0.4600673 -0.3482731 -0.1594697 0.0046520 -0.0944428 0.3662900 0.0730249 -0.2213118 -0.5118016 -0.0386630 0.2135793 0.0071654 0.1790191 0.4320649 -0.1390271 0.5077070 0.5872161
-0.2834908 0.1888946 0.7114851 0.5343858 0.8554854 0.2682410 0.1405499 0.8703202 0.4809502 0.6004337 0.7121714 0.3895458 0.0000000 0.4846508 0.3804684 0.7221045 0.5403131 0.1163776 0.8147452 0.3961665 0.3058597 0.9186795 0.7668376 0.2680098 0.7876174 0.7416503 0.3546243 0.2637668 0.2698828 0.1645954 0.8649620 0.7548732 0.1994846 0.4100618 0.6396707 0.1706012 0.7153249 0.8578923 0.3108823 0.2929118 0.8122734 0.3655567 0.6013180 0.2960557 0.5340962 0.7649720 0.6507894 0.8563156 0.3492553 0.3846401 0.6032308 0.4571809 0.5971783 0.3946571 0.7703858 0.7170982 0.8026236 0.4384063 0.3234939 0.6469806 0.6579248 0.6493959 0.4229362 0.7205825 0.7737322 0.7079898 0.7658353 0.5568851 0.6914871 0.6810769 0.7714629 0.7562480 0.8157921 0.8807329 0.7905840 0.8108994 0.8512382 0.7554094 0.8751237 0.8361957 0.5829168 0.3854523 0.4020650 0.1447371 0.1115685 0.3729157 0.3732956 0.0833008 0.3063919 0.3581513 0.3411738 0.3290109 0.0467455 0.1921535 0.3181650 0.2140524 0.2847365 0.1144537 0.3547563 0.0631629 0.2730986 0.1043203 0.0953079 0.2971737 0.3776915 0.4153677 0.0310836 -0.0214025 0.2518772 -0.2094114 0.5337030 0.3218187 -0.3892326 -0.3227490 -0.3736355 -0.3112356 -0.3466276 -0.2305929 -0.2104269 -0.2480199 -0.3317895 -0.2671259 0.2162468 0.2121973 -0.0686569 0.3237405 -0.1530693 0.4299259 0.4929507 0.0037345 0.0146592 0.5258716 -0.2869004 0.2985060 0.2576031 0.1960235 -0.0610683 0.2451227 0.0218356 0.2535819 0.1521388 0.2466436 0.5581836 0.3152124 0.1658620 0.1749350 0.1539160 0.1723013 0.2665737 0.3506309 0.4448696 0.4515957 0.2491564 0.0372450 0.0196463 0.3783684 0.7623980 0.2387772 0.6950355 0.6033965 0.1488340 0.5319555 0.4973193 0.7528410 0.1312491 0.5025052 0.3041774 0.2702393 0.6433688 0.5901951 0.3229632 0.3819813 0.1204387 0.1487589 0.0252131 0.2285641 0.3860564 0.3600669 0.3367029 0.2791226 0.1232379 0.0882628 0.1670577 -0.0329061 0.2830878 0.6409847 0.2321967 0.4201112 0.5236386 0.5136620 -0.0301693 0.7223538 0.2232222 0.1577755 0.2672534 0.1846507 0.2238945 0.3198716 0.7317166 0.2672933 0.1871847 0.2354073 0.1459494 0.0664975 0.0539021 0.4555959 0.2450187 0.1859468 0.1277680 0.1078203 0.3618671 0.0246183 0.1453159 0.4543578 0.4620279 0.0497029 0.1348271 0.3921228
0.1435552 0.4777103 0.4516295 0.8010624 0.3047430 0.6619991 0.3084422 0.7597424 0.8507855 0.9221885 0.8719179 0.4732847 0.4846508 0.0000000 0.7821697 0.7925699 0.9339133 0.6465904 0.6769823 0.1965473 0.3869368 0.4620667 0.6431195 0.6242758 0.6560149 0.5891932 0.8273558 0.7107075 0.5091854 0.6876979 0.3522724 0.5768254 0.5009298 0.5353532 0.5535619 0.2717082 0.4495386 0.5397201 0.6121293 0.5730992 0.4944031 0.2446863 0.6702234 0.5105397 0.3099525 0.3610846 0.3295273 0.3106647 0.5966395 0.3869084 0.4093515 0.6360329 0.4856071 0.6304130 0.2199283 0.3555159 0.3775430 0.7566305 -0.1115930 0.4708944 0.3561936 0.7086860 0.1724280 0.6876284 0.5658405 0.3879563 0.5378829 0.7290372 0.3582281 0.7865630 0.4455928 0.6125256 0.5936032 0.4686087 0.5824543 0.7247917 0.5545936 0.7118281 0.6740253 0.4122117 0.6510838 -0.1043664 -0.0145297 -0.2797730 -0.3228212 0.1775203 0.3218039 -0.3093716 -0.0907542 -0.1894943 0.2261285 0.1408593 0.2093226 -0.2235979 0.0108772 -0.1112868 0.0363131 0.2371115 0.0261731 -0.3624754 -0.2536335 0.0222677 0.0489740 -0.3778041 0.0677282 0.0183941 0.0191975 -0.2330970 0.1615641 -0.2637180 0.0083061 -0.0240315 -0.4795407 -0.4590654 -0.4362870 -0.5160816 -0.5429108 -0.3009715 -0.4118095 -0.3326055 -0.5243515 -0.5222451 0.1422760 -0.3225875 0.1019575 -0.0303733 -0.2024485 0.4136342 0.1520829 -0.1118924 -0.0765240 0.3732009 -0.1162840 0.0763767 0.2299253 0.1430281 -0.0871972 0.1784903 -0.0509606 0.2129394 0.0908135 0.1358068 0.2858646 0.2245148 0.1080430 0.1079312 0.1312195 0.0212559 0.0987978 0.2207461 0.3503117 0.3473103 0.2060638 -0.0303467 -0.0650517 0.1147674 0.3391118 0.0852924 0.2158313 0.3592328 -0.2649583 0.3422805 0.2128559 0.3916323 0.0131140 0.3156468 0.1807955 0.0043721 0.3276131 0.4235669 0.0497066 0.1002751 -0.0749370 -0.1098251 0.0541867 -0.1166317 0.1367030 0.1953995 0.3377416 0.1267421 -0.3758480 -0.2334945 -0.1269694 -0.3302922 -0.2282452 0.3361600 0.0876038 0.1668287 0.1649493 0.4680915 -0.1254463 0.4229609 0.3356139 0.0760121 0.0407473 -0.0311826 0.0253601 0.1862710 0.5092891 -0.0722686 -0.0196004 -0.0460427 0.1253506 0.0336437 -0.0777570 0.2612254 -0.0291398 -0.0651124 -0.0941951 -0.2462457 0.3954088 0.3318009 0.2030589 0.0125978 0.1426646 -0.1065392 0.4228497 0.5292321
0.4718270 0.6590679 0.6204599 0.6727299 0.1881021 0.7303615 0.4404905 0.6224200 0.8891373 0.8235591 0.7712575 0.6559836 0.3804684 0.7821697 0.0000000 0.7144404 0.6919024 0.3060031 0.5883079 0.0688969 0.6100874 0.3073969 0.4284992 0.8439231 0.4684313 0.2797869 0.4789080 0.6324158 0.7643423 0.3933344 0.3344256 0.3130163 0.6567135 0.5162606 0.2156050 0.3962719 0.0923061 0.2394952 0.3889088 0.4619145 0.3524024 0.3351120 0.3094017 0.5561184 0.3594782 0.0780478 0.0129421 0.1134483 0.7291313 -0.0496274 0.0947172 0.3465801 0.3485547 0.4437460 0.0237206 0.1421082 0.1794783 0.7714788 0.1067654 0.2000548 0.3423126 0.5432060 0.2239959 0.5339180 0.3901961 0.3233975 0.2883044 0.5134776 0.3085509 0.6957517 0.2299275 0.5233792 0.4312572 0.3682172 0.3512237 0.5407766 0.5410351 0.5132603 0.4566149 0.1108344 0.4029875 -0.2307188 -0.0100911 -0.3058053 -0.2939045 -0.1190613 0.1089682 -0.2260133 -0.2601499 -0.2968444 0.0791038 0.0897052 0.2750706 -0.0997259 -0.0648276 0.0227692 0.1092672 0.2899977 -0.0856143 -0.2279437 -0.1949301 -0.0542901 -0.0236551 -0.1356672 -0.0181125 -0.0974692 0.0927508 -0.1435485 -0.0221975 -0.0806724 -0.1652549 0.1698211 -0.2672016 -0.2405002 -0.1888429 -0.2340440 -0.2409949 0.1059448 -0.0216721 -0.1018419 -0.3659729 -0.3060307 0.1730417 -0.1432811 0.2601638 0.1285311 -0.1164743 0.3547052 0.4061737 0.0823182 0.1533433 0.4574739 -0.0208098 0.1276194 0.1471739 0.2379957 0.0829376 0.3753692 0.1517122 0.2427772 0.1028960 0.3292427 0.0782224 0.2353304 0.3205432 0.2286346 0.2683092 0.2006863 -0.0259141 0.2502015 0.2781710 0.3221654 0.3182572 0.0158834 -0.1296818 0.2152857 0.2473166 0.0934914 0.1712440 0.3308535 -0.1966077 0.3388173 0.2776947 0.3218090 -0.0571550 0.2294143 0.1802623 0.0704520 0.3299028 0.4025344 0.1249694 0.0894392 0.3495479 0.0959717 0.2163745 0.1575378 0.3296202 0.3179739 0.5173027 0.3343780 -0.1585514 -0.0059398 0.0840625 -0.1063144 0.0527757 0.2801111 0.1451468 0.1675953 0.3207038 0.5936353 0.0424356 0.1703600 0.3032593 0.3041506 0.2407995 0.2038567 0.2186400 0.0862196 0.2461848 0.1187753 0.1466706 -0.3336054 -0.0594121 0.0622471 -0.0220493 0.0652609 0.0446466 -0.0038752 0.0326428 -0.4894053 0.1497574 0.3470272 0.0933633 -0.1501909 0.1205620 -0.0048554 0.3297680 0.4462367
0.0666687 0.4944665 0.6806509 0.7013193 0.5454955 0.6115066 0.4658869 0.8649402 0.8335518 0.8644201 0.8876761 0.6560871 0.7221045 0.7925699 0.7144404 0.0000000 0.8835085 0.2333719 0.8953798 0.2109881 0.5032739 0.6811399 0.8657069 0.5040474 0.8135540 0.7369304 0.6378443 0.4315887 0.4723652 0.3912161 0.6528642 0.6891461 0.3887835 0.4677640 0.6412388 0.4571665 0.5481450 0.6963175 0.4703112 0.3993073 0.6413937 0.3721391 0.6461074 0.3882198 0.3484409 0.5211610 0.4304834 0.5649803 0.5113694 0.3357638 0.4914172 0.5402656 0.5068339 0.4919199 0.3572439 0.4553244 0.5538071 0.6261553 0.1178925 0.5861485 0.4683221 0.7636237 0.2219489 0.6954099 0.6195906 0.5633265 0.7542963 0.7887422 0.5099191 0.8376920 0.7353031 0.6591378 0.8337492 0.6315891 0.6768337 0.8281671 0.6773970 0.7665133 0.7863615 0.6429076 0.5180738 0.0423488 0.2649119 -0.0527138 -0.0000849 0.1427190 0.2421340 0.0497818 0.1127712 0.1233361 0.2569282 0.2448058 0.2226191 0.1764475 0.2190942 0.0473038 0.2644251 0.1754190 0.3230331 0.0722639 0.2085995 -0.0940419 -0.0185464 0.0562940 0.2617568 0.2431679 -0.0221662 -0.1377834 0.0984136 -0.1824556 0.3312982 0.2676931 -0.3554012 -0.3957265 -0.4612909 -0.4500670 -0.4552898 -0.2777164 -0.3462880 -0.3519440 -0.4099423 -0.3593237 0.2166756 -0.1657440 0.0325401 0.0078225 -0.2763546 0.5905525 0.3754165 -0.1246402 0.0032132 0.5598297 -0.3650547 0.0784166 0.2684409 0.2814624 -0.2294998 0.1889636 -0.0709566 0.2815990 0.1835782 0.2166791 0.4810643 0.2831779 0.0244249 0.1371876 0.0046667 -0.1087339 0.2507617 0.3639406 0.4892793 0.4655217 0.1259749 0.0769930 -0.1205171 0.4868493 0.6285331 0.0317016 0.5107671 0.6547665 -0.0106043 0.4915247 0.5010120 0.6937978 0.0348196 0.5633298 0.3837411 0.1722100 0.5401808 0.5729210 0.2090985 0.2190381 0.3242970 0.2796538 0.2741523 0.3211071 0.4391453 0.3768108 0.4630628 0.3564548 0.1025353 0.1535152 0.1886036 0.0009175 0.0989863 0.4860042 0.1504116 0.3111750 0.3095370 0.4488581 -0.2253188 0.5043729 0.2897357 0.1273281 0.1169416 0.0820135 0.1285334 0.2393741 0.6091785 -0.0295720 -0.0385848 -0.1838305 -0.1121679 -0.1884914 0.0686537 0.2653830 -0.0406559 0.0912594 -0.1782036 -0.2945778 0.1471626 0.0307745 0.2175149 0.2170256 0.1635662 -0.0260469 0.4444826 0.6019928
0.0099156 0.4745099 0.4948775 0.8035186 0.4031756 0.6718518 0.4096740 0.8091901 0.8302542 0.9081869 0.8940408 0.4940980 0.5403131 0.9339133 0.6919024 0.8835085 0.0000000 0.5626163 0.7089064 0.0980995 0.3877211 0.4929663 0.7764201 0.5133380 0.6749273 0.6563889 0.7816896 0.6056189 0.4405769 0.5667129 0.3696602 0.5890614 0.4232915 0.5071973 0.6218595 0.3782432 0.5169552 0.6013204 0.5459704 0.4686172 0.4967520 0.2921644 0.6925481 0.4064451 0.2708933 0.4255427 0.3644886 0.3840764 0.5052557 0.4331650 0.4411790 0.6222216 0.4725927 0.5380388 0.1862393 0.3449505 0.4380283 0.6624193 -0.0537700 0.5249421 0.3581333 0.6888911 -0.0058341 0.6687122 0.5622140 0.4027935 0.6290377 0.7814139 0.3328264 0.8065851 0.5800594 0.6075882 0.6613071 0.4633366 0.6112976 0.7650948 0.5634697 0.7466807 0.6895627 0.5280251 0.6093349 -0.0627816 0.0621605 -0.1587638 -0.1532674 0.1911143 0.3005532 -0.1468618 -0.0394795 -0.0227625 0.2379334 0.1795953 0.2051400 -0.0453390 0.0775924 -0.0672765 0.1272353 0.2147430 0.0808368 -0.1749175 -0.0644259 0.0036415 0.0439120 -0.2433204 0.1236981 0.0704690 -0.0218566 -0.2238455 0.1241959 -0.2290834 0.1152390 0.0692508 -0.4255824 -0.4486122 -0.5155515 -0.5415578 -0.5821310 -0.4601882 -0.5531791 -0.4155465 -0.5242357 -0.5264232 0.0661049 -0.3677442 0.1075201 -0.1289988 -0.3023976 0.5322684 0.1397820 -0.2106834 -0.1101221 0.3318862 -0.2839474 0.1049321 0.1930183 0.1242029 -0.2166238 0.1355889 -0.1265076 0.2116688 0.0428417 0.1334696 0.3447837 0.2708415 0.0381996 0.0352533 0.0146010 -0.1299127 0.1685585 0.1960185 0.4166340 0.4182760 0.1358851 -0.0758850 -0.1833299 0.2000883 0.4462297 0.0320449 0.3275514 0.4819542 -0.2369062 0.3704323 0.2717972 0.4886504 0.0093013 0.4145107 0.2124237 0.0645995 0.4139773 0.4681586 0.0457586 0.1386877 -0.0262992 0.0055253 0.1643053 0.0245284 0.2350309 0.2937785 0.3604294 0.2100075 -0.1462027 -0.0446004 0.0041922 -0.1692414 -0.1678333 0.3545106 0.0549260 0.1557409 0.2000127 0.4327003 -0.2408120 0.4954899 0.3154033 -0.0046574 -0.0396722 -0.0627951 -0.0145603 0.1957038 0.5543211 -0.1521080 -0.0438778 -0.0739418 0.0198123 -0.1467767 -0.1032193 0.2492825 -0.0527921 -0.0993993 -0.1166254 -0.2441149 0.2784970 0.1092088 0.1751869 0.1359464 0.1430530 -0.1521424 0.4761738 0.5626117
