0.0000000 0.6960764 0.7012039 0.3296630 0.4279623 0.3752510 0.5492616 0.2799381 0.0250265 0.1184833 -0.1203737 0.4218905 0.2829468 0.0038044 0.0207606 -0.2710173 -0.1272317 0.1911685 -0.0093019 0.3473167 0.5081247 0.1774378 -0.0848459 -0.3190025 -0.1775912 -0.2309927 -0.1295511 -0.1480261 0.1624204 -0.3143328 -0.0254515 0.0051542 -0.2247330 -0.2969502 -0.1666114 0.4795827 -0.1163344 0.0761506 -0.3834458 -0.3414397 0.4770137 0.3451539 -0.2192520 -0.3728724 -0.0924219 -0.1444902 -0.3684647 0.1459744 -0.4596012 -0.0739178 -0.3285263 -0.2512297 -0.2053803 -0.3679359 0.0743178 -0.0755577 -0.1908346 -0.2479895 0.5324043 -0.3348802 0.3543567 -0.3448794 -0.0229301 -0.1663642 0.0545552 0.2715807 -0.2986514 -0.2067447 -0.1964972 -0.2592432 0.0328065 -0.0614143 -0.1442741 0.0133177 -0.2110375 -0.2049855 0.0107236 -0.1881534 -0.0873817 0.1927782 -0.2099708 0.1699426 0.2471200 0.2477416 0.0867757 0.1456045 0.1706059 -0.3132738 0.0311719 0.2260629 0.3242257 0.2042595 0.0747810 -0.4545790 0.1443102 0.2077164 0.2827675 -0.0000134 0.1765966 -0.2495591 0.0694007 0.0838718 0.1365394 -0.0541307 0.3972472 0.1983880 0.1668383 0.2143525 0.5664426 0.0039128 0.2711236 0.2426455 0.0743779 -0.0700203 -0.0199549 -0.0438689 -0.0068153 0.3041726 -0.0146942 0.7409312 0.5992112 -0.1595287 0.5058309 0.1551945 0.6836067 0.2642465 -0.1272499 0.1935270 0.6538306 0.1594222 0.3795540 0.1459443 0.1870023 0.3441496 0.4507798 0.4908734 0.3503371 0.7142914 0.4008816 0.4605126 0.3409273 0.6060637 0.2618017 0.6274459 0.6035552 0.2295315 0.5341073 0.2710557 0.2282109 0.4017354 0.5929842 0.6021680 0.6108357 0.3544055 -0.2261734 0.2608799 0.3277925 0.4929711 0.4682808 0.5678663 -0.0805655 0.5819507 0.1737281 0.4704321 0.2609550 0.3367992 0.3592411 0.4564842 0.4791614 0.5479040 0.4498388 0.4673666 0.7383916 0.3636097 0.4807053 0.4416176 0.4564500 0.3911728 0.5327760 0.6469011 0.1934364 0.3480127 0.5670228 0.3662556 0.5244757 0.2253665 0.4660122 0.3315376 0.0847907 0.1740130 0.4787554 0.2930231 0.0780471 0.1825566 0.4084072 -0.0741961 0.1002209 0.0806489 0.1836890 0.1382093 0.5441383 0.3734631 0.3408057 0.4458969 0.6450976 -0.0596701 0.3168416 -0.1608995 -0.0458100 0.0179831 0.4439085 0.3165993 0.4701992 0.2151417 0.1233239 0.0056721 -0.0286128 0.5052373
0.6960764 0.0000000 0.9036764 0.5672643 0.5297770 0.6857657 0.8179380 0.5740769 0.0958635 0.2705526 0.0585618 0.7529139 0.5715875 0.0860396 0.1407125 -0.2220247 0.1482685 0.2405329 0.0203212 0.6046745 0.7564117 0.3537756 0.1493545 -0.2719900 0.0309984 -0.0251796 0.1918884 -0.1362895 0.3392886 -0.1050898 0.3904664 0.2259140 -0.2881652 -0.2422585 0.0821249 0.6836863 0.1960048 0.2056599 -0.0696307 -0.1292407 0.5423177 0.6498568 0.0634434 -0.1985392 0.2163629 -0.0403153 -0.1580368 0.3585030 -0.2303724 0.0120134 -0.1145368 0.0271173 0.0823936 -0.0481247 0.2929973 0.0077231 -0.0134559 0.0987414 0.7132592 -0.1315286 0.6969305 -0.1468260 0.0004602 0.1603590 0.4174116 0.3899903 -0.1024801 0.0573176 -0.1293035 0.0563715 0.1363567 0.3288604 0.0474997 0.4177041 -0.0072376 0.1052366 0.4683298 -0.0739121 0.1233585 0.5220072 0.0124754 0.0362562 0.1066255 0.1456540 -0.0433699 0.1900685 0.1315448 -0.1930659 0.0219397 0.1395610 0.0881003 0.0364190 -0.1450530 -0.2941316 -0.1698334 0.0243379 0.1502032 -0.1705634 -0.0402034 -0.3164159 0.0477787 0.0176809 -0.0164072 -0.0497877 0.2038316 -0.0600597 -0.0477132 -0.0332023 0.3811152 -0.2622583 -0.0021766 -0.0160516 -0.2033578 -0.3329820 -0.2068671 -0.3176879 -0.2925073 0.0498895 -0.2858691 0.5153165 0.3374617 -0.3499938 0.1794815 -0.0746003 0.4493001 0.2673391 -0.0910013 -0.0999621 0.6056660 0.0400245 0.2740246 -0.1983471 0.2107119 0.1972071 0.2573594 0.1224541 0.2172123 0.6491282 0.4035521 0.5892354 -0.0930358 0.5594954 0.2038426 0.4173297 0.3660226 -0.1408170 0.4375053 0.3260829 0.2837125 0.3059635 0.5895004 0.3348293 0.4439257 -0.0669375 -0.2696906 -0.0559500 0.1851569 0.1859101 0.4759555 0.4723083 -0.1656217 0.4061115 -0.1950296 0.3443275 0.0646433 -0.0571128 -0.0492039 0.4585725 0.3581146 0.3043186 0.0496375 0.3397678 0.5784671 0.5412826 0.7505915 0.7560213 0.7776054 0.5318277 0.8131508 0.8076364 0.2095590 0.2270018 0.6721613 0.3372687 0.6370155 0.3980882 0.6539317 0.5148177 0.4444870 0.4471699 0.4162899 0.6187744 0.2991197 0.3060882 0.4701344 0.1085654 0.3110485 0.2596690 0.4894818 0.3282142 0.5919187 0.0729697 0.0586571 0.4856134 0.5555189 0.1175241 0.6967447 0.0957712 -0.0960767 0.2145904 0.1884065 0.5112128 0.6372445 0.6463711 0.5038202 0.2579146 0.0476726 0.4213865
0.7012039 0.9036764 0.0000000 0.3759285 0.7447424 0.4971278 0.7278612 0.4840044 -0.0176729 0.0950038 -0.1009439 0.6390283 0.5716675 -0.1108302 0.0288408 -0.3600342 0.0052666 0.2400534 -0.0321959 0.6594085 0.6606711 0.3731209 -0.0091133 -0.4619577 0.0508083 -0.1250002 0.1685031 -0.2866316 0.2026280 -0.2897351 0.4808631 0.2378361 -0.4391376 -0.4240170 0.0354507 0.5741711 0.1331320 0.2381662 -0.1449508 -0.2548855 0.5535662 0.5074150 0.0340282 -0.3197523 0.0867318 -0.0304621 -0.1679129 0.3879440 -0.3533096 0.0892602 -0.1668135 -0.0190274 -0.0667864 -0.1984162 0.3217167 0.0431952 -0.0218788 -0.0184954 0.7242867 -0.1606508 0.8221861 -0.1678730 0.0061682 0.0703885 0.4687503 0.4247577 -0.1538020 -0.0523522 -0.0490135 -0.0288707 0.0992777 0.2402049 -0.0362965 0.5897989 0.0428258 -0.0117042 0.4424312 -0.0825099 0.1269288 0.5230383 0.1456256 -0.0527368 -0.0467530 -0.0670555 -0.1572785 0.0185262 -0.0040568 -0.2573180 -0.1322571 0.1020340 -0.0164932 -0.1031799 -0.2898807 -0.3650897 -0.2442651 -0.0967316 0.0152898 -0.3315114 -0.1374264 -0.2366295 0.1469828 -0.1597508 -0.2096627 -0.0482962 0.1835796 -0.1037470 -0.2486997 -0.2414926 0.2649751 -0.4443933 0.0501657 -0.1666179 -0.3919382 -0.4880124 -0.4105824 -0.4754667 -0.4084071 -0.1429560 -0.4362117 0.3833009 0.2409286 -0.5134955 0.2712853 -0.2787702 0.2960271 0.0789444 -0.1722030 -0.1718238 0.5060557 -0.1926238 0.1106773 -0.2365754 0.0998770 -0.0380884 0.3409636 0.0439980 0.0367572 0.5911139 0.2756547 0.6997770 -0.1983956 0.6414295 0.3488287 0.4380549 0.2489724 -0.2948150 0.2457801 0.1202497 0.2690833 0.3829685 0.6275000 0.3847234 0.2876166 -0.2192909 -0.4161947 -0.1081518 0.2988772 -0.0225206 0.4847314 0.5429092 -0.3688747 0.4507790 -0.2096767 0.4531648 -0.1663790 -0.1514550 -0.1019964 0.3460706 0.3185730 0.3029571 -0.1613654 0.1886492 0.5349677 0.6039408 0.7964829 0.7616044 0.7598258 0.6240944 0.8143916 0.8490453 0.4547322 0.2850618 0.6265041 0.3363031 0.7225574 0.6349439 0.7587364 0.6751614 0.6046821 0.6039796 0.2828194 0.6434067 0.3776773 0.3813766 0.4941869 0.1564932 0.4603304 0.3141085 0.5638484 0.2181834 0.5696653 0.1067871 0.0062476 0.5177165 0.5435969 0.2220142 0.6710768 -0.0857800 -0.0369985 0.3890377 0.0892565 0.5849973 0.7576655 0.5752367 0.4752013 0.0717559 -0.0413690 0.3516997
0.3296630 0.5672643 0.3759285 0.0000000 -0.2429659 0.9224026 0.5504600 0.8052034 0.2986722 0.8487871 0.6985774 0.6816189 0.4187419 0.4986228 0.4011506 0.4214611 0.5959441 0.2840120 0.3906261 0.3657581 0.7218333 0.2889439 0.5138583 0.2893468 0.2768400 0.3766415 0.1999194 0.3536722 0.8563932 0.3982658 0.1852949 0.3000995 0.1929302 0.2546695 0.2127819 0.6984515 0.4058047 0.2445008 0.1817415 0.2908561 0.2886805 0.8985789 0.2945573 0.2246968 0.6904247 0.2497228 0.0095180 0.0839652 0.3167690 0.0326749 0.1326994 0.2670886 0.5860081 0.2914478 0.2149693 0.1940304 0.1629393 0.5704029 0.2224426 0.0969478 0.2758099 0.1508662 0.2045649 0.6543742 0.4618937 0.2471664 0.1530266 0.5281681 0.1079916 0.5262100 0.1733997 0.5818505 0.3810347 -0.0667000 0.2040728 0.5241759 0.5049434 0.1454041 0.2988363 0.3514636 -0.0970555 0.3352050 0.4813787 0.4734718 0.2983009 0.5017977 0.5780380 -0.0502925 0.3464948 0.3301882 0.1280829 0.4361313 0.3485225 -0.2556894 0.0077645 0.4156984 0.4006397 0.4135703 0.0171568 -0.3328714 0.0198922 0.4629941 0.3671168 -0.4277208 0.3521717 0.4146215 0.3781726 0.3134097 0.4457374 0.2710047 -0.2447634 0.2880484 0.1765143 0.1047200 0.1578879 0.0822323 0.0463864 0.2707932 0.0643787 0.3356087 0.3372492 0.0538162 0.0735980 0.1912435 0.4907170 0.3255202 -0.0121041 0.1257101 0.3972979 0.2323381 0.2929845 -0.0139236 -0.0401638 0.4005778 -0.1418737 0.0867073 0.1670220 0.5251756 0.2032479 0.2750675 -0.1621192 0.3180403 -0.1403165 0.2252713 0.3044726 -0.0173070 0.3603064 0.0507799 -0.0548431 0.1484957 0.5330299 0.1737651 0.4916433 0.0546428 -0.2619362 0.0347982 0.0498185 0.1753509 0.1650395 0.2493128 -0.0819340 0.3760248 -0.0006236 0.0085659 0.2194915 0.1579789 0.0215540 0.2026223 0.2311100 0.3354639 0.1587675 0.2154847 0.3714950 -0.1643656 0.1194713 0.3083313 0.3545746 -0.1399083 0.5309686 0.3098378 -0.4692281 -0.0887749 0.2775359 -0.0186832 -0.0257662 -0.2749329 -0.0564227 -0.2389448 -0.1735129 -0.0294210 0.0865612 0.1994876 -0.0884807 -0.1044241 0.1178969 -0.0660947 -0.1866346 0.0488126 0.0600323 0.2686227 0.4426098 -0.1020371 0.0822242 0.0215502 0.5859135 0.0055588 0.3625227 0.5225232 0.1205474 -0.2480953 0.2858810 0.0221200 0.3789038 0.1791767 0.2819512 0.3570509 0.3348726 0.5292768
0.4279623 0.5297770 0.7447424 -0.2429659 0.0000000 -0.0994252 0.3814335 0.0449862 -0.1683278 -0.4528425 -0.4819289 0.2279374 0.4470282 -0.3953632 -0.1522536 -0.5101963 -0.3318063 0.0071694 -0.1515581 0.5331204 0.2352552 0.3584106 -0.1630731 -0.4946912 0.0253819 -0.2087525 0.0368931 -0.4472304 -0.2829891 -0.3985600 0.4981428 0.1915469 -0.4571077 -0.4485379 0.0750540 0.1194761 0.0295511 0.2664697 -0.0617078 -0.2886520 0.4799583 -0.0759531 0.0195272 -0.2787190 -0.3082790 -0.0231475 0.0239667 0.5055245 -0.3570099 0.2911492 -0.0637795 0.0141530 -0.3174527 -0.1951314 0.3546280 0.1304118 0.0916124 -0.2693122 0.4140820 -0.0194664 0.6600299 -0.0947797 0.0782556 -0.2746173 0.1805036 0.4462821 -0.1041417 -0.3116161 0.1116478 -0.2756041 0.0763725 -0.0835516 -0.2245907 0.7085938 0.1093633 -0.2448562 0.2242888 -0.0931276 0.0779128 0.3054000 0.2895512 -0.3007122 -0.3954289 -0.4261503 -0.3291673 -0.4285151 -0.4909403 -0.2737067 -0.4845390 -0.2098486 -0.1763407 -0.4674464 -0.5105050 -0.2308358 -0.3175928 -0.4670655 -0.3509528 -0.6100128 -0.1918216 -0.0848630 0.1749503 -0.5256958 -0.5116448 0.1886456 -0.1861976 -0.4198024 -0.5250243 -0.4842263 -0.1456429 -0.5583151 0.1830675 -0.3694387 -0.5419671 -0.5384610 -0.4337989 -0.5241612 -0.4396021 -0.3555220 -0.5160596 0.0721000 -0.0855587 -0.4977917 0.2740066 -0.4487654 -0.1491025 -0.1810176 -0.2187181 -0.2626022 0.1442608 -0.3766827 -0.1979571 -0.2258950 -0.0005021 -0.2520412 0.3726656 -0.1059408 -0.1486023 0.1490074 0.0483874 0.4824605 -0.1720268 0.3661639 0.4835192 0.2413166 -0.0453947 -0.3005039 -0.0941834 0.0229347 0.3341099 0.2111612 0.3289710 0.2550788 -0.1191601 -0.2502974 -0.3398057 -0.1446292 0.2970595 -0.2449156 0.4289149 0.4332751 -0.3860161 0.1627445 -0.2156429 0.4862037 -0.4116574 -0.2893151 -0.0524444 0.2013696 0.1718459 0.0605672 -0.3569869 0.0113532 0.1053759 0.5985093 0.6915065 0.5570972 0.4911211 0.5846372 0.4809833 0.6254324 0.6938959 0.2152756 0.3213045 0.2470392 0.6061937 0.7769087 0.6477012 0.7384050 0.6861242 0.5782972 0.2091796 0.3850449 0.2646340 0.4453928 0.3445287 0.1553796 0.5109789 0.0998271 0.4800188 0.0608061 0.2322608 -0.0382573 -0.0937010 0.4294638 0.2132380 0.2267890 0.4252780 -0.4136327 -0.0125287 0.4144788 -0.1231829 0.4653002 0.5529329 0.4043157 0.2954033 -0.1388556 -0.1580666 -0.0486825
0.3752510 0.6857657 0.4971278 0.9224026 -0.0994252 0.0000000 0.7518521 0.8075008 0.4013259 0.8415854 0.6332156 0.8381265 0.5104261 0.4705612 0.4181761 0.2307061 0.5630581 0.2965148 0.3494337 0.4822725 0.8859345 0.3562118 0.4016197 0.0471972 0.2714099 0.2517199 0.3571362 0.1519711 0.7525911 0.3103138 0.1992601 0.3735489 -0.0499769 0.0481571 0.0959428 0.8447860 0.3331099 0.2685492 0.0365761 0.1429071 0.4176744 0.9473185 0.1611708 0.0097125 0.6009368 0.1541452 -0.1035698 0.1918881 0.1002394 -0.0387723 0.0188458 0.1463839 0.5198352 0.1048851 0.2786159 0.1461954 0.1365009 0.4221777 0.4469249 -0.0071589 0.4507355 0.0420162 0.1756904 0.6348608 0.5468363 0.3761443 0.1120723 0.4538508 0.0262243 0.5037049 0.2709360 0.6783353 0.4111440 0.1101594 0.1779080 0.5492512 0.6491756 0.2493374 0.3896553 0.6074365 0.0541111 0.2899474 0.3628729 0.3854932 0.1842025 0.3409792 0.3624299 0.0237216 0.1861983 0.2301055 0.0432326 0.2684084 0.1503979 -0.2777179 -0.1787436 0.2798024 0.3822342 0.1703282 -0.0971125 -0.2974336 0.0613347 0.2333863 0.1760074 -0.3690802 0.3028232 0.2271678 0.1763931 0.1113036 0.4481030 0.0374710 -0.2808134 0.0943286 -0.0033784 -0.1309811 -0.0627787 -0.1385834 -0.1780136 0.1399656 -0.1126863 0.3900058 0.3590998 -0.1434493 0.1327751 0.0808784 0.5126253 0.2394959 0.0393832 0.1341138 0.5373662 0.2743223 0.4095506 0.0738238 0.1731757 0.3634239 0.0744253 0.1183030 0.2310646 0.6283515 0.3800659 0.4112311 -0.1055687 0.3600031 -0.0197742 0.2371871 0.3645748 -0.1187199 0.4757735 0.2554595 0.1316414 0.0659805 0.5226172 0.1137852 0.5139946 0.0186930 -0.1865099 -0.1271926 0.0343053 0.2073766 0.2819354 0.3323803 -0.0854986 0.3260460 -0.1508687 0.0439634 0.2081241 0.0143994 -0.0365502 0.3583137 0.2826110 0.3052117 0.1368790 0.2847083 0.4800360 0.0840845 0.3460801 0.4717066 0.6191915 0.1022210 0.7320670 0.4714902 -0.3892089 0.0242856 0.4547447 0.1212070 0.2190021 -0.1435396 0.2251449 0.0345485 0.0752109 0.1521263 0.1493656 0.4338717 0.1333837 0.0438852 0.2684144 -0.0360393 -0.0622693 0.2391403 0.3153615 0.1975568 0.4586605 -0.0607838 -0.0558774 0.0855367 0.5411482 0.0892170 0.4221317 0.4324801 -0.0694880 -0.0534821 0.1430191 0.2638939 0.4389326 0.3689981 0.4752529 0.3002634 0.1593902 0.6097395
0.5492616 0.8179380 0.7278612 0.5504600 0.3814335 0.7518521 0.0000000 0.5573445 0.1246163 0.4030865 0.1283112 0.9612959 0.5201739 0.1182911 0.1332092 -0.3624937 0.2187440 0.2209933 -0.0817680 0.6899897 0.8944584 0.3007648 0.0406263 -0.3102230 -0.0500355 -0.1932213 0.3279715 -0.1534473 0.3425895 -0.0131411 0.2342606 0.2297376 -0.3450444 -0.2920740 -0.1732197 0.8284328 0.0957483 0.1619390 -0.2373290 -0.2087534 0.4936901 0.7096107 -0.1863344 -0.2605737 0.1707262 -0.1777678 -0.3379317 0.3604619 -0.2135890 -0.1206492 -0.2966157 -0.1843890 0.2067225 -0.1949748 0.2690385 -0.0137194 -0.0242122 -0.0229439 0.6524927 -0.2983674 0.6658859 -0.3017770 0.0082474 0.2480885 0.4594110 0.4304888 -0.2525050 0.0269266 -0.1357200 0.0657254 0.1205280 0.4174019 0.0275229 0.3507286 -0.0496295 0.1887833 0.5166618 0.0765737 0.2536621 0.6587804 0.1256381 0.1270465 0.0434197 0.0890122 0.0142410 -0.0370039 -0.0919977 -0.0450370 -0.2349558 0.0143586 -0.2088683 -0.1167343 -0.2823993 -0.1853292 -0.4545078 -0.1131599 0.0049562 -0.2465454 -0.3751133 -0.3729874 0.1466776 -0.1367975 -0.2464134 0.0906466 0.0205963 -0.1928770 -0.2128462 -0.2615517 0.2943679 -0.2495962 -0.3265323 -0.1139904 -0.4229399 -0.5190126 -0.3121970 -0.5163526 -0.4975759 -0.0779165 -0.4472659 0.4293168 0.2680107 -0.4598003 0.2418852 -0.2556071 0.4366618 0.1777457 0.0382688 -0.0055775 0.7083197 0.0825227 0.3286090 -0.0318900 0.3606944 0.1697726 0.4468052 0.0133064 0.1492552 0.6389060 0.4285629 0.5043296 0.0076168 0.3502084 0.2265591 0.1973191 0.2923477 -0.3025641 0.3686918 0.3091481 0.4673853 -0.0768850 0.4179147 0.0872119 0.3135803 0.0626192 -0.1865561 -0.3344547 0.0569201 0.1552370 0.4245213 0.3305344 -0.1369187 0.1076023 -0.4331937 0.1149898 0.0116553 -0.1981761 0.0318984 0.6140314 0.2441029 0.0993921 0.0908488 0.2931853 0.5923696 0.6110428 0.8138062 0.8580808 0.9008777 0.4955028 0.8700024 0.7558771 0.0250780 0.1596353 0.5912731 0.2756789 0.5318222 0.2440432 0.5661187 0.5035869 0.4110916 0.4084544 0.3187600 0.5777867 0.2603405 0.4431815 0.5915567 0.1877469 0.2319110 0.2609003 0.5640704 0.2378496 0.4373514 -0.0533330 -0.1381543 0.3497772 0.6093002 0.1212748 0.5665302 -0.0161323 -0.1497903 0.2247385 0.0183637 0.5259869 0.6219122 0.5938062 0.5131378 -0.0007309 -0.1023485 0.3591860
0.2799381 0.5740769 0.4840044 0.8052034 0.0449862 0.8075008 0.5573445 0.0000000 0.3452618 0.7342701 0.7177876 0.6767757 0.7981501 0.4077180 0.4739838 0.4490078 0.5077625 0.5403082 0.6141474 0.6577667 0.7205963 0.6961437 0.6023012 0.1171470 0.5706465 0.5856496 0.4636097 0.2753221 0.7187463 0.3292750 0.5755878 0.7250979 0.0625593 0.1225600 0.4342021 0.5625824 0.6856921 0.6001983 0.2111340 0.2531264 0.6677560 0.7421374 0.4224177 0.2424518 0.6683786 0.5046992 0.2761624 0.4815583 0.2649949 0.2649369 0.3816164 0.3543431 0.5579012 0.2638227 0.5742460 0.4564058 0.5144743 0.5501946 0.2374690 0.3734821 0.5116022 0.3604231 0.4142319 0.7756033 0.6511385 0.6136403 0.4451526 0.7189557 0.3646814 0.7474227 0.6076944 0.7850931 0.6801824 0.3298502 0.5021753 0.7944500 0.7167257 0.5871236 0.7416628 0.7075623 0.4490080 0.1189255 0.2548664 0.1844811 0.0119810 0.2355440 0.2759057 -0.3125890 0.1059789 0.2801533 -0.1986715 0.0055058 0.0150824 -0.5238367 -0.1842854 0.0441988 0.0668297 0.1004122 -0.1049700 -0.5545873 0.0439361 0.1927049 0.0543897 -0.5848797 0.0022236 0.1236059 0.0848648 -0.0083215 0.1012129 0.1055716 -0.3275254 -0.0300917 -0.0986087 -0.0875844 -0.1221249 -0.1593936 -0.2063420 -0.1447849 -0.2555898 0.0033894 -0.0477018 -0.1657607 0.0068212 -0.1979703 0.1126189 -0.0997082 -0.1797136 -0.0976653 0.1888918 -0.0774202 -0.0267026 -0.1415428 -0.1571175 0.0648039 -0.0357343 -0.2237512 -0.1368250 0.2803455 -0.0025871 0.3040148 -0.4409378 0.2159892 -0.0581696 0.0610916 0.0161882 -0.2702955 0.0423708 -0.1356240 0.0051257 -0.0540624 0.4668488 0.0432712 0.1604706 -0.1455065 -0.4422944 -0.2598009 0.0229415 -0.1408969 0.2313144 0.3562993 -0.2307326 0.2201953 -0.2453490 0.0396579 -0.0782193 -0.2040140 -0.1929726 0.0559839 0.1368415 0.1550344 -0.1829853 0.0315871 0.3034965 0.0515273 0.1374216 0.2676781 0.4481041 0.0114982 0.5668951 0.3353312 -0.3458455 -0.3791564 0.1759358 -0.2329408 0.0364779 -0.0251317 0.0877446 0.0359697 0.0784955 0.0499844 -0.1340150 0.3040248 0.0134378 0.0289048 0.0591782 -0.1011357 -0.1272786 0.2454453 0.4456866 0.0880113 0.4089766 -0.3167125 -0.2404310 -0.0795656 0.5185057 0.4666211 0.3212905 0.4661155 0.1114370 0.0632960 -0.1082922 0.1148107 0.6111360 0.2380196 0.4867893 0.3157736 0.3025187 0.4179510
0.0250265 0.0958635 -0.0176729 0.2986722 -0.1683278 0.4013259 0.1246163 0.3452618 0.0000000 0.4461354 0.4726053 0.1771193 0.2330549 0.4326575 0.8838383 0.5233453 0.3830439 0.3094569 0.6146494 -0.0486724 0.3624450 0.2650351 0.5018074 0.2198867 0.5325871 0.4655137 0.3655095 0.2446776 0.5334097 0.5667498 -0.0873921 0.4184522 0.0665922 0.1925693 0.2323453 0.1737305 0.2192761 0.3272885 0.3347863 0.6031308 0.2689812 0.4269293 0.3755469 0.3467556 0.6212143 0.4145896 0.2566608 0.0853822 0.2013843 0.2463631 0.2966355 0.4475414 0.3723726 0.2652144 0.2277569 0.3326915 0.2945670 0.4483379 0.1312657 0.3062752 0.2383324 0.3855318 0.5003814 0.4503258 0.3864864 0.3890699 0.4817921 0.5235230 0.2794584 0.5193106 0.4546761 0.4655719 0.5644575 0.1475524 0.3120372 0.5578944 0.5200419 0.4083676 0.4619926 0.3931783 0.1985408 -0.1947914 -0.0540269 -0.0363136 -0.3189983 -0.1392482 0.0297288 -0.0866402 -0.1847518 -0.3559579 0.1566272 -0.1508611 0.0205917 -0.5390133 -0.2400962 -0.0786801 0.0656463 -0.1040996 0.0604340 -0.2163525 -0.6046761 -0.0985631 0.0160758 -0.6832876 0.0048023 -0.0317515 0.0251662 0.0865724 0.0222857 -0.1012457 -0.1810259 -0.2171644 0.2067477 0.1124748 -0.0572498 0.1243842 0.1011334 0.1344006 0.1005140 0.0526058 0.1664069 0.0128711 -0.2826200 0.1465976 0.0871267 -0.0808713 -0.2727713 -0.2058490 -0.0402034 0.2020296 0.1939609 0.0204042 -0.1259688 0.3390791 -0.1679506 0.0632277 0.1668635 0.1226239 0.1240587 0.1855572 -0.1819729 0.2443895 -0.0708113 0.3243342 0.2959685 -0.0536476 0.2881007 0.2235985 -0.1116542 0.1240918 0.3865817 0.1290228 0.2430321 -0.2015719 -0.1349487 -0.1277454 0.0943636 0.1484216 0.1186339 0.4749888 -0.1767157 0.2538668 -0.0839963 0.2052630 0.0050777 -0.1094123 -0.2508589 -0.1344331 0.2249575 0.2685563 -0.0451807 0.0708895 0.0992046 -0.1754374 -0.1645287 -0.1779851 0.1661253 0.0113603 0.1334276 -0.0810269 -0.3622766 -0.2565438 -0.0198198 -0.1210210 -0.0920185 -0.0031881 0.0303816 -0.0498789 0.0217718 0.1127062 -0.0862440 0.0651074 0.1100886 -0.4405991 -0.3315235 -0.4597062 -0.1206145 0.0828782 0.0299673 -0.1851923 -0.1887354 0.0450241 -0.3477929 -0.4128934 -0.1920188 -0.0135248 -0.1715761 0.2790914 -0.3532873 -0.1793605 -0.2587285 -0.0611798 -0.1117897 0.1623810 0.5837533 0.0425226 0.0907239 0.5336272
0.1184833 0.2705526 0.0950038 0.8487871 -0.4528425 0.8415854 0.4030865 0.7342701 0.4461354 0.0000000 0.8992787 0.5699377 0.3923101 0.7092938 0.5117022 0.4809930 0.7623508 0.4019546 0.5096526 0.3340460 0.6407973 0.3194965 0.5718428 0.2797879 0.3961265 0.4241633 0.4595221 0.3515380 0.7690565 0.5087917 0.0266365 0.4280796 0.1543678 0.2335218 0.2732043 0.5935382 0.4596018 0.3049402 0.1936220 0.3506331 0.3062244 0.7777583 0.3098091 0.2151047 0.6988339 0.3720618 0.0789267 0.0937869 0.3304625 0.0508272 0.2198708 0.2779698 0.6516614 0.2905820 0.2507472 0.3279528 0.3202683 0.5741437 0.1617391 0.2086098 0.1368966 0.2817453 0.3055615 0.7985249 0.4961040 0.3247137 0.3284979 0.6143479 0.2440092 0.6932274 0.4115773 0.6819917 0.5743398 -0.1331225 0.3408820 0.6983984 0.5223773 0.4619102 0.4797900 0.4696101 0.1286960 0.2222531 0.3536284 0.3358811 0.1374374 0.3155848 0.3900135 0.1103475 0.2474542 0.2419795 -0.0496309 0.3119371 0.2840606 -0.2779092 -0.0738158 0.3586032 0.4200200 0.3338224 0.0116626 -0.2070763 0.0448383 0.2908778 0.2317456 -0.5396025 0.2966408 0.3758308 0.2426451 0.1617145 0.3497887 0.2381859 -0.3309186 0.0844441 0.1588714 0.0797000 0.0014228 0.0489353 -0.0315821 0.1157116 0.0259130 0.1303895 0.2772727 0.0504079 0.0764773 0.1969161 0.4050166 0.0593670 0.2022114 0.2469227 0.2776256 0.3585470 0.3888596 0.2999340 0.1165099 0.3570958 -0.0129835 0.1034879 0.2004888 0.3651737 0.2343611 0.0865822 -0.1191654 0.0368034 -0.2473946 0.0184192 0.3027355 -0.0636954 0.3219815 0.1024031 -0.1101080 -0.1243534 0.3063502 -0.0943429 0.4295937 -0.0018077 -0.0543634 -0.2094782 -0.1208214 0.1886524 0.0035773 0.1404881 0.0331320 0.1911468 -0.1097408 -0.1632493 0.2691457 0.0105644 -0.1074172 0.0301913 0.1130496 0.1900822 0.1220470 0.0613186 0.3073312 -0.2594998 -0.1234080 0.0062150 0.2382294 -0.2368719 0.3725982 0.0598038 -0.6284432 -0.1481057 0.1826814 -0.0476001 -0.1057311 -0.4445959 -0.1277708 -0.3162139 -0.2535773 -0.2011319 -0.2149421 0.1531629 -0.0792758 -0.2598491 -0.0823594 -0.2914088 -0.3683000 0.1552363 0.1200355 -0.0787134 0.2595606 -0.0531811 -0.1978308 -0.2813431 0.3399029 0.1763824 0.0668227 0.5940094 -0.0482520 -0.1465970 -0.0073088 -0.0649866 0.2107664 -0.0209849 0.3152995 0.3625509 0.1735745 0.5691165
-0.1203737 0.0585618 -0.1009439 0.6985774 -0.4819289 0.6332156 0.1283112 0.7177876 0.4726053 0.8992787 0.0000000 0.3308220 0.4667656 0.7325921 0.5596234 0.6873619 0.8203215 0.4276523 0.6794628 0.3077751 0.4214639 0.4493886 0.7770253 0.4352238 0.6053517 0.6788506 0.4787193 0.4050765 0.6926978 0.5979269 0.2171382 0.5902874 0.2705610 0.3781850 0.5637252 0.3089304 0.6809350 0.4674066 0.4188325 0.5208893 0.3593590 0.5493095 0.5428050 0.4252379 0.7284748 0.6068812 0.4006257 0.2391835 0.5285744 0.2536271 0.5193332 0.4888063 0.6891117 0.4963876 0.3929580 0.5270277 0.5769582 0.7031365 -0.1186589 0.5217477 -0.0048986 0.5576890 0.4625433 0.8730423 0.4330262 0.3768871 0.6109255 0.7676544 0.4825424 0.8589283 0.5758754 0.6766992 0.7357897 -0.1148879 0.5465256 0.8371328 0.5132703 0.6495843 0.6228764 0.4012575 0.2951158 0.0327476 0.2162358 0.1592534 0.0005438 0.2101111 0.3505486 0.0441155 0.1915857 0.1134746 -0.1298679 0.1941606 0.2941676 -0.3012320 -0.0676517 0.2529981 0.2593875 0.3184789 0.0119532 -0.2588363 -0.0824821 0.2586743 0.1767469 -0.6709298 0.1024697 0.3096724 0.2207898 0.1336591 0.1163084 0.3412123 -0.3664848 -0.0005646 0.2091694 0.2375727 0.0844373 0.1780687 0.0823641 0.0132071 0.0798729 -0.1570500 0.0455414 0.1945298 -0.0703798 0.1604878 0.1107930 -0.1172594 0.1799297 0.0941069 -0.0409982 0.2772908 0.1799704 0.2312128 -0.0519722 0.2438173 -0.1470099 -0.0858367 0.0571130 0.0570134 0.0517439 -0.0657661 -0.3016374 -0.1454147 -0.2779795 -0.1229314 0.0985190 -0.0937791 0.0608622 -0.0799888 -0.1901523 -0.2162882 0.1952984 -0.1773114 0.1768275 -0.1297534 -0.1117044 -0.2433913 -0.1071458 -0.0350352 -0.0323401 0.0722928 -0.0172297 0.0795634 -0.0970556 -0.1842760 0.0970876 -0.0540023 -0.1699638 -0.1907080 0.0831396 0.1009967 -0.0728634 -0.0318201 -0.0006676 -0.4326392 -0.3837031 -0.2710944 -0.0057177 -0.4300957 0.1007515 -0.2395469 -0.7417182 -0.4579843 -0.1219007 -0.3126941 -0.3622571 -0.5077459 -0.3542522 -0.4554990 -0.3758680 -0.3871798 -0.4209109 -0.0728092 -0.2312173 -0.3947925 -0.3492861 -0.4195851 -0.5012068 0.0573436 0.0286360 -0.1766148 0.1368555 -0.2397928 -0.3551470 -0.5226638 0.1475697 0.2874425 -0.0906200 0.6020790 0.0643346 -0.2168154 -0.2002872 -0.2605327 0.1649393 -0.1929821 0.2772378 0.3884799 0.2679286 0.3136578
0.4218905 0.7529139 0.6390283 0.6816189 0.2279374 0.8381265 0.9612959 0.6767757 0.1771193 0.5699377 0.3308220 0.0000000 0.5784057 0.3118624 0.2523139 -0.1788555 0.4152111 0.3191609 0.0510949 0.7164023 0.9166336 0.3838672 0.2009068 -0.1065064 0.1105902 -0.0153903 0.4421925 0.0514005 0.5114986 0.1956098 0.2914660 0.3487477 -0.1659845 -0.1028498 -0.0500116 0.8154074 0.2543985 0.2511965 -0.1066889 -0.0699090 0.4813930 0.7885396 -0.0355473 -0.0953001 0.3740383 -0.0358753 -0.2043540 0.3836117 -0.0105250 -0.0377303 -0.1459893 -0.0620949 0.4236444 -0.0584887 0.3323362 0.1021816 0.1056304 0.1612318 0.5489039 -0.1470329 0.6281730 -0.1380865 0.0943299 0.4678915 0.5907932 0.4494833 -0.0947225 0.2086325 -0.0102657 0.2656569 0.1983665 0.5492453 0.1905183 0.3197177 0.0735758 0.3751833 0.5887739 0.1949316 0.3759735 0.6879400 0.1764799 0.0902079 0.0341716 0.0673145 -0.0075086 -0.0174196 -0.0056404 0.0381186 -0.2121596 0.0100700 -0.2737240 -0.0688470 -0.2601353 -0.1640860 -0.5006968 -0.0913861 -0.0001662 -0.1773155 -0.4065468 -0.3690087 0.1204143 -0.0890998 -0.2539311 -0.0375665 0.0136583 -0.1530774 -0.2029185 -0.2767780 0.2443929 -0.1671586 -0.4377091 -0.1493231 -0.4225612 -0.4812699 -0.3027013 -0.4975294 -0.4921384 -0.1407030 -0.4434287 0.2815137 0.1850941 -0.4223034 0.1448782 -0.2572075 0.3655590 0.0849301 0.0826782 -0.0195522 0.5738695 0.0988898 0.3091750 -0.0481308 0.2848710 0.1452715 0.3301143 -0.0934504 0.0970866 0.5326760 0.3735827 0.3919349 -0.1485091 0.2294514 0.0624754 0.0734995 0.2171163 -0.3672900 0.2896551 0.2115956 0.3187636 -0.1802437 0.3755478 -0.0367859 0.2643315 -0.0350145 -0.2121266 -0.3967233 -0.0562199 0.0715898 0.2851627 0.2342312 -0.1562670 0.0311716 -0.4677609 -0.0322661 -0.0195623 -0.2580559 -0.0683570 0.4935791 0.1380037 0.0216414 -0.0012490 0.1938244 0.4881773 0.4603583 0.6785147 0.7649585 0.8104236 0.3281098 0.8052174 0.6144147 -0.1322748 0.0403003 0.4730102 0.1264153 0.3782880 0.1366542 0.4217401 0.3566262 0.2944247 0.2875182 0.1314864 0.5007966 0.1767404 0.3133954 0.4352686 0.0902191 0.1062792 0.2191210 0.5108124 0.1485509 0.4228500 -0.1206158 -0.2155256 0.1919376 0.6165543 0.1913536 0.4970805 0.1311824 -0.0288363 0.1502415 -0.0532904 0.3929179 0.6116969 0.4839500 0.5021988 0.0211931 -0.0238299 0.3516158
0.2829468 0.5715875 0.5716675 0.4187419 0.4470282 0.5104261 0.5201739 0.7981501 0.2330549 0.3923101 0.4667656 0.5784057 0.0000000 0.3018081 0.3761319 0.2116499 0.3250217 0.4682304 0.5953733 0.8003206 0.6169221 0.9278398 0.5355697 0.0070436 0.6919751 0.5493679 0.4985702 0.1035164 0.3728690 0.2345502 0.7363083 0.8218577 0.0088121 0.0966957 0.5771015 0.3490161 0.7586018 0.8326901 0.2709327 0.1369964 0.8691653 0.3855768 0.5079720 0.1921301 0.4141417 0.5973619 0.4692603 0.8110377 0.2284090 0.5552615 0.5101003 0.4377878 0.4763983 0.2113702 0.8263375 0.6548708 0.7127838 0.3945236 0.1835930 0.5344649 0.6184772 0.4597586 0.5565413 0.6173857 0.6296411 0.8490490 0.5408337 0.5033459 0.5807449 0.6203243 0.7434179 0.6837443 0.5936712 0.6205943 0.6945296 0.6535021 0.7293089 0.6741283 0.7844925 0.7708105 0.7123352 -0.2168664 -0.1669955 -0.2175983 -0.3327660 -0.1618683 -0.1962879 -0.2949113 -0.2768774 0.0079908 -0.3851998 -0.3435197 -0.3584075 -0.5037116 -0.3916462 -0.3528273 -0.2285779 -0.3557936 -0.2118253 -0.4055459 0.1060403 -0.2900693 -0.3325781 -0.4623292 -0.2628685 -0.2701631 -0.3265263 -0.3762297 -0.1736542 -0.1912345 -0.1826971 -0.3935146 -0.3937758 -0.3570766 -0.3880253 -0.4144425 -0.4578745 -0.4680169 -0.5430404 -0.1392778 -0.2459473 -0.3775918 0.0943201 -0.4578332 -0.1302335 -0.3572504 -0.1103976 -0.1682667 0.0991367 -0.2116361 -0.1666563 -0.0985949 -0.1184757 -0.1537456 0.1394872 -0.3375571 -0.2593889 0.1175668 -0.0401911 0.3128610 -0.5025050 0.0851242 0.0851394 -0.0784185 -0.1557739 -0.3985232 -0.1232962 -0.1344438 0.1078764 -0.2188593 0.3168200 -0.1030445 -0.0322500 -0.3066297 -0.4032216 -0.4205719 -0.0111841 -0.3135077 0.2666759 0.3846923 -0.2997185 0.0257562 -0.3864969 0.1119033 -0.2703328 -0.4483430 -0.2803820 0.0314412 0.0497194 -0.0262357 -0.4086848 -0.0919606 0.1009761 0.2487268 0.2928403 0.3083544 0.4968984 0.2207221 0.5196449 0.3338550 -0.0428438 -0.3729721 0.0407397 -0.2930301 0.1485718 0.2644176 0.2568828 0.2893539 0.3282759 0.1674400 -0.1237649 0.4050278 0.1675657 0.2354438 0.1024603 -0.0955701 0.0900901 0.3129806 0.6546635 -0.0483224 0.3379634 -0.4048029 -0.4225760 0.0282830 0.3661976 0.6569096 0.3802415 0.2053684 0.1263139 0.2910240 -0.3680062 0.3180151 0.6337304 0.2393709 0.5565355 0.1328942 0.0566215 0.1456880
0.0038044 0.0860396 -0.1108302 0.4986228 -0.3953632 0.4705612 0.1182911 0.4077180 0.4326575 0.7092938 0.7325921 0.3118624 0.3018081 0.0000000 0.5807216 0.4958719 0.8239304 0.4206217 0.4940391 0.2496528 0.3584185 0.3641273 0.6388322 0.5964698 0.4862677 0.4809579 0.5583763 0.6089693 0.5764697 0.7238409 0.0159152 0.4406363 0.4672824 0.5467522 0.4366560 0.1803046 0.4559109 0.3157452 0.3387608 0.4375752 0.2353822 0.3793033 0.4424571 0.3720291 0.6499851 0.3977825 0.3007618 0.1755770 0.4436080 0.2283441 0.4161645 0.3516495 0.6928193 0.3831476 0.2313938 0.3797623 0.4129531 0.4699650 0.0182222 0.4429342 -0.0828359 0.4525068 0.3101228 0.6833552 0.4535353 0.2638341 0.5383590 0.4781534 0.3205317 0.5653986 0.4465911 0.4080421 0.5820432 -0.1965635 0.2917483 0.5957532 0.2512512 0.4224234 0.4056177 0.2733204 0.0584606 -0.2865170 -0.0957554 -0.0713325 -0.2383408 -0.0557418 0.2013105 0.4173050 -0.0052680 -0.1948959 -0.0097183 0.2002322 0.0870082 -0.0636753 -0.1172776 0.1561063 0.2193333 0.1058405 0.1560933 0.0966319 -0.1863117 0.0118529 -0.0408235 -0.5035689 0.1780289 0.1446258 0.0577828 0.0413690 0.1841228 0.2310223 -0.1822943 -0.1660482 0.1749248 0.1805815 0.0329309 0.1516274 0.0913554 0.0086530 0.1475817 -0.1006081 0.1825000 0.1601879 -0.1271380 0.3240980 0.1774215 -0.2367321 0.3158938 0.1067479 -0.1578548 0.4864023 0.4393806 0.3302959 0.1033520 0.2951643 -0.0095915 0.0673934 0.3196865 -0.0790816 0.2898051 -0.3219168 -0.1935124 -0.2901020 -0.5354253 -0.1325017 0.2756371 -0.0160666 0.2059007 0.1576235 -0.3591150 -0.2861586 0.0219738 -0.2568602 0.2479611 -0.1827603 0.0637033 -0.2060402 -0.3684808 0.1620653 -0.2571592 -0.1184161 0.0271179 -0.0709480 -0.1033536 -0.3360820 0.1587399 -0.0803201 -0.2357135 -0.1893899 -0.0775817 -0.0627183 -0.0069697 -0.0606360 -0.0174168 -0.3639699 -0.3056709 -0.2728375 -0.1276521 -0.4230851 -0.0453069 -0.3154910 -0.5901062 -0.1091606 0.0199246 -0.0994278 -0.1463844 -0.3809837 -0.1900241 -0.3397105 -0.4156065 -0.4648396 -0.4725015 -0.1245680 -0.2544654 -0.6218260 -0.5733166 -0.7446243 -0.5610326 -0.1278968 -0.1353934 -0.4790669 0.1456953 0.1900358 -0.2443566 -0.5186540 0.0904046 0.1651910 -0.2867934 0.5425151 0.1432346 -0.3035906 -0.1657446 -0.3881113 -0.0293296 -0.3004998 0.1398430 0.2219158 0.0728831 0.3490038
0.0207606 0.1407125 0.0288408 0.4011506 -0.1522536 0.4181761 0.1332092 0.4739838 0.8838383 0.5117022 0.5596234 0.2523139 0.3761319 0.5807216 0.0000000 0.6030394 0.4897107 0.5539840 0.6752282 0.0675096 0.3307861 0.4225430 0.6552050 0.4772064 0.6542937 0.6656691 0.4405685 0.5687000 0.6732387 0.7533351 0.0038403 0.5336559 0.3451544 0.4006157 0.4691708 0.0767084 0.4915127 0.4730197 0.5091208 0.7104002 0.2805380 0.4354621 0.5933861 0.6026548 0.8205930 0.6341688 0.4823531 0.1758421 0.4558666 0.4848597 0.4970589 0.5969740 0.5618331 0.4922334 0.3391926 0.5405522 0.4815732 0.6901521 0.0448620 0.4993496 0.2797006 0.6212004 0.6033844 0.6520121 0.5731660 0.4370904 0.6271977 0.7138709 0.4766717 0.6785587 0.5368632 0.5220474 0.6558400 0.2032912 0.4832187 0.6749892 0.5343516 0.4474327 0.5308143 0.3601721 0.2562340 -0.3263818 -0.1211148 -0.1347084 -0.4180617 -0.1142133 0.0997565 -0.1436543 -0.1812094 -0.2514754 0.0411927 -0.1294773 -0.0616280 -0.5755170 -0.2752758 -0.1269203 -0.0301818 -0.0386963 0.0576844 -0.3288675 -0.5752271 -0.0163692 -0.0589582 -0.6897925 -0.0077362 -0.0433433 -0.0428347 0.0092259 -0.0831157 -0.0171271 -0.2409694 -0.2447182 0.0633615 0.0153387 -0.1166458 0.0053237 -0.0117937 -0.0108918 -0.0576512 -0.1247750 0.0022890 -0.0315319 -0.3799968 0.0551749 0.0032058 -0.1990630 -0.1600633 -0.2275285 -0.1794002 0.1481779 0.1116669 -0.1608442 -0.1652975 0.2999829 -0.3417328 -0.1035807 0.1027697 -0.0227644 0.0310441 -0.0334003 -0.4379520 0.0475156 -0.3793683 0.1219615 0.1954472 -0.1015456 0.1763959 0.1218717 -0.4225754 -0.0143083 0.3155118 -0.0527075 0.2210948 -0.3142858 -0.1029229 -0.2130933 -0.1563419 0.1222444 -0.1873325 0.3598239 -0.0767087 0.1136209 -0.1792181 0.0167440 0.0373799 -0.2833603 -0.4317278 -0.3623222 -0.0649304 0.0827433 -0.1513489 -0.1524485 0.0471632 -0.2176515 -0.2107594 -0.1865798 0.0864549 -0.0935606 0.0640515 -0.1142414 -0.3174393 -0.3889994 -0.1605387 -0.3377471 -0.2204802 0.0352746 -0.0733831 -0.1554789 -0.0520811 -0.0112845 -0.2778734 0.0110713 -0.0229517 -0.4830934 -0.4590774 -0.5061169 -0.2035347 -0.0010287 0.0359362 -0.2687735 -0.1360677 -0.0604438 -0.4008276 -0.4594038 -0.0425723 0.2023553 -0.1266746 0.4241246 -0.0960343 -0.1677118 -0.3136940 -0.2305437 0.0233740 0.1145895 0.5318569 0.1283962 0.2542096 0.4341560
-0.2710173 -0.2220247 -0.3600342 0.4214611 -0.5101963 0.2307061 -0.3624937 0.4490078 0.5233453 0.4809930 0.6873619 -0.1788555 0.2116499 0.4958719 0.6030394 0.0000000 0.3972715 0.1950291 0.8247251 -0.1706765 -0.0348037 0.3685472 0.6970822 0.7000251 0.6914933 0.8682838 0.0872108 0.6287493 0.6042437 0.6612038 0.1366676 0.4635894 0.6237349 0.6871783 0.5635122 -0.1523331 0.5367465 0.4527506 0.5745564 0.6895068 0.1024518 0.2027166 0.6674920 0.6821363 0.6833178 0.6956665 0.6271471 0.0425717 0.6610714 0.4292361 0.7206391 0.6681454 0.5760473 0.5900932 0.2789631 0.4991858 0.5376543 0.7024291 -0.4903354 0.7025661 -0.2363812 0.7093014 0.5462860 0.6015520 0.1962814 0.2129707 0.7537248 0.7617367 0.5156376 0.7227506 0.4567945 0.4130012 0.7081641 -0.1683146 0.5478762 0.6807638 0.2672190 0.4562951 0.4818774 0.0102552 0.1368760 0.0406868 0.2720369 0.2248210 0.0742601 0.2671955 0.4115026 -0.1151392 0.3097503 0.1016758 0.1988697 0.2382283 0.4231731 -0.2908643 0.2475222 0.2136026 0.1620458 0.4306921 0.3434111 -0.1281913 -0.2670908 0.3566584 0.4081781 -0.7541257 0.0162224 0.3373023 0.4251948 0.4186900 -0.1082821 0.4463714 0.0019672 0.1618584 0.4982914 0.5561525 0.3819631 0.5087796 0.4310802 0.1604735 0.3642707 -0.2621447 -0.1672957 0.4468964 -0.2951097 0.2585962 -0.1811656 -0.0981088 -0.2520968 -0.0214939 -0.4671105 0.0736109 -0.1887378 -0.0364022 -0.5383806 0.2005493 -0.6283366 -0.1248815 -0.1119634 -0.2888737 -0.3304105 -0.2612174 -0.3418186 -0.1206543 -0.3942925 -0.0592056 -0.1331363 0.1729591 -0.1056501 -0.2447944 -0.4927364 0.0075912 0.1039066 -0.0358307 0.0312313 -0.0781937 -0.1690254 0.1829959 -0.1036134 -0.1023404 -0.2156978 0.0547632 -0.0296212 0.1185038 0.2542298 -0.1228875 0.0670452 0.0998511 -0.1362307 -0.4447779 -0.0708542 0.1138815 -0.0907250 -0.1424270 -0.3372157 -0.7359841 -0.7160505 -0.5819652 -0.4569445 -0.6030461 -0.2930893 -0.4831874 -0.5852121 -0.4988681 -0.4404562 -0.5004775 -0.6209182 -0.4362174 -0.6108935 -0.6548928 -0.4715694 -0.4016658 -0.2881545 -0.3410741 -0.3026918 -0.5523333 -0.6012996 -0.3900876 -0.4442720 -0.1614507 -0.3051646 -0.0777419 -0.0969524 -0.2341579 -0.0052047 -0.4709784 -0.0783277 0.1060419 -0.2883333 0.6087161 0.2309483 -0.4555789 0.0122172 -0.4987300 -0.2210394 -0.3217568 0.0396439 0.3067319 0.4751519 0.2346397
-0.1272317 0.1482685 0.0052666 0.5959441 -0.3318063 0.5630581 0.2187440 0.5077625 0.3830439 0.7623508 0.8203215 0.4152111 0.3250217 0.8239304 0.4897107 0.3972715 0.0000000 0.4222643 0.3220480 0.3772356 0.4086637 0.2408878 0.7506435 0.4291725 0.4345713 0.4028273 0.6139712 0.3562599 0.5492718 0.6302092 0.1993653 0.4812880 0.1659889 0.2800781 0.4988764 0.2659769 0.5647518 0.2903375 0.4772202 0.5049444 0.2712484 0.5106507 0.5114946 0.3631602 0.6524549 0.4012897 0.3106478 0.2808111 0.4480352 0.1883227 0.3884916 0.4191135 0.5838611 0.4776370 0.3221545 0.4140232 0.4417647 0.5862211 0.1123536 0.4074967 0.0970519 0.4475335 0.3249655 0.7235663 0.4523527 0.2692006 0.4621319 0.5005106 0.3648047 0.6122901 0.3698085 0.4382501 0.5064687 -0.0814060 0.3272992 0.6049772 0.3420605 0.3927088 0.4016609 0.3168189 0.1158960 -0.2678446 -0.1310507 -0.1444389 -0.2385827 -0.0734709 0.2426679 0.3777495 -0.0711008 -0.2357652 -0.2121155 0.1211227 0.0941647 -0.0343993 -0.3377832 0.1224936 0.1639274 0.0943844 -0.1640421 -0.0712891 -0.2091827 0.0395809 -0.1311432 -0.4033354 0.0924768 0.0819549 -0.0591793 -0.1116080 0.0875369 0.1043770 -0.5187806 -0.2410215 -0.0051011 0.0621006 -0.0647913 0.0175613 -0.0231432 -0.0856144 0.0043251 -0.2090804 0.1029057 0.0957579 -0.1495406 0.1594100 0.0793346 -0.1586078 0.3504286 -0.1019314 -0.0952986 0.3208325 0.3190361 0.1789291 0.1061858 0.1646915 0.0413107 -0.1395148 0.1637593 -0.0010938 0.2245177 -0.0709616 -0.3689200 -0.1990727 -0.3131062 -0.1294612 0.1719112 -0.3061824 0.0500888 0.0351780 -0.1215801 -0.2126752 0.1358236 -0.2189084 0.0781522 -0.3528417 -0.0673061 -0.3905291 -0.1421347 -0.0723413 -0.0423937 -0.0695935 -0.0807988 -0.0205639 -0.2788944 -0.2323649 -0.0329389 -0.1484727 -0.2641714 -0.0695501 0.1226051 -0.0156076 -0.1659364 0.0408105 -0.0683523 -0.2330166 -0.1434085 -0.1038969 0.0641400 -0.3037141 0.0855050 -0.2006820 -0.5693082 -0.2528736 0.0585658 -0.1117847 -0.1623566 -0.3063659 -0.1487039 -0.2376038 -0.3148517 -0.3483499 -0.5451954 -0.0842045 -0.2278895 -0.4756043 -0.4322921 -0.5389627 -0.4149136 -0.0765821 -0.0411461 -0.3111933 0.1646027 -0.0152808 -0.4651214 -0.5510641 0.0806419 0.1594048 -0.0466661 0.4291035 0.0462433 -0.1618911 -0.2890490 -0.2717785 0.2104384 -0.1126573 0.3084765 0.2983635 0.2302285 0.2377317
