0.0000000 0.0828844 -0.0907112 0.0166860 -0.1348164 0.2916140 0.4131178 0.3634842 0.4686315 0.4531455 0.4839405 0.1549066 0.0233403 0.2559074 0.5144687 0.5678033 0.6761621 0.2713304 0.4099052 -0.5481387 -0.0394663 -0.1324867 0.2647474 0.3143415 -0.0289027 0.0172045 0.1947508 0.2888120 0.0952912 0.2899828 -0.3561621 -0.0634167 0.3256872 0.2522760 -0.1168393 -0.0895826 -0.3494828 -0.1077696 0.1963509 0.2040391 0.0227201 -0.0361054 0.0752665 0.4697116 0.0867749 -0.0869260 -0.0759243 -0.0065108 0.1413439 -0.2410381 -0.0679054 0.0757821 0.0751401 0.1452510 -0.1148425 -0.1085445 -0.2243521 0.0859009 -0.1883210 -0.1151039 0.0208823 0.1601453 0.0902554 -0.0225659 0.1233844 0.0491032 0.0519501 -0.0225952 -0.0475854 -0.1095540 0.0604026 -0.0941027 -0.0319997 0.0225496 0.0534364 -0.1716955 -0.2722833 -0.0098270 -0.1112152 -0.0117605 -0.0870516 0.2307293 0.5512517 0.4932478 0.3102938 0.5564358 0.0439050 0.2749638 0.4752491 0.4777596 -0.0551757 0.0520530 0.2225433 0.4166539 0.3115753 0.1781024 0.0385437 0.2105555 0.2903132 0.1873954 0.5905554 0.2457414 0.4311113 0.5445182 0.0888801 0.3360041 0.1815042 0.2234612 0.3030556 0.2088071 0.2627018 0.1989627 0.1751209 0.2843669 0.3224655 0.4233669 0.1791528 0.0675341 0.3756969 0.1477140 0.0881976 0.1616155 0.2224199 0.2351091 0.5144217 0.2222614 0.2138269 0.3654841 0.3772554 0.2822484 0.4288535 0.2028502 0.1486568 -0.0399811 0.2952506 0.3637543 0.0761927 0.2236875 0.2007867 -0.0373971 0.3257302 -0.0446098 0.1701824 0.1285056 0.4125584 0.2227209 0.2038594 0.1368092 0.4559736 -0.0768874 -0.0229954 0.2686761 0.1644422 0.2690650 -0.0100911 0.1653863 -0.1409241 0.1474307 -0.0770689 -0.2736622 0.2318064 0.0069070 0.2188140 -0.3242274 0.1740065 0.0566716 0.0763847 0.3347536 0.0245039 -0.2225617 0.1477650 0.2277524 0.2494138 0.0570311 0.2110043 -0.2199823 -0.1658309 0.0837705 -0.0304451 0.1494550 0.3158602 0.0740913 -0.0955813 0.1036241 -0.1099422 0.0516766 -0.3001248 -0.2665402 -0.3020236 -0.2906694 0.2231046 -0.3044214 -0.3087666 0.4925957 0.2380998 0.2249075 0.1618748 -0.2681635 -0.1800983 0.2055898 -0.4033930 0.1056850 0.1813723 0.2099097 -0.2161366 0.0192753 0.2050835 -0.1674573 -0.3182521 -0.1223168 0.2324432 -0.3397704 -0.0861089 0.0434491 -0.3220306 -0.2824447 -0.0437795 -0.0521014
0.0828844 0.0000000 0.3440533 0.5654722 0.2146633 0.3651506 -0.0452316 0.2542543 0.1315603 -0.1637563 -0.1526121 0.1992499 0.3345755 -0.2671300 0.3946485 -0.0763183 -0.0573135 -0.1867256 -0.0186141 0.2428548 0.2324336 0.1648069 -0.1939595 -0.1950330 0.3055010 0.0996810 -0.2690926 -0.1925972 0.2298477 -0.1645760 0.2410939 0.1877374 -0.2071372 -0.0189393 -0.2380923 0.2846491 -0.0297549 0.1323198 0.0231176 0.1115558 -0.2162618 0.2202893 -0.2113865 -0.0223677 0.3261913 -0.0807256 -0.1962028 0.0491381 -0.0492214 0.0115575 -0.3032748 -0.0354402 0.0008660 -0.0189084 -0.0795683 0.0333871 -0.2366681 -0.0963336 0.3427812 -0.3205948 0.3909811 -0.1819279 0.1937906 0.1198820 0.1139199 -0.4875043 -0.1956434 0.0079405 0.0860034 0.2147444 -0.2595180 0.1788367 -0.1106396 0.3563639 -0.0275622 0.0584310 0.1371763 -0.1540315 -0.0033823 -0.0525843 -0.2106742 -0.2971208 -0.3062679 -0.0161244 -0.2307220 0.1224365 -0.2602516 -0.0782244 -0.2478171 -0.1681067 -0.0858504 -0.2706301 -0.0167771 0.0880546 -0.2169020 -0.1287273 -0.0326831 -0.1290072 -0.3552873 0.2405081 -0.0707441 0.0008619 -0.0218266 -0.0956724 -0.1227153 -0.0778093 -0.0001650 0.0804745 -0.3843376 0.1600152 -0.3868899 -0.1230161 0.0241970 0.0663684 -0.0432384 0.0410563 0.1159512 -0.1492732 -0.0799955 -0.2086775 -0.0482461 0.0280818 -0.4736848 -0.0337317 0.0172818 -0.0201033 0.2677854 -0.1865607 0.0018142 0.2493146 0.2613439 0.0110599 0.1924459 0.4657182 0.0661830 -0.0870833 0.3013465 0.4058881 0.3667477 0.1148673 -0.0672964 0.2200519 -0.1431278 0.1457013 0.4389142 0.0218268 0.2754224 -0.0118345 -0.3633574 0.1531362 0.2307892 0.3530094 0.3254827 -0.0777134 -0.1448109 0.1722028 0.0470259 0.2664965 -0.0911585 0.3341606 -0.0528479 0.2828339 0.5418072 0.0045167 0.1211419 0.3479235 0.4944001 0.1338625 -0.0232110 0.1547064 0.0342912 -0.2078883 0.1801283 0.5397217 0.4565143 0.3731692 0.3197828 0.1734920 0.3646382 0.2871157 0.2446202 0.4370454 0.2545979 0.4287024 0.1312564 0.0785508 0.2829190 0.0943887 0.3173506 0.2265015 -0.3115684 0.1553744 -0.1380492 -0.2089405 -0.1637436 0.0043840 -0.0564047 -0.0296826 0.0266258 0.0768304 0.0465369 0.0443132 0.1622405 0.2826532 -0.1779000 0.2442903 -0.2638381 0.0264141 0.0843904 0.0726114 0.3290587 0.1376431 -0.2930435 -0.1426514 0.2048120 0.6233592 0.3481008 0.2633259
-0.0907112 0.3440533 0.0000000 0.2375642 0.7530533 -0.2369749 0.0364917 0.5917735 -0.2898081 -0.2035469 0.0622100 -0.0276339 0.8598674 -0.3112873 -0.2149963 0.1558555 -0.0117261 -0.2898079 0.5020442 0.6800515 -0.0086248 0.7284023 0.0267964 -0.3838362 0.6627156 0.2343451 0.0580169 -0.2827745 -0.0252988 -0.1919528 0.6374503 0.4126514 -0.1865446 -0.0845642 -0.0342032 0.0391308 0.2771085 0.4859396 0.0457669 0.2220866 0.2959693 0.0539562 0.0794075 0.1030354 0.2059858 0.2415402 0.0604034 0.3166459 -0.0277698 0.1709054 -0.0996157 0.4635176 -0.0324203 0.5078117 0.2664210 0.2699686 0.0142367 0.4768946 0.5203606 0.0046776 0.3345054 0.3907515 0.5305711 -0.0022202 -0.0292787 -0.1646242 0.2521496 0.5156498 0.4115611 0.4724461 0.3779565 0.0934186 0.4961225 0.2629097 0.4543730 0.4501385 0.3497119 0.5223759 0.6858567 0.3230635 0.6613815 -0.7186624 -0.4642623 0.0457632 0.2849467 0.0991781 -0.2127676 -0.0789376 0.0279079 0.1672358 0.4124043 0.0456017 0.2049468 -0.1419593 0.0858019 0.1839541 0.2311430 0.2061949 0.0747107 -0.0311163 0.2959347 0.2142840 0.1707380 -0.1551338 0.4631183 0.4030638 0.0611267 -0.3353012 0.1022110 -0.2072342 0.1860244 0.0968035 0.0077918 -0.1945374 -0.3622055 -0.3683366 -0.3927244 -0.2924300 -0.3704682 0.0181381 -0.2809333 -0.5107412 0.1413428 -0.1668856 0.2232296 0.5396853 -0.1592785 0.3588945 0.3901812 0.1510849 0.4314561 0.5850916 0.0965439 0.2038515 0.4956181 0.3055107 0.4573674 0.5952192 0.4601645 0.6210744 0.3277381 0.7349621 0.1152708 0.3178718 0.6873749 -0.0142185 0.5459621 0.3476522 0.1796088 0.6830575 0.6140165 0.5197553 0.5795135 0.1506177 0.2889755 -0.0837615 0.2519032 0.7682263 0.2494575 0.5594688 0.1684697 0.6353426 -0.1261853 0.2168075 0.3360003 0.4419206 0.2174477 -0.0495149 0.2729453 0.3613854 0.5206405 0.2195997 0.1379752 0.2822770 -0.0907267 0.5572014 0.3283224 -0.1136978 -0.0558977 -0.1752620 -0.2417762 0.2162197 0.4621156 0.3806085 0.5002863 0.2838722 0.7352092 0.6673212 0.3383933 0.2300169 0.1515990 0.1976662 0.1982481 0.1179858 0.4009531 0.5071763 0.4182370 0.2776505 0.2820392 0.5857160 0.3957025 0.1393790 0.1231395 0.4956182 0.2785979 0.3512834 0.4861457 0.3236433 0.3467084 0.3178321 0.4410418 0.7356336 0.2023755 0.1908894 0.3880579 0.5474789 0.2072387 0.1311825
0.0166860 0.5654722 0.2375642 0.0000000 0.0330619 0.5572270 0.2932407 0.4048851 0.4370066 0.2016249 0.2067580 0.5148188 0.2701173 0.1561747 0.4428253 0.0380347 0.2739312 0.3257924 0.0075447 0.2667697 0.4032746 0.2394432 0.1965410 0.2106763 0.3128622 0.3394655 0.1071866 0.3525927 0.4661060 0.2973677 0.5697391 0.2805918 0.2760559 0.4460898 0.2696794 0.2074298 0.3345846 0.2094552 0.5541040 0.5577665 0.1169604 -0.0281364 0.2908138 0.5079005 0.4620612 0.0035586 0.2412145 0.2397117 0.5987060 0.0059062 0.2404753 0.2118512 0.4549898 0.2015649 0.1031397 0.0987751 0.1523849 0.1896396 -0.3603513 0.0824173 0.2857780 -0.0915927 0.1563517 0.5875875 0.6387808 -0.1575101 -0.1536984 0.0719332 0.0266849 0.3367960 -0.1710800 0.4271369 -0.1826255 0.3693963 0.0108329 0.0898812 0.3773732 -0.1937903 -0.0271581 -0.0047571 -0.1996745 -0.4145063 -0.1706979 -0.1861384 -0.2479920 0.0234407 -0.0794814 -0.1572694 0.0888583 0.1066867 -0.1491774 -0.0320732 -0.0312079 0.1516792 -0.0091363 -0.0616898 0.1231642 -0.0785407 -0.0355036 0.0520651 0.2104018 0.0773381 -0.1022909 -0.0831445 0.0164301 -0.0399722 0.0033083 0.0224969 -0.0752155 0.0671910 -0.1437153 -0.0129250 -0.1728624 -0.1467303 -0.0445817 -0.0289169 -0.0590336 -0.1182817 0.0023772 0.0450524 -0.1102958 -0.2057661 -0.3653022 0.2368653 0.2626956 0.2210223 -0.2009906 -0.0505556 0.2190067 -0.2143272 -0.0998076 0.1473390 -0.2513590 -0.0607626 -0.0172748 -0.1172257 -0.0619053 0.4366076 -0.0630752 0.3905770 -0.0714225 0.3063713 -0.1761364 0.1656947 0.2871125 -0.3052048 -0.0013370 -0.2344946 -0.2527633 0.2109454 0.3959986 0.3790553 0.0872660 -0.3497497 -0.3513571 -0.2929029 0.0394670 0.2178432 -0.1525358 0.4407506 -0.2481005 0.2620658 0.1495935 0.1392776 -0.0823605 0.2493521 0.0221470 -0.1699676 -0.0770139 0.1183884 -0.1892948 -0.2812430 -0.2058737 0.0586600 0.2581219 0.0228390 0.1299511 -0.3485987 0.4381222 0.2738848 -0.1448133 0.2330679 -0.1269124 0.0825448 -0.4208136 0.0393753 -0.1563669 -0.1992906 0.0334373 -0.0179897 0.0303121 0.3521887 -0.3484816 0.1151609 0.1710502 0.1427291 0.3270506 0.1846793 -0.0316655 0.3074789 0.1371767 0.2190994 0.2931523 0.5449051 -0.1264417 -0.1262556 0.1200238 0.0539927 0.0394666 0.1127321 0.3118023 0.2558140 -0.5166686 -0.1418213 0.4393880 0.2116458 0.0137057 0.2401623
-0.1348164 0.2146633 0.7530533 0.0330619 0.0000000 -0.4273673 0.1105358 0.5277481 -0.3728330 -0.1916929 0.1457423 0.1103097 0.7308189 -0.4826484 -0.2499508 0.0743267 -0.2003573 -0.4043174 0.2512664 0.5482919 0.3322727 0.5423106 0.0354909 -0.3897031 0.4468546 0.2137443 -0.1870187 -0.4381588 0.2689188 -0.4559860 0.3511871 0.2072051 -0.1364946 0.0471834 -0.0837042 0.4140472 0.1670382 0.3360910 -0.1940140 0.0022414 0.1176996 0.4342167 -0.0745322 0.0303143 0.4184128 0.0888863 -0.1739371 0.0621345 0.0531605 -0.1395794 -0.1777644 0.3586128 0.2464597 0.4818508 0.1747254 0.0616968 -0.0990217 0.4518562 0.5882306 -0.0614619 0.6247326 0.3900453 0.1900216 0.1198884 0.0819081 -0.1579161 0.2288371 0.4677406 0.1134567 0.3812656 0.1664972 0.2294624 0.4298454 0.3643622 0.1845351 0.4001919 0.3300085 0.3638238 0.6094447 0.5266299 0.6954393 -0.3223836 -0.3468144 0.1263806 0.3011300 -0.1090629 -0.3017480 0.0142596 -0.0074223 0.1392244 0.4350823 -0.1299746 -0.2177653 -0.2546210 0.1195528 -0.0484159 -0.1052353 -0.1550782 0.1580749 -0.0078675 0.0798982 -0.3346897 -0.1889346 -0.0858037 0.2023834 0.3003469 -0.4398125 -0.5162008 -0.0245169 -0.6282818 0.2747511 -0.3095991 -0.1864644 -0.4747508 -0.6411590 -0.5279481 -0.5350641 -0.5522783 -0.5858356 -0.3397817 -0.4785923 -0.5194822 -0.0932214 -0.5120581 -0.2027340 0.3820001 -0.2143425 0.0311981 0.0072307 -0.0759113 0.2011179 0.3637170 -0.1151975 0.3762359 0.2181961 0.0291117 0.2201386 0.2541781 0.2883464 0.3525097 0.1342578 0.4618657 -0.2337336 0.6663138 0.4135246 -0.2366330 0.4149419 0.2443682 0.0068918 0.4074194 0.4119893 0.5000939 0.4716641 -0.0085996 0.1539500 0.2322625 0.0200727 0.6414828 -0.0293354 0.2911705 -0.0157681 0.3241034 -0.0076658 -0.0342875 0.1036519 0.5451977 0.1751506 -0.2061157 -0.1000705 -0.0641859 0.4355159 -0.0048343 0.0365513 0.1140600 -0.3888304 0.5095355 0.6869644 -0.0036646 0.2974720 0.1021940 -0.0042746 0.0517376 0.5927474 0.1530719 0.7362499 0.5460622 0.7325607 0.6352422 0.4791768 0.4247492 -0.2102803 0.4539286 0.3480773 -0.2914237 0.1816879 0.1790751 0.3271375 0.5100176 0.6713830 0.3191971 0.1899279 0.5001689 0.1353457 0.5448582 0.2810894 0.5649179 0.2544493 0.6345991 -0.0187181 0.6301720 0.3318093 0.7019799 0.3201779 0.5658870 0.3805920 0.4228050 0.3351742 0.1709537
0.2916140 0.3651506 -0.2369749 0.5572270 -0.4273673 0.0000000 0.4933056 -0.1043730 0.8950694 0.4664867 0.0906511 0.3452004 -0.2204395 0.6200951 0.8146786 -0.0884418 0.5688403 0.6553948 -0.0955960 -0.1110573 -0.1618475 -0.1140475 0.0738308 0.6645675 0.0435433 -0.0060895 0.4012318 0.6861834 0.2045278 0.6610939 0.1761021 0.1629844 0.5727456 0.4987231 0.1123633 -0.3402579 0.0931340 -0.0203163 0.5259494 0.5034201 0.1890319 -0.5222109 0.2395474 0.5146186 -0.1456700 -0.0559694 0.0878647 0.2487761 0.4090049 0.0750268 0.0480338 0.0872806 0.1659282 -0.0371304 0.1396400 0.0603273 0.1185088 -0.2684702 -0.4898767 0.0458095 -0.3343711 -0.2496994 0.1824681 0.2476387 0.2521620 0.0587075 -0.2511329 -0.1647706 0.0135348 -0.1242433 -0.2111021 0.1356560 -0.3719435 0.2560179 0.0127895 -0.2731540 0.1618301 -0.2510524 -0.3923317 -0.3856841 -0.4982112 -0.1539525 0.1787891 0.0494600 -0.0714725 0.1358102 0.1575369 0.0486629 0.1451791 0.1004817 -0.0738938 0.3529394 0.4098196 0.5699948 0.1053873 0.3246748 0.4811694 0.2834304 0.0032341 0.0207451 0.1458105 0.2804552 0.2093174 -0.0307895 0.1438642 0.0569655 0.3296456 0.5610507 -0.0633477 0.4699949 -0.1595554 0.2607948 0.2008288 0.3503314 0.3626507 0.4275225 0.3802382 0.2031350 0.3913396 0.1481170 0.2230801 0.3432027 -0.0762000 0.4935391 0.2910751 -0.0810923 0.3780892 0.2774354 0.2969558 0.1872477 0.1940868 0.0838454 0.3174710 -0.1766776 0.0348854 0.2714285 0.2251636 0.2566253 0.1897971 0.0073364 0.1729427 -0.0431330 0.2855167 -0.2687456 0.2502240 0.2730705 0.0716991 0.0345672 0.0744130 -0.0865906 -0.0253602 0.0145030 0.0290558 0.1414601 0.0232286 -0.1885017 0.1915898 -0.0053444 0.1705505 0.0544640 0.2281776 0.0931390 0.3648010 0.1845325 0.2517625 -0.0332635 0.1366122 0.2611993 0.2399292 0.2638834 -0.0457552 0.1715889 -0.3016977 -0.0937668 0.5179986 -0.0330080 -0.2627082 -0.1142299 -0.0110542 -0.1334874 -0.1431235 -0.0267249 -0.5614512 -0.0206748 -0.6639261 -0.3306618 -0.3302857 -0.2290571 0.0497943 -0.0737765 0.1472699 0.1068916 -0.2942872 0.1825521 -0.0076696 0.0040549 0.1769013 -0.2051784 -0.3757827 0.0906881 0.1149532 -0.2211159 0.4630512 0.2034340 -0.0216438 -0.1590757 0.0490541 -0.2397590 0.0773523 -0.4631779 0.2300995 -0.3760009 -0.2691796 -0.5234623 -0.1755865 -0.1741972 0.1923737 0.4272921
0.4131178 -0.0452316 0.0364917 0.2932407 0.1105358 0.4933056 0.0000000 0.3917396 0.5414677 0.7134006 0.7154934 0.5603069 0.2377137 0.4037212 0.4527429 0.4038960 0.7525945 0.4665837 0.3524873 0.0311441 0.0607716 0.4283849 0.6254341 0.5438406 0.2981736 0.3468524 0.6695264 0.5415993 0.3217762 0.4705680 0.2689192 0.3034577 0.7809582 0.6368304 0.4420552 -0.1669823 0.4088222 0.4034837 0.4881542 0.4865744 0.3497699 -0.1722955 0.5558821 0.6913957 0.2237751 0.4298705 0.3233259 0.2456804 0.5109766 -0.0204227 0.3017604 0.5945553 0.3589361 0.3892334 0.6225777 0.4193228 0.4585143 0.3283459 -0.3310604 0.4595051 0.1436937 0.4155276 0.4049392 0.4300493 0.3491283 0.4722711 0.3301169 0.3945876 0.2870384 0.3403484 0.3016936 0.4064353 0.2329913 0.5273690 0.4383299 0.2863727 0.4086163 0.3732234 0.2870887 0.3588553 0.2579452 -0.1120116 0.4294749 0.3679232 0.6005230 0.3218885 0.3082992 0.0707106 0.6391139 0.6636875 0.4271542 0.5476785 0.4309930 0.3886034 0.7308780 0.5343125 0.5353577 0.4376961 0.7664688 0.0281560 0.5720668 0.1270643 0.3435539 0.1892325 0.4941363 0.6267009 0.2106194 0.3434125 0.4495316 0.1647166 0.6558543 0.3592991 0.0649557 0.1559909 0.3085449 0.2853654 0.2563472 0.1888377 0.3453808 0.2503281 0.0959117 0.1531625 0.3329218 0.2096750 0.3101667 0.3202055 0.2281300 0.5620016 0.4347829 -0.0476032 0.3015252 0.6460098 0.1171464 0.0943555 0.3858190 0.5643457 0.2680826 0.4814819 0.3076310 0.4126610 0.5686715 0.3507721 0.4375274 0.3503611 0.4352077 0.2341351 0.3387033 0.2307751 0.4352536 0.3748544 0.4561812 0.5938226 0.4158606 0.4049913 0.1365395 0.2038472 0.4365505 0.4902181 0.3675513 0.3147446 0.2670478 0.4044489 0.2239015 0.3323868 0.3888571 0.5445525 0.2869472 0.2082198 0.1952132 0.2332333 0.4567825 0.3101294 -0.2106734 -0.1626731 0.2393261 0.2644295 0.2146615 0.1546927 0.0408395 -0.0433539 0.1203069 -0.0846613 -0.1800668 -0.0159539 -0.1325302 0.3652820 -0.0014467 0.0672053 0.1601119 0.1162655 0.4022838 0.2544334 -0.1266741 0.3377880 0.3862625 0.2656987 0.4456526 0.2080714 0.2004580 0.3684812 0.1805012 0.3690257 0.6791476 0.5474558 0.3958566 0.2799643 0.4910350 0.4904957 -0.0405378 0.2160035 0.6136288 0.1006127 0.1417402 0.2344422 0.1502895 -0.1621572 0.2258681 0.3774615
0.3634842 0.2542543 0.5917735 0.4048851 0.5277481 -0.1043730 0.3917396 0.0000000 -0.0765430 0.4229696 0.7281680 0.1630225 0.8460018 -0.1646463 -0.0040517 0.7237962 0.3933655 -0.0567052 0.6754093 0.1395578 0.2805779 0.6631022 0.6076082 -0.1951416 0.4533349 0.5039458 0.2690217 -0.1272206 0.2054900 -0.0623528 0.3462389 0.2828094 0.0840403 0.2414472 0.3417929 0.1139593 0.3529301 0.5438982 0.2628043 0.3394002 0.1876351 0.1818588 0.3497396 0.4640086 0.5678422 0.3717262 0.2627660 0.2089695 0.3316112 -0.0396214 0.2767265 0.5333848 0.3014030 0.5536624 0.3985897 0.3683068 0.1998771 0.6468369 0.0834508 0.2429828 0.5143339 0.5517644 0.4789927 0.2854950 0.3136362 0.1728949 0.4179040 0.5024311 0.3668788 0.5130655 0.3978533 0.2980157 0.4313859 0.3172593 0.4130143 0.3931838 0.1717809 0.4191074 0.5376168 0.5121863 0.4442039 -0.4365351 -0.1509246 0.0951173 0.2484269 0.2573057 -0.2515777 -0.1731514 0.2661607 0.3622372 0.1500648 -0.1420888 0.0510969 -0.1787827 0.2616054 -0.0290250 0.0031771 0.1544039 0.3725863 -0.1510066 0.3958185 0.1700488 0.2944264 0.0377542 0.2883333 0.3676808 0.0082697 -0.1233988 0.4245146 -0.1700138 0.4138737 0.1026728 -0.0955193 -0.1464124 -0.0717798 -0.0631164 -0.1661111 -0.1817846 -0.0765970 0.1225103 -0.2177951 -0.3743603 0.2163842 -0.1965702 0.4576292 0.6031747 -0.2170261 0.3351767 0.4604443 0.0162600 0.3393279 0.6387412 -0.1166740 0.0468540 0.4893982 0.3243072 0.0610373 0.6612902 0.2774038 0.5601355 0.4063649 0.6004334 0.0640519 0.5032034 0.5420440 -0.0384834 0.4030419 0.1043811 0.3277814 0.5647224 0.6327785 0.6013734 0.5741258 0.1051212 -0.0702504 0.0889082 0.0958463 0.6481540 0.0288572 0.3868829 0.0572253 0.5436624 0.0517469 -0.0223703 0.2431047 0.4317942 0.0880861 0.1199139 0.0605759 0.0820718 0.3863380 0.1201943 0.3966406 0.3536957 0.0107716 0.2486286 0.3038223 0.0374909 0.1008557 0.0902748 0.0279541 0.0595617 0.2634060 0.1498951 0.2035415 0.4407421 0.2688456 0.1920438 -0.0379825 0.0235531 0.2551966 0.1140616 -0.1329206 0.3199129 0.4647654 0.4454489 0.4182158 0.1809731 0.2691667 0.5588809 -0.0000558 0.4157475 0.2259362 0.4866891 -0.0649769 0.3330000 0.5098483 0.5052475 -0.0927899 0.4338587 0.4435235 0.4761833 -0.0321171 0.4147211 0.3708672 0.1280062 -0.1022548 -0.1295039
0.4686315 0.1315603 -0.2898081 0.4370066 -0.3728330 0.8950694 0.5414677 -0.0765430 0.0000000 0.5185168 0.1686481 0.3749708 -0.2607614 0.7279642 0.8530995 0.0192147 0.6482078 0.7899960 0.0032341 -0.2572629 -0.1244693 -0.2490842 0.0160317 0.8421756 -0.0691730 -0.1570709 0.3440230 0.7603415 0.2975212 0.6809844 0.0790320 0.0630220 0.7255983 0.6645705 -0.0182530 -0.2835829 -0.0753540 -0.1340768 0.4271567 0.4265320 0.3130119 -0.5020769 0.1470078 0.5428249 -0.1114945 -0.1834810 0.0204159 0.2351442 0.4787098 -0.0519643 0.0310201 0.0209712 0.2976615 -0.0730911 0.0054887 -0.0800821 0.0457100 -0.2838758 -0.5708493 -0.0060107 -0.3570047 -0.1855620 0.0879462 0.2306088 0.3070412 0.1441656 -0.1828168 -0.2461280 -0.1087014 -0.2324181 -0.1375450 0.0588272 -0.3132611 0.1783373 0.0080178 -0.3401608 0.0873323 -0.2445320 -0.3827880 -0.2934324 -0.4300676 0.0318978 0.2762051 0.1345404 0.0061878 0.0452542 0.0285427 0.1285925 0.1932792 0.1346845 -0.1500029 0.2879836 0.3179503 0.5993811 0.0958458 0.2046151 0.3506249 0.1971146 0.0474671 0.0385479 0.2626282 0.1622768 0.1284214 0.1136397 0.0399768 0.0404943 0.1476985 0.4157273 -0.0617127 0.2523802 -0.0876158 0.1273989 0.1111312 0.1851433 0.1971995 0.3081789 0.1437590 0.0494817 0.3008029 0.0802638 0.0818558 0.1781622 0.0232477 0.4951961 0.2793881 -0.0161626 0.1919053 0.2961913 0.3158718 0.1071782 0.1718364 0.0214996 0.1744551 -0.3425003 -0.0049808 0.2533749 0.1158327 0.1474775 0.1242498 -0.0187191 0.1631101 -0.1185621 0.2315441 -0.2587766 0.2511079 0.1235165 0.0410983 0.0490015 0.2489406 -0.1786404 -0.0882537 -0.0366724 -0.0505223 0.1024772 0.0169156 -0.3323918 0.1240526 -0.0111239 0.1368642 -0.1036143 0.1654130 -0.0476966 0.2221173 0.1033106 0.1270618 -0.0615296 0.0012187 0.2325826 0.2421538 0.0677710 -0.0529103 0.2393290 -0.3741607 -0.3972802 0.2836587 -0.2636305 -0.3469370 -0.3087234 0.0358604 -0.0354913 -0.1266839 -0.0856382 -0.5879477 -0.1228806 -0.6607075 -0.3651161 -0.4211338 -0.3135172 -0.1051386 -0.2052034 0.1609191 0.0878477 -0.2981242 0.2343432 0.0683462 -0.0171149 0.2464823 -0.1839456 -0.3823668 0.1040220 0.0058415 -0.0449067 0.4631760 0.2708334 -0.0653721 -0.3571013 0.1643545 -0.2642183 -0.0564201 -0.4623858 0.2017696 -0.3992333 -0.3125459 -0.4930663 -0.2510319 -0.4289845 0.1216605 0.3619134
0.4531455 -0.1637563 -0.2035469 0.2016249 -0.1916929 0.4664867 0.7134006 0.4229696 0.5185168 0.0000000 0.8452305 0.3593198 0.1117152 0.4417605 0.4032185 0.6185986 0.6831293 0.4795528 0.3761411 -0.4325010 0.0200775 0.2027487 0.7821202 0.4958969 -0.0442285 0.2995315 0.6614673 0.4134607 0.2043020 0.4341439 -0.0647034 -0.0417724 0.6590068 0.6562082 0.5429751 -0.3826373 0.2849615 0.2793933 0.3970066 0.3541783 0.3324047 -0.3587261 0.5079180 0.6468152 0.1890063 0.2828467 0.2847045 0.2006115 0.5926824 -0.2032571 0.4149744 0.4261527 0.4193778 0.2147750 0.4834584 0.2995206 0.3745850 0.2067595 -0.4330824 0.4947663 -0.0542373 0.3576374 0.2789725 0.4378369 0.3424071 0.6447404 0.3498575 0.2359822 0.1659493 0.1771026 0.2740167 0.3800048 0.0695734 0.3892178 0.3063582 0.0347268 0.2127261 0.2013835 0.0378605 0.2091544 0.0296327 -0.1565190 0.3358408 0.2077174 0.2750193 0.2913392 0.1531719 -0.0628909 0.4611448 0.4064871 0.0450235 0.3192719 0.3315103 0.1327766 0.4689783 0.2782840 0.3496387 0.3806303 0.5316943 -0.2867251 0.2278048 0.2621002 0.4115117 0.0914145 0.3209704 0.3549302 0.2295009 0.4831764 0.6171969 0.2087611 0.4816563 0.3358669 -0.0013090 0.1542563 0.3785167 0.3940021 0.2580283 0.0826387 0.2796346 0.1739951 -0.0537686 0.0424351 0.4917146 -0.0274581 0.3247340 0.2576253 0.0698158 0.5297372 0.4220501 -0.0388031 0.1715057 0.4074007 0.0582688 -0.3312726 0.2257672 0.4741282 -0.1069476 0.3467655 0.1370528 0.1273503 0.3578190 0.0510573 0.3957033 0.0639694 0.1190031 0.2241166 0.0483824 -0.0750410 0.4192232 0.0807873 0.1636642 0.2020882 0.1549401 0.2889713 -0.1247225 0.0646334 0.2538430 0.1035855 0.2367664 0.0371465 0.1417467 0.1306800 0.2499063 0.2057901 0.2096024 0.1074607 0.0118846 0.2933285 0.1737714 0.1627478 0.1386658 0.2840247 -0.0610956 -0.0831445 0.1972162 0.0624474 -0.0435846 0.1334712 -0.1237846 -0.1540659 -0.0650710 -0.4065007 -0.3784197 -0.3011072 -0.3979769 0.1693361 -0.2535263 -0.0293694 -0.0475536 0.0857117 0.4036404 0.1922966 -0.0243683 0.4274674 0.3159459 0.2172314 0.4537409 0.0685472 -0.0352753 0.3408009 0.0850299 -0.0014997 0.4152949 0.0607026 -0.0027621 0.0508290 0.3995756 0.2943866 -0.0722115 -0.0721074 0.2122768 -0.1554530 -0.0412866 0.0382295 0.0480947 -0.6083066 -0.1782521 -0.0199300
0.4839405 -0.1526121 0.0622100 0.2067580 0.1457423 0.0906511 0.7154934 0.7281680 0.1686481 0.8452305 0.0000000 0.4229640 0.3959904 0.1141220 0.1251473 0.7894811 0.5942083 0.1942678 0.5157408 -0.2882623 0.2642046 0.4251192 0.9151135 0.1959094 0.1224405 0.4959518 0.5325125 0.1761735 0.2640972 0.1719639 -0.0018130 0.0279668 0.4941243 0.5267862 0.5782501 -0.0818023 0.3355621 0.3946294 0.3427593 0.3204340 0.2007095 0.0152451 0.5322625 0.6411725 0.4766371 0.3911989 0.3273112 0.0783018 0.5521156 -0.2627794 0.4415305 0.5496225 0.4732069 0.4353394 0.5128585 0.3521615 0.3550929 0.5337756 -0.2396889 0.4951097 0.3548731 0.5679591 0.2818320 0.5073131 0.4495275 0.5272079 0.4748639 0.4502869 0.2227438 0.4232500 0.3567617 0.4896741 0.2840854 0.4510635 0.3559117 0.3017468 0.2568263 0.3644595 0.3402673 0.5250107 0.3398279 -0.1416417 0.3637670 0.3002137 0.4471633 0.4366973 0.1701858 -0.0435946 0.6325627 0.6331810 0.2141598 0.2090976 0.1618816 -0.0135757 0.6235271 0.2329588 0.1946108 0.2795076 0.7260862 -0.1631891 0.4484944 0.1559467 0.3873725 0.2554177 0.3729984 0.5103781 0.1074151 0.2208629 0.7463997 0.0237576 0.7192288 0.2716547 -0.0857673 0.0100526 0.2567435 0.2430221 0.1181119 -0.0005970 0.1761725 0.1658630 -0.1365166 -0.1289638 0.4505698 -0.1820638 0.3456028 0.4483680 -0.0782759 0.4599731 0.3915366 -0.1517097 0.1674377 0.5681803 -0.1386944 -0.0762792 0.3419234 0.4104692 -0.1335084 0.4547957 0.1145672 0.3226647 0.3926079 0.2635476 0.2308439 0.4526568 0.2317748 0.0627628 0.1471417 -0.0547581 0.3822240 0.2924514 0.4120412 0.5327035 0.3165077 0.2275207 -0.1852903 0.2613557 0.1839440 0.3315241 0.1052175 0.1911811 0.0381329 0.2704518 0.1625630 0.1050517 0.1625326 0.3788667 0.0711007 0.1516270 -0.0122859 0.0382752 0.2598082 0.1459132 0.1051966 0.0694688 0.0473033 0.1702694 0.2581184 0.2199209 0.0475580 0.0521102 0.1306656 -0.2288776 -0.0216841 -0.1568347 -0.0412410 0.5418424 -0.0708168 0.0486367 -0.0180347 0.1362761 0.3791595 0.2215988 -0.0369481 0.4361591 0.4458968 0.3285591 0.4899467 0.2754075 0.2755299 0.4405503 -0.0119118 0.3142684 0.3756593 0.2952833 0.0465831 0.2661212 0.4754784 0.5539286 -0.2007649 0.3476277 0.3665429 0.1639787 0.0172384 0.4531054 0.2872991 -0.3524995 -0.2153077 -0.1333077
0.1549066 0.1992499 -0.0276339 0.5148188 0.1103097 0.3452004 0.5603069 0.1630225 0.3749708 0.3593198 0.4229640 0.0000000 -0.0389987 0.0962609 0.3717016 0.0637131 0.2136420 0.2057769 -0.0757158 -0.0771239 0.6730610 0.0940766 0.3482872 0.4318632 0.0217783 0.3099709 0.0788018 0.3425840 0.7782158 0.1580492 0.1400168 -0.1909964 0.6136446 0.7477329 0.2265518 0.4223499 0.1112039 0.0257005 0.2398260 0.2549612 0.1377602 0.2923670 0.2172223 0.4720668 0.6888768 -0.1061620 0.0188999 -0.0289151 0.7161235 -0.5655504 0.1215599 0.3119852 0.7360769 0.1916648 0.0274799 -0.0935752 0.0612306 0.2323727 -0.1861458 0.2442098 0.5689723 0.2165688 -0.1631177 0.8827450 0.7883505 0.0584846 0.1386744 0.2892288 -0.1898824 0.5342631 -0.0978135 0.7481778 -0.0045524 0.7414365 0.0543452 0.3523511 0.7202611 -0.0016338 0.1751984 0.4339787 0.1552147 -0.0097080 0.3802486 0.3387356 0.2767929 0.2841161 0.3646841 0.2480490 0.5414768 0.5236143 0.0915215 0.3365472 -0.0741219 0.2922861 0.5350503 0.2186963 0.2106850 -0.1255808 0.4435142 0.3856421 0.3605457 -0.2236839 -0.2179969 0.4329529 0.1145339 0.3783673 -0.1762701 -0.0031412 0.2353046 -0.0506710 0.4004515 -0.0404251 -0.3351784 -0.2954259 -0.0465398 -0.0306719 -0.0873884 -0.2563961 -0.0981948 -0.2066650 -0.3728445 -0.2615239 -0.1136563 -0.1568787 -0.1832560 0.1984802 -0.1884905 0.0152125 0.0154303 -0.5621271 -0.2659574 0.0405201 -0.4484972 0.2268966 -0.2374800 -0.1344013 -0.2112485 0.2045362 -0.1314098 0.2225653 -0.2203496 0.0384912 -0.1711194 0.4092332 0.1243821 -0.4283321 -0.1888255 -0.4003850 -0.3262453 0.0094625 0.2748629 0.6520922 -0.1472876 -0.2784335 -0.5182510 0.1102443 0.1627867 0.1014125 -0.0814592 0.3210397 -0.4963667 -0.0526938 0.3054227 0.3276853 -0.3495436 0.5917704 0.2677436 -0.3462494 -0.2681187 -0.0476429 -0.1950098 -0.3700483 -0.5419732 -0.2973198 0.0908749 0.2598712 0.5813758 -0.0605507 0.6961889 0.5751806 0.3263874 0.1819115 0.1419171 -0.0405479 -0.0486381 0.5638699 -0.1287266 -0.0263481 0.4098029 0.4892719 -0.0135281 0.7105529 0.1011417 0.0578920 0.2407922 0.1117357 0.5066114 0.6559867 0.3514783 0.3025092 0.3228330 0.4157462 0.4007072 0.4856780 0.3073126 0.0221492 0.1056566 0.3638045 0.0745525 0.4183868 0.4088024 0.3154668 -0.3114806 0.2387428 0.5887212 -0.0259023 0.0736327 0.2193831
0.0233403 0.3345755 0.8598674 0.2701173 0.7308189 -0.2204395 0.2377137 0.8460018 -0.2607614 0.1117152 0.3959904 -0.0389987 0.0000000 -0.2583388 -0.1579932 0.4915111 0.1747305 -0.1909103 0.6913348 0.5329751 0.0481629 0.8463621 0.3282736 -0.3417737 0.6774764 0.4001712 0.2271981 -0.2845144 0.0242636 -0.1706269 0.5922277 0.4983660 -0.0965161 0.0230509 0.2070298 0.0315371 0.4687649 0.7119913 0.1145834 0.2538436 0.2986272 0.1130715 0.2416838 0.1831269 0.3600948 0.5058076 0.2599847 0.3554837 0.0233295 0.1951142 0.1494754 0.5652830 0.0135314 0.5244808 0.5232104 0.5263470 0.2677209 0.5714517 0.4250897 0.2109328 0.4230719 0.5544137 0.6744587 0.0286934 -0.0180197 0.1177092 0.4752432 0.5876780 0.5651555 0.5493246 0.5319611 0.1358723 0.6226401 0.2849787 0.5756250 0.5192805 0.2442033 0.6183966 0.7333513 0.5171409 0.5995587 -0.6419957 -0.4374914 0.0352163 0.3062234 0.0630486 -0.3433330 -0.2261725 0.0152730 0.1573738 0.3612503 -0.0835974 0.2045641 -0.2496076 0.1323064 0.0472825 0.1347063 0.2687893 0.2068145 -0.1384875 0.2400208 0.2041193 0.2833397 -0.2097730 0.4053196 0.3635250 0.0662146 -0.1780104 0.2118561 -0.1787084 0.2965343 0.1395827 0.0188846 -0.1197616 -0.1934671 -0.2054130 -0.2068442 -0.1599508 -0.2035358 0.1277046 -0.1664805 -0.3718466 0.2354490 -0.1965079 0.3321338 0.5983732 -0.0930941 0.3717480 0.4663351 0.1875014 0.4960292 0.7292572 0.1005640 0.1841620 0.6309372 0.4157487 0.3689440 0.7188323 0.5157468 0.6877376 0.5057308 0.8040202 0.2127035 0.3894556 0.6432214 0.0840567 0.5914659 0.3222245 0.3468128 0.7831298 0.7541675 0.5603011 0.7422683 0.2669263 0.2153539 0.0431195 0.3217363 0.8219287 0.2918451 0.6038591 0.1987510 0.7538898 -0.0376515 0.2017122 0.4250029 0.5333899 0.2745126 0.1647879 0.2959537 0.3488130 0.6306949 0.2795311 0.3437781 0.4172599 0.0342155 0.5274024 0.3335798 0.0857729 -0.0657120 -0.1244746 -0.0854754 0.1512708 0.4288149 0.3534847 0.4580695 0.3460495 0.6781792 0.5368907 0.1701613 0.1532656 0.2442953 0.1288710 0.0761598 0.1724712 0.4397623 0.4937429 0.3670285 0.1747009 0.2852463 0.5827310 0.2372735 0.3021362 0.2193049 0.4826953 0.1383240 0.4249102 0.5371070 0.5354657 0.1676140 0.3952693 0.5191567 0.6704142 0.1737344 0.3067397 0.3692369 0.4100226 0.1324040 0.0506735
0.2559074 -0.2671300 -0.3112873 0.1561747 -0.4826484 0.6200951 0.4037212 -0.1646463 0.7279642 0.4417605 0.1141220 0.0962609 -0.2583388 0.0000000 0.4660926 0.1122723 0.7007434 0.9571183 0.2552580 -0.1990660 -0.4047847 -0.1050179 0.1112606 0.8614890 0.0967842 0.0912673 0.6683787 0.9095258 0.1454351 0.9259095 0.2035924 0.2285335 0.6734704 0.4934664 0.3280528 -0.4270376 0.2745514 0.1122192 0.6150528 0.5924746 0.5877574 -0.5145289 0.4966590 0.4954719 -0.2967725 0.1707022 0.5146041 0.4216510 0.3190481 0.0471148 0.4886510 0.3028033 -0.0174825 0.1981803 0.2143123 0.1986869 0.4718415 0.0186500 -0.5591457 0.4354241 -0.5813128 0.2026965 0.2133435 -0.0405840 0.0298010 0.4823920 0.2191373 0.0827889 0.1871275 -0.0613390 0.2791175 -0.2807719 0.0964895 -0.2167714 0.2721247 -0.0163979 -0.0034571 0.0850886 -0.1305063 -0.1072128 -0.3344238 0.0433815 0.2769073 0.2253802 0.2300083 -0.0276196 0.2372411 0.3387063 0.2068766 0.1586937 0.0103833 0.5416677 0.5793325 0.6725319 0.1745094 0.3770055 0.5157919 0.5668314 0.1484576 0.1792932 0.2340731 0.4747362 0.2849624 0.1888100 0.3173839 0.0956664 0.4675254 0.4351427 0.1713529 0.4221853 0.1080490 0.5229394 0.4093196 0.3909503 0.4312677 0.4492088 0.3108942 0.4632871 0.5531444 0.5920590 0.4508488 0.3470524 0.3568810 0.6723223 0.5373626 0.2895165 0.1942136 0.4895614 0.6226350 0.1319373 0.1888426 0.1875912 0.1675141 -0.5247609 0.2255802 0.4495860 0.0334262 0.1837382 0.0275031 0.2646886 0.3897934 0.1125205 0.4852388 -0.5800318 0.0578921 0.2692909 -0.0907529 0.0534074 0.5442658 0.0928245 0.1125305 -0.2113095 -0.1411144 0.2609805 0.1449526 -0.5653736 0.2110307 -0.0046052 0.3415812 0.0360774 0.2349127 0.1562443 -0.3375820 0.2364532 0.1895107 -0.1879244 -0.1275226 0.2661766 0.4943308 0.2644967 0.0934737 0.4708346 -0.2881108 -0.3450483 0.4162347 -0.2697258 -0.5949024 -0.3079545 -0.3039622 -0.2393875 -0.1365433 0.0684180 -0.4344571 0.0928103 -0.5817251 -0.5648443 -0.4095574 -0.3384554 -0.3588118 -0.3390667 0.6392646 -0.1134836 -0.1951379 0.5166586 0.4374202 0.3187711 0.2846816 -0.3136910 -0.6296055 0.3201305 0.1325372 -0.1990032 0.2596964 0.1192120 0.1408991 -0.4751417 0.5194462 -0.3822438 0.2034206 -0.6009862 0.1595454 -0.2850541 -0.1322347 -0.5284314 -0.4252441 -0.5047953 -0.1587843 0.1485878
0.5144687 0.3946485 -0.2149963 0.4428253 -0.2499508 0.8146786 0.4527429 -0.0040517 0.8530995 0.4032185 0.1251473 0.3717016 -0.1579932 0.4660926 0.0000000 0.0502355 0.5504195 0.5702651 -0.0143948 -0.2428925 0.0305698 -0.1942452 -0.0014824 0.5999667 0.0169895 -0.0713606 0.1773889 0.5590184 0.3988647 0.5283114 -0.0259139 0.0622281 0.5252152 0.5206271 -0.0471196 -0.0485704 -0.1156557 -0.0201202 0.4047864 0.4205291 0.2156755 -0.2544033 0.1175532 0.4991590 0.0210107 -0.1663769 -0.0636924 0.3306556 0.3283130 -0.2008183 -0.0295190 0.0289440 0.1525891 -0.0960590 -0.0487164 -0.0864700 -0.0914442 -0.2612517 -0.3110185 -0.0519330 -0.1347031 -0.2118321 0.0942420 0.1588305 0.1655192 0.0367440 -0.1747621 -0.1700882 -0.1626780 -0.1472595 -0.1958882 -0.0204830 -0.3335709 0.1809434 -0.1121612 -0.3326021 -0.0194860 -0.3030291 -0.4197457 -0.3196777 -0.4774733 -0.0598890 0.2391804 0.1955627 -0.0738197 0.0600032 -0.1020627 0.0567163 0.0632188 0.0522545 -0.2115144 0.1038888 0.2282251 0.4066790 0.0517676 0.0805217 0.1446444 0.1098805 -0.0724090 0.0959790 0.1772649 0.1085553 0.0894157 0.0542106 -0.0807187 0.0679752 0.0679923 0.3102504 -0.2296806 0.1998121 -0.1931809 0.0791189 0.0918217 0.1713278 0.1907024 0.4030922 0.2348592 -0.0223977 0.3047623 -0.0156206 0.0243955 0.2494767 -0.2460829 0.3690935 0.2041721 0.0243456 0.2472473 0.0831506 0.2400969 0.1680945 0.2103187 -0.0403850 0.1224768 -0.1520416 0.0457966 0.1243637 0.0326130 0.0712244 0.0833518 -0.1026413 0.0371699 -0.1622538 0.0574327 -0.0652339 0.1897833 0.0673523 -0.0705588 -0.1453150 0.0868897 -0.2264062 -0.1006615 0.0918132 -0.0824569 0.0093114 -0.2001058 -0.0559943 -0.0385688 -0.0689926 -0.0849591 -0.1295970 -0.0148030 -0.0940258 0.3754333 -0.0888957 -0.0044952 0.0791063 0.1107144 0.1437907 -0.0210215 -0.1317244 -0.1271774 -0.0266805 -0.3646529 -0.1725201 0.4263586 -0.1068499 -0.1500340 -0.1784159 0.2104967 0.1689531 0.0298082 0.0486492 -0.2697233 0.0479317 -0.4433972 -0.2656624 -0.2867149 -0.2177810 -0.1072733 -0.1694317 0.0627564 0.0550609 -0.2314854 0.2301090 0.0619425 0.0664628 0.2653336 -0.2603015 -0.3462474 0.1428035 -0.1746105 -0.0468155 0.2950409 0.3083619 -0.2200386 -0.0893287 -0.0342750 -0.3018793 -0.1541353 -0.3347852 0.1741230 -0.3720962 -0.2809239 -0.4148722 -0.2692067 -0.2364897 0.2820119 0.4290282
0.5678033 -0.0763183 0.1558555 0.0380347 0.0743267 -0.0884418 0.4038960 0.7237962 0.0192147 0.6185986 0.7894811 0.0637131 0.4915111 0.1122723 0.0502355 0.0000000 0.6042120 0.1670565 0.8072980 -0.2987626 0.0167965 0.3809686 0.6990485 0.0231429 0.3259979 0.4650743 0.4380641 0.0126722 -0.0235349 0.1325355 -0.0242493 0.2545266 0.1309660 0.1672835 0.4099751 -0.1727578 0.2510835 0.4939712 0.2228649 0.1907944 0.2878148 0.0156564 0.4007685 0.3483025 0.2833967 0.4822168 0.4497361 0.2534223 0.1606823 -0.1109845 0.4767447 0.3953400 0.0392103 0.2983683 0.3930697 0.3852630 0.3031171 0.5150279 -0.0052531 0.3845528 0.1895514 0.5643924 0.3455002 0.0657687 0.0291754 0.4725771 0.5530108 0.4043326 0.2806064 0.3390664 0.5359081 0.0180356 0.4147273 0.0562097 0.3959060 0.2539700 -0.1534337 0.3905134 0.3520829 0.4567720 0.2877333 -0.1043349 0.3257397 0.4486678 0.4442008 0.4194031 -0.0896286 0.0789213 0.4054306 0.4336129 0.1568952 -0.0360203 0.2919004 0.0040298 0.2849612 0.1000307 0.0310846 0.4075586 0.3707488 0.0356703 0.3496580 0.3464160 0.5027510 0.3323601 0.2958868 0.2728718 0.2499446 0.2132943 0.6370304 0.1898034 0.4584890 0.3721701 0.0677558 0.2027268 0.3757402 0.3104167 0.1893560 0.1699637 0.2438874 0.3997460 0.0898817 -0.0079532 0.5570683 0.0042505 0.5732111 0.5990699 0.0275500 0.4770375 0.5809717 0.1078907 0.3479822 0.5739044 -0.0285890 -0.1932126 0.5481483 0.4726027 -0.0676285 0.5445958 0.2684049 0.4195421 0.5146915 0.4242427 0.3537729 0.2111903 0.2836602 0.1402189 0.2612291 0.0899459 0.5708371 0.4173422 0.4705000 0.4068601 0.4067507 0.3579632 -0.0437253 0.1051011 0.1417038 0.3834425 0.1750140 0.2509805 0.1468410 0.3987315 -0.0929880 0.0714050 0.2398933 0.2495296 0.1005556 0.2902695 0.1893344 0.1160419 0.3740617 0.2942831 0.3494854 0.3313985 0.2237486 0.1054556 -0.0294204 0.3198066 -0.1852155 0.0039328 0.1931913 -0.0540144 0.1445987 0.0938327 0.0983824 0.2894383 -0.0097690 0.0547953 -0.3213445 -0.0582986 0.5133599 -0.1402326 0.0449625 0.6399153 0.5713825 0.5272647 0.3669936 0.0060820 0.0355304 0.5249852 -0.1484175 0.1587882 0.0364839 0.0874371 -0.2160341 0.0688532 0.5317330 0.2419357 -0.1007152 0.1898500 0.2428509 0.1893647 0.0893385 0.3259687 0.1223980 -0.2338587 -0.1555780 -0.1222849
0.6761621 -0.0573135 -0.0117261 0.2739312 -0.2003573 0.5688403 0.7525945 0.3933655 0.6482078 0.6831293 0.5942083 0.2136420 0.1747305 0.7007434 0.5504195 0.6042120 0.0000000 0.7146289 0.6059171 -0.1634174 -0.2378099 0.2632912 0.5301760 0.5830611 0.3937941 0.3892563 0.7777779 0.7111461 0.1129049 0.7740713 0.2103299 0.4376648 0.6089500 0.4360796 0.4371715 -0.3814717 0.3314799 0.3812909 0.6997473 0.6679440 0.5114702 -0.3587625 0.6470064 0.7448844 -0.0406758 0.4034468 0.5253440 0.4760705 0.3808757 0.0636745 0.4801594 0.5276993 0.0322042 0.4207609 0.4312757 0.3474764 0.4129752 0.3653807 -0.4539883 0.4367540 -0.2254494 0.3924810 0.4285974 0.0687300 0.0957475 0.4686514 0.3057417 0.3184618 0.2798754 0.1584923 0.3986066 -0.1048638 0.1904784 0.0131668 0.3905745 0.0898634 -0.0431848 0.2531002 0.0855742 0.0692210 -0.0055333 -0.1090775 0.4732272 0.4611679 0.4935153 0.3783433 0.1892314 0.2669207 0.5365806 0.5579598 0.2158495 0.4513343 0.6261023 0.5873547 0.4581794 0.4981862 0.4823461 0.6524569 0.4691297 0.1346285 0.5839329 0.5116617 0.5420311 0.3191757 0.4905898 0.4350526 0.4916743 0.4117557 0.4648411 0.4237424 0.4047772 0.5938372 0.3096782 0.4291432 0.5435500 0.5198562 0.3821828 0.4320031 0.5991073 0.6301776 0.3896345 0.3244493 0.4373957 0.5751610 0.7914999 0.5300813 0.2710621 0.6922816 0.7886002 0.1978604 0.4406678 0.6184596 0.1957894 -0.2952547 0.5478627 0.6705171 0.1850256 0.5265871 0.2607960 0.4521310 0.6823834 0.3913292 0.5424419 -0.0387613 0.4378815 0.3483461 0.2752836 0.2538836 0.7005819 0.3551591 0.3791377 0.3229160 0.3054440 0.4381344 0.1912566 -0.1422750 0.2048068 0.3943222 0.2952990 0.1698054 0.4024558 0.4281856 -0.1103064 0.1180205 0.4299447 0.1394020 0.0286579 0.3241176 0.3645157 0.2235535 0.3821730 0.4711332 0.0025956 0.0050778 0.4711288 -0.0427780 -0.3079268 -0.0018341 -0.2533522 -0.1696477 0.0028858 0.0205673 -0.2705841 0.1287522 -0.3586034 -0.0988096 -0.2720775 -0.1732669 -0.3378208 -0.2971499 0.6984810 -0.1790648 -0.2530741 0.7395976 0.6098111 0.5447738 0.4400589 -0.2149314 -0.2923095 0.5341522 -0.0179117 0.0646285 0.3411433 0.3548449 0.0772739 -0.0286598 0.6527713 -0.0626313 0.0291745 -0.1857603 0.3934750 -0.0947102 0.0883134 -0.0688513 -0.2095543 -0.2856283 0.0620010 0.2760277
