0.0000000 0.8592427 0.8126721 0.5313866 -0.0893742 0.5986924 0.7353736 0.5250727 0.4368338 0.4470495 0.3388784 0.6856828 0.4889186 0.0029451 0.5008964 -0.0368071 0.2770072 0.3670155 0.1051510 0.5890638 0.2743918 0.1538574 -0.1903448 0.5747980 0.2962484 0.2688618 -0.1866568 0.0352238 0.6592812 -0.0531207 0.2571264 0.2030775 0.3245835 0.4966112 -0.1668343 0.4327845 -0.0504466 0.1804272 0.0196698 0.0222257 0.2655106 0.6607600 -0.1211485 0.1598608 0.5343846 -0.0186243 -0.1121314 0.1616526 0.0521744 0.2513108 -0.2815284 -0.1883268 0.3737573 -0.1638714 0.2021754 0.1824304 -0.1690472 0.2493607 0.7202212 -0.3495180 0.4919351 -0.2731580 -0.1357432 0.0757920 0.4586221 -0.0842491 -0.2829888 0.1594332 0.0534668 0.1068279 -0.2123653 0.1439400 -0.1375901 0.4005040 -0.0879471 0.1447546 0.1872465 -0.0580588 0.1004355 0.0177905 -0.0511524 0.4907267 0.5540851 0.5111068 0.4584018 0.2005897 0.1778739 0.0975363 -0.1354210 -0.0311672 0.0546355 -0.1510883 -0.3348129 0.3263429 -0.0429143 0.1337295 -0.2246147 -0.1084720 -0.0231839 0.1289409 -0.0343711 -0.0272191 -0.0238725 0.5261255 -0.0751235 0.0904836 0.2016109 -0.3946794 -0.3702969 0.0165192 -0.4466764 0.1510004 0.3465655 0.2968997 0.3867197 0.1253201 0.0752889 0.2158036 0.2586928 0.0590720 -0.0328290 0.1889157 -0.2578779 0.0967184 -0.3804407 0.1043282 -0.2579639 -0.3894909 0.1426870 -0.4296449 -0.2460908 -0.2353126 0.0103830 -0.1121452 -0.2253965 -0.2745958 -0.2575612 0.1201399 -0.0514302 -0.2633111 -0.4546365 -0.2668013 0.1914321 -0.4245250 -0.1900460 -0.3580395 -0.1768464 0.0086109 -0.3212744 -0.1406364 -0.4727973 -0.6948748 -0.4334402 -0.4417474 0.1454709 -0.6249329 -0.2499635 -0.0267870 -0.0247533 -0.4804182 0.1026541 -0.3478931 -0.3712839 -0.7116296 -0.2249869 -0.5073475 -0.2944998 -0.2699231 -0.1320607 -0.4057864 0.1440901 -0.1818389 0.1197204 -0.0272694 0.7498040 0.6936485 0.6398289 0.4834317 0.5150288 0.4608612 0.6623556 0.5907456 0.4902104 0.4122786 0.7988890 0.6058299 0.6675145 0.4467742 0.3441265 0.2657034 -0.0040040 0.1569212 0.5642788 0.3972164 0.5699343 0.5066391 -0.0183246 0.5813156 0.3500833 -0.3146170 -0.6006386 -0.4427767 -0.0530530 -0.2486079 0.6128848 0.4116069 0.0421279 -0.0361636 -0.6623111 -0.2917989 -0.1582225 -0.0856341 0.6530377 0.6478294 0.4957856 -0.0636474 0.4160834 0.2121434
0.8592427 0.0000000 0.5623187 0.3672325 -0.3942091 0.6274019 0.7438972 0.4083842 0.2736900 0.5701630 0.2491793 0.5335834 0.2920063 0.0739382 0.2241801 -0.0405596 0.3685259 0.0284760 0.0521396 0.3188520 0.1899985 -0.0310164 -0.1113851 0.3984199 0.1677976 0.2037161 -0.3595014 -0.1728986 0.5035374 -0.1854421 0.1087535 -0.0431484 0.1215333 0.2685746 -0.1061726 0.2536446 -0.0554203 -0.0678117 0.2396220 0.0037858 0.0006699 0.5895935 -0.0383717 0.1075204 0.4593378 -0.0470877 -0.0484377 -0.0878684 -0.0234716 -0.0260294 -0.2283832 -0.0130754 0.2140732 -0.0677346 0.0280676 0.0718579 -0.1094687 0.1645997 0.6740306 -0.2527152 0.4934817 -0.2017343 -0.3767181 -0.1060681 0.3470730 -0.1623717 -0.2462612 0.0465509 -0.3041768 -0.0441166 -0.2543228 -0.0199393 -0.2335623 0.2863610 -0.3146406 -0.0032706 0.0700774 -0.1010285 0.0311546 -0.0922128 0.0286024 0.2265881 0.2788144 0.2085966 0.1115452 0.0951688 -0.1264314 -0.0972473 -0.3529619 -0.1740908 -0.2216998 -0.2708400 -0.3464044 0.2386115 -0.3369657 -0.0986242 -0.2972212 -0.1481651 -0.2736543 0.0734304 -0.3133384 -0.0175856 0.0507712 0.4028065 -0.1546489 -0.1572790 0.1993193 -0.3418583 -0.2869559 0.0380023 -0.4615221 0.1538583 0.3436788 0.3738457 0.5347748 0.1972532 -0.0082942 0.2884142 0.3471227 0.1935431 0.0092431 0.0115313 -0.2466858 0.0733338 -0.2183005 0.0623064 -0.4557291 -0.5140113 0.2073025 -0.4524393 -0.2093919 -0.4904198 -0.1590329 -0.1912485 -0.4313183 -0.2617094 -0.2441295 0.2326354 -0.1216675 -0.3401030 -0.4283953 -0.1312847 0.0846323 -0.4588208 -0.1430716 -0.2976923 -0.2930634 -0.0517166 -0.2829223 -0.2417970 -0.6920294 -0.6710547 -0.3951369 -0.3743427 -0.1829206 -0.7953089 -0.2051912 -0.1038896 0.0130519 -0.6859989 -0.0480529 -0.4392246 -0.5495808 -0.7120379 -0.3382213 -0.3955704 -0.2010269 -0.2175136 -0.0826249 -0.3178959 0.1599638 -0.0960758 0.4469604 0.3414392 0.9301253 0.8360007 0.7083428 0.5991771 0.4090594 0.3083272 0.5353884 0.5970167 0.4012878 0.3634175 0.7080304 0.4180756 0.4973389 0.2630943 0.2978501 0.1886402 -0.0280290 0.0863248 0.6095602 0.1665339 0.4282728 0.4234465 -0.0536892 0.6592472 0.3753487 -0.1936535 -0.5357592 -0.3050735 -0.0838735 -0.3924017 0.4397789 0.2394662 0.3171838 -0.0449892 -0.6102242 -0.1266487 -0.1148133 -0.0213117 0.4328042 0.8055119 0.4196911 -0.3100027 0.2808417 0.0831527
0.8126721 0.5623187 0.0000000 0.6441798 0.2477664 0.5267789 0.5341739 0.6808829 0.5101284 0.3674272 0.3590570 0.6104490 0.8080505 0.0029036 0.5579353 0.0172610 0.1973354 0.4351289 0.1955814 0.7273100 0.2859749 0.4315281 -0.1226730 0.5561547 0.5427776 0.3471839 -0.1394973 0.0837959 0.7007707 0.0650025 0.5140931 0.4279075 0.3279652 0.5394372 -0.0693906 0.5158491 -0.0091148 0.5262089 -0.1270950 0.1139525 0.5890841 0.6242281 -0.1212885 0.1950508 0.6127398 0.1033518 -0.0267469 0.5278414 0.1298765 0.2491393 -0.1922941 -0.1738640 0.4554635 -0.1045435 0.4742292 0.2762890 -0.1039095 0.3258048 0.6487754 -0.3883462 0.5299748 -0.2028197 0.0595310 0.2144366 0.4835215 -0.0956038 -0.3648291 0.3126667 0.3081391 0.1596644 -0.3449007 0.1231549 -0.1232048 0.5312778 -0.0660457 0.2765779 0.3025580 -0.2314769 0.0909610 -0.0359778 -0.2566484 0.6653253 0.8286792 0.6048028 0.5828315 0.2992085 0.4644706 0.1784125 0.2137652 0.2160600 0.3550492 0.2543630 -0.0600608 0.3185592 0.2020384 0.2687798 -0.1706609 -0.0041385 0.1665179 0.1187881 0.1596067 0.1576006 0.2080784 0.6087434 0.1744867 0.2984323 0.3526690 -0.0394467 0.0792816 0.3835956 -0.0767119 0.2922271 0.2773523 0.1563477 0.3529938 -0.0223458 0.0094792 0.1752427 0.1181153 0.1269170 0.1991442 0.2409431 -0.2263664 0.1660898 -0.0267818 0.2292019 0.0851959 -0.0169510 0.3661835 -0.0004953 0.1787566 0.2088853 0.3964920 0.3033633 0.1258425 0.1581105 0.1675777 0.3129796 0.3338481 -0.1156252 0.0223964 0.0052632 0.2271740 -0.0034935 0.1435658 -0.1027535 0.1924793 0.3338223 -0.3304988 0.1492837 -0.1749485 -0.3988546 -0.1558846 -0.1843216 0.3216265 -0.3553779 -0.3367359 0.0517194 -0.1832039 -0.1672425 0.1192795 -0.2232304 -0.4649844 -0.5960827 -0.1969197 -0.6715681 -0.3929474 -0.3740853 -0.3141444 -0.4886943 -0.0530456 -0.3340517 -0.0059761 -0.1709336 0.4276789 0.2961910 0.3000789 0.1734093 0.3586937 0.4454007 0.6282250 0.4045593 0.4082875 0.2960287 0.6544974 0.6832725 0.7048088 0.6338335 0.4148318 0.2316367 0.0079673 0.1701649 0.3813666 0.4384686 0.3708112 0.3355535 0.0533179 0.2339244 0.0517614 -0.1500285 -0.4776375 -0.3112180 0.1200048 -0.0975109 0.5773243 0.4581760 0.1409369 -0.0398581 -0.4782652 -0.2006446 0.0473631 -0.2589316 0.6620055 0.4416889 0.4174127 0.0935419 0.3960083 0.2452805
0.5313866 0.3672325 0.6441798 0.0000000 0.0918837 0.8219895 0.5598896 0.8411845 0.6856412 0.4284740 0.4852270 0.7494644 0.7994423 0.1222762 0.6911912 0.2884803 0.3709613 0.5031161 0.4454699 0.3928128 0.6191124 0.5541802 0.2037192 0.5709590 0.5664573 0.6317690 0.2191922 0.2477920 0.7866362 0.3849073 0.6326403 0.4331762 0.3989766 0.5535852 0.1957573 0.5788626 0.3282650 0.6491527 0.1582288 0.4854646 0.6708962 0.5643926 0.2326166 0.3698290 0.6259834 0.3786615 0.3260640 0.4501809 0.4585847 0.3089675 0.1334329 0.1937251 0.6369005 0.5028898 0.4971108 0.5296008 0.2747873 0.6965095 0.5985055 0.0019672 0.6162453 0.2731267 -0.1151838 0.6257570 0.8367990 0.2440145 0.1436995 0.7322149 0.2278312 0.5297134 0.0535359 0.5349996 0.3759215 0.7466884 0.0263366 0.6332331 0.5753609 0.1096595 0.6073946 0.4964347 0.2891003 0.3715459 0.3945994 0.2307673 0.3016940 0.1478266 0.4902503 0.1040897 0.1588320 0.1320464 0.1530880 0.0609069 0.1071179 -0.0740215 0.4021955 0.0882916 -0.2598297 0.0194620 0.2839049 -0.0438599 0.1241108 -0.1136667 0.2188696 0.4244161 -0.0954385 0.3402915 0.0201764 0.1650718 -0.1070504 0.2781605 -0.0055271 0.0166526 0.1997659 0.1367867 0.1604712 0.0759566 -0.1078700 -0.0577965 0.0187872 -0.2826791 -0.0804479 0.4303464 -0.0705914 -0.1558158 -0.3019658 -0.0707197 0.2168407 -0.2336534 0.0885233 -0.0344622 -0.1528920 0.0924609 0.0188408 -0.1534528 0.2524830 -0.1105224 -0.1672663 -0.0751056 -0.0887511 -0.1206966 -0.1513736 0.0738620 0.4670143 -0.1934776 -0.2803281 -0.0127908 -0.1668539 0.2030191 0.1448810 0.2594613 -0.0101622 -0.5551375 -0.0948318 0.0571356 0.2445694 -0.2595507 0.0911863 0.1708351 0.2588439 0.1347727 0.3934941 -0.0571301 -0.5040515 -0.3562946 0.1502742 -0.5471409 0.1082438 0.0764205 0.0849174 -0.1086920 0.2150239 0.1216583 -0.4114368 -0.4713423 0.3377925 0.2525301 0.2916311 -0.0959065 0.6332719 0.5996968 0.4287929 0.4433035 0.5432112 0.3787219 0.3752572 0.8937553 0.1720207 0.2568018 0.5849439 0.5279492 -0.1952176 0.5516512 0.5191116 0.3373551 0.3715160 0.2174645 0.0324620 0.3272590 0.4677067 -0.1632278 -0.3086268 -0.0439748 0.3631797 0.3027461 0.4390308 0.7751645 0.0522990 0.2377394 -0.3108649 0.0313012 0.2550274 0.1256892 0.6336558 0.3955720 0.5460434 0.1428246 0.6887141 0.5422146
-0.0893742 -0.3942091 0.2477664 0.0918837 0.0000000 -0.2178793 -0.1967955 -0.0435072 0.2370633 -0.3876277 -0.2392683 0.0375860 0.1844822 -0.2956850 0.2918538 -0.2136429 -0.4086298 0.3760809 -0.1734977 0.2464993 -0.2324745 0.2246753 0.0776159 0.0715529 0.0293522 -0.1031978 0.1284645 0.1455050 -0.1047345 0.1534735 0.3718477 0.2138743 0.1803297 0.1325216 -0.0372167 -0.1747973 -0.0006330 0.4110027 -0.4275124 0.1216815 0.5335856 -0.2794704 -0.1148580 -0.0610349 -0.2481684 0.2592655 0.0777165 0.6644294 -0.0478723 0.6126298 0.0135300 -0.2874982 -0.1708834 -0.2457495 0.5311523 0.4139608 0.0794742 -0.0368954 -0.2418385 -0.0543085 -0.3326358 -0.1013210 0.5990249 0.0753756 -0.1100500 0.1697372 -0.0547387 -0.0250718 0.5994080 -0.0327605 0.1047952 -0.0134246 0.2169778 0.0442727 0.5118526 0.1380295 -0.0437376 0.1929151 0.1473984 0.1140645 -0.0694719 0.1693964 0.3979818 0.2831148 0.4128549 0.1962447 0.3850899 0.4027964 0.6373342 0.6126441 0.2621542 0.3406158 0.2123331 0.0575100 0.4987419 0.1803340 0.1675843 0.1245974 0.6988702 0.0836513 0.6941451 -0.0515281 0.0074971 0.2656514 0.1335171 0.3043182 0.0679992 0.0954596 0.2018598 -0.0069802 0.3588138 0.1452673 -0.2814713 -0.3264885 -0.2986400 -0.3505921 -0.0418290 -0.2103240 -0.1907698 0.1603692 0.2386345 0.1417933 0.3749028 0.1349856 0.0944601 -0.0412164 0.3713974 0.6982950 -0.2571598 0.2291792 0.0516265 0.6146953 0.2150509 0.2788395 0.5860180 0.4652348 0.0698258 -0.1545082 0.1228461 0.3164922 0.3646001 0.1211597 0.2639887 0.5291807 0.0646197 0.3825210 0.1764108 0.1089547 0.1466914 0.3305968 0.4471584 0.3332314 0.2727907 0.1403304 0.3349539 0.4770834 0.0564474 0.0212649 -0.0549973 0.2886721 0.0283687 0.2606537 0.1852690 0.2490658 0.1403294 -0.0751586 0.0389383 0.0515917 0.0277991 0.1448145 -0.2489017 -0.1064295 -0.3180419 -0.3215489 -0.4511391 -0.4052678 -0.2782410 -0.2285437 -0.1826576 -0.0582090 0.0652627 -0.3801975 -0.3336468 -0.3965143 -0.1621045 0.0270642 0.1000067 0.3454436 -0.2204093 -0.2725243 0.5032175 -0.2022470 -0.4397689 0.2461175 -0.1544930 -0.2906418 0.2629713 -0.4851598 -0.2533053 -0.0814638 0.3679390 0.2705334 0.3435533 0.3641824 0.2797252 0.2654472 -0.2319727 0.2840110 0.3720925 0.2670636 0.1603451 -0.0110373 0.1937289 -0.3021656 -0.1073631 0.4178197 0.2654699 0.3714893
0.5986924 0.6274019 0.5267789 0.8219895 -0.2178793 0.0000000 0.7433299 0.7512387 0.5099578 0.6493303 0.5866141 0.6897733 0.6257763 0.2281467 0.4676967 0.3798953 0.6590595 0.2388173 0.4263556 0.3539283 0.6770183 0.3641611 0.3726675 0.3927473 0.3964738 0.6186794 0.0638661 -0.0211989 0.7139505 0.0749320 0.4006254 0.2134656 0.1561051 0.3626769 0.2899049 0.5799603 0.3596830 0.4368715 0.3939380 0.2708627 0.3008869 0.6454465 0.3904980 0.1294431 0.6592759 0.3437811 0.3100642 0.1987725 0.2901988 0.0010938 0.1522546 0.3880377 0.6104385 0.4504474 0.1711025 0.3253938 0.2656582 0.5774244 0.6799185 0.0544746 0.7466051 0.3189343 -0.3305275 0.5521827 0.8174434 0.0929566 0.1890964 0.6312640 -0.0636770 0.4763686 0.0071817 0.5690106 0.2635452 0.7138242 -0.3277769 0.5226355 0.6292518 -0.0840585 0.4349208 0.2824178 0.1621753 0.0297140 0.1418849 0.1218954 0.1115711 -0.0313289 0.1001811 -0.1723996 -0.1366919 -0.1101587 -0.0354122 -0.0645857 -0.1534824 -0.0268462 0.1719178 -0.0950683 -0.3445174 -0.2395763 0.0845369 -0.0905607 -0.1126859 -0.1924645 0.0445462 0.3454618 -0.2796244 0.0587524 0.0213759 0.0289018 -0.1375453 0.2141158 -0.1329143 0.1136671 0.2751918 0.2884245 0.4509504 0.2422107 -0.1223682 0.0276935 0.0877174 -0.0544766 0.0033604 0.2054443 -0.2837694 -0.2047262 -0.2003699 0.1000172 -0.1706414 -0.5963178 0.0939181 -0.2474993 -0.1414594 -0.3278585 -0.0448741 -0.1682657 -0.2092139 -0.2868246 -0.1348277 0.0284050 -0.0655632 -0.0842587 -0.2934660 0.1963925 0.4440252 -0.3143205 -0.1405338 -0.1318909 -0.1874625 0.2237962 0.1151076 0.2112463 -0.1467405 -0.6260698 -0.1120255 0.0583485 0.0777143 -0.5793799 0.1586532 0.2639567 0.3602985 -0.1084929 0.3508899 -0.0602381 -0.6318634 -0.4454926 0.1078119 -0.3698356 0.2003331 0.1283889 0.0873844 -0.0036301 0.4102778 0.2568748 -0.0192642 -0.1360278 0.6118502 0.4321059 0.3428738 0.0199139 0.6102676 0.5148670 0.2731095 0.5301442 0.5561523 0.3776035 0.5233614 0.7228119 0.1283115 0.0180475 0.7316302 0.6178306 -0.2778675 0.5730268 0.7339995 0.0122065 0.4161447 0.1751607 0.1591767 0.6688134 0.4147720 0.0202728 -0.6022579 -0.2724089 0.0387918 -0.0533036 0.3912534 0.4950966 0.3014504 0.0741931 -0.6004593 -0.1976899 -0.0485301 0.0623476 0.4759510 0.6552616 0.6229721 -0.1318120 0.4993174 0.2722510
0.7353736 0.7438972 0.5341739 0.5598896 -0.1967955 0.7433299 0.0000000 0.3103598 0.5188839 0.4051293 0.0708155 0.7637719 0.3195834 0.4814502 0.5647569 -0.2202303 0.3630714 0.3806997 -0.1775969 0.4060032 0.3695064 -0.0192966 0.0299770 0.6202069 -0.0412517 0.0819052 0.0883357 0.3472894 0.6268185 0.2557557 0.1178675 -0.1426701 0.4701752 0.5488862 -0.2303351 0.3064766 -0.0991811 0.1529662 0.0679112 0.3812125 0.1986028 0.4516830 -0.0696227 0.4475737 0.6080764 -0.0507027 -0.0995528 0.1219058 0.5203392 0.0894767 -0.3263954 -0.0826366 0.5559450 0.1542051 0.1378050 0.1431546 -0.0873182 0.3539561 0.5248596 -0.3447263 0.5032476 -0.2069455 -0.1343565 0.1147590 0.5216784 -0.1880090 -0.2701704 0.0674325 -0.1481302 -0.0945754 -0.3346148 0.0989796 -0.1328280 0.2553051 -0.3228994 0.0034925 0.1139845 -0.0898618 0.1556180 -0.0715418 0.1215218 0.1473227 0.2064520 0.0760875 0.1140885 -0.0863243 -0.0887581 0.0364858 -0.1765975 0.0170362 -0.2061639 -0.2838882 -0.4870173 -0.0952919 0.0438725 -0.2666261 -0.4328954 -0.4597295 -0.0814068 -0.1334576 -0.3309723 -0.3895047 -0.2282120 0.4622827 -0.4432758 -0.2172646 -0.1591375 -0.3322132 -0.3756649 -0.1090778 -0.4693555 -0.0691579 -0.0659880 -0.0778298 0.1620618 -0.1038515 -0.2725754 -0.1507510 -0.0818666 -0.0220069 -0.2298389 -0.1291892 -0.0013193 -0.3462454 -0.3404644 -0.1401440 -0.4237053 -0.5084821 -0.1676392 -0.6237370 -0.3833715 -0.5131069 -0.2624351 -0.2242111 -0.4219347 -0.3674168 -0.3467675 -0.2165055 -0.2822526 -0.3402211 -0.3609940 -0.0614883 0.2443702 -0.3836000 -0.2968728 -0.4457504 -0.4061422 -0.0821628 0.0053534 -0.0703051 -0.3476633 -0.7534734 -0.3826052 -0.2277526 -0.1216807 -0.7430265 0.0254831 -0.0904453 0.2224879 -0.4131474 0.1233327 -0.2260206 -0.6626947 -0.4902707 -0.1274062 -0.5055077 -0.0331520 -0.0108942 -0.0641266 -0.1098949 0.2051601 0.0326426 0.0244004 -0.1513923 0.6719103 0.5285031 0.4477333 0.2001326 0.4287839 0.3575215 0.4709797 0.3420109 0.2841129 0.1618999 0.5165162 0.5287285 0.3131459 0.3599711 0.3611844 0.2392505 -0.0527358 0.0373430 0.4332562 0.0595755 0.2770273 0.1927498 0.3714310 0.5130063 0.2342236 0.0752477 -0.5699244 -0.3444885 -0.0669267 -0.3163272 0.3100730 0.3685151 0.1595094 -0.1561001 -0.5282189 -0.3098719 -0.1859178 -0.2179734 0.5655419 0.4396018 0.2832050 -0.1002084 0.6368434 0.4762092
0.5250727 0.4083842 0.6808829 0.8411845 -0.0435072 0.7512387 0.3103598 0.0000000 0.5705069 0.5816935 0.7612675 0.5371953 0.8835121 -0.0909044 0.4912089 0.4904358 0.4415667 0.3551780 0.7074777 0.3359899 0.5862730 0.5824820 0.1020994 0.4191541 0.7495867 0.7767473 -0.1388206 -0.1017312 0.7550974 -0.0089001 0.5565491 0.5313940 0.1581274 0.3923081 0.2775334 0.6604171 0.3598457 0.5709559 0.2907980 0.1576169 0.4793838 0.7018507 0.2567136 0.0926579 0.6005518 0.3202754 0.2982456 0.3098628 0.1056071 0.0617830 0.1610875 0.2758416 0.5278472 0.3647717 0.2903065 0.3134176 0.1787144 0.5119328 0.6674152 -0.0244761 0.6958642 0.2731394 -0.2560591 0.5390999 0.7649122 0.1474888 0.1056515 0.7803849 0.2066259 0.6240010 -0.0175844 0.5368108 0.1918615 0.8226718 -0.1752430 0.6273989 0.6735779 -0.2003263 0.3205432 0.3271782 -0.0562581 0.3320631 0.3984444 0.3159407 0.3454661 0.2307354 0.5182109 -0.0088804 0.1197943 -0.0445702 0.3296674 0.3254685 0.2681748 0.2361871 0.2692965 0.3910952 -0.0171246 0.2415490 0.1597728 0.0616222 0.1741295 0.2436207 0.3791833 0.3045653 0.2493347 0.5258908 0.3861928 0.2238366 0.1953604 0.5590926 0.1595157 0.3730258 0.5974246 0.5281921 0.5288377 0.4096619 0.2011610 0.3228584 0.2978458 0.0041013 0.2862996 0.6078252 -0.4182805 0.1803145 -0.0109682 0.2707947 0.3148795 -0.2225433 0.4716127 0.2718783 0.1865223 0.2345547 0.3239480 0.1441120 0.2627002 0.0980965 0.1671172 0.3383435 0.2464661 0.0582662 0.0061294 0.1421018 0.3528978 -0.0537007 0.0714290 0.1233126 0.1561124 0.4270982 0.0034401 0.2592456 -0.0514438 -0.3599106 0.0215379 0.1521907 0.3305295 -0.2160930 -0.0079673 0.3545240 0.1436823 0.1498519 0.4050503 -0.0107797 -0.3887510 -0.4007348 0.1523640 -0.4367132 0.0598278 0.0057254 0.0654044 -0.1790271 0.3258967 0.1321310 -0.1779184 -0.2101771 0.3440030 0.2896693 0.2951793 -0.0106636 0.5597407 0.5338193 0.3274809 0.5078673 0.6038495 0.4551087 0.5048238 0.8524271 0.2999146 0.0625042 0.6779967 0.6556723 -0.2317326 0.6523178 0.6587055 0.3481316 0.4898948 0.3201612 -0.2011283 0.4393021 0.3617385 -0.2111001 -0.4256547 -0.1386797 0.1669362 0.1545522 0.3951969 0.4783623 0.1582246 0.1185063 -0.4515628 -0.0335795 0.1698182 0.1551628 0.4252234 0.5500871 0.6440273 -0.1188518 0.2767484 0.1072191
0.4368338 0.2736900 0.5101284 0.6856412 0.2370633 0.5099578 0.5188839 0.5705069 0.0000000 0.3946431 0.2011968 0.7986222 0.4966262 0.3089117 0.8422144 -0.3025834 0.0032204 0.8374134 -0.0025789 0.0772044 0.4330660 0.0292847 -0.2552445 0.8498875 0.1429230 0.1886883 -0.0438236 0.4575960 0.7200640 0.3058889 0.1642333 -0.0071216 0.7409468 0.8115954 -0.3119655 0.3757831 -0.1702586 0.2296040 0.1419234 0.5589517 0.3841241 0.4180419 -0.1343563 0.5283748 0.5098164 -0.0799873 -0.1005384 0.1852593 0.5799070 0.3816822 -0.3797871 -0.1505186 0.6006794 0.2900202 0.1500195 0.1600805 -0.2015124 0.2821000 0.4177094 -0.5023153 0.4139470 -0.2244313 -0.1080629 0.1390995 0.5428714 -0.1679775 -0.3021140 0.2560280 0.1218450 0.0784830 -0.3267077 0.1486152 -0.1455844 0.3890591 -0.1666420 0.1578059 0.1702766 -0.1822340 0.1145723 0.0937353 0.0276829 0.2555723 0.1784165 -0.0861049 0.3039005 0.1364828 0.4175935 0.4313107 0.1744074 0.1643170 0.1977912 0.2840477 0.1524879 0.0691797 0.2993757 0.3462832 0.2080044 0.2101219 0.1207549 0.0404240 0.1141077 -0.0603829 0.0205435 0.3746572 0.1738229 0.3957192 0.1458168 -0.2587075 0.0385264 0.1428619 0.0194966 0.2398550 0.1991566 0.1079077 0.0225510 0.0769089 0.1443181 0.0948868 0.1075934 0.1692605 0.1528306 0.4620684 0.1480402 0.0602076 -0.1596258 -0.1647761 0.1679209 0.0713945 -0.0169025 -0.0153550 -0.2667278 0.2175038 -0.1386088 -0.0100366 0.2859145 0.1581880 -0.2231626 -0.1718746 -0.2581229 0.1684320 0.0246020 -0.1286135 0.1817884 0.1151102 -0.3332350 0.0322602 -0.3001365 -0.0383797 0.2410681 0.0684775 0.0117683 -0.3965393 -0.1660056 0.0696151 0.0173337 -0.1837533 0.1758241 0.0578251 0.2428487 0.2230959 0.2963835 0.1293195 -0.3406427 -0.0789589 0.1538727 -0.4912936 0.1579741 0.2390809 0.3042271 0.1114991 0.3132054 0.2501207 -0.4131175 -0.4403103 0.1931615 0.3466694 0.4707495 0.0349652 0.5622168 0.5156646 0.5213438 0.1825727 0.2510406 0.0611998 0.3819713 0.7065479 0.2612035 0.2015561 0.3078371 0.4358947 0.3773851 0.1526098 0.2922476 0.5946981 0.3966195 0.2747997 0.2198630 0.2909360 0.2865025 -0.1463442 -0.0940686 -0.0599081 0.0564431 0.0535461 0.0962300 0.3528112 -0.1340023 -0.0377641 -0.0401202 0.0496912 0.0401985 0.2189263 0.4111181 0.1676347 0.3220363 -0.1139811 0.5355728 0.5535542
0.4470495 0.5701630 0.3674272 0.4284740 -0.3876277 0.6493303 0.4051293 0.5816935 0.3946431 0.0000000 0.6794352 0.5311046 0.3305586 0.3908752 0.0534265 0.2366159 0.6304406 0.0145103 0.2134591 -0.0333472 0.6697164 -0.1399230 0.1779895 0.2988736 0.1855647 0.2759750 -0.1468000 -0.2625055 0.5570623 -0.1062371 -0.1398458 -0.1453278 0.0726710 0.3608809 0.2112188 0.5683341 -0.1040814 -0.1612693 0.8064756 0.1268332 -0.2280946 0.7687333 0.4014566 -0.0491544 0.6841816 -0.1095677 -0.0913043 -0.3446326 0.1251484 -0.2865102 -0.0364900 0.4804039 0.6114704 0.4302819 -0.2631892 -0.1963655 -0.2041168 0.3577625 0.7564405 -0.1986740 0.8491932 0.2283068 -0.7227904 0.2775391 0.5769483 -0.4043110 -0.0626238 0.4134426 -0.4602206 0.3421399 -0.2776536 0.3527472 -0.1297125 0.5489008 -0.6295224 0.2881386 0.4679067 -0.3971610 0.0130023 -0.0616244 -0.0989859 0.0961851 -0.0530315 -0.1117960 -0.0933846 -0.1178965 -0.1778519 -0.2476832 -0.5275034 -0.4608982 -0.0979631 -0.0414931 -0.1267929 0.1629752 -0.4323828 0.0053406 -0.0941586 0.0000210 -0.4351094 0.2959839 -0.2680948 0.0413862 0.0739484 0.3168502 0.0353094 -0.0673493 0.1542631 -0.2032193 0.0229890 0.2064596 -0.1771494 0.1345406 0.4502563 0.4586878 0.5592362 0.3641078 0.2732324 0.4827287 0.4666737 0.3218607 0.2874091 0.1095835 -0.3933077 0.2607842 0.0991065 0.3601530 -0.3614614 -0.4398357 0.4245426 -0.0824445 0.0145573 -0.2751172 -0.0591280 -0.0998908 -0.4034308 -0.0995180 -0.0376254 0.2521487 -0.0594565 0.2350693 -0.2903333 -0.0877436 -0.2686497 -0.0925904 -0.1079846 0.0328221 -0.2620862 -0.0514065 -0.3837281 -0.1280640 -0.3365894 -0.2683314 -0.3381394 -0.1895804 -0.3238925 -0.5675047 -0.2824664 -0.0164352 -0.1446679 -0.1407454 -0.1179085 -0.3394678 -0.5144424 -0.4778506 -0.3248466 -0.2019136 -0.1688620 -0.2105922 -0.1104755 -0.3214070 0.1474477 -0.0015580 0.4155950 0.3400318 0.6905562 0.6403844 0.6011954 0.4440015 0.6833077 0.6792464 0.4692823 0.6979012 0.5900573 0.4526326 0.6663815 0.3207383 0.2097628 -0.1059065 0.6859368 0.5781711 0.0677962 0.5318832 0.7923751 0.3445377 0.6482886 0.5967807 0.1839520 0.7738972 0.2709301 0.1635431 -0.4443233 -0.3803763 -0.3881415 -0.2725748 -0.0790823 0.0907920 0.5215705 -0.2717632 -0.4509060 -0.1611351 -0.1983376 0.2969718 -0.0596384 0.6680058 0.5414547 -0.4637523 -0.1292220 -0.2475384
0.3388784 0.2491793 0.3590570 0.4852270 -0.2392683 0.5866141 0.0708155 0.7612675 0.2011968 0.6794352 0.0000000 0.2224189 0.5565529 -0.0748115 0.0352865 0.7590905 0.7301563 0.0699092 0.7371114 0.1786860 0.6154516 0.3537421 0.3333595 0.0483864 0.5288709 0.7023660 -0.0055096 -0.3476876 0.4359230 -0.2273205 0.1654230 0.3940510 -0.1598579 0.0915701 0.4743440 0.6645149 0.3545968 0.2367754 0.5445284 -0.1718834 -0.0416497 0.6370523 0.4670238 -0.3049043 0.4167788 0.1405127 0.1267380 -0.1318960 -0.1691292 -0.2655246 0.2855357 0.4919712 0.4540520 0.2755884 -0.1854284 -0.0727135 0.0356700 0.3186690 0.5696828 0.1395450 0.6644752 0.4298589 -0.4721200 0.6013963 0.6295750 0.0091357 0.2838867 0.7389011 0.0236797 0.7750530 0.1180678 0.7547311 0.2069581 0.7244975 -0.3051543 0.5835784 0.8044426 -0.2634893 0.1536903 0.2760209 -0.1672906 0.0934131 0.0355815 0.2532584 0.0942066 -0.0489744 0.1067161 -0.3909106 -0.2446870 -0.4927027 0.2007887 0.1122566 -0.0303461 0.2330289 0.0367833 0.2932654 -0.0632069 0.0187749 -0.0514482 0.1596714 0.0867794 0.1180606 0.0555299 0.0245846 0.0999242 0.3121430 0.1890367 0.1140595 0.0362442 0.2989585 0.0061767 0.2335195 0.6216629 0.6145844 0.5623790 0.6047863 0.4356681 0.3733997 0.3659217 0.0401981 0.3349755 0.4649176 -0.6729069 0.1777377 0.0453577 0.6378332 0.1239909 -0.4277107 0.4903941 0.1849367 0.2078908 0.0088660 0.3457126 0.0772728 -0.0675886 -0.1122322 0.1799206 0.3422972 0.2857675 0.2540030 -0.1958275 0.0625833 0.0853146 -0.1131580 0.1280658 0.1507388 0.2067833 0.3691662 -0.1738488 0.1742900 -0.0277008 -0.1811589 -0.0089126 0.0959735 0.3645011 -0.1423587 -0.1125317 0.4484536 0.0705076 0.1338672 0.3473835 -0.0343452 -0.1332132 -0.4152081 0.1653103 -0.1128781 0.0437527 -0.0419209 -0.0189689 -0.2262218 0.3578681 0.1477066 0.0116329 -0.0114510 0.2772941 0.2456536 0.1872759 0.0461182 0.5345169 0.4858520 0.0628239 0.5570589 0.6041082 0.4819275 0.4887686 0.4333657 0.0864166 -0.3533966 0.7716455 0.7697325 -0.3572362 0.8362726 0.7982994 0.1884308 0.7095529 0.4668330 -0.0647449 0.6520605 0.3041690 0.0296550 -0.5558900 -0.3164207 -0.2163389 0.1021468 0.1172712 0.1430977 0.2510064 -0.1579613 -0.6095913 -0.2594049 -0.1036072 0.2977596 -0.0049634 0.4560229 0.6675144 -0.2965619 -0.2201715 -0.3987273
0.6856828 0.5335834 0.6104490 0.7494644 0.0375860 0.6897733 0.7637719 0.5371953 0.7986222 0.5311046 0.2224189 0.0000000 0.4346936 0.3849990 0.7976949 -0.2301970 0.1163035 0.6506956 -0.0476705 0.2864876 0.6178457 0.0183412 -0.1219170 0.8188418 0.1351973 0.1517323 0.0821317 0.3869646 0.8758334 0.3388803 0.1849965 -0.0244788 0.6790724 0.8572016 -0.2016215 0.5133190 -0.1601374 0.2219945 0.2098829 0.5249424 0.3838261 0.6897535 0.0513339 0.4776671 0.7766392 0.0535621 -0.0503822 0.2102261 0.5833723 0.4490899 -0.2899064 -0.0086627 0.7392342 0.3928017 0.2629167 0.2986285 -0.1025437 0.5832809 0.6976454 -0.3840296 0.6473534 -0.0531534 -0.1020501 0.2928310 0.6723335 -0.1057161 -0.1681629 0.3215176 0.0361135 0.1666673 -0.2122563 0.2505010 0.0358673 0.4650700 -0.1538571 0.2853259 0.2321160 -0.0703679 0.2800099 0.0944705 0.1342725 0.3021079 0.2926514 0.1222115 0.4047178 0.0897622 0.3107831 0.3898570 -0.0645958 0.1182051 0.0626461 -0.0240448 -0.0450573 0.1052127 0.0758526 0.1089231 -0.0245310 0.0358134 0.0357525 0.1670462 0.0028314 -0.1870687 -0.0436506 0.6569881 -0.0875983 0.1259348 0.0161646 -0.4337000 -0.2948721 -0.0174486 -0.2774358 0.0145845 0.1322363 0.0406721 0.1146574 -0.0855790 -0.0438634 0.1184212 0.1045722 -0.0120895 -0.1419397 0.1805521 0.0077744 0.0105303 -0.4387756 -0.2517254 -0.2540082 -0.3234887 -0.1258984 -0.4041367 -0.4465129 -0.1546323 -0.2761956 -0.3046104 -0.1368053 -0.3080384 -0.4329396 -0.3224410 -0.4040123 -0.0250167 -0.4206661 -0.3272713 0.1477271 -0.2742771 -0.5228272 -0.3750358 -0.5051462 -0.2657589 -0.0818697 -0.1238100 -0.1259541 -0.6125522 -0.5206181 -0.3626067 -0.1650101 -0.5719424 -0.0171251 -0.1730772 0.0755029 -0.0251297 0.0447360 -0.1830712 -0.4171536 -0.2768580 -0.1610615 -0.4034336 -0.0859994 -0.0448683 0.0490069 -0.1058261 0.1630152 0.0272672 -0.1860372 -0.3233383 0.5552555 0.5554841 0.6364033 0.2891641 0.7479741 0.7444677 0.7449146 0.4969695 0.5308941 0.3330153 0.6331894 0.7294669 0.4248416 0.4147900 0.4099271 0.3671906 0.2413117 0.2247446 0.4464126 0.5322331 0.4652568 0.4015828 0.1798343 0.5011910 0.3329792 -0.2123196 -0.3372214 -0.4132156 -0.1040893 -0.1871302 0.3460625 0.5320176 -0.1089731 0.0454967 -0.2847434 -0.2439966 -0.2241371 0.0332543 0.5819910 0.4556528 0.3848811 0.0628768 0.6410252 0.5265745
0.4889186 0.2920063 0.8080505 0.7994423 0.1844822 0.6257763 0.3195834 0.8835121 0.4966262 0.3305586 0.5565529 0.4346936 0.0000000 -0.0782188 0.5182571 0.3829261 0.3350592 0.3947362 0.5853402 0.6059726 0.3820126 0.7333976 0.0831996 0.4091696 0.7765463 0.6752601 -0.0626133 0.0392954 0.6838042 0.0987050 0.7322540 0.6108127 0.1807329 0.3765331 0.1707307 0.5787748 0.3115861 0.7820527 -0.0544168 0.1539882 0.6821960 0.5495522 0.0347255 0.1868957 0.5618351 0.3283159 0.2302459 0.5661613 0.1692976 0.0697461 0.0854684 0.0684910 0.4756933 0.1898716 0.5131208 0.3592583 0.1565161 0.4415698 0.5433183 -0.1280067 0.5675017 0.1270007 0.0306985 0.4914783 0.6354620 0.1374095 -0.0869438 0.6591038 0.4381951 0.4447607 -0.1664054 0.3596119 0.1101827 0.7103425 -0.0495453 0.4915963 0.5772793 -0.2284554 0.2400836 0.2149248 -0.1867225 0.4844788 0.6612835 0.4657370 0.4190739 0.2908183 0.5887749 0.0246912 0.3683558 0.1627025 0.4464542 0.4220351 0.2221717 0.1995252 0.4580481 0.3402669 -0.1710334 0.0628473 0.2778545 0.0200690 0.2141494 0.2218138 0.3871014 0.4010906 0.2366272 0.5015193 0.3650131 0.3821945 0.3233568 0.6327748 0.2048701 0.3761717 0.3659944 0.2592910 0.4047289 0.1657843 0.0452491 0.1239743 0.0679889 -0.0143626 0.3013555 0.4694252 -0.3579546 0.0397279 0.1297204 0.3013582 0.4678308 -0.0302951 0.5208806 0.3590982 0.4079763 0.3515656 0.5759983 0.3890832 0.3673275 0.2635287 0.4000231 0.3734324 0.4944659 -0.1274816 0.2702628 0.2809583 0.4021618 0.0642034 0.2856115 0.0944167 0.3984404 0.6278052 -0.0282993 0.3711890 -0.0186239 -0.3266381 0.1256295 0.2131128 0.5077316 -0.1360730 -0.1024682 0.3149727 0.0428895 0.1073866 0.3860616 -0.0232285 -0.4870168 -0.4474661 0.1085059 -0.6482567 -0.1129744 -0.1462282 -0.1897849 -0.3062817 0.1013666 -0.1050103 -0.2355051 -0.3436803 0.1475870 0.0081621 0.0058254 -0.1862800 0.2978953 0.3541460 0.3173946 0.3044781 0.4457363 0.3233208 0.4071036 0.7941968 0.4246158 0.3585782 0.5826487 0.4549868 -0.2791495 0.4902106 0.4314544 0.2631562 0.2788310 0.1795473 -0.0874021 0.1302562 0.1032181 -0.0465867 -0.4036241 -0.0733715 0.3008559 0.1770216 0.4488482 0.4619041 0.1832907 0.0566290 -0.3831533 -0.0585877 0.2601224 -0.1747913 0.5404852 0.3294433 0.4320758 0.0946174 0.3640715 0.2288704
0.0029451 0.0739382 0.0029036 0.1222762 -0.2956850 0.2281467 0.4814502 -0.0909044 0.3089117 0.3908752 -0.0748115 0.3849990 -0.0782188 0.0000000 0.1544570 -0.3534608 0.2486245 0.1865161 -0.4584412 -0.1608502 0.3705502 -0.4598557 0.0034470 0.3648424 -0.4177042 -0.3782432 0.2550230 0.5207971 0.2508703 0.3924992 -0.4714465 -0.5581404 0.4348231 0.4699636 -0.2968215 0.1639121 -0.4891246 -0.2640315 0.2683944 0.4064449 -0.2322230 0.1160042 -0.0630082 0.4529872 0.5246646 -0.5006522 -0.4491569 -0.2800386 0.7440623 -0.3649873 -0.4320788 -0.0057666 0.6984378 0.3697650 -0.2890463 -0.4593316 -0.4232625 0.1347203 0.0894220 -0.4741590 0.3674384 -0.1947591 -0.3113057 0.0088654 0.2140574 -0.6705717 -0.4142417 -0.1835337 -0.5194047 -0.2977141 -0.5910474 -0.0968321 -0.3815323 -0.1456835 -0.6314683 -0.2675369 -0.0894872 -0.3491784 -0.1720261 -0.3178054 0.0132450 0.0742008 -0.2011039 -0.3890209 -0.2427070 -0.2313004 -0.3225007 0.0234577 -0.2478598 -0.0837948 -0.1839543 -0.1896675 -0.3441920 -0.2960281 -0.1348821 -0.3080553 -0.2224313 -0.3394381 -0.3888224 0.0225580 -0.4627950 -0.2339926 -0.1708154 0.1269252 -0.2202084 -0.2909138 -0.2914208 -0.1567764 -0.0266287 -0.0428472 -0.1663738 -0.2821930 -0.2801324 -0.3123713 -0.1850408 -0.1661853 -0.1141061 -0.1246274 -0.1064552 -0.0365312 -0.2428721 -0.3540470 0.1679236 -0.2772947 0.0008525 -0.1029497 -0.3549095 -0.1724835 -0.1197563 -0.2825192 -0.1615337 -0.2650317 -0.2883626 -0.0792377 -0.4351560 -0.1209717 -0.1012280 -0.2240476 -0.2747064 0.0258235 -0.0268012 -0.1239800 -0.4159538 0.0563595 -0.1765060 -0.2119241 -0.3445428 -0.2738975 -0.1268188 -0.1664067 -0.0194740 -0.1169273 -0.3266973 -0.1023769 -0.4978802 -0.3256420 -0.1350018 -0.2627624 -0.1467360 0.0416322 -0.1869595 -0.1538700 -0.4504094 -0.0098188 -0.2838715 -0.1782683 -0.1955669 -0.1098651 -0.2167974 -0.1614570 -0.0698698 -0.0728095 0.0118489 -0.1251318 0.1440582 0.0920048 0.1152530 -0.0579624 0.2041077 0.2512957 0.1873235 -0.0019768 0.0225566 -0.0263802 0.0569366 -0.0206642 -0.1214677 0.0614483 0.1925846 0.1460880 0.0491996 -0.0964195 0.0391834 0.0556578 -0.0024887 0.1489361 0.6000840 0.1389331 -0.1415255 0.4971999 -0.2556500 -0.2766158 -0.3433272 -0.3169827 -0.5234547 -0.0841819 0.2289238 -0.5639053 -0.0973958 -0.3107516 -0.1842935 -0.1734434 -0.1241998 -0.1460059 -0.1137263 -0.2280344 0.0775645 0.1232650
0.5008964 0.2241801 0.5579353 0.6911912 0.2918538 0.4676967 0.5647569 0.4912089 0.8422144 0.0534265 0.0352865 0.7976949 0.5182571 0.1544570 0.0000000 -0.2966572 -0.2035133 0.8967082 0.0514809 0.3538032 0.3380937 0.2429632 -0.3429141 0.8267612 0.2164120 0.2059058 -0.0022857 0.5868758 0.7581154 0.3030592 0.3667064 0.1801865 0.7493922 0.8013827 -0.3851642 0.3524880 -0.0424846 0.4853997 -0.2500969 0.4362963 0.6215229 0.3648648 -0.2580898 0.5595525 0.4996102 0.1143850 0.0007343 0.4793908 0.5603616 0.5856029 -0.3578109 -0.3399948 0.5447569 0.1643631 0.3891044 0.3744989 -0.0371078 0.3465353 0.3424399 -0.4156084 0.2734418 -0.2588706 0.2872220 0.1953109 0.4967745 0.0917304 -0.2222087 0.2228732 0.4193722 0.0659895 -0.1618889 0.1361353 0.0159198 0.3014353 0.0922977 0.1785185 0.1067739 -0.0350806 0.1950686 0.1542091 0.0430563 0.3010423 0.3970368 0.2339166 0.6126586 0.3111341 0.6381667 0.6301717 0.4248853 0.4273221 0.3584825 0.2781544 0.2031679 0.1681504 0.5557484 0.4148598 0.2085704 0.1896498 0.3827187 0.0073458 0.2778660 -0.0246535 0.0461522 0.4597819 0.1321368 0.4904179 0.1724060 -0.2372319 -0.0884150 0.1258942 0.0182739 0.2345936 0.1307286 -0.0017005 -0.0559926 -0.0599435 -0.0129354 -0.0264159 -0.0568650 -0.0977596 -0.1145579 0.4262223 0.1022145 -0.0543307 -0.4153494 -0.3601279 0.2005890 -0.0343775 -0.2055063 -0.1327079 -0.3250646 0.2063846 -0.0585352 -0.0439011 0.2818285 -0.0827395 -0.2393391 -0.3112509 -0.2187383 -0.0651784 -0.0742686 -0.1979579 0.4202956 -0.1167054 -0.3189825 -0.3135509 -0.1769942 -0.0108844 0.2861191 0.0707815 0.1371761 -0.5073572 -0.2165980 -0.0518283 0.1976141 -0.1936574 0.2720877 0.0704374 0.2867020 0.2219176 0.3618717 0.2031539 -0.1514514 0.0183995 0.2152255 -0.4032411 0.1173212 0.2086967 0.2442259 0.1575721 0.3160531 0.1852495 -0.5872109 -0.6936111 0.0812722 0.1698264 0.2927956 -0.1051480 0.4238793 0.3873070 0.4583450 0.0790219 0.2723585 0.1129612 0.3467965 0.7980581 0.3898452 0.4001790 0.1658224 0.2878647 0.1862223 0.0495983 0.0940457 0.4379266 0.1881490 0.0896412 0.0110670 0.1205945 0.2104540 -0.3709720 -0.2049402 -0.2287122 0.1178376 -0.0175910 0.4137998 0.4427867 -0.4648179 0.1490900 -0.1217137 -0.1985630 -0.0886096 -0.1192787 0.6919360 0.1090923 0.2038731 0.2241329 0.7434205 0.6940078
-0.0368071 -0.0405596 0.0172610 0.2884803 -0.2136429 0.3798953 -0.2202303 0.4904358 -0.3025834 0.2366159 0.7590905 -0.2301970 0.3829261 -0.3534608 -0.2966572 0.0000000 0.6570548 -0.3589682 0.8517960 0.1892584 0.3676389 0.6189676 0.6099479 -0.4751024 0.5804666 0.7770918 0.1633032 -0.5243340 0.0016278 -0.2483334 0.3870591 0.5849700 -0.6002757 -0.4469385 0.7866959 0.4133249 0.7429638 0.4100119 0.3272661 -0.3402218 0.0468617 0.2239425 0.6192952 -0.5265062 0.0111278 0.5049150 0.5131806 0.0396114 -0.4042243 -0.2924788 0.7217037 0.6223652 0.0379588 0.2314405 -0.0057257 0.1850742 0.5032979 0.2741680 0.2126599 0.6617871 0.2995644 0.7154164 -0.2709903 0.6780829 0.4007667 0.4431056 0.6757792 0.7396230 0.1205080 0.8244256 0.5416855 0.7454887 0.5889735 0.5873586 0.0485854 0.6803196 0.7782983 0.1152997 0.4100412 0.5242821 0.0787938 -0.0986842 -0.0377324 0.2480980 -0.0796554 -0.0495268 0.0477982 -0.5848759 -0.1015952 -0.3510717 0.1255120 -0.0134292 0.0503039 -0.0193012 0.1751577 0.0083198 -0.2478176 -0.0900135 0.1625759 -0.0751090 0.1253712 0.0851631 0.1685612 -0.2650117 -0.0851180 0.1679603 0.0309733 0.5249163 0.0394685 0.2791200 0.1829914 0.0397584 0.3745610 0.4347700 0.3796079 0.4766719 0.1129247 0.0327099 0.0989940 -0.2764753 0.1075804 0.2966201 -0.5257125 -0.0614133 0.0558212 0.4856563 0.2421551 -0.3739864 0.3310080 0.2801768 0.3079251 -0.0164482 0.3736661 0.0218061 0.0514966 -0.1628256 0.2649748 0.3353300 0.3828467 0.0784673 -0.1036180 0.3665742 0.3331941 -0.1797467 0.2665524 0.2369097 0.3836127 0.5193813 0.0448554 0.3971603 0.1374055 -0.0111692 0.3290097 0.3035562 0.4850872 0.1333623 0.0906236 0.5581215 0.2172711 0.1696653 0.4079324 0.1022202 0.0222560 -0.2185871 0.3351460 0.1146248 0.2172667 0.0798004 0.0158484 -0.0415198 0.2684284 0.1944862 -0.0173829 0.0089423 0.0056009 -0.1572936 -0.2679307 -0.2687836 0.1789447 0.1155459 -0.3760001 0.3366527 0.4158114 0.4052539 0.0471890 0.1773326 -0.2443885 -0.4500994 0.5726017 0.5224832 -0.6694673 0.7917995 0.5120177 -0.3008656 0.2471259 0.0097196 -0.2286440 0.2968236 0.2692455 0.0441072 -0.3230538 -0.0254160 0.1322223 0.3654309 0.1953082 0.1830974 0.2623718 0.1904412 -0.4119310 -0.0669405 0.1531850 0.2166222 -0.0453499 0.2754364 0.5102383 0.0175083 -0.1990648 -0.3674226
0.2770072 0.3685259 0.1973354 0.3709613 -0.4086298 0.6590595 0.3630714 0.4415667 0.0032204 0.6304406 0.7301563 0.1163035 0.3350592 0.2486245 -0.2035133 0.6570548 0.0000000 -0.2266332 0.3957660 0.1872391 0.5396823 0.2140289 0.6539395 -0.1297953 0.2186700 0.5161336 0.2955654 -0.2908990 0.1786570 -0.0099832 0.0389280 0.1465593 -0.2908090 -0.1403463 0.5484236 0.4922434 0.3691178 0.1075447 0.5850472 -0.0148230 -0.2091899 0.3755816 0.5426019 -0.2262688 0.3128488 0.0749308 0.1433564 -0.2430175 0.0090162 -0.5333122 0.3466467 0.5996633 0.3925854 0.2971241 -0.2510893 -0.1196188 0.1320333 0.2882205 0.4236973 0.2522065 0.5909056 0.4412630 -0.6162720 0.5406284 0.5719076 -0.0784737 0.2696804 0.5317298 -0.2940184 0.5347847 0.0349481 0.6437573 0.1785518 0.5653367 -0.4447599 0.4097798 0.7092142 -0.1484927 0.2278575 0.1880224 0.0296079 -0.0807676 -0.1718144 -0.0556272 -0.3835866 -0.4126680 -0.4071345 -0.7784704 -0.5036075 -0.5999442 -0.2310176 -0.2912903 -0.5294075 -0.2809138 -0.0989541 -0.3665364 -0.5930289 -0.5676853 -0.2434488 -0.2160718 -0.3783479 -0.3132053 -0.2111180 -0.1285965 -0.4482889 -0.2585582 -0.2563856 0.2069246 -0.1422109 0.0674391 -0.2345986 -0.1401995 0.1720239 0.2545179 0.3848882 0.3693487 0.0076788 -0.0998613 0.0339730 -0.0451963 0.1125025 -0.0056604 -0.3988708 -0.2830518 0.1207584 0.5830345 -0.1729030 -0.5487206 0.2782758 -0.1318516 0.1137708 -0.4170362 0.1221807 -0.0211309 -0.3719422 -0.1992914 0.0772253 0.2257494 0.1707964 0.0346416 -0.2088282 0.3483743 0.1156948 -0.1563138 0.1189925 0.1554763 0.0306190 0.3619102 -0.0625404 0.2837955 -0.1650000 -0.2860805 0.0933738 0.2169501 0.1934722 -0.2985875 -0.0570786 0.3849531 0.2218157 -0.1532942 0.3206278 -0.1282333 -0.5103055 -0.5716419 0.1340470 -0.2457624 0.1323752 0.0341206 -0.1105659 -0.1990111 0.2769027 0.1688267 0.1999254 0.1644101 0.4262100 0.2072819 0.0335548 -0.0482212 0.3841372 0.3095026 -0.0963492 0.4740084 0.3777847 0.3058337 0.2911364 0.1862972 -0.1876405 -0.3449716 0.7773805 0.6278402 -0.5175309 0.6675442 0.7712917 -0.2448832 0.4853422 0.2258650 0.3746801 0.6449532 0.2528557 0.4820581 -0.5904904 -0.1499443 -0.1031048 0.1077452 -0.0795560 0.1436686 0.6479030 -0.2956677 -0.6462347 -0.1770606 0.0431535 0.1998198 -0.0622229 0.3682318 0.5846116 -0.3531006 -0.0889838 -0.2537764
