0.0000000 0.2617839 0.0041123 0.1048510 -0.2165752 -0.0349988 -0.1909091 -0.0910448 0.0606358 0.0121433 -0.1013674 -0.2043060 -0.3522966 0.4623526 -0.0445910 -0.0700765 0.0257366 0.1485169 0.0193222 -0.0273269 0.1340869 -0.0212132 -0.0726137 0.4950175 0.0377451 0.0036821 0.0950829 0.4193202 -0.0784770 0.5406220 0.2327360 -0.0354540 0.6528527 0.1712485 -0.0263255 0.1295134 -0.3681411 -0.0381146 0.3571826 0.3258396 0.4276970 0.0578030 0.1520209 0.4862614 -0.0034699 -0.2686780 -0.0812052 0.0968287 0.5618141 -0.0163462 -0.0368896 0.3239243 0.4047618 0.0368995 -0.0052138 -0.1208391 -0.1188815 -0.0297506 0.2511722 0.0797087 -0.1715549 0.1274395 0.1067778 0.0535931 0.1576710 -0.1273159 0.1037037 -0.0314789 -0.1439238 -0.0680129 -0.1440622 -0.0508703 0.1001677 -0.1002064 -0.3007439 -0.0738281 -0.2557224 -0.2834879 -0.1055738 -0.0895733 -0.0278892 -0.0813968 -0.3507203 -0.0737725 -0.2198487 -0.1147577 -0.3041259 -0.4472729 -0.2203286 -0.4227673 -0.2027216 -0.2701903 0.0156523 0.0008131 -0.2355057 -0.0565809 -0.1309914 0.1351579 -0.3811398 0.0747182 -0.5464921 0.0110562 -0.5640802 0.1780471 -0.1821833 -0.3234401 -0.2411270 -0.6977309 0.0308502 -0.4417643 -0.1892868 -0.4155407 0.3122908 -0.1119806 -0.2622845 0.0590951 -0.0651519 0.0537760 0.3295509 0.0377703 0.0647556 0.0844658 0.0847407 0.2539293 0.1587781 0.2423587 -0.0136969 -0.2888470 0.1537909 0.0040062 -0.0356397 -0.2178160 0.0327185 -0.1351115 -0.4665840 -0.3166217 -0.1692430 0.2660453 0.1271051 0.1459663 -0.3901648 0.1747952 -0.5508939 -0.0014742 -0.0460199 -0.2266721 0.0377036 -0.0199633 -0.6217567 0.0657169 -0.1367085 0.0848681 0.0774039 -0.1654970 -0.3336582 0.1636860 -0.2388310 -0.0568789 -0.3991201 -0.1406209 0.1639178 -0.1142521 0.0498128 -0.1276752 -0.1317131 -0.0798268 -0.1095370 -0.2601897 -0.1729400 -0.1754314 -0.1329464 -0.2019853 0.4907970 0.4633278 0.3171920 0.0865723 0.0710025 -0.1410092 0.2412047 0.0365673 -0.0522500 0.4894322 0.4353507 0.6502386 0.2909788 -0.2764284 0.1625103 0.2242915 -0.3527552 -0.2930886 0.2253269 -0.1996184 -0.0456998 0.1840707 0.3253655 0.1703918 0.1149203 -0.0004865 0.0267858 0.2074296 0.3920431 0.2041774 0.0399305 0.0581780 -0.3062858 0.0629845 -0.2520681 -0.2575719 -0.0198927 0.3813889 0.0972423 -0.0009613 0.0784980 -0.3378594 -0.2394980 0.0256551 -0.3251417 -0.0549580
0.2617839 0.0000000 0.4367176 0.4194001 -0.0898892 0.2485879 0.4775087 0.4150296 0.3008625 0.0702213 0.3574344 0.4767398 0.1278529 0.0106624 0.5086120 0.3637806 -0.0320428 0.3434054 0.1820202 -0.3913584 0.5702010 0.0718742 0.1541022 0.7033876 -0.1292102 0.1893991 0.1991297 0.4178213 0.1883863 0.2509941 0.2581806 -0.0368974 0.4387093 0.1364078 -0.1437874 0.6168543 -0.0488508 -0.3486480 -0.1415597 0.4783809 0.3199550 0.6099841 -0.1677977 0.3012189 0.5346454 -0.4248444 -0.1813146 -0.2966155 -0.0283316 -0.1616343 -0.3138760 -0.0452321 0.3474867 0.0575864 -0.3113582 -0.4919731 -0.0309080 0.2837484 -0.0375096 -0.1304206 0.5394918 -0.1187655 -0.3276542 0.2709208 0.6739976 -0.1436602 -0.0284058 0.1257767 -0.1727291 0.3367255 -0.0736254 0.4307615 0.0610859 0.4155040 0.0028475 0.2221605 0.3969281 -0.0237583 0.3803645 0.5132827 0.1820951 -0.0086285 -0.4538679 -0.1695029 -0.1488772 0.3833685 -0.0706643 -0.1911326 0.2627921 0.0425993 -0.4522737 -0.3870950 -0.1134255 0.1999283 0.1621068 -0.0579115 -0.4120609 -0.0401642 -0.4577533 0.4076734 -0.0465391 0.3243158 -0.2887935 0.2781466 -0.2625082 -0.0229891 0.2578131 -0.2233794 0.3404486 0.0930843 -0.4668533 -0.0031399 -0.1356119 0.2980374 0.1886927 -0.1111338 0.2219708 -0.0517675 0.1404002 -0.0534123 0.3169842 0.3657663 -0.2145849 0.1714385 0.0177785 -0.2680190 0.1215178 0.2717574 -0.0124050 0.3362467 0.2512761 0.3791260 0.1063262 -0.0612017 0.3871711 0.0692609 0.2336356 0.0916488 0.0141788 0.1528651 0.0591720 0.1340338 -0.0716622 -0.2564443 0.0942765 0.0329203 0.2333753 0.0646533 0.1550183 0.3128229 0.0333022 -0.3507614 0.2423824 0.1762630 -0.0207704 -0.3729743 0.3432254 0.1696871 0.0260850 -0.2684483 0.1749645 0.2068820 -0.3968550 -0.0625801 0.2150243 -0.0279361 0.2685299 0.3047498 0.4364717 0.3952498 0.3324109 0.4030002 0.0410484 -0.1108483 0.5623092 0.0446537 0.0310600 0.1579581 0.2266309 0.1922479 0.2714692 0.2679792 0.4803543 0.4601620 -0.1784340 0.4029780 -0.1633291 -0.1598394 0.0257927 0.3879288 -0.4051437 0.1231483 -0.0635776 -0.2993915 -0.1945465 -0.2292057 -0.3743697 -0.2149653 -0.1281315 -0.3014497 -0.0752378 -0.0770056 0.1619877 0.0892228 -0.2170592 -0.0620239 0.2173388 -0.2494296 -0.0819037 -0.0016627 0.1253008 -0.1616874 0.0061927 -0.2063753 0.1720606 -0.1864141 -0.0674599 0.0793878
0.0041123 0.4367176 0.0000000 -0.1169140 0.1575648 -0.0171389 0.5375767 0.2831889 -0.0121734 0.0079796 0.0711387 0.5907401 0.3428483 -0.2768816 0.2332287 0.3167973 -0.2544152 0.1885814 -0.0189251 0.3360540 0.3224005 -0.0807069 -0.0390381 0.3268777 -0.2941774 -0.1641690 0.2822966 0.4968034 0.0596018 -0.1409430 0.1001456 -0.1301342 0.1391331 -0.0154568 -0.3040377 0.2189068 -0.2851366 -0.2806790 -0.0579587 0.2716276 0.2289818 0.2763521 -0.1601171 0.0186093 0.1011371 -0.4594584 -0.5094632 -0.1435625 0.0389867 -0.0208823 -0.3952669 -0.1082495 0.0805152 -0.1257029 -0.1183332 -0.4250837 -0.3562634 0.0992834 -0.0067570 -0.1061259 -0.1609619 -0.1362121 -0.2758501 0.0334593 0.1846015 -0.2841922 -0.1591339 0.0338626 -0.1598806 -0.0059012 -0.2379366 0.1248484 -0.0837607 0.0963688 -0.2514090 0.0570115 0.1548599 0.0433265 0.0157108 0.5884899 0.3768610 -0.0003591 0.2115369 0.3296199 0.0154210 0.0232923 0.2044900 0.1261918 -0.0673524 0.0791816 0.0213381 0.0169386 -0.1744028 0.2469145 0.0736207 -0.0329999 0.0094526 0.1068624 -0.4458717 0.0753418 0.1751070 0.2553068 0.1700102 0.3042010 0.1637065 -0.1465935 0.4177739 0.1264963 0.4374035 0.2481220 -0.0919528 0.3424187 -0.2707408 0.1825216 0.1382789 -0.0932682 0.0630828 0.0021532 -0.1214568 0.0662711 0.2747809 0.2145145 -0.2481429 0.1317551 0.0723917 -0.0052342 0.0227430 0.3259732 0.1005723 0.1765108 0.2527216 0.4797377 0.0007187 0.1988925 0.5066123 0.2753761 0.1224424 0.2197393 0.2014959 0.2744343 0.2226220 0.1721577 0.4316936 -0.1183712 0.2064310 0.1162009 0.5348884 0.4265527 0.2699131 0.4338090 0.2106094 0.0164836 0.3875150 0.2453550 0.2778210 -0.0536772 0.3894001 0.2818193 0.4361961 -0.0151327 0.4958338 0.3534823 -0.1232407 0.2299825 0.4086494 0.1728863 0.2934725 0.3901510 0.3434303 0.3284550 0.4638575 0.5507905 0.1206624 0.3209188 0.6150369 0.4706667 0.4163452 0.4230309 0.2348836 0.2013815 0.1154160 0.0644851 0.1897883 0.0788846 -0.1010029 -0.2094834 -0.0120538 0.0118389 -0.0842400 0.0533532 -0.0984246 0.4356853 0.3779091 0.1653359 0.1376543 0.2537950 0.1475847 0.2998686 0.3310581 0.1060504 -0.0181769 -0.4242319 0.1047969 0.2803664 0.4489393 0.1597470 -0.1089870 0.3236567 -0.4908206 -0.4286671 0.0031557 0.2998481 0.4821631 0.5014503 0.3524723 0.0414964 -0.1695505 0.2629755
0.1048510 0.4194001 -0.1169140 0.0000000 -0.0724233 0.8153438 0.1840881 0.6906968 0.6105819 0.5209840 0.7501252 0.1925498 0.4044786 0.4061234 0.3730842 0.2276104 0.3564516 0.2958497 0.3555482 -0.4528580 0.4414931 0.5639872 0.5527756 0.5529889 0.3181194 0.7404615 0.5464038 0.3302645 0.5758342 0.3206528 0.3113023 0.2850276 0.3949881 0.4654261 0.4815825 0.4414341 0.2018682 0.3373998 0.2105567 0.3155663 0.2198286 0.3322070 0.3267181 0.1922967 0.5283637 -0.1468992 0.4230407 0.1799161 0.2293602 0.1614674 0.3821598 0.3241281 0.5419248 0.5068186 0.0247264 -0.0956904 0.4223537 0.5432210 -0.2562569 0.3987618 0.3819193 0.3986202 -0.0397216 0.5893673 0.5807539 0.3526054 0.5809373 0.5423470 -0.1359486 0.6989896 0.5621898 0.6808107 0.5924156 0.8019902 0.6281705 0.6718269 0.7224825 0.6097512 0.6669413 0.4119008 0.4424870 0.1207019 0.1113468 -0.2324612 -0.1702985 0.1792139 0.0100909 -0.1485874 0.3064991 0.0478396 -0.0742374 0.1210507 0.0989435 0.1543129 0.2260420 0.2211557 0.0600567 -0.3145890 0.0781443 0.2040470 -0.0499378 -0.2010911 -0.0798849 0.2035217 0.0940058 0.3593867 -0.1844055 -0.2400604 0.1807217 -0.0327233 -0.0299752 0.0523963 -0.3875003 -0.0255762 -0.2082782 -0.3511699 -0.1497672 -0.4137649 -0.0612979 -0.4505364 -0.2648995 -0.0783804 0.0145396 0.1146934 -0.0818136 -0.5340506 -0.1469525 -0.1264914 0.0809129 0.2228427 0.0194636 -0.0203605 -0.3238983 -0.0614424 -0.1735467 -0.1604886 0.0603785 0.0705102 -0.2040717 -0.0887619 -0.3717501 0.1363469 -0.1128707 -0.1275470 -0.1549027 -0.2477975 -0.0942428 -0.1248463 -0.3372672 -0.0094198 0.0084805 -0.4494735 -0.0834167 -0.2963830 -0.4536085 -0.2090593 0.1246401 -0.3080630 -0.2146030 0.0089165 -0.0220079 -0.2072812 0.1990199 -0.0070685 -0.2170225 -0.4721427 -0.2483693 -0.1799974 0.0123758 -0.0052181 -0.1772550 -0.0512999 0.2526551 -0.1369362 -0.1673002 -0.0598031 -0.0041863 -0.0129052 0.1730530 0.2823326 0.3463464 -0.0964943 -0.0323890 0.0965374 -0.0812673 0.6120568 0.0980382 0.0505851 0.6028482 0.4094553 -0.4439406 0.2798551 -0.1400116 -0.3414900 -0.4194484 -0.2606987 -0.6180699 -0.0849289 0.0696174 -0.4954398 0.1754120 0.2191357 0.2476132 0.0124773 -0.6035049 -0.0318261 0.4229079 -0.2563492 0.1181655 0.2932450 0.0414633 -0.0900287 -0.3608753 -0.2024474 0.2623588 0.0267837 0.2181017 0.1320123
-0.2165752 -0.0898892 0.1575648 -0.0724233 0.0000000 -0.0089732 -0.0394433 0.1216972 -0.0571207 -0.0202178 0.1182596 0.0182305 0.5383052 0.2006629 -0.0067478 0.1234581 0.0415562 0.2618970 0.4392325 0.5567517 -0.0756634 0.4640031 0.0694092 -0.1670594 0.1999006 0.1458954 -0.1306600 -0.1849188 0.0603684 0.2940198 0.2661153 0.2272659 -0.3206472 -0.0234391 0.1947848 -0.1342015 -0.0956584 0.2334581 0.2233817 0.1411900 0.1557859 -0.2972723 0.3367284 0.0154241 -0.3211797 -0.0417859 0.2204596 0.5059137 0.0359867 0.0309972 0.3110197 0.1940155 -0.0851751 0.0588632 0.6733520 0.1871868 0.0351333 -0.3020172 -0.0019723 0.1553264 -0.4390203 -0.0872678 0.3022613 -0.1527760 -0.3528217 0.1432386 0.1824702 -0.0804815 0.3195484 -0.1870906 0.2401655 0.0058375 0.0958554 -0.0127106 0.0632859 0.0727666 0.0076494 0.1091926 -0.1075690 0.3213028 0.3571392 -0.2276763 0.1439020 0.1256311 -0.0112470 -0.0287625 -0.1681852 0.1614085 -0.1450896 0.0672168 0.0268889 -0.1298225 0.0524525 -0.0872330 -0.2985996 -0.0543061 -0.1972456 -0.0039842 -0.2352776 -0.2344944 0.0761678 0.0290116 0.1237829 -0.1469351 -0.0436914 -0.0003985 0.2022522 0.0084800 0.2049205 0.0560419 0.1035522 0.0679855 -0.0565693 -0.1582455 0.0407722 0.3109156 0.0188056 0.1714191 0.3709502 0.1962545 0.2375389 0.2188228 0.1867147 0.0869012 0.4597923 0.1050977 0.3032642 -0.0359330 0.1752419 0.2392131 0.4365795 0.2433583 0.4136561 0.3023138 0.1676432 0.1149794 0.3966699 0.2155354 0.4354682 0.0204122 0.3367759 0.1084324 0.4046908 0.2811578 0.4488413 0.1670327 0.4407660 0.5507559 0.1881131 0.2018792 0.0380089 0.2731051 0.3798566 0.3190639 0.4500227 0.1886616 0.1629032 0.2784697 0.2172403 0.0900126 0.4517380 0.2390955 0.0890713 0.1348128 0.2589003 0.4813684 0.2087407 0.1393310 -0.0467087 0.0923332 0.3034220 0.1118234 -0.0745322 0.3932232 0.2493273 0.3769190 0.4323916 0.3374384 0.1039918 -0.2721896 -0.0404872 -0.2183567 -0.4178143 -0.3957622 0.2580406 -0.3106700 0.4522969 0.3603807 0.4584428 0.0795403 0.2419487 0.4052117 0.5110223 0.3825818 0.3070517 0.2921390 0.1703782 0.4191171 0.3996548 0.1456752 0.1423036 0.0641680 -0.0486644 -0.1654504 0.3125607 0.4819696 0.0912049 0.2401734 -0.1718906 0.1416956 -0.5012025 0.2918942 0.4398096 0.3463999 0.2251777 -0.0506824 -0.0116344 0.5610266
-0.0349988 0.2485879 -0.0171389 0.8153438 -0.0089732 0.0000000 0.1950240 0.6385311 0.8396358 0.7014892 0.7641531 0.4539745 0.4296564 0.4863111 0.4205732 0.4019048 0.5197507 0.4629806 0.4391752 -0.3491031 0.6547699 0.4251615 0.6759678 0.5828578 0.4291304 0.7972711 0.5563046 0.4080404 0.8966704 0.2801397 0.0350708 0.2764704 0.4397194 0.6897827 0.5842379 0.5686235 0.2739226 0.3327627 0.4140262 0.3710855 -0.0015479 0.3686650 0.4924984 0.2351371 0.5287511 0.0164257 0.4535598 0.1236287 0.3778961 -0.0342918 0.4932867 0.3773216 0.6795712 0.6465321 -0.0804135 -0.0866764 0.4298834 0.6303995 -0.3814584 0.4379636 0.2645782 0.5201700 -0.0947355 0.6775697 0.5251122 0.3857810 0.5769265 0.6543540 -0.2775210 0.8021434 0.5856567 0.7766396 0.6255832 0.8182788 0.5413944 0.7289521 0.7929893 0.5215819 0.7281107 0.5386470 0.4929577 0.0981076 0.3524026 0.0006838 0.2139212 0.1775228 0.3047975 -0.0267091 0.5472384 0.3100655 0.1842641 0.4488082 0.1369680 0.1280880 0.4104067 0.5015977 0.2355517 -0.2403767 0.2993629 0.0664059 0.1436251 -0.2011123 0.1180233 -0.0194360 0.3751609 0.5497284 0.0034464 -0.0330122 0.2742377 0.0780641 0.3541968 0.3121586 -0.2809133 -0.0912255 0.0025279 -0.1927215 -0.2029826 -0.3271040 -0.1305708 -0.4383263 -0.3682414 -0.2094790 0.1647515 -0.1253916 0.1177311 -0.2663581 -0.2724236 -0.0080329 0.3960137 -0.0171560 0.1136349 0.0124821 -0.4150825 -0.1489817 -0.1467477 -0.0381286 -0.0030040 0.3594182 -0.1247199 0.0781137 -0.4543730 0.2978119 -0.0248028 -0.2663776 -0.3184701 -0.1213331 -0.0441304 -0.0684497 -0.3051577 0.0734322 0.1121466 -0.4572724 -0.1077523 -0.4648524 -0.3310633 -0.2731315 0.0320923 -0.3536220 -0.1179375 0.0856090 0.0516937 -0.1470474 0.2410402 -0.0289779 -0.1971363 -0.5170753 -0.3540297 -0.2154690 0.0071447 -0.0191736 -0.2125468 -0.0724914 0.2197195 -0.1787007 -0.2042111 -0.0972051 -0.0148447 -0.1195183 0.1711774 0.3102899 0.2018650 -0.2068599 -0.1543620 -0.0853100 -0.2236139 0.5593224 -0.0087780 -0.0162374 0.4839718 0.4504362 -0.4572937 0.2544245 -0.1688849 -0.2457022 -0.3600451 -0.0978546 -0.5233186 -0.1773210 0.1594898 -0.2068590 0.1375346 -0.0469805 0.1751391 -0.0132227 -0.3198233 0.0671113 0.4245142 -0.1349093 0.2370516 0.1183038 0.0547172 -0.0689375 -0.3012173 -0.0781587 0.1845395 0.1601872 0.4190593 0.0487585
-0.1909091 0.4775087 0.5375767 0.1840881 -0.0394433 0.1950240 0.0000000 0.5335284 0.1581119 0.2152052 0.3300367 0.7404077 0.3853440 -0.1633503 0.0711470 0.6201146 0.1184359 0.0142489 0.3670574 -0.1563846 0.3410871 0.0502384 0.1909240 0.2469456 0.1467824 0.1918990 0.0779531 0.2918756 0.2478126 -0.3783026 0.1389996 0.2341309 0.1588437 0.1460156 -0.0081918 0.3339844 0.3394210 -0.0350457 -0.0589394 0.0370521 0.0777070 0.2111761 -0.0928065 -0.2710349 0.3163376 0.0034362 -0.0988989 -0.4162442 -0.1313978 -0.1731165 -0.1682066 -0.0564906 0.1932781 -0.1732214 -0.2355368 -0.1760344 0.1963245 0.3152284 -0.2488991 0.0616726 0.0878254 -0.0334243 -0.0720802 0.3363551 0.5347261 0.3025616 -0.0542135 0.1065868 -0.0049635 0.3593220 0.1166363 0.5139583 0.0332807 0.3970633 0.0057123 0.3429074 0.5712999 0.2839453 0.4832401 0.7001092 0.2331117 0.3524449 0.1169779 0.3390252 0.2179872 0.1281104 0.4249071 -0.0377286 0.3085419 0.3643982 0.1816340 0.2290563 0.3383432 0.4585314 0.6083118 0.2500827 -0.0033204 0.3824480 -0.0602505 0.4164185 0.3161189 0.4679583 0.3938769 0.4898790 0.3352038 0.3591189 0.4580372 0.5447917 0.6113427 0.4418757 -0.0653433 0.4304669 -0.2988969 0.4739980 0.4824191 -0.0198556 0.2739594 0.1829255 0.1525674 0.0052197 0.4920537 0.6007360 -0.3061130 0.3653298 -0.0592035 -0.4391474 0.3493564 0.5041676 -0.2528280 0.6347736 0.4218591 0.6392699 0.1206216 0.3391611 0.7237589 0.3964685 0.4726191 0.1237713 -0.0829591 -0.3001018 0.2152190 -0.1363472 0.2704571 -0.5556048 0.2875248 -0.0729320 0.4344588 0.1291124 0.4297450 0.1555882 -0.1595499 -0.4550544 0.3613400 0.1983707 0.2634235 -0.4695907 0.1061809 0.3371674 0.2188187 -0.3809936 0.2871027 0.2422667 -0.4353264 -0.2195205 0.4306914 0.0229243 0.3434911 0.5275607 0.6952547 0.5109935 0.5337422 0.5951632 0.2450091 -0.2195932 0.3643700 0.1850611 0.0536814 0.5369017 -0.0413106 0.1378814 0.4301792 -0.1660363 0.2293597 -0.0044933 -0.4130190 0.1697170 -0.4519335 -0.5486641 0.2872665 0.5908438 -0.5123807 0.3613429 0.2259518 -0.4193222 -0.4199030 -0.2401683 -0.3628858 0.0399410 0.0727608 -0.4098656 0.1235069 -0.0907999 0.4074336 0.3395207 0.4587952 0.2207757 0.2693256 0.2248517 -0.0700801 -0.2020673 0.1523849 -0.1426211 0.1422248 0.3566178 0.4772864 -0.4886130 -0.3096040 0.0807533
-0.0910448 0.4150296 0.2831889 0.6906968 0.1216972 0.6385311 0.5335284 0.0000000 0.4581627 0.6415724 0.8899212 0.3549860 0.6520097 0.3183687 0.1921124 0.6622599 0.5072217 0.0318821 0.5202743 -0.2587932 0.3105106 0.4613770 0.7190075 0.3863461 0.4221697 0.7130985 0.3123229 0.2719867 0.4675949 0.0842723 0.2208108 0.4385360 0.1278437 0.1655042 0.3643020 0.4052270 0.2590700 0.2761230 0.3442283 0.2498312 0.2743759 0.3443177 0.4445409 -0.1341195 0.5260277 -0.1456860 0.2831327 0.0391791 0.0148251 0.2201726 0.2671063 0.3284867 0.3103583 0.3110846 -0.0014166 -0.1215777 0.4648098 0.5530232 -0.4326888 0.4642568 0.2105477 0.3093407 -0.1363906 0.6690836 0.6136908 0.4481765 0.5189370 0.5997363 -0.0905621 0.6519263 0.6115091 0.7213206 0.5964987 0.7997645 0.6593262 0.7780067 0.8601462 0.7215512 0.7187100 0.6381178 0.6543917 0.2408306 0.3622500 0.3153672 0.2390980 0.4205434 0.3231088 -0.0158966 0.4478665 0.5084081 0.0386595 0.2511568 0.0917254 0.4241147 0.4214732 0.1485100 0.2685799 -0.0865510 0.1759874 0.3015297 0.3126605 0.1186398 0.2852697 0.4005578 0.3817603 0.4479079 0.1874622 0.0228172 0.5840190 0.1894257 0.2035512 0.4643539 -0.6188750 0.0137221 -0.0633777 -0.2678511 -0.1781876 -0.3636159 -0.0421146 -0.5406482 -0.0163108 0.1937925 -0.3587327 0.1695707 -0.1746573 -0.6723763 0.0076645 -0.0537210 -0.2140233 0.3205320 0.1052838 0.0615037 -0.2655947 -0.0264741 0.1369876 -0.1628176 0.0544402 0.0033481 -0.2624679 -0.2997240 -0.2199921 -0.0450537 0.1029047 -0.4198891 -0.1650912 -0.4113218 0.0814328 -0.0957878 -0.1254686 0.0397809 -0.2036243 -0.5826936 -0.0107507 -0.1466608 -0.1079476 -0.4067690 0.1017026 -0.2609207 -0.1081156 -0.1073560 0.0032676 -0.1155167 -0.1650176 -0.1043116 -0.0521598 -0.3855663 -0.1124792 0.0128165 0.2300451 0.2084626 0.0837686 0.3044254 0.2290431 -0.0832237 -0.0077752 0.0916672 0.0732042 0.1716214 -0.0398610 0.1433844 0.2453175 -0.3339760 -0.1242286 -0.1817945 -0.3379172 0.4382834 -0.0875604 -0.1706497 0.5472434 0.6814020 -0.6355017 0.4387920 -0.0045149 -0.4039329 -0.4888583 -0.2480808 -0.5083573 -0.0010009 0.2353091 -0.6224642 0.0265009 0.0339692 0.1999086 0.0716073 -0.0358442 0.1554111 0.2116887 -0.0921502 -0.0773619 0.0615241 -0.0868202 -0.1371577 0.0660666 0.1391470 0.2607611 -0.1327146 -0.0649208 -0.0548183
0.0606358 0.3008625 -0.0121734 0.6105819 -0.0571207 0.8396358 0.1581119 0.4581627 0.0000000 0.6700259 0.5076563 0.4952817 0.1644608 0.4631889 0.4726748 0.3058716 0.5267491 0.5651590 0.3477568 -0.4030317 0.6545950 0.0828277 0.3812719 0.6567839 0.3993509 0.5857044 0.3180840 0.4765858 0.7362697 0.2594213 -0.2610541 0.1676453 0.4894653 0.6346971 0.3870396 0.5026448 0.2150134 0.0219683 0.2992401 0.1797874 -0.2059332 0.4412747 0.3367684 0.1214130 0.6810613 0.0532033 0.2511408 -0.1796993 0.2156318 -0.0721158 0.3081659 0.2743913 0.5436849 0.3704826 -0.3059941 -0.0997901 0.2451000 0.4159480 -0.2873283 0.2348317 0.2875830 0.3727741 -0.1120250 0.5638153 0.4419409 0.2089891 0.2683662 0.4423652 -0.2810194 0.6595025 0.2626338 0.5877253 0.3364204 0.5656837 0.2133732 0.4056326 0.5841644 0.1273760 0.4823300 0.3409348 0.2482339 -0.0328938 0.1218340 0.0070058 0.1114861 0.1432883 0.3597328 -0.0141220 0.4908310 0.2078160 0.1628709 0.3019048 0.0262057 0.0615208 0.3257277 0.4349838 -0.0127436 -0.1369286 0.1299134 0.0511910 -0.0032187 -0.0211585 0.0468995 -0.0941779 0.2476531 0.3823773 -0.0207200 -0.1208472 0.1408836 0.0098626 0.2642574 0.1451434 0.0313676 0.0042738 0.1653506 0.0870836 -0.0095293 -0.0567388 0.0957646 -0.1925382 -0.2389245 -0.0719325 0.1436833 -0.0843867 0.1316935 -0.1284086 -0.1960774 0.1131772 0.4003249 -0.0775293 0.0484676 0.0627276 -0.3167772 -0.1426613 -0.1083992 0.0566985 -0.0873409 0.2768129 -0.2524074 -0.0034493 -0.3491181 0.1932741 -0.1975151 -0.3777662 -0.3181439 -0.0781933 -0.1382499 -0.1615779 -0.2553048 -0.0228459 -0.1247488 -0.5465306 -0.1584822 -0.3579716 -0.2520389 -0.4619749 0.0188034 -0.3005943 -0.2142977 -0.0514414 0.0637929 -0.1082231 0.0433214 -0.1062320 -0.2148134 -0.4534315 -0.2734649 -0.1607493 0.0343511 0.0686991 -0.1563827 -0.0494154 -0.0076462 -0.2566541 -0.0820401 -0.3363812 -0.2248768 -0.2155005 -0.0058711 0.1477963 0.1044437 -0.1513369 0.0981184 0.0626067 -0.2553289 0.3854407 -0.2493857 -0.2121372 0.2591495 0.4772414 -0.2682235 0.0219672 -0.2789001 -0.2931964 -0.3057934 -0.2044694 -0.5120094 -0.3964924 -0.0484892 -0.1948049 -0.0122585 -0.0521527 0.1034945 -0.1504077 -0.3044606 0.0307821 0.3052383 0.0134377 0.3079078 0.2372302 0.1685544 -0.2709203 -0.2609680 -0.1054071 -0.0424413 0.3500697 0.4243962 -0.0876088
0.0121433 0.0702213 0.0079796 0.5209840 -0.0202178 0.7014892 0.2152052 0.6415724 0.6700259 0.0000000 0.6372756 0.2146746 0.3973019 0.6840200 -0.0517118 0.4385311 0.8474264 0.3828029 0.4699054 -0.3304298 0.3084001 0.3088579 0.6485745 0.3401761 0.7127631 0.8258049 0.4224197 0.5779398 0.5861619 0.2554299 -0.1145289 0.6205267 0.2027579 0.2546185 0.7682354 0.3322955 0.5544966 0.4750941 0.7018053 0.3784358 0.0300211 0.2437231 0.7237387 -0.0762813 0.4021312 0.4028665 0.4843863 0.1552664 0.2453592 0.3266470 0.5744591 0.6945595 0.3822148 0.5935973 -0.1137991 0.2649170 0.5570362 0.5794505 -0.3992202 0.7019585 -0.0095360 0.7467723 -0.1300205 0.8784657 0.5150349 0.3645546 0.5419790 0.6225946 -0.0605154 0.7703653 0.4685136 0.7093665 0.5930619 0.7143316 0.4938054 0.5823234 0.6715284 0.4430055 0.5023299 0.3682392 0.3023363 0.3807438 0.5444692 0.4671286 0.3605554 0.3209715 0.6932206 0.0631297 0.6046056 0.5149588 0.5332276 0.6570131 0.1057627 0.3125957 0.5288242 0.4486088 0.5062234 -0.1132118 0.4009512 0.1381467 0.2970993 0.1518743 0.4305287 0.0831974 0.5943081 0.6387550 0.1180509 0.0197538 0.3814448 0.0644180 0.5855139 0.4125182 -0.2866661 -0.0806564 -0.0018855 -0.0836410 -0.1274584 -0.2875865 -0.0252990 -0.4844194 -0.1655427 -0.0492492 0.1897513 -0.0334487 -0.1014325 -0.3300781 0.1115168 0.1133218 0.1309772 0.0746563 0.1241032 0.0007713 -0.1286258 -0.0852680 -0.2410068 0.0572709 0.0001470 0.2207297 -0.1507019 -0.2680654 -0.2646000 -0.0400327 -0.1333154 -0.5039427 -0.4268949 -0.1063592 -0.0601348 -0.2573005 -0.4297848 -0.0774613 -0.1164554 -0.4958748 -0.1369048 -0.2810280 -0.1541500 -0.3789487 -0.2057008 -0.2795414 -0.3755435 0.1029678 0.0990198 -0.1411395 0.1693846 -0.0294539 -0.0723960 -0.3554317 -0.2604087 -0.2542473 -0.0776425 -0.1262501 -0.1679126 -0.1478354 0.2095204 -0.0217228 -0.1524066 -0.0117085 0.0094508 0.0768160 -0.0407123 0.3516394 0.2582924 -0.3015338 -0.1881482 -0.2198515 -0.1774604 0.1250516 -0.1281847 -0.2574765 0.4076611 0.5137140 -0.3775515 0.2456928 -0.1242269 -0.2584315 -0.3447560 -0.0967026 -0.3264048 -0.1186864 -0.0401876 -0.3227710 0.2553597 0.1167632 0.2327832 0.2542753 -0.0364098 0.0660477 0.2305480 0.1895129 0.2904214 0.2960793 0.1665806 -0.0242494 -0.3312861 0.0488535 0.0366193 0.1357049 0.1992546 -0.1315127
-0.1013674 0.3574344 0.0711387 0.7501252 0.1182596 0.7641531 0.3300367 0.8899212 0.5076563 0.6372756 0.0000000 0.2349141 0.6902637 0.3982996 0.3371110 0.5139911 0.5749477 0.1958870 0.6074631 -0.2913675 0.2853448 0.6148218 0.8263017 0.4365595 0.5011670 0.8519324 0.3945244 0.2294300 0.6408646 0.2091146 0.2969656 0.4744977 0.2441937 0.3840850 0.5135204 0.4177650 0.3199149 0.4300550 0.3688032 0.3393169 0.3211876 0.2856224 0.5875398 -0.0622731 0.3882919 -0.0918350 0.5208956 0.2004393 0.1156989 0.1592764 0.4573760 0.4496382 0.4844571 0.5908345 0.1212863 -0.0462946 0.6092711 0.7173446 -0.5009619 0.5612352 0.2817455 0.4904405 -0.0441341 0.7078804 0.6080772 0.4932469 0.7351617 0.7997996 -0.1013265 0.7797557 0.7761685 0.7753460 0.7899542 0.8355099 0.7264493 0.8792608 0.8573669 0.7783094 0.8375121 0.5399847 0.5629894 0.2703149 0.3336645 0.0545433 0.2287137 0.3794456 0.2284427 -0.1871810 0.5227416 0.4328801 0.0910322 0.2949669 -0.0149126 0.2404904 0.4740029 0.3123509 0.3194217 -0.1474896 0.1988410 0.1615028 0.2021821 0.0272982 0.2685104 0.1934501 0.4153015 0.4560193 0.0318055 -0.0467030 0.5157269 -0.0682003 0.3141766 0.2776643 -0.6163836 -0.2663242 -0.2260369 -0.4138430 -0.4309666 -0.5716312 -0.2161259 -0.6262680 -0.3186653 -0.0904330 -0.2240331 0.0091169 -0.1800616 -0.5638870 -0.1627102 -0.2103162 0.0040289 0.1116645 0.0244561 -0.0675608 -0.3510046 -0.1806986 -0.0714567 -0.3469887 -0.0220396 0.0405367 -0.2562420 -0.2470515 -0.4716968 -0.0174836 -0.0447422 -0.3900726 -0.3541576 -0.4706764 -0.0948850 -0.1752502 -0.2854840 -0.0981131 -0.1636101 -0.6200620 -0.2177146 -0.4494678 -0.1701424 -0.4620500 -0.1132761 -0.4915028 -0.2794769 -0.1657108 -0.1454735 -0.3110275 -0.1495200 -0.2177403 -0.2882780 -0.5644272 -0.3862111 -0.2709013 -0.0189859 -0.0859496 -0.2324720 -0.0051306 0.1333988 -0.1545238 -0.1650700 -0.0529574 -0.0610194 -0.0580072 -0.0719669 0.0773623 0.1969117 -0.3829505 -0.3197857 -0.3039896 -0.3692447 0.5473773 -0.0118526 -0.0579790 0.4841198 0.5702148 -0.6338971 0.2436959 -0.2046749 -0.4011815 -0.4817366 -0.2602363 -0.6035249 -0.1683260 0.1191265 -0.5440501 0.1353992 0.1723999 0.3266817 0.0731881 -0.1244846 0.2213136 0.2972943 -0.1935050 0.2172510 0.1565771 0.0138192 -0.1714311 -0.0550054 -0.0924019 0.0906179 -0.0446434 0.1205088 0.0179332
-0.2043060 0.4767398 0.5907401 0.1925498 0.0182305 0.4539745 0.7404077 0.3549860 0.4952817 0.2146746 0.2349141 0.0000000 0.2366805 -0.1302087 0.3975584 0.5089287 0.0187333 0.3450451 0.1589881 -0.0407612 0.7334431 -0.1121682 0.1172435 0.4520714 -0.0737103 0.1011736 0.2435458 0.3785331 0.5329853 -0.1880729 -0.1229437 -0.1003945 0.2853719 0.4176459 -0.0905550 0.4838750 0.0494897 -0.2911736 -0.0497438 0.1564436 -0.1557324 0.3572265 -0.1761636 0.1105736 0.4269087 -0.1807291 -0.2634070 -0.4774837 0.0153111 -0.4541366 -0.2379743 -0.2090142 0.2916312 -0.0526186 -0.4086830 -0.4333305 -0.1039085 0.1868047 -0.2700721 -0.1884829 0.1353918 -0.1430312 -0.3220547 0.1900791 0.3846105 0.0579190 -0.2084394 0.0584105 -0.3180608 0.3157480 -0.0660063 0.4417792 -0.0935316 0.3459526 -0.1766513 0.2127989 0.5151184 0.0104116 0.3590713 0.7444719 0.2863853 0.0564754 0.1280740 0.2215379 0.2215168 0.0445964 0.3778344 0.2583470 0.3325388 0.2839678 0.0884600 0.2561537 0.2612529 0.3551104 0.4147821 0.3230855 -0.1248041 0.1829575 -0.0692344 0.2977016 0.2509231 0.1830200 0.1502095 0.2349449 0.2156412 0.2869577 0.4518122 0.4068914 0.4175140 0.5496094 -0.0275378 0.4695534 -0.0231889 0.4920376 0.6311462 0.1881101 0.3785383 0.2582144 0.1428541 0.0483119 0.3060616 0.4014624 -0.0863193 0.1565263 0.2214811 -0.1320152 0.0137813 0.5476217 0.1513394 0.3229768 0.3592601 0.6246761 -0.0812189 0.2672327 0.6542089 0.5153737 0.3343722 0.3494821 0.0177086 0.1759117 0.1951003 0.2852034 0.3365796 -0.3589369 0.2367925 0.2308015 0.4015418 0.2633378 0.4802759 0.3825677 0.1463483 -0.2578721 0.3391473 0.1553987 0.0926325 -0.3113066 0.3814739 0.3092682 0.4420531 -0.1422472 0.3693143 0.3325799 -0.1572645 -0.0250408 0.3764628 0.0492769 0.2773371 0.5302669 0.6153246 0.5680274 0.4736495 0.5748234 0.1032392 -0.1579820 0.3772436 0.1018110 0.1106111 0.3889860 0.1541768 0.1771394 0.2965695 -0.0881476 0.2304597 0.0495953 -0.3744304 0.2739303 -0.4039535 -0.3592068 0.1546203 0.5072362 -0.3855822 0.3885181 0.1996843 -0.2049237 -0.2509238 -0.0813198 -0.2600767 -0.0190822 0.2178590 -0.0526799 -0.0561423 -0.3768230 0.1601057 0.1573008 0.3091896 0.0367141 0.2679718 0.1654450 -0.1026222 -0.2756835 0.0631355 -0.0829964 0.0886764 0.3135494 0.3922134 -0.1741151 0.1700842 0.1753901
-0.3522966 0.1278529 0.3428483 0.4044786 0.5383052 0.4296564 0.3853440 0.6520097 0.1644608 0.3973019 0.6902637 0.2366805 0.0000000 0.1017830 0.2092179 0.3037189 0.2115200 0.2942712 0.6762250 0.0963114 -0.0010586 0.7451199 0.4615570 0.1039857 0.4690815 0.5813559 0.4165989 0.1503927 0.4579392 0.0046755 0.5046828 0.6215461 -0.0843361 0.2590806 0.4317349 0.0318281 0.3111172 0.5750861 0.1905073 0.2829271 0.4721228 -0.1481061 0.4987790 -0.2838563 -0.0865149 -0.0130444 0.4969517 0.4450121 -0.0420045 0.2963069 0.5161542 0.3987296 0.2516974 0.5092510 0.4967664 0.2138082 0.5444624 0.5155703 -0.5219688 0.6025065 -0.1742245 0.4194953 0.2539648 0.4245189 0.3277803 0.4189720 0.6744057 0.6437892 0.2012240 0.5246770 0.6826474 0.5948384 0.6886240 0.5594948 0.5125988 0.7318200 0.6299786 0.7736443 0.5848571 0.5625680 0.3977019 0.4203465 0.5828889 0.0933511 0.1122548 0.2617996 0.2327789 -0.0087287 0.2660721 0.2993171 0.2817669 0.3315536 0.1077072 0.3135710 0.3358103 0.4015855 0.3718408 0.0335264 -0.0049233 0.0960512 0.1878580 0.2800279 0.6100526 0.2695547 0.5570128 0.4386035 0.2417769 0.1807975 0.6587728 -0.0308697 0.3128751 0.2143537 -0.6053871 -0.3506917 -0.2720961 -0.4084714 -0.4409235 -0.4927564 -0.2069521 -0.3731269 -0.1407780 0.0004494 -0.0926066 0.2097969 -0.1223526 -0.4593619 0.1295360 -0.1274302 0.0647537 0.3553530 0.2516483 0.2132087 0.0535762 0.2910575 0.1870782 -0.1388954 0.3485014 0.0708391 0.0387724 -0.2662838 -0.0915193 -0.0634542 0.2291780 -0.2937761 -0.0058534 -0.2005953 0.2090611 0.1742528 -0.0442057 -0.0305760 -0.0039213 -0.3827415 0.0145713 -0.1407315 0.3613769 -0.3236954 0.0150220 -0.1311142 -0.0726850 -0.2133500 0.3457529 -0.1759066 -0.0679832 -0.1847075 0.0037679 -0.1079483 -0.2164994 -0.0898997 -0.0141698 -0.1686724 -0.0056975 0.1337530 0.0250567 0.0058255 -0.0390559 0.1846642 0.1185937 0.3534492 -0.1655909 -0.0821525 0.4134556 -0.5953678 -0.6187491 -0.6266656 -0.3248790 0.1359239 0.0969031 -0.0326983 0.5243899 0.2721395 -0.3051581 0.3882425 0.0950867 -0.1711518 -0.2702061 -0.1232720 -0.4454885 0.0897683 0.1533888 -0.3749238 0.3156431 0.2134698 0.3969594 0.1977730 0.2181410 0.3352547 0.3913483 0.2043274 0.0625129 -0.0396295 -0.2195229 0.0467572 0.1461066 0.1531743 0.2436517 -0.1400906 -0.1208235 0.5035462
0.4623526 0.0106624 -0.2768816 0.4061234 0.2006629 0.4863111 -0.1633503 0.3183687 0.4631889 0.6840200 0.3982996 -0.1302087 0.1017830 0.0000000 -0.0838693 0.2515865 0.7574066 0.3847614 0.4355185 -0.1138812 0.2383350 0.4290801 0.5455602 0.3942287 0.6065031 0.7068967 0.1820387 0.4081201 0.4427812 0.7809984 0.1506442 0.4620157 0.2701499 0.2040760 0.7594118 0.3146635 0.2491542 0.4433613 0.8753343 0.5032485 0.1415821 0.1266588 0.7709439 0.3301202 0.1600934 0.2882673 0.4971596 0.4068815 0.5815113 0.1269141 0.5768529 0.8004983 0.4269855 0.5261422 0.1308458 0.2382797 0.3755353 0.2142434 -0.1042522 0.5664798 -0.2210385 0.5705349 0.0119868 0.5997499 0.2478350 0.2013311 0.5240250 0.3257147 -0.0457143 0.4062206 0.3224630 0.4460529 0.4690261 0.4355525 0.2668112 0.3255807 0.2867967 0.0936767 0.2201903 0.1739093 0.2503537 0.0425513 0.1026502 0.2807710 0.1919566 0.1367870 0.2010815 -0.2219628 0.2915265 0.1844689 0.2571472 0.2328342 0.2059182 -0.0290630 0.1430509 0.2222674 0.1110408 0.0033006 0.1767128 -0.1122690 -0.0124193 -0.0080508 -0.0745383 -0.1905701 0.1605673 0.3149791 -0.0856687 -0.3370259 0.2130650 -0.2158347 0.4259739 0.0888235 0.1393710 -0.1295053 -0.0721767 0.1806455 -0.0565728 -0.0754069 0.3700094 -0.2347345 -0.0326698 0.0107689 0.4216166 -0.0617833 0.3517039 0.0634246 0.1084683 -0.0827395 0.2828412 0.0235777 0.2673442 -0.0884327 0.1031207 -0.2750444 -0.4850768 -0.0922318 0.0564849 0.4808041 0.2636492 -0.0345332 -0.2784141 0.2479028 -0.3504453 -0.1547773 -0.2681046 -0.1106534 0.1109481 0.0398328 -0.5818634 0.0842132 -0.0406453 -0.1265490 0.1102860 -0.1908182 -0.2499298 0.0409076 -0.2610085 -0.1411436 -0.4500546 0.1823198 0.1151271 -0.0231841 0.2792554 0.0183459 -0.0367929 -0.0715636 -0.1357689 -0.3027381 -0.2198024 -0.1644044 -0.1400050 -0.3466941 0.3558035 0.3769446 0.1060756 0.1771875 0.2357092 -0.0516779 0.2465072 0.2162316 -0.0325520 0.1367201 -0.0240228 0.0911759 0.2361650 -0.1369640 0.2394954 0.1011002 0.3181700 0.2948966 -0.0191265 0.1837144 0.0198239 0.1905936 0.1273943 0.2506223 -0.0170622 0.0484035 0.0374265 0.0186943 0.5035870 0.2425355 0.0891010 0.1656644 -0.1558985 0.1867908 0.1927778 0.0298859 0.3500625 0.5514697 0.0106045 0.1763051 -0.2690278 -0.1180236 -0.0144321 0.0280966 0.1259411 -0.0374913
-0.0445910 0.5086120 0.2332287 0.3730842 -0.0067478 0.4205732 0.0711470 0.1921124 0.4726748 -0.0517118 0.3371110 0.3975584 0.2092179 -0.0838693 0.0000000 -0.0824589 -0.1175145 0.4339363 0.0269312 -0.1172135 0.4217489 0.2240160 0.1196628 0.6867898 -0.2273215 0.0977798 0.3700997 0.2108043 0.4648153 0.2704449 0.2196924 -0.2331319 0.3229454 0.3971591 -0.1447165 0.3226306 -0.2563389 -0.3435406 -0.3324954 0.1935089 0.0657353 0.4585725 -0.1900949 0.1469183 0.4089211 -0.5539614 -0.1350054 -0.2191001 -0.1182204 -0.2364775 -0.1818811 -0.1750048 0.2567450 0.2291201 -0.2690697 -0.5544575 -0.1655974 0.2646161 -0.3579501 -0.2200726 0.3950804 -0.1036428 -0.2964785 0.0190008 0.3068285 -0.3109919 0.0970687 0.3402355 -0.4467123 0.2676833 -0.0434041 0.2323716 0.1462881 0.1939486 -0.0578460 0.1690264 0.2682376 0.0027258 0.3161079 0.1792589 0.0440306 -0.1200351 -0.2053647 -0.5041852 -0.3050683 0.0583319 -0.1897492 -0.2032706 0.0378424 -0.2235362 -0.2997521 -0.2649049 -0.1564175 -0.1211594 0.0433682 0.1625659 -0.3432870 0.0643656 -0.3702096 -0.1021154 -0.2859139 0.0398125 -0.1862672 -0.1518256 -0.1451469 -0.1565691 -0.1900726 -0.2246274 0.1461288 -0.2433131 -0.2231672 -0.2088452 0.0484414 -0.1396089 -0.1326910 -0.2765545 -0.1916949 -0.3657602 -0.1965221 -0.1289102 -0.3018925 -0.1496085 -0.1009947 -0.1003741 0.0242640 -0.0235254 -0.5041588 -0.0046893 0.3079427 -0.2051812 -0.1435266 0.2275248 -0.2737523 -0.2871682 0.1705463 -0.2082877 -0.1140007 0.0635803 -0.0643860 0.2724778 -0.2082595 0.3562439 -0.1885278 -0.1550459 -0.3003759 -0.1386097 -0.1029563 0.0913116 0.0807820 0.0696539 0.1465674 -0.4146329 -0.1548073 -0.2328896 -0.0664048 -0.3383999 0.3239803 -0.2997128 -0.0528580 -0.2598794 -0.1098886 -0.1374771 -0.2005787 -0.1455851 -0.2731991 -0.2701952 -0.2126911 -0.0343027 -0.0371733 -0.0088965 -0.1606763 0.0614804 -0.3503847 -0.1625722 0.2308410 -0.2280784 -0.1802548 -0.2570690 -0.0274540 -0.1600382 -0.0524966 -0.0045511 0.0870455 0.0281968 -0.4251100 0.3864539 -0.2141770 -0.0854343 -0.1134772 0.2267965 -0.1348883 -0.0181471 -0.3395097 -0.0443112 -0.0593177 -0.1263503 -0.4380835 -0.3870122 -0.1701917 -0.1291453 -0.0487863 -0.0297399 0.1205331 -0.0230212 -0.2383342 -0.1611868 0.4376136 0.0108644 0.2903891 -0.0664775 0.0599792 -0.1548335 -0.0804719 -0.2596099 -0.0867709 0.2527471 0.3767979 0.2154796
-0.0700765 0.3637806 0.3167973 0.2276104 0.1234581 0.4019048 0.6201146 0.6622599 0.3058716 0.4385311 0.5139911 0.5089287 0.3037189 0.2515865 -0.0824589 0.0000000 0.4387392 -0.1158620 0.5350640 -0.2267070 0.5334531 0.0950413 0.6569903 0.2276864 0.3718985 0.4630944 -0.0295184 0.1341535 0.4145833 -0.0287492 -0.0503042 0.2741079 0.1388666 0.1036984 0.2631785 0.6587195 0.3068805 0.0607422 0.3934520 0.3164249 -0.0134719 0.4570838 0.3266316 0.0858057 0.5013614 0.1128025 0.1337460 -0.1202626 0.1842611 -0.1021876 0.1456501 0.1143663 0.3749769 0.0812773 -0.1405435 -0.1444961 0.2933870 0.3360770 -0.0984314 0.2692225 0.2090934 0.1075739 -0.0795645 0.5065067 0.4712296 0.4371463 0.1695664 0.2151561 -0.0395285 0.4068774 0.3983922 0.6147889 0.2631888 0.5725675 0.4110031 0.5494247 0.6156583 0.3217460 0.5842278 0.7099327 0.6051875 0.0224777 0.1693346 0.6199617 0.6940450 0.4110881 0.4031593 -0.0509468 0.5691254 0.7675457 0.0054214 0.2141558 0.2913146 0.2696902 0.4110569 0.1847096 0.1454192 0.0852343 0.3442617 0.2063889 0.5650297 0.1689294 0.1908393 0.1174510 0.2853912 0.5559438 0.5402766 0.2903237 0.5332169 0.5348342 0.2097984 0.7430133 -0.3764421 0.2677574 0.4289594 0.1026008 0.1430122 0.2003832 0.1578288 -0.1389912 0.4172226 0.3975320 -0.0742762 -0.1319086 0.2486868 -0.1616936 0.3119457 0.3378793 -0.0347343 0.2316591 0.5061358 0.2252452 0.0915723 -0.1415611 0.3929440 0.1952898 0.1828236 0.3904964 0.0857793 -0.0281768 0.0293137 0.0213728 0.3210129 -0.3762837 0.0066213 -0.0017713 0.3979172 0.0613179 0.1418822 0.3058075 -0.0271697 -0.2915713 0.3617755 0.0541681 0.2512455 -0.2221402 0.0273142 0.1678149 0.1780901 0.0403518 0.1700528 0.3274284 -0.1940038 -0.0433095 0.3672430 -0.0746867 0.2449698 0.3012253 0.5137979 0.4903353 0.4493557 0.4394774 0.4421531 -0.1694125 0.1980922 0.2756591 0.2201077 0.1127891 0.2089739 0.3286387 -0.0566248 -0.0247224 0.1687490 0.0729965 -0.1981057 0.2645295 -0.1028028 -0.2167651 0.3482600 0.6006438 -0.5716059 0.3448032 0.2063154 -0.2070075 -0.2417946 0.0823699 -0.0895545 0.0774098 0.3384259 -0.0954501 -0.1564310 -0.4229560 -0.1700194 -0.1300875 0.2798427 0.2862981 0.1774418 -0.1485589 -0.2101537 -0.2687864 -0.2190959 -0.0197428 0.2668847 0.3056841 0.3647720 -0.3203415 -0.2448212 -0.3536513
0.0257366 -0.0320428 -0.2544152 0.3564516 0.0415562 0.5197507 0.1184359 0.5072217 0.5267491 0.8474264 0.5749477 0.0187333 0.2115200 0.7574066 -0.1175145 0.4387392 0.0000000 0.1721834 0.4838829 -0.2291963 0.1516762 0.2891529 0.7134719 0.2003852 0.7557566 0.7678384 0.1121631 0.3348626 0.4186129 0.3204650 -0.1836621 0.5165606 0.1658042 0.1067388 0.7534158 0.2727880 0.5196728 0.3783800 0.6981761 0.2497701 -0.1417627 0.2408453 0.7014281 -0.1096870 0.3454143 0.4451540 0.4774542 0.0772416 0.1877210 0.1623129 0.5116030 0.6218589 0.2652206 0.4244831 -0.1010399 0.2165033 0.5068266 0.3946918 -0.2713538 0.5704427 0.0467311 0.5886999 -0.0813215 0.7257686 0.3042761 0.4439551 0.4416064 0.4426930 -0.0869676 0.5708667 0.4530798 0.5398793 0.4538129 0.5007764 0.4157078 0.4184524 0.4780039 0.3125088 0.4079415 0.2007365 0.2474605 0.1953283 0.3128449 0.4594838 0.3580629 0.1804758 0.4838823 -0.1471139 0.4896936 0.4652985 0.4473604 0.4443766 0.0939140 0.1137798 0.4323387 0.2695694 0.3047757 0.0679530 0.3923545 -0.0248231 0.2567758 0.0798075 0.2678203 -0.1140696 0.3690446 0.4630244 -0.0998825 0.0250605 0.2020016 -0.0430928 0.5206709 0.2866067 -0.1635013 -0.1026065 0.0415700 0.0995651 -0.0814959 -0.1234262 0.1505148 -0.3110937 -0.0701334 0.0502794 0.2009140 -0.1272940 -0.0290905 -0.1580829 0.1480046 0.1256864 0.0332531 -0.0512429 0.0775261 -0.0038015 -0.0321494 -0.2684837 -0.2576783 -0.0170420 -0.1047097 0.1410609 -0.1531143 -0.3873913 -0.2487193 -0.1947594 -0.1907092 -0.4129468 -0.4261022 -0.2439342 -0.1563665 -0.3457715 -0.3829461 -0.2199957 -0.3113600 -0.4600694 -0.1561130 -0.2953957 -0.1178427 -0.3663964 -0.4358475 -0.3250599 -0.4908032 0.0318456 -0.2160182 -0.1366564 0.0143363 -0.1299722 -0.1599066 -0.3379354 -0.2119351 -0.2763061 -0.1700453 -0.1318693 -0.2136372 -0.2923037 0.2020538 -0.0245088 -0.1487536 -0.0671122 -0.0574694 -0.1241737 -0.1141870 0.1519534 -0.0700002 -0.2040008 -0.1079882 -0.1995184 -0.1197562 0.0294242 -0.1447312 -0.2501152 0.3548230 0.6124849 -0.2600282 0.1417704 -0.0788239 -0.1628738 -0.1994538 -0.0357267 -0.2041177 -0.1085869 -0.0321508 -0.2755693 0.2431367 0.2435036 0.2046672 0.1307926 0.0924401 0.2532741 0.1620799 0.1991608 0.4513692 0.4694435 0.2033085 -0.0668282 -0.2121841 0.0361417 -0.0699587 0.1079339 0.2207362 -0.2704318
