0.0000000 0.8370373 0.3728260 0.2630524 0.4589344 0.4505586 -0.0691727 0.1372103 0.2118144 0.1426887 0.0482436 0.1437569 0.1533329 -0.0259003 -0.1401707 0.3005503 -0.1835985 -0.3096707 -0.0027159 0.2102545 0.2912905 -0.0741481 0.0383080 -0.2437507 -0.1703737 0.0152167 0.0525434 -0.2212591 0.4596685 0.3899526 0.0754334 -0.1033284 -0.2606627 -0.0600710 0.0021203 0.3864007 0.0475366 -0.0066415 0.0820655 -0.0015041 -0.0814013 0.3841969 0.0173608 -0.0955525 0.1795467 0.1082545 0.0069429 -0.0479600 -0.0306157 0.2156282 0.0915010 0.0174911 -0.1968743 -0.0375074 0.0780258 0.0720795 0.0293652 -0.0597216 0.3254725 0.1219699 0.3872461 0.0147827 -0.2351804 -0.3490398 -0.1036287 0.0062598 0.0754286 0.0694912 -0.0898152 -0.1019007 -0.0167669 -0.4031390 0.1130188 -0.5406099 -0.1385501 -0.1763924 -0.3012220 -0.1256514 -0.2491700 -0.5279158 -0.5113082 0.3523073 0.4312410 0.5045258 -0.0707534 0.1685157 -0.2248561 -0.0135038 0.0206644 -0.0296907 -0.2828706 -0.2288543 0.0458187 0.2553118 -0.1159715 -0.2315491 -0.3021822 0.1736967 0.0085938 0.1284720 -0.1553696 0.2579298 0.4833012 -0.0176450 -0.2582021 -0.0444846 -0.1094011 0.4218382 0.0537861 0.1441165 -0.0003993 0.0434343 0.2360142 0.0645499 -0.0174101 -0.0006679 -0.1777987 -0.0429387 -0.0918494 0.1225428 -0.0455080 -0.1654631 0.2482051 0.0583115 -0.1298486 0.1406686 0.1767451 0.4204601 0.2003219 0.1977290 0.1422323 0.3615717 0.2356447 0.0299824 0.1052735 0.2429141 0.1212900 0.0084673 -0.0156058 0.0520455 0.2778599 0.1122007 0.2019047 -0.1885872 -0.0130717 0.4927348 -0.0177578 0.0817394 0.2629776 0.1124006 -0.0074523 -0.0504526 0.0267588 0.3575749 0.2374838 0.0617301 0.0589825 -0.0236905 0.1416545 -0.0197053 0.3670313 0.1503191 0.1579082 -0.1021372 0.3677166 0.0657123 0.1351620 0.1957203 0.0621757 0.0672619 0.3931664 0.4109497 0.7613211 0.5074805 0.6265621 0.2442636 0.1253271 0.2180262 0.3155591 0.3497900 0.1915786 -0.1354307 0.0257044 -0.2036655 0.4198619 0.2155807 0.3303537 -0.1796156 -0.3077921 -0.2656918 0.1932614 -0.5625510 -0.6760194 0.0603242 0.1107505 0.3027430 0.1412244 -0.3022044 -0.7255309 0.2431501 -0.1584017 -0.2055963 0.0602527 0.0566211 0.4276785 0.0006501 0.0501669 -0.3169066 -0.0876221 -0.6018127 0.2213389 -0.0587405 0.3169407 -0.0875180 -0.2806513 -0.1006957 0.1711543 0.0446118
0.8370373 0.0000000 0.6498087 0.5131196 0.6812848 0.7136810 0.2739578 0.3839036 0.4595195 0.3226628 0.2779390 0.4036939 0.3888518 0.0847766 0.0493878 0.3869970 -0.0065250 -0.1795615 0.0094637 0.5652345 0.4128432 0.0965587 0.1102720 -0.0188457 -0.1831926 -0.0177629 0.1412500 -0.1821175 0.4680482 0.2806331 0.3050439 -0.1666359 -0.1208894 0.1645940 -0.0320084 0.3926103 -0.0946378 0.0291114 0.1941249 0.0673414 0.0166066 0.3222552 0.0251189 0.0513633 0.0525041 -0.0063054 -0.1226298 -0.0338211 0.2075516 0.1887537 0.0270007 0.0945388 0.0335236 0.0609550 0.0427956 -0.0333316 -0.1410715 0.0849591 0.2233685 0.0186416 0.2383023 0.0331839 -0.2655841 -0.1005906 -0.0509773 -0.1964768 0.0378751 0.1039210 -0.1865668 0.0505121 -0.1211551 -0.1496654 0.1078282 -0.2854575 -0.2080989 0.0457757 -0.1023149 -0.1857744 -0.0755822 -0.3312924 -0.4508178 0.1767819 0.2406393 0.4353756 0.0992933 0.0739611 -0.2312291 0.1414989 -0.0598008 -0.1701588 -0.3138797 -0.1388759 -0.0189778 0.0897933 -0.2523366 -0.2093338 -0.0807267 0.0337616 -0.1719715 -0.0645860 -0.2183633 0.0932899 0.2992635 -0.0973596 -0.1402326 -0.2068343 -0.1682421 0.2239936 -0.1214127 0.0535053 -0.1492492 -0.1918156 0.0492227 0.0062359 -0.1317986 -0.1433797 -0.1418828 -0.0748153 -0.1377974 -0.0750267 -0.1836103 -0.1412475 0.3716944 -0.1160557 -0.2863506 -0.1348184 0.0345339 0.4941669 -0.0308641 -0.0345305 -0.0975381 0.4282227 0.0100500 -0.0932490 0.1065812 0.1768939 -0.0916815 -0.2163846 -0.2402507 -0.0835345 0.3085358 -0.0757743 0.1892500 -0.3005747 -0.2088690 0.3344551 -0.2315510 -0.1569709 0.2348618 0.0311647 0.0606225 -0.1335267 -0.1449340 0.3239572 0.1160200 0.0257957 0.0706922 -0.1710701 0.1339058 0.0101921 0.2247352 0.1898606 0.2502517 -0.1294574 0.2377987 0.2254397 0.2023755 0.1159231 -0.0062945 0.0938772 0.3112420 0.2963409 0.7040660 0.6170398 0.8379194 0.5609171 0.4003169 0.5071660 0.4244892 0.4093697 0.3481875 -0.0060256 0.0276590 -0.0723902 0.2437108 0.1240421 0.1646451 -0.1814562 -0.1082476 -0.1050730 -0.0138695 -0.3686537 -0.4028061 -0.0437035 -0.1061264 0.1648524 0.1120926 0.0052631 -0.5162174 0.0640597 -0.1832111 -0.1753469 -0.0290728 0.1441875 0.7086287 0.0648950 -0.0710006 -0.0063804 -0.1246917 -0.4863173 0.1356418 -0.0405247 0.4823265 -0.0843090 -0.2272772 0.0394992 0.4077621 0.1766762
0.3728260 0.6498087 0.0000000 0.8057371 0.8733916 0.7214697 0.6473380 0.6981958 0.5847501 0.2944706 0.4738277 0.6225872 0.6045807 -0.1072602 0.3530021 0.2573660 0.0859222 -0.0682413 0.0182929 0.7932448 0.3596254 0.2520456 0.0981243 0.4684753 -0.1354310 -0.0036574 -0.0122176 -0.1962780 0.0549513 -0.0335209 0.3688807 -0.2481700 0.2384393 0.4361019 -0.0089094 0.0204041 -0.2296175 0.0088144 0.1664054 0.0392450 0.0045644 -0.1736159 0.0421719 0.2123378 -0.3100736 -0.2060733 -0.2602739 -0.0658484 0.5087860 0.0226527 -0.0331813 0.0413899 0.5291470 0.0551605 -0.0729238 -0.1797442 -0.3481583 0.1587989 -0.2878092 -0.0843304 -0.1596134 -0.0410855 -0.3078638 0.3651776 0.2004200 -0.4199531 -0.0390677 -0.0607813 -0.2427718 0.1892279 -0.2523538 0.5088341 -0.0739707 0.2599634 -0.2538840 0.0995420 0.2549578 -0.3036101 -0.0521402 -0.0701503 -0.3580184 -0.1658431 -0.1635521 0.1376741 0.2494755 0.0549385 0.0521060 0.1466094 0.0779707 -0.0563767 -0.1347883 -0.0330490 -0.1704730 -0.1484441 -0.1737930 -0.0500002 0.3106914 -0.1763233 -0.1847499 -0.2690631 0.0236483 -0.1399138 -0.0592227 -0.1474085 0.3380582 -0.1202138 -0.1425573 -0.0984884 -0.3332412 -0.1771675 -0.0694528 -0.4593247 -0.3331279 -0.2408468 -0.4495767 -0.4625088 -0.3138563 -0.3059417 -0.3953253 -0.2438106 -0.3852545 -0.2519534 0.3985981 -0.4343132 -0.5624076 -0.3866995 -0.2820690 0.4676503 -0.4311883 -0.4888218 -0.5881022 0.2175335 -0.4348867 -0.4865055 -0.1888729 -0.2438971 -0.5811193 -0.6656243 -0.6483872 -0.3966395 0.3204912 -0.5115120 0.4376816 -0.5576749 -0.6938853 0.1110355 -0.6518759 -0.5509308 0.5028791 -0.2719658 0.0097493 -0.6214859 -0.5579869 0.5162746 -0.0944495 -0.2756706 0.5313765 -0.5736082 0.5101575 0.1585318 0.1718012 0.2862258 0.0651648 0.2832916 0.1677923 0.1474802 0.4658128 0.4338798 0.4042518 0.4610183 0.4664709 0.4849007 0.5326882 0.5380874 0.5151014 0.6503764 0.5255942 0.6387087 0.3310041 0.1159873 0.0482642 0.0431665 -0.2991811 -0.0801518 -0.2774797 -0.0165834 -0.2280256 -0.2320383 0.2567940 0.1852390 -0.0002820 -0.0283408 0.0814443 -0.1623051 -0.2382164 -0.1395353 -0.0026024 0.6260576 -0.0548396 -0.3538536 -0.3906676 -0.3611167 -0.3825129 -0.1257863 0.7818029 -0.0336715 -0.4443554 0.2872025 -0.4365683 -0.4748805 -0.3629325 -0.1445913 0.4437617 -0.1097964 -0.2725447 0.2160492 0.1934036 0.0323771
0.2630524 0.5131196 0.8057371 0.0000000 0.6848213 0.6910375 0.5027222 0.8359913 0.6832230 0.5057752 0.7814598 0.6461115 0.4575123 -0.0491015 0.5248525 0.5020278 0.4153377 -0.1527558 0.0288349 0.5171301 0.5705743 0.0949767 0.3439927 0.5305082 -0.1295855 0.0790554 0.2693493 -0.1572611 0.3085773 0.0742416 0.1083097 -0.3107864 0.2983173 0.5424641 0.1555186 0.1896408 -0.2795496 -0.0952500 0.4086615 0.2636779 -0.0752238 -0.1990877 0.2979560 0.4523032 -0.3226650 -0.3358775 -0.2953914 -0.1410484 0.7543094 -0.0990012 0.0688181 0.2526137 0.5953995 0.2524303 -0.2267062 -0.3636556 -0.4500680 0.4273730 -0.4855180 -0.0076429 -0.3700191 0.0118224 -0.3898212 0.6260935 0.1196604 -0.5087613 -0.0617126 -0.1595724 -0.4210581 0.2742237 -0.4029157 0.5381819 -0.3030814 0.2795502 -0.3866823 0.2826159 0.3656382 -0.3853172 0.1591334 0.1829488 -0.4114484 0.1083226 0.0708910 0.2124588 0.0897252 -0.0498440 -0.2079182 0.0781090 -0.2257036 -0.2538035 -0.3338431 -0.3307117 0.1168125 -0.3040446 -0.3943222 -0.2356979 0.1130162 0.1672818 -0.5078758 -0.4929406 -0.3768650 -0.2045941 -0.2098725 -0.3214525 0.0122934 -0.1214940 -0.1810935 -0.0986030 -0.1780777 -0.2075914 -0.2757838 -0.1713809 -0.1815905 -0.2507805 -0.1705413 -0.3054722 -0.2537142 -0.2497588 -0.3337506 -0.0135878 -0.3122456 -0.3015016 -0.1105824 -0.5503085 -0.2067592 0.0361190 -0.4798632 -0.0194966 -0.0127834 -0.5932013 -0.3478883 -0.1358843 -0.6019876 -0.4076332 -0.3184449 -0.2572609 -0.3623883 -0.3146212 -0.3237791 0.0219936 -0.1825735 -0.1711750 -0.0206697 -0.3997806 -0.3799920 -0.2766416 -0.4248561 -0.4289026 0.0377537 -0.0791125 -0.0104650 -0.3483761 -0.4261895 0.0216543 -0.1959939 -0.3565814 0.0976854 -0.4746187 0.0796970 0.0129610 -0.2645272 -0.1325101 -0.1799337 -0.0225270 -0.2369895 -0.0697787 -0.0060306 0.0144837 0.0026681 -0.0247370 0.0537429 0.1240423 0.3907064 0.2892145 0.3678328 0.6428511 0.5501696 0.3631197 0.4611324 0.1303210 -0.1784539 -0.0825807 -0.5074999 -0.1550573 -0.4630787 -0.1905175 -0.3382087 -0.3009827 0.2744585 0.1910880 0.1878398 0.0528810 0.1138677 0.1319567 0.1383340 0.2305216 0.3693200 0.6601585 -0.0948799 0.0594112 -0.0435408 -0.3605452 -0.2765438 -0.0263992 0.6014884 -0.2588127 0.0016119 0.3629697 -0.0078991 -0.3990072 -0.1607865 0.1992014 0.1333397 0.1417866 0.0699176 -0.0553748 0.2615443 0.0156178
0.4589344 0.6812848 0.8733916 0.6848213 0.0000000 0.6135207 0.4128424 0.5666080 0.5683212 0.3151700 0.3194903 0.4245990 0.6309463 0.0618743 0.1773218 0.1814006 -0.0352830 -0.1662937 -0.0809868 0.7048456 0.1978221 0.2183675 -0.0375764 0.4511281 -0.2379612 -0.1164358 -0.0261274 -0.0464651 0.0450596 0.2897769 0.4098969 -0.2820076 0.2418256 0.1928144 -0.1182263 -0.0728047 -0.2590358 0.0764875 0.1841692 0.0855607 0.0472502 -0.1968576 -0.0523257 0.1520368 -0.3613411 -0.1498341 -0.3237017 0.0052914 0.3016568 0.1323943 -0.1323727 -0.0309478 0.3052364 -0.0351924 0.0430580 -0.0550536 -0.3426854 0.0088712 -0.1565172 -0.1787045 -0.0544730 -0.1693896 -0.1422259 0.1181606 0.4338970 -0.4075388 -0.1621980 -0.0683255 -0.1236767 -0.0386704 -0.2684411 0.2111210 -0.0365888 0.1721407 -0.1834296 0.0694199 0.0524195 -0.2623556 -0.1398795 -0.2881665 -0.4187418 0.0278672 -0.0855243 -0.0122670 -0.0449581 -0.0997225 0.1260591 -0.0746891 -0.0819306 -0.2530275 -0.1066664 -0.0096700 0.0882840 -0.1208132 -0.1428226 0.0164557 0.1286368 0.0583600 -0.1092322 -0.1570239 -0.0678001 0.0841265 0.1398856 -0.3065656 0.2578706 0.0012044 -0.0905642 0.1920370 -0.0459452 0.0555681 0.1279412 -0.2372778 0.0025795 0.0055224 -0.2099975 -0.1576408 -0.0879845 -0.0839848 -0.0896178 -0.0976505 -0.2190470 -0.0965011 0.3997239 -0.2372608 -0.5978773 -0.2507931 -0.1013006 0.5212856 -0.3128568 -0.3078910 -0.4873507 0.3216152 -0.2126388 -0.1877472 0.1352253 0.1401580 -0.4161533 -0.4752622 -0.4808850 -0.1444383 0.4740645 -0.2601244 0.4627492 -0.2337530 -0.5679134 0.3459347 -0.4658673 -0.3261582 0.4943257 -0.0045447 0.2469216 -0.2980805 -0.3746768 0.4537892 0.1576229 0.0358316 0.4659688 -0.4522505 0.4795605 0.3352095 0.2411348 0.3822831 0.3482178 0.3406675 0.2451507 0.2893875 0.4137424 0.3718115 0.3579292 0.3914494 0.3590454 0.4238860 0.5237122 0.3659788 0.5189358 0.4807652 0.3380238 0.5367400 0.1854849 0.1460565 0.0518286 -0.1951689 -0.2714278 -0.2431246 -0.1205064 0.3039939 0.0401194 -0.1076363 0.0527156 0.0164557 0.1663732 -0.2391906 -0.2023697 0.0775769 -0.0804389 0.0136544 0.0670240 0.3346350 -0.2544170 -0.1940353 -0.2893758 -0.1227076 -0.0673619 0.0983352 0.8133556 0.1243242 -0.2866493 0.2178861 -0.2597987 -0.3660770 -0.0647362 -0.0044200 0.5628849 -0.0608937 -0.0336090 0.2990316 0.2162612 0.0707495
0.4505586 0.7136810 0.7214697 0.6910375 0.6135207 0.0000000 0.5932836 0.6136829 0.7314468 0.2710100 0.5611105 0.4934529 0.4160087 0.0865528 0.6046774 0.3169524 0.5544146 0.1709376 0.0483921 0.5757402 0.4966375 0.1090478 0.4236492 0.4452024 -0.0844660 0.2074990 0.4312837 0.1501084 0.4212856 0.1504529 0.2365410 -0.1393472 0.4388588 0.5629199 0.3409269 0.3370993 -0.0153813 -0.0728720 0.6466115 0.5236895 -0.0603984 0.0613371 0.4392573 0.6349709 -0.0696312 -0.2135387 -0.0466277 -0.1445651 0.7356311 -0.0216289 0.2997054 0.5417477 0.5020407 0.5126151 -0.2223850 -0.3454663 -0.2092528 0.5022636 -0.1942342 0.2413051 -0.0714663 0.2659587 -0.4027628 0.3482316 -0.0947208 -0.2910087 0.1005519 -0.1028027 -0.4004761 0.1736887 -0.3070259 0.3369383 -0.1776730 -0.0714578 -0.3984064 0.1303691 0.1318126 -0.3528243 0.1384262 0.0942077 -0.2737673 0.0910716 0.1225868 0.2535959 0.1954764 0.2273470 -0.0718908 0.0430435 -0.0789796 -0.1092299 -0.2500002 -0.2138921 -0.0940177 -0.2609040 -0.2430536 -0.2095612 -0.0016320 -0.1315334 -0.3212208 -0.3708204 -0.2470572 -0.1079020 0.0779540 -0.1958045 0.0234564 0.0022516 0.1265121 0.1206802 -0.3208121 0.1103374 -0.1596723 -0.2871994 -0.1113332 0.0598836 -0.1899550 -0.1073627 0.0309451 -0.0872858 -0.0820134 -0.2981142 -0.2820014 -0.0921813 0.2414072 -0.2255567 -0.3799392 -0.3725219 -0.1855841 0.3260947 -0.2015878 -0.2893293 -0.2583308 0.1859290 -0.2888816 -0.3808423 -0.0996578 -0.0737326 -0.3325593 -0.3941071 -0.3723507 -0.2045366 0.1619880 -0.2864447 0.1278861 -0.3918918 -0.3756742 0.1230518 -0.3686413 -0.2994841 0.1938211 -0.2501144 -0.1512556 -0.2892271 -0.3807752 0.2931346 -0.0968005 -0.1229368 0.1743452 -0.3518213 0.2031959 -0.0518925 -0.0154573 -0.0546465 0.1069015 0.0153787 -0.0451941 0.2623027 0.3769306 0.1683639 0.0634619 -0.0046977 0.2393790 0.1828992 0.5438392 0.4535328 0.5354066 0.5146088 0.4693515 0.6107593 0.4761619 0.2712324 0.0901008 0.0884474 -0.1610388 0.0510904 -0.1418667 -0.1636208 -0.1546802 -0.3465473 0.0772811 0.0292606 -0.1501238 -0.1202301 -0.0249939 -0.1471409 -0.2665379 -0.0334551 -0.0002769 0.4552425 -0.0363095 -0.2290750 -0.0805595 -0.4607808 -0.1124016 0.0336655 0.7638899 -0.1862756 -0.2667315 0.2816130 -0.1271464 -0.5825321 -0.1605072 -0.0027357 0.4415344 -0.0102066 -0.2006268 -0.1080270 0.4570656 0.1834107
-0.0691727 0.2739578 0.6473380 0.5027222 0.4128424 0.5932836 0.0000000 0.4197620 0.4476887 0.1460344 0.2640270 0.8075566 0.2291473 -0.0824440 0.4413412 -0.0533391 0.2017119 0.1918043 -0.0237256 0.4493268 0.4349304 0.0869902 0.0558337 0.5867057 -0.0978376 0.0027685 -0.1649551 0.0363374 -0.0877057 -0.3041063 0.1277619 -0.1704620 0.5327804 0.5112446 0.0509103 0.0065532 -0.1377561 -0.0991594 0.0581347 0.0053624 -0.1380987 -0.3276846 0.0540901 0.3395639 -0.3749881 -0.1863830 -0.1443527 -0.1708926 0.5706704 -0.0720309 0.0367025 0.0633701 0.5662768 0.0492870 -0.1790869 -0.2400371 -0.2879280 0.1331232 -0.5077354 -0.0672414 -0.3889947 -0.0762433 -0.3553344 0.4206101 -0.0280369 -0.4143321 -0.1025241 -0.3291695 -0.3308667 0.1800474 -0.3277720 0.7555022 -0.3246936 0.4448810 -0.3136855 0.1507300 0.6569351 -0.4149420 -0.0618847 0.2986226 -0.1339951 -0.0842057 0.0082923 0.3184558 0.4937679 0.2722684 0.2556146 0.1293666 0.2175706 0.0838786 0.1830150 0.0998070 -0.1906651 -0.4116544 -0.0563824 -0.0699849 0.4283321 -0.2599420 -0.1065526 -0.4903854 0.0374840 -0.2160320 -0.1177227 -0.0532514 0.4459607 -0.1302776 -0.0731001 -0.2147178 -0.4076921 -0.1937758 0.0301180 -0.4156160 -0.3067500 -0.2600539 -0.3119152 -0.3674362 -0.2724695 -0.4888718 -0.4268519 -0.5649884 -0.5874962 -0.3621013 0.2508840 -0.5788450 -0.4279584 -0.4569826 -0.4571296 0.2567027 -0.4062179 -0.6427382 -0.6190195 -0.2150472 -0.5642906 -0.5376789 -0.3588912 -0.4122143 -0.6247290 -0.6521987 -0.5849796 -0.3767349 0.0744645 -0.6370796 0.3188569 -0.2079493 -0.6423329 -0.2130698 -0.5997134 -0.5385535 0.3844433 -0.4671828 -0.1957269 -0.5334113 -0.5871995 0.3235243 -0.1968843 -0.3006105 0.4596756 -0.5569600 0.4591380 0.1291311 -0.0188192 0.1356944 -0.0800549 0.3348207 0.0037664 -0.0079500 0.3807419 0.3637814 0.3712199 0.3842468 0.3012698 0.3485867 0.4016053 0.5829870 0.4677603 0.6845194 0.7066361 0.4177596 0.4024950 -0.0359959 -0.0737341 0.1617838 -0.3151522 -0.0178478 -0.5882992 -0.3480512 -0.6326623 -0.3238415 0.6471485 0.6042307 -0.2273868 0.5004647 0.5833025 -0.0308131 -0.1979707 -0.0729703 0.1039906 0.7924032 0.4951542 -0.3855937 -0.4323429 -0.3643640 -0.3953512 0.0887068 0.6749328 -0.0048403 -0.4748457 0.2542810 -0.5186534 -0.1203995 -0.3498803 0.1638582 0.3676943 0.2683850 -0.1461032 -0.1298905 -0.1080397 -0.2864408
0.1372103 0.3839036 0.6981958 0.8359913 0.5666080 0.6136829 0.4197620 0.0000000 0.4535844 0.1432538 0.7772500 0.5101680 0.7475545 -0.3906514 0.6932534 0.5047901 0.4829146 -0.1036947 0.3754499 0.6684185 0.6407033 0.4633371 0.5217236 0.3554127 0.2245369 0.2805914 0.4095583 -0.3088043 0.4340196 -0.0551813 0.3986458 -0.0262756 0.1998052 0.5954605 0.2515970 0.4013591 -0.1438843 0.2205426 0.4084987 0.4338023 0.2106920 -0.0319513 0.3554762 0.5053599 -0.0467674 -0.0990475 -0.1043080 0.1207137 0.7612654 0.1297098 0.1260624 0.3866680 0.6478404 0.5137255 -0.0086331 -0.1538138 -0.2645680 0.6602875 -0.3396315 0.1321652 -0.1561544 0.3167572 -0.0516385 0.8159601 0.0502095 -0.2465726 0.2206593 0.1727099 -0.1289472 0.5829250 -0.0970294 0.5545792 -0.0444252 0.4315135 -0.0841105 0.5547773 0.4019745 -0.0439604 0.5408168 0.4889452 0.0648289 -0.2700736 -0.3037003 -0.0131784 0.2812979 -0.0884309 -0.4249897 0.2094942 -0.1830937 -0.0976244 -0.5532781 -0.4543162 -0.2752716 -0.1536762 -0.3831778 -0.3841086 -0.1244797 -0.2143608 -0.4538673 -0.3951907 -0.3030056 -0.5627102 -0.4008245 -0.0812100 -0.1515426 -0.2948261 0.0262372 -0.2037624 -0.5373791 -0.1734580 -0.4704981 -0.4380674 -0.4236801 -0.1672845 -0.4308558 -0.3803708 -0.1454061 -0.2164094 -0.2725659 -0.0572899 -0.1874374 -0.1146551 -0.2211123 -0.4713066 -0.1362020 -0.1325001 -0.3329959 -0.1193865 -0.1503124 -0.4621496 -0.3226366 -0.0905108 -0.5454419 -0.4042230 -0.3823551 -0.4025190 -0.4229292 -0.3224590 -0.3671136 -0.0583636 -0.2090265 -0.2358131 0.0451623 -0.4591174 -0.3358097 -0.3036777 -0.4747627 -0.5402536 0.0441130 -0.2271564 -0.1322342 -0.2832407 -0.5164668 0.0390298 -0.4694470 -0.1976469 0.0903104 -0.4133188 0.0770579 -0.1455266 -0.2799412 -0.2993271 -0.1530621 -0.0830574 -0.3219683 0.0844317 0.0460663 0.0169951 -0.0430110 -0.0902922 0.1265314 0.0888737 0.2987292 0.1490865 0.2715437 0.5383831 0.5944608 0.6196760 0.5766182 0.2376710 0.1010904 0.2051412 -0.2895683 0.1336361 -0.3452518 -0.1784900 -0.1781447 0.0300230 0.2383928 0.1382377 0.0274116 0.1416346 0.0666042 -0.0150820 -0.0693699 0.0446730 0.2051759 0.4977841 0.0616822 -0.0542351 0.0893149 -0.1601138 -0.2139654 -0.0229955 0.4744440 -0.1122886 0.0444781 0.5576113 0.0153755 -0.2601045 -0.1648451 0.0710974 0.2171769 0.0445000 0.0957902 0.2673366 0.4209826 0.3112548
0.2118144 0.4595195 0.5847501 0.6832230 0.5683212 0.7314468 0.4476887 0.4535844 0.0000000 0.6790879 0.6785560 0.4702192 0.2398464 0.3931456 0.5863469 0.4588533 0.3942366 0.1517162 -0.0908027 0.2892424 0.2773001 -0.0948306 0.4018954 0.5295357 -0.1785785 0.1800397 0.3051729 0.3136405 0.2306083 0.2162813 -0.0060776 -0.1988255 0.4098603 0.4521322 0.3488696 0.0295949 -0.0589814 -0.1796893 0.6454539 0.3848729 -0.1485838 -0.1878329 0.4998900 0.4419371 -0.3207781 -0.2679387 -0.1550009 -0.1946079 0.6452821 -0.1231451 0.3119582 0.5134451 0.4733034 0.3960899 -0.2521062 -0.3523933 -0.3045004 0.4102106 -0.3827587 0.2188972 -0.2848441 0.1430679 -0.3576506 0.2769593 0.1812576 -0.4161322 -0.0296115 -0.2090471 -0.4230215 0.0691824 -0.4247070 0.2635059 -0.2673519 -0.0626172 -0.4483294 0.1827156 0.1778264 -0.3601350 0.0744193 0.0334323 -0.3629574 0.2546115 0.2714327 0.1687983 0.0090802 0.1130736 0.0576839 0.0005053 -0.1663997 -0.2627539 -0.0826698 -0.1995188 0.3831285 -0.2638507 -0.3876847 -0.1216530 0.1583179 0.3380714 -0.4611440 -0.3634406 -0.2703387 0.2420942 0.1078843 -0.3405693 0.1408666 0.0705063 -0.0704932 0.1611800 0.1546879 0.0420046 0.0409032 0.1039335 0.2215500 -0.0177262 0.1931871 0.0868600 0.0213741 0.0525429 0.0113592 0.0183485 -0.2493128 -0.1542512 0.2609230 -0.2436311 -0.2437158 -0.0074811 -0.3577693 0.2770757 0.0533954 -0.4642236 -0.3054370 0.1982577 -0.3473673 -0.2402319 0.0670311 0.0932713 -0.2119661 -0.2303744 -0.2275062 0.1050445 0.0566327 -0.1087002 0.1282765 -0.0657400 -0.3174053 0.0228276 -0.2900176 -0.2195767 0.1787346 0.0243292 0.0613402 -0.1109479 -0.3250362 0.1576631 0.1005256 -0.0099500 0.1479108 -0.3862624 0.2097671 0.1986940 -0.1365275 0.0038106 0.1252600 0.1879970 -0.1234070 0.1313473 0.2158719 0.1451263 0.1005922 0.0187794 0.0517150 0.1251806 0.2862357 0.3996884 0.3880182 0.3986777 0.2750133 0.1464430 0.1852476 0.0457154 -0.2804323 -0.3184814 -0.3637681 -0.2190116 -0.2863211 -0.1086626 -0.2418906 -0.4524585 0.1512930 0.1819726 0.2380369 -0.0277626 0.0979233 0.2035546 0.1652690 0.2273997 0.2895976 0.4745538 -0.0077402 0.0481665 -0.1865685 -0.5914382 -0.2999570 -0.0451106 0.5732918 -0.4036607 -0.1642794 0.0600301 -0.1016966 -0.5037123 -0.2559686 0.3276703 0.3427256 0.1588244 0.0075784 -0.2885568 0.2424432 -0.0340346
0.1426887 0.3226628 0.2944706 0.5057752 0.3151700 0.2710100 0.1460344 0.1432538 0.6790879 0.0000000 0.5815403 0.3222002 0.0622808 0.6237822 0.1056977 0.6634475 0.1168030 0.0285253 -0.0109138 0.0939293 0.0384166 -0.0575226 0.3062969 0.2712727 -0.0661283 0.1937849 0.2421309 0.0675461 0.1745897 0.0946472 0.0133436 0.0078431 0.0034499 0.3986903 0.2683413 -0.1584441 0.1141726 0.0215462 0.3001733 0.0192163 0.1203447 -0.0811430 0.3521347 -0.0619743 -0.1484250 0.0215070 0.0438409 0.1052182 0.2806879 0.0935659 0.3052789 0.2244564 0.2812682 0.0436554 0.1022887 0.0395179 -0.0064721 0.1450041 -0.1317068 0.1947206 -0.1026421 0.0570847 -0.0588399 0.0971688 0.3535559 -0.1294080 0.0639322 0.0205315 -0.0774893 0.0813083 -0.1085663 -0.0221928 0.0144706 -0.0051067 -0.1101357 0.0567145 0.0187113 -0.0626789 -0.0738314 -0.1296728 -0.4106458 0.2946997 0.4413858 0.4046118 0.0466406 0.0995875 -0.0485754 0.3359332 0.0043503 -0.1094565 0.0421584 -0.1539995 0.5580936 0.0909390 -0.2491407 0.1315010 0.3729730 0.5964001 -0.2458343 0.0250783 -0.0950768 0.3758715 0.0648064 -0.1360436 0.1231475 0.1805890 -0.3038859 0.0467272 0.4421592 -0.0139271 0.0591512 0.4212093 0.4030420 -0.1511369 0.4820725 0.1510004 -0.1029212 0.1116982 -0.0135762 0.3200713 -0.0557956 -0.1553378 0.0307473 -0.1452632 0.1405167 0.3569596 -0.3426033 -0.0406909 0.2680441 -0.3158349 -0.0334132 0.0192216 -0.1597158 0.1634650 0.0525502 0.0410548 0.1569573 0.0052053 0.0527086 0.1461158 -0.2683922 0.0962641 -0.1279932 0.0104837 -0.0371358 -0.2466573 -0.0518122 -0.0533158 -0.1625547 0.2019183 -0.0253624 -0.0400543 -0.0469339 -0.2351673 0.1623319 -0.3127922 -0.2102446 -0.2819443 -0.1305623 -0.0885564 -0.2755292 -0.0341185 -0.2706029 -0.2251390 -0.2075508 -0.4083036 -0.2755468 -0.2264369 -0.1556897 -0.1030033 -0.3543390 -0.1266908 0.0235249 0.3821286 0.3313661 0.3382366 0.0740979 -0.2000597 -0.0767964 -0.0299502 -0.2543184 -0.3967591 -0.3031128 -0.2687423 -0.1014182 0.1561043 -0.0192870 -0.1443965 0.1136628 0.1890670 0.2697874 -0.0289016 0.0999898 0.2416651 0.3718249 0.3259006 0.3272801 0.2371158 -0.1734897 0.2673622 0.0048020 -0.1788100 -0.3399366 -0.0890278 0.3136913 -0.2054850 0.1145708 -0.0167621 0.1462360 -0.0834827 -0.1496744 0.2666902 0.1287272 0.0891445 0.0408674 -0.3073579 0.1700229 -0.0440018
0.0482436 0.2779390 0.4738277 0.7814598 0.3194903 0.5611105 0.2640270 0.7772500 0.6785560 0.5815403 0.0000000 0.4367308 0.4820922 -0.0293823 0.7168004 0.8138872 0.5876673 0.0138525 0.3589977 0.4099694 0.5117724 0.2749583 0.7642423 0.3055869 0.2602061 0.4821569 0.6269856 -0.1964110 0.5479831 -0.1147650 0.1884743 0.1021841 0.1263166 0.7637366 0.5448171 0.3304422 0.0869745 0.1465798 0.6079495 0.4481837 0.2310158 0.0437422 0.6827058 0.4349704 0.0750342 -0.0459507 0.1070961 0.1336030 0.8294901 0.0759757 0.4538917 0.6347016 0.7234175 0.6487840 -0.0360747 -0.1619260 -0.0825587 0.8004587 -0.3153042 0.4042418 -0.1484864 0.4938475 -0.0562357 0.7731564 0.1215058 -0.1247107 0.3540523 0.2312522 -0.1652136 0.5836711 -0.0828464 0.3759439 -0.0149211 0.2602300 -0.1475496 0.4987630 0.2815781 0.0135597 0.5650985 0.4981282 0.0277616 -0.0837074 0.0114593 0.1782116 0.2513713 0.0228501 -0.4492906 0.4064797 -0.1779126 -0.0782644 -0.4900062 -0.5079504 0.0367012 -0.0101731 -0.4309697 -0.2189515 -0.0035072 0.1213222 -0.5323355 -0.2517659 -0.3069353 -0.3103610 -0.3415539 -0.0743798 -0.1446955 -0.0612542 -0.0657741 -0.1726190 -0.2317696 -0.1360782 -0.3946698 -0.0576000 -0.1490671 -0.2013940 -0.0018977 -0.1394568 -0.0822510 0.0475309 -0.1295763 0.1891140 -0.1020983 -0.1042829 -0.2540049 -0.3331449 0.0885958 0.0930117 -0.4320407 -0.2550220 0.0551061 -0.4739634 -0.1911272 -0.0616261 -0.4938069 -0.2458690 -0.3308725 -0.3741097 -0.2267717 -0.1970666 -0.2266571 0.0201194 -0.4647375 -0.1386322 -0.1193919 -0.3853191 -0.1992172 -0.4453778 -0.3769705 -0.4681921 -0.1795112 -0.1733217 -0.2881110 -0.2094592 -0.4522752 -0.1813213 -0.3827129 -0.3115392 -0.1530898 -0.4580106 -0.1175772 -0.3512326 -0.4690785 -0.4792620 -0.3877371 -0.3047530 -0.5258207 -0.2117666 -0.1780949 -0.1714054 -0.2042545 -0.3169616 -0.1734853 -0.1179980 0.0809567 0.1847124 0.1790097 0.4456545 0.4100286 0.2880038 0.4140878 0.2167930 -0.1137946 0.0290070 -0.3047939 0.1074293 -0.2767693 -0.1727751 -0.1373256 -0.0297476 0.2029974 0.1649768 0.1393470 0.1514133 0.1561139 0.0448366 0.0983189 0.1366693 0.2448049 0.4220180 0.0615018 0.0935485 0.1811196 -0.3310980 -0.4005272 -0.2158979 0.2888461 -0.3560284 0.1029753 0.3714082 0.1912950 -0.2644376 -0.2940273 0.1496872 0.1272371 0.0176693 0.0480050 -0.0200762 0.5140062 0.3243751
0.1437569 0.4036939 0.6225872 0.6461115 0.4245990 0.4934529 0.8075566 0.5101680 0.4702192 0.3222002 0.4367308 0.0000000 0.1892205 -0.2709541 0.3078258 0.2362128 0.0272545 -0.2136061 -0.0353770 0.3495891 0.7196075 -0.0498800 0.0971000 0.3030762 -0.1620659 -0.0319935 -0.1550052 -0.3540257 0.1855443 -0.1361860 -0.0481774 -0.2576029 0.1962127 0.4481307 0.0096611 0.2753790 -0.2405069 -0.1614575 -0.0433390 -0.1772308 -0.2047941 -0.2067240 0.0766035 0.1134012 -0.3746906 -0.1758621 -0.2299804 -0.2162002 0.5525920 -0.0459104 0.0283451 -0.0124801 0.4594755 -0.0306320 -0.1964382 -0.2263129 -0.3759957 0.1503813 -0.4924021 -0.0585689 -0.4141671 -0.0944091 -0.3985213 0.4537884 -0.0848476 -0.4947106 -0.0793994 -0.2244384 -0.4293857 0.2877666 -0.4060562 0.6100412 -0.3207332 0.4328187 -0.4241037 0.3862920 0.7885864 -0.4239821 0.0574806 0.3430943 -0.3048309 0.1068219 0.2099246 0.4865191 0.3792826 0.0302092 -0.0046176 0.1955778 0.0191685 -0.1382366 -0.0219611 0.0016962 -0.0667443 -0.3765527 -0.2263173 -0.1605428 0.2930528 0.0163085 -0.3035547 -0.6038862 -0.2918237 -0.2349444 -0.1724542 -0.1461878 0.2223625 -0.3005497 -0.4586173 -0.2809855 -0.3049504 -0.4599788 -0.0596122 -0.3771534 -0.2668319 -0.5172904 -0.2850266 -0.4624554 -0.5320968 -0.5683106 -0.5947180 -0.3569571 -0.6827472 -0.6139418 0.0811146 -0.7135751 -0.3501168 -0.1127346 -0.5755727 0.1090999 -0.1916480 -0.7178115 -0.6215618 -0.3051748 -0.6296868 -0.4407397 -0.3053498 -0.3791249 -0.5526379 -0.5331235 -0.5432485 -0.1068370 -0.1022575 -0.4529285 0.2560262 -0.1098726 -0.5896398 -0.3228435 -0.5890760 -0.5570896 0.2915180 -0.2206030 -0.0481164 -0.4083042 -0.5426956 0.1702000 -0.0782308 -0.1917357 0.2738543 -0.5651499 0.3238191 0.1550161 -0.0326916 0.0798284 -0.1281396 0.1832026 -0.0171829 -0.1454272 0.0432807 0.2113814 0.2176989 0.2254926 0.2316884 0.3451665 0.5090048 0.6227828 0.6322064 0.9058530 0.8957542 0.2650466 0.6545520 0.1738041 -0.1500409 0.0911322 -0.3818098 -0.0729619 -0.5527661 -0.4121379 -0.6407403 -0.3711750 0.7620848 0.7298185 0.0672496 0.5745023 0.4963204 0.2662766 0.1380472 0.3077070 0.5042163 0.6558625 0.2392405 -0.0035128 -0.4650213 -0.3671076 -0.4021305 0.2677008 0.5110318 -0.1662488 -0.2401844 0.1072974 -0.4317317 -0.2098155 -0.1493185 0.4239642 0.1793201 0.3149563 -0.0929467 -0.1319062 -0.1592064 -0.3742574
0.1533329 0.3888518 0.6045807 0.4575123 0.6309463 0.4160087 0.2291473 0.7475545 0.2398464 0.0622808 0.4820922 0.1892205 0.0000000 -0.2642605 0.4125602 0.4525502 0.1636815 -0.0137185 0.5924541 0.8648061 0.2046123 0.8449319 0.4436930 0.1624930 0.4736917 0.4153669 0.3669313 -0.3273857 0.2384736 -0.0468954 0.8734865 0.3558432 -0.0280975 0.4826793 0.2455664 0.1411972 0.1726039 0.6813102 0.2494526 0.3334801 0.6761817 0.0596236 0.2348557 0.1401636 0.1433300 0.3510384 0.1986362 0.5940637 0.3653415 0.5899819 0.1828043 0.2975408 0.5089720 0.4146132 0.5233003 0.3965153 0.1469837 0.4712070 0.0586453 0.2261624 0.2749457 0.4562846 0.4781060 0.4907672 0.3636936 0.1659397 0.4612391 0.5809299 0.4377306 0.5771048 0.3606114 0.2180834 0.5043860 0.4159751 0.4047117 0.4479233 0.0353274 0.4244484 0.4990831 0.2342091 0.3264159 -0.5649945 -0.5479941 -0.1928262 0.3611846 -0.1122127 -0.3381452 0.4286966 0.0744020 0.1063744 -0.4050533 -0.2578482 -0.4493443 0.2749323 -0.0857347 -0.0613887 -0.0389973 -0.4200839 -0.0041988 0.1499311 0.1347354 -0.4836763 -0.3209994 0.2281250 0.0354089 -0.1082913 0.1296848 -0.1531250 -0.4945469 0.0348854 -0.2021463 -0.4740089 -0.3330763 0.0089007 -0.4443594 -0.2650600 0.0135630 -0.0032720 -0.0384342 -0.0444255 0.0424800 0.1710238 0.0784697 -0.0873157 -0.2312388 -0.3433383 0.0113505 0.1475606 -0.4095018 -0.1135449 -0.2968874 0.2976001 -0.1169639 -0.0083286 -0.0232947 -0.2164270 -0.3143400 -0.3905717 -0.4061736 -0.3102534 0.1515599 -0.2814359 0.3532357 -0.3919629 -0.3554599 0.0617951 -0.4252452 -0.4315838 0.2510106 -0.1987607 -0.1147463 -0.2293828 -0.4025713 0.2383594 -0.2859209 -0.0149798 0.2285622 -0.3439593 0.2593772 -0.1760132 0.0202666 -0.0033456 0.0441678 -0.0286269 -0.0532834 0.2088094 0.2728663 0.1444105 0.1229646 0.1577095 0.1999828 0.1694015 0.1492563 0.1925661 0.2877275 0.3153227 0.3038253 0.7662934 0.2173364 0.1738034 0.3801734 0.2117020 -0.0130518 0.2295536 0.0418901 0.3410728 0.3061146 0.4674865 -0.0029172 -0.0449587 -0.1516630 -0.0762656 -0.1584009 -0.2280187 -0.3452015 -0.2736356 -0.2148507 0.1377053 0.0058610 -0.3180086 0.0677210 0.2137570 -0.1339831 -0.0773152 0.4965684 0.3051807 -0.1108825 0.5723950 -0.0711917 -0.0761140 -0.2027814 -0.2642981 0.5584779 -0.2807294 -0.0547660 0.6462535 0.5638090 0.6189132
-0.0259003 0.0847766 -0.1072602 -0.0491015 0.0618743 0.0865528 -0.0824440 -0.3906514 0.3931456 0.6237822 -0.0293823 -0.2709541 -0.2642605 0.0000000 -0.1490955 0.0610180 0.1503118 0.3737121 -0.2583725 -0.1953472 -0.4781119 -0.2163364 -0.0484085 0.2777598 -0.2021657 -0.0382006 0.1452450 0.6960692 -0.1589917 0.2850396 -0.0518417 -0.0123581 0.2073101 -0.0677859 0.0802458 -0.4388714 0.1373729 -0.0939028 0.3172835 0.1714012 -0.0076495 -0.0668523 0.1004318 0.0420434 -0.1155922 -0.0500641 0.0259665 0.0002839 -0.1492503 -0.0741812 0.1145519 0.1305176 -0.1828048 -0.0795597 0.0278419 -0.0100509 0.0838190 -0.1978448 0.1308598 0.0318517 0.0270094 -0.1357251 -0.0216179 -0.4133749 0.2460966 0.0024830 -0.1757320 -0.2004799 0.0018603 -0.4042888 -0.0617657 -0.3201013 -0.0349783 -0.3521076 -0.0054388 -0.3633578 -0.4120273 -0.0693829 -0.3736221 -0.4513820 -0.3139075 0.3603755 0.3794633 0.0598130 -0.2547906 0.1861901 0.3111631 -0.1034840 0.0115736 -0.1017502 0.3645695 0.1038062 0.6508561 -0.0232127 -0.0245862 0.2301741 0.3010323 0.4947407 0.0120662 0.1944636 0.0939887 0.6683401 0.3556282 -0.2187904 0.1418762 0.3723695 0.0957606 0.3261476 0.6549288 0.4063360 0.2425975 0.6003865 0.6256093 0.3267955 0.6676715 0.5131365 0.3562101 0.3405534 0.4107822 0.1631766 0.2064343 0.2229695 0.1861494 0.2698558 0.1513514 0.1732066 0.0399167 0.0991557 0.2872819 0.1214323 0.3035276 0.1641498 0.2460684 0.3537631 0.3499956 0.4391368 0.4698388 0.2984253 0.4003920 0.1811958 0.0486246 0.3214405 -0.2831315 0.2777467 0.3001266 0.0850547 0.4040505 0.4489054 -0.2481243 0.3187450 0.1402979 0.2786423 0.3939147 -0.2315533 0.3535033 -0.0556276 -0.2713297 0.2082506 -0.2454503 0.0863187 -0.1410190 0.1327208 0.1060411 -0.1032501 -0.0244170 -0.0525032 -0.0683294 -0.2679985 -0.2130271 -0.1063959 -0.4271044 -0.3283320 -0.2068560 0.0315018 0.0391587 -0.2258372 -0.4545315 -0.3492469 -0.5249718 -0.2299325 -0.1245111 -0.4644427 -0.0038865 -0.3096002 0.1464345 0.2837552 0.1783294 -0.1357329 -0.3009616 -0.2114320 -0.0027316 -0.3311339 -0.0693771 0.0503805 0.1407000 0.0602985 -0.0615975 -0.0436498 -0.1323557 0.0983289 0.1919342 0.0283384 0.1191087 -0.0155430 0.1904109 0.0195110 0.0950955 -0.0842493 0.2906622 0.1176251 0.0478923 0.0898822 0.0745946 0.0734537 0.1509411 -0.3747160 0.0823672 -0.0523902
-0.1401707 0.0493878 0.3530021 0.5248525 0.1773218 0.6046774 0.4413412 0.6932534 0.5863469 0.1056977 0.7168004 0.3078258 0.4125602 -0.1490955 0.0000000 0.3446553 0.7055322 0.4379256 0.2557770 0.3130552 0.4049477 0.2378367 0.6510811 0.5512485 0.2037508 0.3867853 0.4756855 0.1940822 0.3243637 -0.2522905 0.1426202 0.0276387 0.5633120 0.6985701 0.4721268 0.2877088 0.0047256 0.0231330 0.6302264 0.6527562 0.0358569 -0.0681342 0.5864069 0.7696411 0.0526904 -0.2013719 0.0197971 -0.0520617 0.8540900 -0.0834363 0.3314250 0.6733837 0.7593217 0.7516830 -0.2220753 -0.3355917 -0.1937289 0.7869648 -0.3919944 0.3048749 -0.1638386 0.4498838 -0.1360109 0.7513361 0.0340997 -0.1912361 0.2037545 -0.0268507 -0.2356360 0.4276406 -0.1881358 0.5967507 -0.2181262 0.2740609 -0.2206344 0.4142347 0.3848765 -0.1246109 0.5107163 0.6097705 0.2612391 -0.2147142 -0.1786414 -0.0611294 0.3096806 0.2129981 -0.2623225 0.1030795 -0.1332868 0.0647716 -0.4438775 -0.5512677 -0.1729252 -0.1458167 -0.4167106 -0.4284324 -0.2186372 -0.1881004 -0.4930286 -0.3249147 -0.1808561 -0.3230539 -0.2012249 0.0420660 -0.1543704 -0.1358253 0.4108440 0.0376426 -0.4254297 0.0892896 -0.3749243 -0.1627764 -0.1680276 0.1233103 -0.1143216 0.0175163 0.2040316 0.0875784 0.0605759 0.0173838 -0.0169668 0.1099253 -0.1801502 -0.1848912 0.0460197 -0.1942089 -0.2350509 -0.1452035 -0.0565603 -0.3443321 -0.1679081 -0.0647607 -0.4684725 -0.4426219 -0.4070350 -0.3286318 -0.3824322 -0.2112374 -0.2207817 -0.0473763 -0.2963166 -0.2623917 -0.0101882 -0.2639395 -0.2091674 -0.2813800 -0.3650858 -0.4579033 -0.0226612 -0.4125514 -0.3823807 -0.1626931 -0.5542576 -0.0116224 -0.5756652 -0.1558305 0.0835820 -0.4176206 0.0874432 -0.2634672 -0.4959213 -0.5523690 -0.1835842 -0.0214817 -0.5628762 0.0527831 0.1407911 0.0673400 -0.0211622 -0.2522974 0.0017498 -0.0460735 0.1208735 0.0970795 -0.0163737 0.1426584 0.3117564 0.4086884 0.3503967 0.1346603 -0.0324233 0.2317446 -0.1644431 0.2769642 -0.3180019 -0.2387592 -0.2025120 -0.0615854 0.2391266 0.2161513 0.0700525 0.2368151 0.2471356 -0.0267207 -0.0936744 -0.0581225 0.0825363 0.4883382 0.3808289 -0.1204048 0.0263083 -0.4695275 -0.3533111 -0.2127069 0.2759778 -0.4171255 -0.1006628 0.2641376 -0.0628822 -0.2623732 -0.4172058 0.1198254 0.2499788 0.0836520 0.0089232 -0.1687065 0.3576264 0.2269683
0.3005503 0.3869970 0.2573660 0.5020278 0.1814006 0.3169524 -0.0533391 0.5047901 0.4588533 0.6634475 0.8138872 0.2362128 0.4525502 0.0610180 0.3446553 0.0000000 0.2735693 -0.1451552 0.5796245 0.3151242 0.3587864 0.4036935 0.7800103 -0.1387550 0.4755593 0.6477643 0.6167614 -0.3958499 0.6333954 -0.0258709 0.3252998 0.4221520 -0.3548385 0.5890285 0.5922862 0.3520667 0.4006063 0.4413104 0.4240614 0.2657766 0.5054652 0.3036409 0.6468530 -0.0060232 0.3358295 0.3860254 0.4115474 0.4634823 0.4406396 0.4540096 0.5921980 0.5497657 0.4048344 0.5079435 0.3813282 0.2907806 0.3040125 0.6405150 0.0658381 0.5866744 0.2256852 0.6215815 0.2464247 0.4164309 0.0989048 0.2635347 0.6197158 0.5697857 0.2163254 0.6488073 0.3262095 -0.0987959 0.4080300 -0.0085936 0.2189906 0.4271322 -0.0257357 0.3919258 0.5115192 0.2344613 0.0470548 -0.0589156 0.1661757 0.3970019 0.3033783 0.0548114 -0.6153314 0.6544994 0.0115237 0.0928391 -0.4669651 -0.5164407 0.0384424 0.4150883 -0.3117732 -0.1482479 -0.0430939 0.2131135 -0.2714964 0.1634494 -0.1252143 -0.1799695 -0.2442969 0.2108773 -0.2620452 -0.0133431 -0.2142527 -0.1498720 -0.0573293 -0.1164385 -0.3041870 0.1152063 0.0360770 -0.2375328 0.1185439 -0.0905237 -0.1927797 0.0809628 -0.1289438 0.3684414 0.0352645 -0.1101123 -0.2256533 -0.1408682 0.3174604 0.3312110 -0.2687261 -0.2316944 0.2445674 -0.1810696 0.0720427 0.1000479 -0.1299038 0.1553560 -0.1454680 -0.2527540 0.1404252 0.0244235 -0.0007478 0.0734078 -0.4607486 0.0778222 -0.1214101 -0.2868103 0.0585769 -0.3096243 -0.1404623 -0.2256829 -0.2253038 0.0317645 -0.3075800 -0.0453010 -0.1745975 -0.2120033 -0.1963952 -0.2529162 -0.3417063 -0.2310983 -0.2380859 -0.4773108 -0.2859232 -0.3803966 -0.4392505 -0.5200445 -0.3304361 -0.3544582 -0.3262671 -0.2747504 -0.3103715 -0.3117617 -0.2020934 -0.1074861 0.0760942 0.3296348 0.3240428 0.3520214 0.2218802 0.1248534 0.2826419 0.2171566 0.0366182 -0.0636499 -0.1463595 0.0415648 0.0969969 0.0771459 0.2054075 0.1787411 -0.0334879 0.0049004 0.1343559 -0.0792784 -0.1608113 0.0508679 0.2111497 0.2447238 0.2133299 -0.0198011 -0.2590144 0.2906395 0.2415156 -0.0958726 -0.3496738 -0.2357192 0.1622393 -0.1553287 0.2966404 0.1936014 0.2739000 -0.2095215 -0.1466787 0.0621398 0.1543089 -0.0896968 -0.0312247 0.0287673 0.5403930 0.4295195
-0.1835985 -0.0065250 0.0859222 0.4153377 -0.0352830 0.5544146 0.2017119 0.4829146 0.3942366 0.1168030 0.5876673 0.0272545 0.1636815 0.1503118 0.7055322 0.2735693 0.0000000 0.3545699 0.2530096 0.1128895 0.3505077 0.1522186 0.6538746 0.4072235 0.2574591 0.4182166 0.7898303 0.3688696 0.4379453 0.0714961 0.0596336 0.1215537 0.4898848 0.5319162 0.5801638 0.3238208 0.1513956 0.0217398 0.8375122 0.8673384 0.0770800 0.0857127 0.6779365 0.8779035 0.1452729 -0.1759625 0.1662677 0.0029050 0.7382534 -0.1346343 0.4340992 0.7714827 0.4530536 0.7683432 -0.2271673 -0.3636801 -0.0206162 0.7445648 -0.2341892 0.3946392 -0.1458834 0.4612311 -0.1381049 0.5998178 -0.2430020 -0.0326018 0.2225567 -0.0479529 -0.2373354 0.3208810 -0.0996026 0.3448978 -0.2173206 0.0616014 -0.1258146 0.2840069 0.0993982 -0.0641881 0.5077294 0.5361551 0.1891909 0.0312083 0.0151166 -0.0787218 -0.0007112 0.0856274 -0.2754517 -0.0569118 -0.3032965 -0.1179734 -0.3242497 -0.4503857 -0.0057996 -0.3578519 -0.2942877 -0.3035490 -0.1938292 -0.0584097 -0.4620017 -0.3673756 -0.3480615 -0.3594739 -0.3206765 -0.2031268 -0.2872545 0.1150652 0.3200067 -0.0716169 -0.2768458 0.1370618 -0.4079963 -0.0104896 -0.1371655 0.1209660 0.0455743 0.0658532 0.2588141 0.0431438 0.1034842 -0.1641016 -0.0349912 0.0807652 -0.4539082 -0.1695730 0.1361671 -0.0897754 -0.3109453 -0.4352400 0.0929204 -0.2244025 0.1280305 -0.2847925 -0.3661165 -0.1530885 -0.2790328 -0.2364952 0.0134314 0.0825909 0.1131374 0.0882560 -0.4528088 0.0662503 -0.4991238 -0.1666368 0.1464948 -0.4175462 0.0611151 -0.0304704 -0.4750652 -0.1685365 -0.2939482 0.0879881 -0.0770340 -0.3710882 -0.3752304 -0.1747817 -0.3841814 0.0055668 -0.4117628 -0.3503869 -0.5632249 -0.6075556 -0.2137577 -0.3568633 -0.5821781 0.0593870 -0.1305072 -0.3878162 -0.4498492 -0.5761119 -0.3675098 -0.4678580 -0.0923786 -0.2390581 -0.1353553 0.0514958 0.1438035 0.2195719 0.3031770 0.1138680 -0.0441761 0.1234145 -0.1202852 0.1465381 -0.2447452 -0.3291673 -0.1596042 -0.0751675 -0.0196603 -0.1061080 -0.2474485 0.0580504 0.1487292 -0.1142864 -0.1270983 -0.0535820 -0.0325614 0.3529879 0.2657886 -0.0701414 0.5378292 -0.1895829 0.1193230 -0.0423621 0.1705559 -0.2329036 0.1791528 0.5310286 0.4627164 -0.0975908 -0.0707501 0.0994537 -0.1266001 0.1104229 0.2336919 -0.1869550 0.4778811 0.2969527
